0.008177 0.000166 0.833333
0.008004 0.000292 0.833333
0.007856 0.000448 0.833333
0.007693 0.000586 0.833333
0.007544 0.000741 0.833333
0.007391 0.000891 0.833333
0.007237 0.001040 0.833333
0.007094 0.001200 0.833333
0.006917 0.001321 0.833333
0.006790 0.001493 0.833333
0.006627 0.001634 0.833333
0.006500 0.001806 0.833333
0.006351 0.001960 0.833333
0.006253 0.002151 0.833333
0.006422 0.002282 0.833333
0.006220 0.002354 0.833333
0.006089 0.002523 0.833333
0.005898 0.002623 0.833333
0.005758 0.002785 0.833333
0.005573 0.002893 0.833333
0.005451 0.003069 0.833333
0.005428 0.003282 0.833333
0.005334 0.003475 0.833333
0.005303 0.003687 0.833333
0.005204 0.003877 0.833333
0.005183 0.004091 0.833333
0.005093 0.004285 0.833333
0.005056 0.004496 0.833333
0.004979 0.004696 0.833333
0.004951 0.004909 0.833333
0.004869 0.005107 0.833333
0.004823 0.005316 0.833333
0.004740 0.005514 0.833333
0.004701 0.005725 0.833333
0.004625 0.005925 0.833333
0.004591 0.006137 0.833333
0.004520 0.006339 0.833333
0.004491 0.006552 0.833333
0.004423 0.006755 0.833333
0.004379 0.006965 0.833333
0.004216 0.007104 0.833333
0.004008 0.007055 0.833333
0.003799 0.007005 0.833333
0.003589 0.006965 0.833333
0.003376 0.006937 0.833333
0.003165 0.006900 0.833333
0.002951 0.006880 0.833333
0.002738 0.006855 0.833333
0.002526 0.006825 0.833333
0.002319 0.006771 0.833333
0.002110 0.006721 0.833333
0.001905 0.006658 0.833333
0.001692 0.006633 0.833333
0.001483 0.006586 0.833333
0.001272 0.006551 0.833333
0.001062 0.006508 0.833333
0.000856 0.006446 0.833333
0.000648 0.006395 0.833333
0.000445 0.006326 0.833333
0.000239 0.006266 0.833333
0.000028 0.006301 0.833333
-0.000182 0.006345 0.833333
-0.000390 0.006397 0.833333
-0.000600 0.006439 0.833333
-0.000808 0.006491 0.833333
-0.001015 0.006549 0.833333
-0.001227 0.006574 0.833333
-0.001428 0.006650 0.833333
-0.001639 0.006687 0.833333
-0.001845 0.006747 0.833333
-0.002057 0.006779 0.833333
-0.002263 0.006836 0.833333
-0.002474 0.006876 0.833333
-0.002681 0.006930 0.833333
-0.002890 0.006978 0.833333
-0.003098 0.007030 0.833333
-0.003307 0.007077 0.833333
-0.003515 0.007129 0.833333
-0.003727 0.007164 0.833333
-0.003935 0.007214 0.833333
-0.004142 0.007158 0.833333
-0.004186 0.006948 0.833333
-0.004246 0.006742 0.833333
-0.004300 0.006535 0.833333
-0.004372 0.006333 0.833333
-0.004427 0.006126 0.833333
-0.004504 0.005926 0.833333
-0.004569 0.005721 0.833333
-0.004646 0.005521 0.833333
-0.004693 0.005312 0.833333
-0.004759 0.005108 0.833333
-0.004802 0.004898 0.833333
-0.004884 0.004700 0.833333
-0.004941 0.004493 0.833333
-0.005011 0.004291 0.833333
-0.005093 0.004092 0.833333
-0.005128 0.003881 0.833333
-0.005213 0.003684 0.833333
-0.005210 0.003470 0.833333
-0.005313 0.003282 0.833333
-0.005492 0.003164 0.833333
-0.005609 0.002985 0.833333
-0.005780 0.002855 0.833333
-0.005908 0.002683 0.833333
-0.006064 0.002536 0.833333
-0.006217 0.002386 0.833333
-0.006345 0.002214 0.833333
-0.006509 0.002077 0.833333
-0.006646 0.001912 0.833333
-0.006805 0.001768 0.833333
-0.006936 0.001598 0.833333
-0.007093 0.001452 0.833333
-0.007229 0.001286 0.833333
-0.007382 0.001136 0.833333
-0.007524 0.000975 0.833333
-0.007676 0.000824 0.833333
-0.007820 0.000665 0.833333
-0.007978 0.000520 0.833333
-0.008118 0.000358 0.833333
-0.008280 0.000218 0.833333
-0.008314 0.000006 0.833333
-0.008166 -0.000150 0.833333
-0.008017 -0.000303 0.833333
-0.007871 -0.000461 0.833333
-0.007725 -0.000618 0.833333
-0.007576 -0.000772 0.833333
-0.007431 -0.000930 0.833333
-0.007282 -0.001084 0.833333
-0.007144 -0.001248 0.833333
-0.006994 -0.001401 0.833333
-0.006852 -0.001561 0.833333
-0.006693 -0.001705 0.833333
-0.006553 -0.001868 0.833333
-0.006406 -0.002023 0.833333
-0.006256 -0.002177 0.833333
-0.006135 -0.002354 0.833333
-0.005968 -0.002488 0.833333
-0.005844 -0.002663 0.833333
-0.005656 -0.002766 0.833333
-0.005532 -0.002941 0.833333
-0.005523 -0.003155 0.833333
-0.005429 -0.003348 0.833333
-0.005407 -0.003561 0.833333
-0.005318 -0.003756 0.833333
-0.005276 -0.003966 0.833333
-0.005217 -0.004172 0.833333
-0.005132 -0.004369 0.833333
-0.005092 -0.004580 0.833333
-0.005021 -0.004782 0.833333
-0.004976 -0.004991 0.833333
-0.004899 -0.005191 0.833333
-0.004845 -0.005399 0.833333
-0.004769 -0.005599 0.833333
-0.004710 -0.005806 0.833333
-0.004647 -0.006010 0.833333
-0.004584 -0.006215 0.833333
-0.004526 -0.006422 0.833333
-0.004473 -0.006629 0.833333
-0.004414 -0.006836 0.833333
-0.004369 -0.007045 0.833333
-0.004189 -0.007163 0.833333
-0.003977 -0.007133 0.833333
-0.003770 -0.007079 0.833333
-0.003558 -0.007048 0.833333
-0.003351 -0.006989 0.833333
-0.003141 -0.006950 0.833333
-0.002934 -0.006892 0.833333
-0.002725 -0.006845 0.833333
-0.002518 -0.006791 0.833333
-0.002308 -0.006747 0.833333
-0.002099 -0.006699 0.833333
-0.001891 -0.006647 0.833333
-0.001681 -0.006605 0.833333
-0.001473 -0.006551 0.833333
-0.001267 -0.006493 0.833333
-0.001053 -0.006473 0.833333
-0.000850 -0.006405 0.833333
-0.000636 -0.006387 0.833333
-0.000445 -0.006291 0.833333
-0.000231 -0.006269 0.833333
-0.000035 -0.006356 0.833333
0.000178 -0.006376 0.833333
0.000375 -0.006462 0.833333
0.000588 -0.006484 0.833333
0.000792 -0.006550 0.833333
0.000999 -0.006604 0.833333
0.001212 -0.006628 0.833333
0.001416 -0.006695 0.833333
0.001626 -0.006738 0.833333
0.001831 -0.006800 0.833333
0.002041 -0.006842 0.833333
0.002251 -0.006886 0.833333
0.002462 -0.006927 0.833333
0.002672 -0.006966 0.833333
0.002879 -0.007022 0.833333
0.003091 -0.007057 0.833333
0.003298 -0.007113 0.833333
0.003509 -0.007150 0.833333
0.003716 -0.007204 0.833333
0.003929 -0.007233 0.833333
0.004126 -0.007150 0.833333
0.004196 -0.006947 0.833333
0.004248 -0.006739 0.833333
0.004325 -0.006539 0.833333
0.004366 -0.006329 0.833333
0.004439 -0.006127 0.833333
0.004480 -0.005917 0.833333
0.004548 -0.005714 0.833333
0.004597 -0.005505 0.833333
0.004665 -0.005302 0.833333
0.004718 -0.005094 0.833333
0.004793 -0.004893 0.833333
0.004857 -0.004688 0.833333
0.004911 -0.004481 0.833333
0.004979 -0.004278 0.833333
0.005053 -0.004077 0.833333
0.005114 -0.003871 0.833333
0.005186 -0.003669 0.833333
0.005223 -0.003458 0.833333
0.005304 -0.003259 0.833333
0.005452 -0.003104 0.833333
0.005585 -0.002936 0.833333
0.005740 -0.002788 0.833333
0.005877 -0.002623 0.833333
0.006029 -0.002472 0.833333
0.006180 -0.002320 0.833333
0.006312 -0.002151 0.833333
0.006477 -0.002015 0.833333
0.006618 -0.001853 0.833333
0.006765 -0.001697 0.833333
0.006907 -0.001537 0.833333
0.007047 -0.001374 0.833333
0.007194 -0.001218 0.833333
0.007328 -0.001051 0.833333
0.007477 -0.000897 0.833333
0.007607 -0.000726 0.833333
0.007753 -0.000569 0.833333
0.007874 -0.000392 0.833333
0.008008 -0.000225 0.833333
0.008116 -0.000040 0.833333
0.008177 0.000166 0.833333

