0.006284 -0.000000 0.178819
0.006231 0.000150 0.178819
0.006133 0.000275 0.178819
0.006032 0.000398 0.178819
0.005930 0.000520 0.178819
0.005831 0.000645 0.178819
0.005736 0.000773 0.178819
0.005637 0.000897 0.178819
0.005532 0.001017 0.178819
0.005428 0.001137 0.178819
0.005331 0.001263 0.178819
0.005239 0.001393 0.178819
0.005143 0.001520 0.178819
0.005041 0.001642 0.178819
0.004935 0.001760 0.178819
0.004827 0.001878 0.178819
0.004721 0.001996 0.178819
0.004619 0.002118 0.178819
0.004522 0.002244 0.178819
0.004430 0.002374 0.178819
0.004344 0.002508 0.178819
0.004271 0.002649 0.178819
0.004205 0.002794 0.178819
0.004144 0.002941 0.178819
0.004090 0.003091 0.178819
0.004040 0.003242 0.178819
0.003992 0.003393 0.178819
0.003943 0.003545 0.178819
0.003888 0.003694 0.178819
0.003825 0.003841 0.178819
0.003759 0.003985 0.178819
0.003699 0.004132 0.178819
0.003647 0.004283 0.178819
0.003596 0.004433 0.178819
0.003537 0.004581 0.178819
0.003474 0.004728 0.178819
0.003415 0.004875 0.178819
0.003361 0.005025 0.178819
0.003304 0.005174 0.178819
0.003246 0.005322 0.178819
0.003142 0.005442 0.178819
0.002986 0.005472 0.178819
0.002828 0.005448 0.178819
0.002671 0.005423 0.178819
0.002515 0.005395 0.178819
0.002357 0.005373 0.178819
0.002199 0.005354 0.178819
0.002042 0.005331 0.178819
0.001886 0.005300 0.178819
0.001729 0.005270 0.178819
0.001572 0.005248 0.178819
0.001413 0.005233 0.178819
0.001255 0.005214 0.178819
0.001099 0.005187 0.178819
0.000943 0.005154 0.178819
0.000788 0.005119 0.178819
0.000632 0.005087 0.178819
0.000475 0.005059 0.178819
0.000317 0.005038 0.178819
0.000159 0.005023 0.178819
-0.000000 0.005016 0.178819
-0.000159 0.005023 0.178819
-0.000317 0.005038 0.178819
-0.000475 0.005059 0.178819
-0.000632 0.005087 0.178819
-0.000788 0.005119 0.178819
-0.000943 0.005154 0.178819
-0.001099 0.005187 0.178819
-0.001255 0.005214 0.178819
-0.001413 0.005233 0.178819
-0.001572 0.005248 0.178819
-0.001729 0.005270 0.178819
-0.001886 0.005300 0.178819
-0.002042 0.005331 0.178819
-0.002199 0.005354 0.178819
-0.002357 0.005373 0.178819
-0.002515 0.005395 0.178819
-0.002671 0.005423 0.178819
-0.002828 0.005448 0.178819
-0.002986 0.005472 0.178819
-0.003142 0.005442 0.178819
-0.003246 0.005322 0.178819
-0.003304 0.005174 0.178819
-0.003361 0.005025 0.178819
-0.003415 0.004875 0.178819
-0.003474 0.004728 0.178819
-0.003537 0.004581 0.178819
-0.003596 0.004433 0.178819
-0.003647 0.004283 0.178819
-0.003699 0.004132 0.178819
-0.003759 0.003985 0.178819
-0.003825 0.003841 0.178819
-0.003888 0.003694 0.178819
-0.003943 0.003545 0.178819
-0.003992 0.003393 0.178819
-0.004040 0.003242 0.178819
-0.004090 0.003091 0.178819
-0.004144 0.002941 0.178819
-0.004205 0.002794 0.178819
-0.004271 0.002649 0.178819
-0.004344 0.002508 0.178819
-0.004430 0.002374 0.178819
-0.004522 0.002244 0.178819
-0.004619 0.002118 0.178819
-0.004721 0.001996 0.178819
-0.004827 0.001878 0.178819
-0.004935 0.001760 0.178819
-0.005041 0.001642 0.178819
-0.005143 0.001520 0.178819
-0.005239 0.001393 0.178819
-0.005331 0.001263 0.178819
-0.005428 0.001137 0.178819
-0.005532 0.001017 0.178819
-0.005637 0.000897 0.178819
-0.005736 0.000773 0.178819
-0.005831 0.000645 0.178819
-0.005930 0.000520 0.178819
-0.006032 0.000398 0.178819
-0.006133 0.000275 0.178819
-0.006231 0.000150 0.178819
-0.006284 0.000000 0.178819
-0.006231 -0.000150 0.178819
-0.006133 -0.000275 0.178819
-0.006032 -0.000398 0.178819
-0.005930 -0.000520 0.178819
-0.005831 -0.000645 0.178819
-0.005736 -0.000773 0.178819
-0.005637 -0.000897 0.178819
-0.005532 -0.001017 0.178819
-0.005428 -0.001137 0.178819
-0.005331 -0.001263 0.178819
-0.005239 -0.001393 0.178819
-0.005143 -0.001520 0.178819
-0.005041 -0.001642 0.178819
-0.004935 -0.001760 0.178819
-0.004827 -0.001878 0.178819
-0.004721 -0.001996 0.178819
-0.004619 -0.002118 0.178819
-0.004522 -0.002244 0.178819
-0.004430 -0.002374 0.178819
-0.004344 -0.002508 0.178819
-0.004271 -0.002649 0.178819
-0.004205 -0.002794 0.178819
-0.004144 -0.002941 0.178819
-0.004090 -0.003091 0.178819
-0.004040 -0.003242 0.178819
-0.003992 -0.003393 0.178819
-0.003943 -0.003545 0.178819
-0.003888 -0.003694 0.178819
-0.003825 -0.003841 0.178819
-0.003759 -0.003985 0.178819
-0.003699 -0.004132 0.178819
-0.003647 -0.004283 0.178819
-0.003596 -0.004433 0.178819
-0.003537 -0.004581 0.178819
-0.003474 -0.004728 0.178819
-0.003415 -0.004875 0.178819
-0.003361 -0.005025 0.178819
-0.003304 -0.005174 0.178819
-0.003246 -0.005322 0.178819
-0.003142 -0.005442 0.178819
-0.002986 -0.005472 0.178819
-0.002828 -0.005448 0.178819
-0.002671 -0.005423 0.178819
-0.002515 -0.005395 0.178819
-0.002357 -0.005373 0.178819
-0.002199 -0.005354 0.178819
-0.002042 -0.005331 0.178819
-0.001886 -0.005300 0.178819
-0.001729 -0.005270 0.178819
-0.001572 -0.005248 0.178819
-0.001413 -0.005233 0.178819
-0.001255 -0.005214 0.178819
-0.001099 -0.005187 0.178819
-0.000943 -0.005154 0.178819
-0.000788 -0.005119 0.178819
-0.000632 -0.005087 0.178819
-0.000475 -0.005059 0.178819
-0.000317 -0.005038 0.178819
-0.000159 -0.005023 0.178819
0.000000 -0.005016 0.178819
0.000159 -0.005023 0.178819
0.000317 -0.005038 0.178819
0.000475 -0.005059 0.178819
0.000632 -0.005087 0.178819
0.000788 -0.005119 0.178819
0.000943 -0.005154 0.178819
0.001099 -0.005187 0.178819
0.001255 -0.005214 0.178819
0.001413 -0.005233 0.178819
0.001572 -0.005248 0.178819
0.001729 -0.005270 0.178819
0.001886 -0.005300 0.178819
0.002042 -0.005331 0.178819
0.002199 -0.005354 0.178819
0.002357 -0.005373 0.178819
0.002515 -0.005395 0.178819
0.002671 -0.005423 0.178819
0.002828 -0.005448 0.178819
0.002986 -0.005472 0.178819
0.003142 -0.005442 0.178819
0.003246 -0.005322 0.178819
0.003304 -0.005174 0.178819
0.003361 -0.005025 0.178819
0.003415 -0.004875 0.178819
0.003474 -0.004728 0.178819
0.003537 -0.004581 0.178819
0.003596 -0.004433 0.178819
0.003647 -0.004283 0.178819
0.003699 -0.004132 0.178819
0.003759 -0.003985 0.178819
0.003825 -0.003841 0.178819
0.003888 -0.003694 0.178819
0.003943 -0.003545 0.178819
0.003992 -0.003393 0.178819
0.004040 -0.003242 0.178819
0.004090 -0.003091 0.178819
0.004144 -0.002941 0.178819
0.004205 -0.002794 0.178819
0.004271 -0.002649 0.178819
0.004344 -0.002508 0.178819
0.004430 -0.002374 0.178819
0.004522 -0.002244 0.178819
0.004619 -0.002118 0.178819
0.004721 -0.001996 0.178819
0.004827 -0.001878 0.178819
0.004935 -0.001760 0.178819
0.005041 -0.001642 0.178819
0.005143 -0.001520 0.178819
0.005239 -0.001393 0.178819
0.005331 -0.001263 0.178819
0.005428 -0.001137 0.178819
0.005532 -0.001017 0.178819
0.005637 -0.000897 0.178819
0.005736 -0.000773 0.178819
0.005831 -0.000645 0.178819
0.005930 -0.000520 0.178819
0.006032 -0.000398 0.178819
0.006133 -0.000275 0.178819
0.006231 -0.000150 0.178819
0.006284 -0.000000 0.178819

