0.008308 0.000406 0.906250
0.008088 0.000425 0.906250
0.007934 0.000583 0.906250
0.007771 0.000733 0.906250
0.007611 0.000886 0.906250
0.007458 0.001045 0.906250
0.007290 0.001189 0.906250
0.007151 0.001360 0.906250
0.006959 0.001471 0.906250
0.006819 0.001642 0.906250
0.006662 0.001798 0.906250
0.006491 0.001938 0.906250
0.006365 0.002120 0.906250
0.006477 0.002311 0.906250
0.006334 0.002480 0.906250
0.006114 0.002509 0.906250
0.006149 0.002291 0.906250
0.006220 0.002501 0.906250
0.006130 0.002703 0.906250
0.005982 0.002867 0.906250
0.005768 0.002922 0.906250
0.005611 0.003078 0.906250
0.005528 0.003283 0.906250
0.005485 0.003500 0.906250
0.005382 0.003695 0.906250
0.005372 0.003916 0.906250
0.005280 0.004117 0.906250
0.005255 0.004337 0.906250
0.005176 0.004543 0.906250
0.005138 0.004761 0.906250
0.005050 0.004964 0.906250
0.005005 0.005180 0.906250
0.004922 0.005385 0.906250
0.004888 0.005604 0.906250
0.004811 0.005811 0.906250
0.004779 0.006029 0.906250
0.004706 0.006238 0.906250
0.004676 0.006457 0.906250
0.004603 0.006666 0.906250
0.004561 0.006883 0.906250
0.004481 0.007089 0.906250
0.004275 0.007170 0.906250
0.004054 0.007159 0.906250
0.003835 0.007129 0.906250
0.003617 0.007094 0.906250
0.003401 0.007048 0.906250
0.003182 0.007014 0.906250
0.002967 0.006962 0.906250
0.002748 0.006937 0.906250
0.002529 0.006901 0.906250
0.002308 0.006894 0.906250
0.002090 0.006859 0.906250
0.001877 0.006802 0.906250
0.001660 0.006757 0.906250
0.001446 0.006700 0.906250
0.001229 0.006662 0.906250
0.001010 0.006629 0.906250
0.000796 0.006576 0.906250
0.000575 0.006557 0.906250
0.000388 0.006439 0.906250
0.000171 0.006395 0.906250
-0.000038 0.006467 0.906250
-0.000255 0.006509 0.906250
-0.000470 0.006558 0.906250
-0.000685 0.006613 0.906250
-0.000902 0.006650 0.906250
-0.001118 0.006700 0.906250
-0.001326 0.006774 0.906250
-0.001546 0.006801 0.906250
-0.001757 0.006864 0.906250
-0.001976 0.006899 0.906250
-0.002187 0.006965 0.906250
-0.002404 0.007003 0.906250
-0.002616 0.007066 0.906250
-0.002833 0.007109 0.906250
-0.003048 0.007161 0.906250
-0.003265 0.007203 0.906250
-0.003482 0.007246 0.906250
-0.003699 0.007288 0.906250
-0.003915 0.007335 0.906250
-0.004134 0.007304 0.906250
-0.004233 0.007106 0.906250
-0.004336 0.006910 0.906250
-0.004399 0.006698 0.906250
-0.004471 0.006489 0.906250
-0.004525 0.006275 0.906250
-0.004598 0.006066 0.906250
-0.004649 0.005851 0.906250
-0.004731 0.005646 0.906250
-0.004795 0.005434 0.906250
-0.004879 0.005230 0.906250
-0.004933 0.005016 0.906250
-0.004984 0.004801 0.906250
-0.005065 0.004595 0.906250
-0.005098 0.004376 0.906250
-0.005196 0.004178 0.906250
-0.005231 0.003960 0.906250
-0.005333 0.003764 0.906250
-0.005325 0.003543 0.906250
-0.005426 0.003346 0.906250
-0.005609 0.003222 0.906250
-0.005729 0.003037 0.906250
-0.005913 0.002914 0.906250
-0.006039 0.002732 0.906250
-0.006215 0.002599 0.906250
-0.006344 0.002419 0.906250
-0.006510 0.002273 0.906250
-0.006667 0.002118 0.906250
-0.006801 0.001942 0.906250
-0.006964 0.001792 0.906250
-0.007102 0.001620 0.906250
-0.007267 0.001472 0.906250
-0.007405 0.001300 0.906250
-0.007572 0.001154 0.906250
-0.007714 0.000985 0.906250
-0.007878 0.000837 0.906250
-0.008027 0.000674 0.906250
-0.008189 0.000522 0.906250
-0.008343 0.000364 0.906250
-0.008510 0.000219 0.906250
-0.008503 -0.000002 0.906250
-0.008349 -0.000160 0.906250
-0.008199 -0.000322 0.906250
-0.008045 -0.000480 0.906250
-0.007897 -0.000645 0.906250
-0.007742 -0.000803 0.906250
-0.007597 -0.000969 0.906250
-0.007438 -0.001123 0.906250
-0.007292 -0.001289 0.906250
-0.007135 -0.001445 0.906250
-0.006994 -0.001615 0.906250
-0.006845 -0.001778 0.906250
-0.006682 -0.001927 0.906250
-0.006546 -0.002102 0.906250
-0.006365 -0.002229 0.906250
-0.006241 -0.002412 0.906250
-0.006070 -0.002551 0.906250
-0.005953 -0.002739 0.906250
-0.005762 -0.002851 0.906250
-0.005642 -0.003036 0.906250
-0.005628 -0.003257 0.906250
-0.005530 -0.003454 0.906250
-0.005512 -0.003675 0.906250
-0.005415 -0.003874 0.906250
-0.005391 -0.004093 0.906250
-0.005295 -0.004292 0.906250
-0.005263 -0.004511 0.906250
-0.005201 -0.004723 0.906250
-0.005120 -0.004929 0.906250
-0.005067 -0.005144 0.906250
-0.004985 -0.005349 0.906250
-0.004935 -0.005565 0.906250
-0.004859 -0.005772 0.906250
-0.004813 -0.005988 0.906250
-0.004740 -0.006197 0.906250
-0.004693 -0.006413 0.906250
-0.004633 -0.006626 0.906250
-0.004573 -0.006838 0.906250
-0.004504 -0.007048 0.906250
-0.004424 -0.007255 0.906250
-0.004211 -0.007313 0.906250
-0.003994 -0.007272 0.906250
-0.003782 -0.007209 0.906250
-0.003564 -0.007173 0.906250
-0.003348 -0.007124 0.906250
-0.003131 -0.007085 0.906250
-0.002915 -0.007036 0.906250
-0.002699 -0.006990 0.906250
-0.002484 -0.006936 0.906250
-0.002270 -0.006881 0.906250
-0.002054 -0.006835 0.906250
-0.001839 -0.006784 0.906250
-0.001625 -0.006728 0.906250
-0.001406 -0.006697 0.906250
-0.001204 -0.006609 0.906250
-0.000984 -0.006585 0.906250
-0.000777 -0.006507 0.906250
-0.000556 -0.006497 0.906250
-0.000360 -0.006396 0.906250
-0.000139 -0.006415 0.906250
0.000055 -0.006520 0.906250
0.000276 -0.006535 0.906250
0.000479 -0.006623 0.906250
0.000699 -0.006641 0.906250
0.000904 -0.006724 0.906250
0.001124 -0.006740 0.906250
0.001328 -0.006825 0.906250
0.001544 -0.006876 0.906250
0.001762 -0.006908 0.906250
0.001976 -0.006963 0.906250
0.002195 -0.006992 0.906250
0.002408 -0.007052 0.906250
0.002626 -0.007092 0.906250
0.002840 -0.007145 0.906250
0.003058 -0.007185 0.906250
0.003275 -0.007227 0.906250
0.003493 -0.007264 0.906250
0.003713 -0.007278 0.906250
0.003933 -0.007301 0.906250
0.004154 -0.007307 0.906250
0.004346 -0.007197 0.906250
0.004368 -0.006977 0.906250
0.004385 -0.006757 0.906250
0.004462 -0.006550 0.906250
0.004512 -0.006334 0.906250
0.004587 -0.006126 0.906250
0.004638 -0.005911 0.906250
0.004706 -0.005701 0.906250
0.004757 -0.005486 0.906250
0.004825 -0.005276 0.906250
0.004880 -0.005062 0.906250
0.004939 -0.004849 0.906250
0.005014 -0.004640 0.906250
0.005082 -0.004430 0.906250
0.005135 -0.004216 0.906250
0.005211 -0.004008 0.906250
0.005269 -0.003795 0.906250
0.005358 -0.003592 0.906250
0.005373 -0.003371 0.906250
0.005498 -0.003189 0.906250
0.005681 -0.003065 0.906250
0.005812 -0.002886 0.906250
0.005977 -0.002740 0.906250
0.006118 -0.002569 0.906250
0.006279 -0.002419 0.906250
0.006420 -0.002248 0.906250
0.006584 -0.002100 0.906250
0.006726 -0.001930 0.906250
0.006861 -0.001755 0.906250
0.007022 -0.001603 0.906250
0.007154 -0.001426 0.906250
0.007306 -0.001265 0.906250
0.007440 -0.001090 0.906250
0.007579 -0.000918 0.906250
0.007709 -0.000739 0.906250
0.007831 -0.000555 0.906250
0.007958 -0.000374 0.906250
0.008076 -0.000187 0.906250
0.008215 -0.000015 0.906250
0.008311 0.000184 0.906250
0.008308 0.000406 0.906250

