0.006411 -0.000000 0.222222
0.006358 0.000153 0.222222
0.006256 0.000280 0.222222
0.006153 0.000405 0.222222
0.006053 0.000533 0.222222
0.005954 0.000662 0.222222
0.005850 0.000788 0.222222
0.005745 0.000911 0.222222
0.005643 0.001038 0.222222
0.005547 0.001169 0.222222
0.005448 0.001298 0.222222
0.005343 0.001421 0.222222
0.005235 0.001543 0.222222
0.005132 0.001669 0.222222
0.005036 0.001799 0.222222
0.004940 0.001931 0.222222
0.004842 0.002060 0.222222
0.004735 0.002183 0.222222
0.004629 0.002306 0.222222
0.004517 0.002423 0.222222
0.004411 0.002547 0.222222
0.004357 0.002700 0.222222
0.004311 0.002856 0.222222
0.004258 0.003009 0.222222
0.004205 0.003163 0.222222
0.004142 0.003313 0.222222
0.004076 0.003461 0.222222
0.004011 0.003610 0.222222
0.003954 0.003762 0.222222
0.003902 0.003916 0.222222
0.003848 0.004069 0.222222
0.003786 0.004219 0.222222
0.003721 0.004368 0.222222
0.003661 0.004520 0.222222
0.003607 0.004673 0.222222
0.003550 0.004825 0.222222
0.003488 0.004975 0.222222
0.003428 0.005126 0.222222
0.003370 0.005278 0.222222
0.003312 0.005429 0.222222
0.003206 0.005552 0.222222
0.003046 0.005583 0.222222
0.002886 0.005557 0.222222
0.002725 0.005531 0.222222
0.002564 0.005509 0.222222
0.002403 0.005487 0.222222
0.002243 0.005460 0.222222
0.002083 0.005431 0.222222
0.001923 0.005406 0.222222
0.001761 0.005388 0.222222
0.001600 0.005367 0.222222
0.001440 0.005337 0.222222
0.001281 0.005305 0.222222
0.001121 0.005279 0.222222
0.000959 0.005261 0.222222
0.000798 0.005244 0.222222
0.000637 0.005223 0.222222
0.000477 0.005192 0.222222
0.000318 0.005161 0.222222
0.000160 0.005123 0.222222
-0.000000 0.005094 0.222222
-0.000160 0.005123 0.222222
-0.000318 0.005161 0.222222
-0.000477 0.005192 0.222222
-0.000637 0.005223 0.222222
-0.000798 0.005244 0.222222
-0.000959 0.005261 0.222222
-0.001121 0.005279 0.222222
-0.001281 0.005305 0.222222
-0.001440 0.005337 0.222222
-0.001600 0.005367 0.222222
-0.001761 0.005388 0.222222
-0.001923 0.005406 0.222222
-0.002083 0.005431 0.222222
-0.002243 0.005460 0.222222
-0.002403 0.005487 0.222222
-0.002564 0.005509 0.222222
-0.002725 0.005531 0.222222
-0.002886 0.005557 0.222222
-0.003046 0.005583 0.222222
-0.003206 0.005552 0.222222
-0.003312 0.005429 0.222222
-0.003370 0.005278 0.222222
-0.003428 0.005126 0.222222
-0.003488 0.004975 0.222222
-0.003550 0.004825 0.222222
-0.003607 0.004673 0.222222
-0.003661 0.004520 0.222222
-0.003721 0.004368 0.222222
-0.003786 0.004219 0.222222
-0.003848 0.004069 0.222222
-0.003902 0.003916 0.222222
-0.003954 0.003762 0.222222
-0.004011 0.003610 0.222222
-0.004076 0.003461 0.222222
-0.004142 0.003313 0.222222
-0.004205 0.003163 0.222222
-0.004258 0.003009 0.222222
-0.004311 0.002856 0.222222
-0.004357 0.002700 0.222222
-0.004411 0.002547 0.222222
-0.004517 0.002423 0.222222
-0.004629 0.002306 0.222222
-0.004735 0.002183 0.222222
-0.004842 0.002060 0.222222
-0.004940 0.001931 0.222222
-0.005036 0.001799 0.222222
-0.005132 0.001669 0.222222
-0.005235 0.001543 0.222222
-0.005343 0.001421 0.222222
-0.005448 0.001298 0.222222
-0.005547 0.001169 0.222222
-0.005643 0.001038 0.222222
-0.005745 0.000911 0.222222
-0.005850 0.000788 0.222222
-0.005954 0.000662 0.222222
-0.006053 0.000533 0.222222
-0.006153 0.000405 0.222222
-0.006256 0.000280 0.222222
-0.006358 0.000153 0.222222
-0.006411 0.000000 0.222222
-0.006358 -0.000153 0.222222
-0.006256 -0.000280 0.222222
-0.006153 -0.000405 0.222222
-0.006053 -0.000533 0.222222
-0.005954 -0.000662 0.222222
-0.005850 -0.000788 0.222222
-0.005745 -0.000911 0.222222
-0.005643 -0.001038 0.222222
-0.005547 -0.001169 0.222222
-0.005448 -0.001298 0.222222
-0.005343 -0.001421 0.222222
-0.005235 -0.001543 0.222222
-0.005132 -0.001669 0.222222
-0.005036 -0.001799 0.222222
-0.004940 -0.001931 0.222222
-0.004842 -0.002060 0.222222
-0.004735 -0.002183 0.222222
-0.004629 -0.002306 0.222222
-0.004517 -0.002423 0.222222
-0.004411 -0.002547 0.222222
-0.004357 -0.002700 0.222222
-0.004311 -0.002856 0.222222
-0.004258 -0.003009 0.222222
-0.004205 -0.003163 0.222222
-0.004142 -0.003313 0.222222
-0.004076 -0.003461 0.222222
-0.004011 -0.003610 0.222222
-0.003954 -0.003762 0.222222
-0.003902 -0.003916 0.222222
-0.003848 -0.004069 0.222222
-0.003786 -0.004219 0.222222
-0.003721 -0.004368 0.222222
-0.003661 -0.004520 0.222222
-0.003607 -0.004673 0.222222
-0.003550 -0.004825 0.222222
-0.003488 -0.004975 0.222222
-0.003428 -0.005126 0.222222
-0.003370 -0.005278 0.222222
-0.003312 -0.005429 0.222222
-0.003206 -0.005552 0.222222
-0.003046 -0.005583 0.222222
-0.002886 -0.005557 0.222222
-0.002725 -0.005531 0.222222
-0.002564 -0.005509 0.222222
-0.002403 -0.005487 0.222222
-0.002243 -0.005460 0.222222
-0.002083 -0.005431 0.222222
-0.001923 -0.005406 0.222222
-0.001761 -0.005388 0.222222
-0.001600 -0.005367 0.222222
-0.001440 -0.005337 0.222222
-0.001281 -0.005305 0.222222
-0.001121 -0.005279 0.222222
-0.000959 -0.005261 0.222222
-0.000798 -0.005244 0.222222
-0.000637 -0.005223 0.222222
-0.000477 -0.005192 0.222222
-0.000318 -0.005161 0.222222
-0.000160 -0.005123 0.222222
0.000000 -0.005094 0.222222
0.000160 -0.005123 0.222222
0.000318 -0.005161 0.222222
0.000477 -0.005192 0.222222
0.000637 -0.005223 0.222222
0.000798 -0.005244 0.222222
0.000959 -0.005261 0.222222
0.001121 -0.005279 0.222222
0.001281 -0.005305 0.222222
0.001440 -0.005337 0.222222
0.001600 -0.005367 0.222222
0.001761 -0.005388 0.222222
0.001923 -0.005406 0.222222
0.002083 -0.005431 0.222222
0.002243 -0.005460 0.222222
0.002403 -0.005487 0.222222
0.002564 -0.005509 0.222222
0.002725 -0.005531 0.222222
0.002886 -0.005557 0.222222
0.003046 -0.005583 0.222222
0.003206 -0.005552 0.222222
0.003312 -0.005429 0.222222
0.003370 -0.005278 0.222222
0.003428 -0.005126 0.222222
0.003488 -0.004975 0.222222
0.003550 -0.004825 0.222222
0.003607 -0.004673 0.222222
0.003661 -0.004520 0.222222
0.003721 -0.004368 0.222222
0.003786 -0.004219 0.222222
0.003848 -0.004069 0.222222
0.003902 -0.003916 0.222222
0.003954 -0.003762 0.222222
0.004011 -0.003610 0.222222
0.004076 -0.003461 0.222222
0.004142 -0.003313 0.222222
0.004205 -0.003163 0.222222
0.004258 -0.003009 0.222222
0.004311 -0.002856 0.222222
0.004357 -0.002700 0.222222
0.004411 -0.002547 0.222222
0.004517 -0.002423 0.222222
0.004629 -0.002306 0.222222
0.004735 -0.002183 0.222222
0.004842 -0.002060 0.222222
0.004940 -0.001931 0.222222
0.005036 -0.001799 0.222222
0.005132 -0.001669 0.222222
0.005235 -0.001543 0.222222
0.005343 -0.001421 0.222222
0.005448 -0.001298 0.222222
0.005547 -0.001169 0.222222
0.005643 -0.001038 0.222222
0.005745 -0.000911 0.222222
0.005850 -0.000788 0.222222
0.005954 -0.000662 0.222222
0.006053 -0.000533 0.222222
0.006153 -0.000405 0.222222
0.006256 -0.000280 0.222222
0.006358 -0.000153 0.222222
0.006411 -0.000000 0.222222

