0.007788 0.000022 0.678819
0.007646 0.000166 0.678819
0.007503 0.000309 0.678819
0.007360 0.000451 0.678819
0.007219 0.000596 0.678819
0.007074 0.000736 0.678819
0.006948 0.000894 0.678819
0.006811 0.001043 0.678819
0.006683 0.001199 0.678819
0.006533 0.001334 0.678819
0.006393 0.001480 0.678819
0.006258 0.001630 0.678819
0.006107 0.001764 0.678819
0.005998 0.001935 0.678819
0.005990 0.002137 0.678819
0.005823 0.002250 0.678819
0.005693 0.002405 0.678819
0.005548 0.002545 0.678819
0.005454 0.002724 0.678819
0.005310 0.002866 0.678819
0.005210 0.003041 0.678819
0.005176 0.003240 0.678819
0.005082 0.003419 0.678819
0.005046 0.003618 0.678819
0.004968 0.003804 0.678819
0.004924 0.004001 0.678819
0.004839 0.004184 0.678819
0.004800 0.004383 0.678819
0.004722 0.004569 0.678819
0.004673 0.004765 0.678819
0.004594 0.004951 0.678819
0.004558 0.005150 0.678819
0.004490 0.005340 0.678819
0.004452 0.005538 0.678819
0.004384 0.005729 0.678819
0.004328 0.005922 0.678819
0.004266 0.006115 0.678819
0.004207 0.006308 0.678819
0.004147 0.006501 0.678819
0.004096 0.006696 0.678819
0.003946 0.006831 0.678819
0.003747 0.006797 0.678819
0.003549 0.006757 0.678819
0.003351 0.006717 0.678819
0.003155 0.006667 0.678819
0.002962 0.006607 0.678819
0.002765 0.006563 0.678819
0.002566 0.006529 0.678819
0.002366 0.006499 0.678819
0.002169 0.006455 0.678819
0.001973 0.006408 0.678819
0.001780 0.006347 0.678819
0.001584 0.006297 0.678819
0.001391 0.006240 0.678819
0.001196 0.006186 0.678819
0.001003 0.006127 0.678819
0.000802 0.006103 0.678819
0.000605 0.006060 0.678819
0.000404 0.006043 0.678819
0.000204 0.006014 0.678819
0.000003 0.006036 0.678819
-0.000192 0.006089 0.678819
-0.000394 0.006103 0.678819
-0.000586 0.006163 0.678819
-0.000787 0.006189 0.678819
-0.000984 0.006233 0.678819
-0.001183 0.006269 0.678819
-0.001377 0.006325 0.678819
-0.001574 0.006366 0.678819
-0.001772 0.006408 0.678819
-0.001969 0.006451 0.678819
-0.002165 0.006502 0.678819
-0.002362 0.006546 0.678819
-0.002557 0.006599 0.678819
-0.002755 0.006640 0.678819
-0.002951 0.006685 0.678819
-0.003148 0.006731 0.678819
-0.003346 0.006773 0.678819
-0.003543 0.006818 0.678819
-0.003738 0.006868 0.678819
-0.003929 0.006801 0.678819
-0.003992 0.006609 0.678819
-0.004052 0.006416 0.678819
-0.004112 0.006223 0.678819
-0.004175 0.006031 0.678819
-0.004216 0.005833 0.678819
-0.004277 0.005641 0.678819
-0.004333 0.005447 0.678819
-0.004408 0.005259 0.678819
-0.004468 0.005066 0.678819
-0.004536 0.004876 0.678819
-0.004583 0.004680 0.678819
-0.004649 0.004489 0.678819
-0.004695 0.004292 0.678819
-0.004756 0.004100 0.678819
-0.004805 0.003904 0.678819
-0.004895 0.003723 0.678819
-0.004958 0.003531 0.678819
-0.005052 0.003352 0.678819
-0.005128 0.003165 0.678819
-0.005248 0.003002 0.678819
-0.005396 0.002865 0.678819
-0.005509 0.002697 0.678819
-0.005661 0.002565 0.678819
-0.005785 0.002405 0.678819
-0.005926 0.002261 0.678819
-0.006052 0.002102 0.678819
-0.006202 0.001967 0.678819
-0.006334 0.001815 0.678819
-0.006472 0.001667 0.678819
-0.006604 0.001515 0.678819
-0.006749 0.001374 0.678819
-0.006882 0.001221 0.678819
-0.007030 0.001084 0.678819
-0.007160 0.000930 0.678819
-0.007302 0.000786 0.678819
-0.007438 0.000636 0.678819
-0.007575 0.000488 0.678819
-0.007710 0.000338 0.678819
-0.007852 0.000194 0.678819
-0.007885 -0.000005 0.678819
-0.007748 -0.000154 0.678819
-0.007608 -0.000299 0.678819
-0.007469 -0.000446 0.678819
-0.007337 -0.000599 0.678819
-0.007192 -0.000740 0.678819
-0.007053 -0.000886 0.678819
-0.006913 -0.001032 0.678819
-0.006779 -0.001182 0.678819
-0.006648 -0.001337 0.678819
-0.006516 -0.001489 0.678819
-0.006378 -0.001637 0.678819
-0.006242 -0.001786 0.678819
-0.006096 -0.001926 0.678819
-0.005956 -0.002071 0.678819
-0.005808 -0.002209 0.678819
-0.005687 -0.002371 0.678819
-0.005551 -0.002520 0.678819
-0.005434 -0.002684 0.678819
-0.005314 -0.002847 0.678819
-0.005245 -0.003037 0.678819
-0.005198 -0.003233 0.678819
-0.005112 -0.003416 0.678819
-0.005079 -0.003615 0.678819
-0.005008 -0.003805 0.678819
-0.004953 -0.003999 0.678819
-0.004883 -0.004189 0.678819
-0.004839 -0.004386 0.678819
-0.004778 -0.004578 0.678819
-0.004714 -0.004770 0.678819
-0.004652 -0.004962 0.678819
-0.004592 -0.005155 0.678819
-0.004533 -0.005348 0.678819
-0.004483 -0.005544 0.678819
-0.004423 -0.005737 0.678819
-0.004365 -0.005930 0.678819
-0.004304 -0.006123 0.678819
-0.004243 -0.006315 0.678819
-0.004180 -0.006507 0.678819
-0.004124 -0.006701 0.678819
-0.003966 -0.006827 0.678819
-0.003769 -0.006783 0.678819
-0.003574 -0.006731 0.678819
-0.003378 -0.006683 0.678819
-0.003181 -0.006638 0.678819
-0.002983 -0.006596 0.678819
-0.002788 -0.006544 0.678819
-0.002590 -0.006507 0.678819
-0.002397 -0.006448 0.678819
-0.002197 -0.006417 0.678819
-0.002001 -0.006367 0.678819
-0.001802 -0.006336 0.678819
-0.001605 -0.006289 0.678819
-0.001408 -0.006247 0.678819
-0.001215 -0.006186 0.678819
-0.001019 -0.006140 0.678819
-0.000819 -0.006106 0.678819
-0.000621 -0.006066 0.678819
-0.000421 -0.006042 0.678819
-0.000220 -0.006018 0.678819
-0.000021 -0.006050 0.678819
0.000173 -0.006107 0.678819
0.000374 -0.006125 0.678819
0.000566 -0.006189 0.678819
0.000763 -0.006231 0.678819
0.000961 -0.006273 0.678819
0.001158 -0.006318 0.678819
0.001354 -0.006365 0.678819
0.001547 -0.006424 0.678819
0.001746 -0.006458 0.678819
0.001942 -0.006509 0.678819
0.002142 -0.006539 0.678819
0.002335 -0.006596 0.678819
0.002532 -0.006640 0.678819
0.002725 -0.006700 0.678819
0.002924 -0.006738 0.678819
0.003120 -0.006787 0.678819
0.003318 -0.006824 0.678819
0.003516 -0.006867 0.678819
0.003713 -0.006912 0.678819
0.003900 -0.006836 0.678819
0.003958 -0.006643 0.678819
0.004008 -0.006447 0.678819
0.004064 -0.006253 0.678819
0.004118 -0.006058 0.678819
0.004183 -0.005867 0.678819
0.004235 -0.005672 0.678819
0.004309 -0.005484 0.678819
0.004354 -0.005287 0.678819
0.004429 -0.005099 0.678819
0.004472 -0.004902 0.678819
0.004549 -0.004715 0.678819
0.004602 -0.004520 0.678819
0.004667 -0.004329 0.678819
0.004706 -0.004131 0.678819
0.004781 -0.003943 0.678819
0.004852 -0.003754 0.678819
0.004932 -0.003569 0.678819
0.005013 -0.003383 0.678819
0.005090 -0.003197 0.678819
0.005201 -0.003028 0.678819
0.005341 -0.002883 0.678819
0.005455 -0.002715 0.678819
0.005589 -0.002564 0.678819
0.005719 -0.002410 0.678819
0.005840 -0.002248 0.678819
0.005977 -0.002100 0.678819
0.006108 -0.001946 0.678819
0.006253 -0.001806 0.678819
0.006378 -0.001647 0.678819
0.006525 -0.001508 0.678819
0.006655 -0.001354 0.678819
0.006807 -0.001221 0.678819
0.006938 -0.001067 0.678819
0.007085 -0.000929 0.678819
0.007214 -0.000773 0.678819
0.007358 -0.000631 0.678819
0.007487 -0.000476 0.678819
0.007624 -0.000328 0.678819
0.007760 -0.000178 0.678819
0.007788 0.000022 0.678819

