0.008162 0.000138 0.824653
0.007996 0.000273 0.824653
0.007850 0.000429 0.824653
0.007686 0.000566 0.824653
0.007539 0.000721 0.824653
0.007385 0.000869 0.824653
0.007234 0.001020 0.824653
0.007090 0.001177 0.824653
0.006915 0.001300 0.824653
0.006788 0.001472 0.824653
0.006627 0.001612 0.824653
0.006501 0.001784 0.824653
0.006354 0.001940 0.824653
0.006232 0.002115 0.824653
0.006382 0.002266 0.824653
0.006189 0.002356 0.824653
0.006058 0.002525 0.824653
0.005868 0.002622 0.824653
0.005729 0.002784 0.824653
0.005547 0.002897 0.824653
0.005433 0.003077 0.824653
0.005410 0.003289 0.824653
0.005317 0.003481 0.824653
0.005287 0.003693 0.824653
0.005189 0.003882 0.824653
0.005166 0.004095 0.824653
0.005077 0.004289 0.824653
0.005038 0.004499 0.824653
0.004960 0.004698 0.824653
0.004934 0.004910 0.824653
0.004853 0.005107 0.824653
0.004807 0.005316 0.824653
0.004724 0.005513 0.824653
0.004684 0.005723 0.824653
0.004608 0.005923 0.824653
0.004574 0.006133 0.824653
0.004503 0.006335 0.824653
0.004473 0.006546 0.824653
0.004407 0.006749 0.824653
0.004358 0.006957 0.824653
0.004189 0.007088 0.824653
0.003983 0.007032 0.824653
0.003775 0.006985 0.824653
0.003564 0.006949 0.824653
0.003352 0.006922 0.824653
0.003141 0.006888 0.824653
0.002929 0.006870 0.824653
0.002717 0.006842 0.824653
0.002506 0.006805 0.824653
0.002301 0.006748 0.824653
0.002093 0.006698 0.824653
0.001887 0.006640 0.824653
0.001675 0.006617 0.824653
0.001467 0.006568 0.824653
0.001256 0.006533 0.824653
0.001048 0.006486 0.824653
0.000844 0.006423 0.824653
0.000637 0.006371 0.824653
0.000435 0.006302 0.824653
0.000228 0.006249 0.824653
0.000018 0.006289 0.824653
-0.000192 0.006330 0.824653
-0.000399 0.006382 0.824653
-0.000608 0.006424 0.824653
-0.000816 0.006474 0.824653
-0.001020 0.006536 0.824653
-0.001233 0.006559 0.824653
-0.001433 0.006633 0.824653
-0.001643 0.006671 0.824653
-0.001848 0.006732 0.824653
-0.002059 0.006764 0.824653
-0.002265 0.006820 0.824653
-0.002475 0.006860 0.824653
-0.002682 0.006912 0.824653
-0.002890 0.006960 0.824653
-0.003098 0.007012 0.824653
-0.003306 0.007060 0.824653
-0.003513 0.007113 0.824653
-0.003723 0.007149 0.824653
-0.003931 0.007196 0.824653
-0.004135 0.007131 0.824653
-0.004173 0.006921 0.824653
-0.004235 0.006717 0.824653
-0.004291 0.006511 0.824653
-0.004362 0.006309 0.824653
-0.004419 0.006103 0.824653
-0.004497 0.005905 0.824653
-0.004561 0.005701 0.824653
-0.004635 0.005500 0.824653
-0.004680 0.005292 0.824653
-0.004746 0.005088 0.824653
-0.004792 0.004880 0.824653
-0.004875 0.004683 0.824653
-0.004930 0.004477 0.824653
-0.005003 0.004276 0.824653
-0.005080 0.004076 0.824653
-0.005116 0.003866 0.824653
-0.005199 0.003669 0.824653
-0.005200 0.003455 0.824653
-0.005306 0.003270 0.824653
-0.005484 0.003152 0.824653
-0.005601 0.002973 0.824653
-0.005770 0.002842 0.824653
-0.005898 0.002672 0.824653
-0.006050 0.002521 0.824653
-0.006207 0.002376 0.824653
-0.006333 0.002204 0.824653
-0.006496 0.002065 0.824653
-0.006633 0.001902 0.824653
-0.006792 0.001759 0.824653
-0.006923 0.001590 0.824653
-0.007078 0.001444 0.824653
-0.007214 0.001279 0.824653
-0.007366 0.001129 0.824653
-0.007508 0.000969 0.824653
-0.007659 0.000818 0.824653
-0.007801 0.000659 0.824653
-0.007959 0.000515 0.824653
-0.008098 0.000353 0.824653
-0.008258 0.000211 0.824653
-0.008289 -0.000000 0.824653
-0.008139 -0.000153 0.824653
-0.007991 -0.000306 0.824653
-0.007846 -0.000463 0.824653
-0.007700 -0.000619 0.824653
-0.007552 -0.000773 0.824653
-0.007408 -0.000930 0.824653
-0.007260 -0.001085 0.824653
-0.007122 -0.001248 0.824653
-0.006972 -0.001400 0.824653
-0.006829 -0.001558 0.824653
-0.006671 -0.001702 0.824653
-0.006534 -0.001866 0.824653
-0.006385 -0.002020 0.824653
-0.006241 -0.002177 0.824653
-0.006117 -0.002351 0.824653
-0.005950 -0.002485 0.824653
-0.005826 -0.002658 0.824653
-0.005638 -0.002761 0.824653
-0.005517 -0.002936 0.824653
-0.005509 -0.003150 0.824653
-0.005415 -0.003342 0.824653
-0.005393 -0.003554 0.824653
-0.005306 -0.003749 0.824653
-0.005257 -0.003957 0.824653
-0.005205 -0.004164 0.824653
-0.005119 -0.004360 0.824653
-0.005077 -0.004569 0.824653
-0.005006 -0.004771 0.824653
-0.004962 -0.004980 0.824653
-0.004886 -0.005179 0.824653
-0.004832 -0.005386 0.824653
-0.004757 -0.005586 0.824653
-0.004697 -0.005791 0.824653
-0.004634 -0.005995 0.824653
-0.004571 -0.006199 0.824653
-0.004512 -0.006405 0.824653
-0.004459 -0.006611 0.824653
-0.004400 -0.006817 0.824653
-0.004354 -0.007025 0.824653
-0.004179 -0.007147 0.824653
-0.003967 -0.007117 0.824653
-0.003761 -0.007062 0.824653
-0.003549 -0.007031 0.824653
-0.003344 -0.006971 0.824653
-0.003134 -0.006932 0.824653
-0.002929 -0.006872 0.824653
-0.002721 -0.006826 0.824653
-0.002514 -0.006773 0.824653
-0.002305 -0.006730 0.824653
-0.002097 -0.006680 0.824653
-0.001889 -0.006630 0.824653
-0.001680 -0.006587 0.824653
-0.001474 -0.006532 0.824653
-0.001267 -0.006480 0.824653
-0.001054 -0.006458 0.824653
-0.000851 -0.006391 0.824653
-0.000639 -0.006371 0.824653
-0.000448 -0.006274 0.824653
-0.000236 -0.006252 0.824653
-0.000040 -0.006339 0.824653
0.000172 -0.006359 0.824653
0.000368 -0.006443 0.824653
0.000581 -0.006468 0.824653
0.000786 -0.006528 0.824653
0.000990 -0.006589 0.824653
0.001203 -0.006611 0.824653
0.001407 -0.006674 0.824653
0.001616 -0.006717 0.824653
0.001821 -0.006779 0.824653
0.002029 -0.006824 0.824653
0.002239 -0.006868 0.824653
0.002448 -0.006910 0.824653
0.002658 -0.006946 0.824653
0.002864 -0.007003 0.824653
0.003075 -0.007038 0.824653
0.003281 -0.007094 0.824653
0.003492 -0.007131 0.824653
0.003698 -0.007186 0.824653
0.003909 -0.007218 0.824653
0.004108 -0.007141 0.824653
0.004182 -0.006941 0.824653
0.004234 -0.006734 0.824653
0.004309 -0.006534 0.824653
0.004349 -0.006324 0.824653
0.004422 -0.006123 0.824653
0.004462 -0.005913 0.824653
0.004531 -0.005711 0.824653
0.004579 -0.005503 0.824653
0.004647 -0.005301 0.824653
0.004702 -0.005094 0.824653
0.004777 -0.004894 0.824653
0.004838 -0.004690 0.824653
0.004893 -0.004483 0.824653
0.004963 -0.004281 0.824653
0.005036 -0.004081 0.824653
0.005095 -0.003875 0.824653
0.005166 -0.003674 0.824653
0.005204 -0.003464 0.824653
0.005283 -0.003265 0.824653
0.005429 -0.003109 0.824653
0.005560 -0.002941 0.824653
0.005714 -0.002792 0.824653
0.005851 -0.002629 0.824653
0.005999 -0.002475 0.824653
0.006154 -0.002327 0.824653
0.006283 -0.002157 0.824653
0.006446 -0.002019 0.824653
0.006590 -0.001861 0.824653
0.006736 -0.001706 0.824653
0.006879 -0.001547 0.824653
0.007017 -0.001384 0.824653
0.007165 -0.001230 0.824653
0.007298 -0.001063 0.824653
0.007448 -0.000910 0.824653
0.007577 -0.000740 0.824653
0.007725 -0.000586 0.824653
0.007848 -0.000411 0.824653
0.007985 -0.000248 0.824653
0.008096 -0.000065 0.824653
0.008162 0.000138 0.824653

