0.007021 -0.000014 0.447917
0.006917 0.000133 0.447917
0.006824 0.000286 0.447917
0.006729 0.000438 0.447917
0.006625 0.000585 0.447917
0.006524 0.000733 0.447917
0.006418 0.000879 0.447917
0.006312 0.001024 0.447917
0.006200 0.001165 0.447917
0.006087 0.001304 0.447917
0.005980 0.001448 0.447917
0.005870 0.001590 0.447917
0.005756 0.001729 0.447917
0.005642 0.001868 0.447917
0.005529 0.002008 0.447917
0.005422 0.002152 0.447917
0.005312 0.002294 0.447917
0.005193 0.002429 0.447917
0.005081 0.002569 0.447917
0.004969 0.002710 0.447917
0.004866 0.002857 0.447917
0.004806 0.003026 0.447917
0.004733 0.003190 0.447917
0.004675 0.003360 0.447917
0.004614 0.003529 0.447917
0.004543 0.003695 0.447917
0.004474 0.003860 0.447917
0.004412 0.004029 0.447917
0.004348 0.004197 0.447917
0.004285 0.004365 0.447917
0.004217 0.004531 0.447917
0.004149 0.004697 0.447917
0.004090 0.004867 0.447917
0.004028 0.005036 0.447917
0.003965 0.005204 0.447917
0.003907 0.005374 0.447917
0.003849 0.005544 0.447917
0.003798 0.005716 0.447917
0.003741 0.005887 0.447917
0.003680 0.006056 0.447917
0.003534 0.006160 0.447917
0.003365 0.006099 0.447917
0.003192 0.006052 0.447917
0.003014 0.006023 0.447917
0.002836 0.006003 0.447917
0.002657 0.005994 0.447917
0.002477 0.005983 0.447917
0.002298 0.005971 0.447917
0.002120 0.005950 0.447917
0.001942 0.005923 0.447917
0.001763 0.005905 0.447917
0.001585 0.005882 0.447917
0.001408 0.005853 0.447917
0.001230 0.005825 0.447917
0.001053 0.005796 0.447917
0.000874 0.005775 0.447917
0.000696 0.005752 0.447917
0.000520 0.005718 0.447917
0.000343 0.005688 0.447917
0.000165 0.005664 0.447917
-0.000014 0.005642 0.447917
-0.000191 0.005669 0.447917
-0.000370 0.005691 0.447917
-0.000546 0.005723 0.447917
-0.000723 0.005757 0.447917
-0.000901 0.005779 0.447917
-0.001079 0.005800 0.447917
-0.001257 0.005830 0.447917
-0.001434 0.005859 0.447917
-0.001611 0.005888 0.447917
-0.001789 0.005912 0.447917
-0.001968 0.005934 0.447917
-0.002144 0.005966 0.447917
-0.002322 0.005994 0.447917
-0.002500 0.006019 0.447917
-0.002677 0.006048 0.447917
-0.002854 0.006077 0.447917
-0.003030 0.006115 0.447917
-0.003206 0.006149 0.447917
-0.003382 0.006185 0.447917
-0.003549 0.006118 0.447917
-0.003590 0.005943 0.447917
-0.003650 0.005774 0.447917
-0.003726 0.005611 0.447917
-0.003803 0.005449 0.447917
-0.003885 0.005289 0.447917
-0.003961 0.005126 0.447917
-0.004036 0.004963 0.447917
-0.004104 0.004797 0.447917
-0.004168 0.004629 0.447917
-0.004240 0.004464 0.447917
-0.004308 0.004298 0.447917
-0.004372 0.004130 0.447917
-0.004436 0.003962 0.447917
-0.004500 0.003794 0.447917
-0.004571 0.003629 0.447917
-0.004640 0.003464 0.447917
-0.004696 0.003293 0.447917
-0.004763 0.003126 0.447917
-0.004826 0.002958 0.447917
-0.004901 0.002795 0.447917
-0.005018 0.002658 0.447917
-0.005122 0.002512 0.447917
-0.005241 0.002377 0.447917
-0.005357 0.002240 0.447917
-0.005465 0.002096 0.447917
-0.005573 0.001953 0.447917
-0.005688 0.001815 0.447917
-0.005802 0.001676 0.447917
-0.005916 0.001537 0.447917
-0.006026 0.001395 0.447917
-0.006135 0.001252 0.447917
-0.006252 0.001116 0.447917
-0.006367 0.000978 0.447917
-0.006480 0.000838 0.447917
-0.006596 0.000701 0.447917
-0.006713 0.000565 0.447917
-0.006836 0.000433 0.447917
-0.006955 0.000299 0.447917
-0.007075 0.000166 0.447917
-0.007106 -0.000011 0.447917
-0.006975 -0.000134 0.447917
-0.006848 -0.000262 0.447917
-0.006733 -0.000400 0.447917
-0.006625 -0.000544 0.447917
-0.006527 -0.000694 0.447917
-0.006426 -0.000843 0.447917
-0.006325 -0.000991 0.447917
-0.006218 -0.001135 0.447917
-0.006106 -0.001275 0.447917
-0.006000 -0.001421 0.447917
-0.005891 -0.001563 0.447917
-0.005778 -0.001703 0.447917
-0.005664 -0.001842 0.447917
-0.005550 -0.001981 0.447917
-0.005442 -0.002125 0.447917
-0.005335 -0.002269 0.447917
-0.005215 -0.002403 0.447917
-0.005103 -0.002543 0.447917
-0.004991 -0.002684 0.447917
-0.004883 -0.002827 0.447917
-0.004818 -0.002995 0.447917
-0.004745 -0.003159 0.447917
-0.004687 -0.003329 0.447917
-0.004626 -0.003498 0.447917
-0.004557 -0.003664 0.447917
-0.004487 -0.003829 0.447917
-0.004424 -0.003997 0.447917
-0.004361 -0.004166 0.447917
-0.004298 -0.004334 0.447917
-0.004231 -0.004501 0.447917
-0.004163 -0.004667 0.447917
-0.004105 -0.004837 0.447917
-0.004045 -0.005006 0.447917
-0.003983 -0.005175 0.447917
-0.003926 -0.005345 0.447917
-0.003870 -0.005516 0.447917
-0.003822 -0.005689 0.447917
-0.003771 -0.005861 0.447917
-0.003718 -0.006033 0.447917
-0.003586 -0.006154 0.447917
-0.003411 -0.006113 0.447917
-0.003237 -0.006069 0.447917
-0.003061 -0.006033 0.447917
-0.002884 -0.006004 0.447917
-0.002705 -0.005991 0.447917
-0.002525 -0.005979 0.447917
-0.002346 -0.005970 0.447917
-0.002167 -0.005953 0.447917
-0.001989 -0.005927 0.447917
-0.001810 -0.005909 0.447917
-0.001632 -0.005888 0.447917
-0.001454 -0.005861 0.447917
-0.001277 -0.005833 0.447917
-0.001100 -0.005803 0.447917
-0.000922 -0.005781 0.447917
-0.000743 -0.005760 0.447917
-0.000566 -0.005728 0.447917
-0.000390 -0.005693 0.447917
-0.000211 -0.005675 0.447917
-0.000035 -0.005643 0.447917
0.000144 -0.005659 0.447917
0.000322 -0.005687 0.447917
0.000499 -0.005714 0.447917
0.000675 -0.005750 0.447917
0.000854 -0.005773 0.447917
0.001032 -0.005794 0.447917
0.001209 -0.005823 0.447917
0.001386 -0.005852 0.447917
0.001564 -0.005882 0.447917
0.001741 -0.005908 0.447917
0.001920 -0.005931 0.447917
0.002096 -0.005964 0.447917
0.002273 -0.005996 0.447917
0.002450 -0.006026 0.447917
0.002626 -0.006061 0.447917
0.002802 -0.006097 0.447917
0.002976 -0.006144 0.447917
0.003149 -0.006190 0.447917
0.003324 -0.006233 0.447917
0.003496 -0.006182 0.447917
0.003554 -0.006012 0.447917
0.003612 -0.005842 0.447917
0.003677 -0.005675 0.447917
0.003749 -0.005510 0.447917
0.003830 -0.005350 0.447917
0.003912 -0.005190 0.447917
0.003993 -0.005030 0.447917
0.004068 -0.004866 0.447917
0.004134 -0.004699 0.447917
0.004207 -0.004535 0.447917
0.004278 -0.004370 0.447917
0.004343 -0.004203 0.447917
0.004408 -0.004035 0.447917
0.004470 -0.003866 0.447917
0.004540 -0.003701 0.447917
0.004611 -0.003536 0.447917
0.004673 -0.003367 0.447917
0.004728 -0.003196 0.447917
0.004805 -0.003034 0.447917
0.004862 -0.002863 0.447917
0.004962 -0.002714 0.447917
0.005078 -0.002577 0.447917
0.005187 -0.002434 0.447917
0.005308 -0.002301 0.447917
0.005417 -0.002159 0.447917
0.005524 -0.002014 0.447917
0.005637 -0.001875 0.447917
0.005751 -0.001736 0.447917
0.005865 -0.001597 0.447917
0.005976 -0.001456 0.447917
0.006083 -0.001311 0.447917
0.006197 -0.001173 0.447917
0.006311 -0.001033 0.447917
0.006419 -0.000891 0.447917
0.006530 -0.000749 0.447917
0.006639 -0.000606 0.447917
0.006754 -0.000468 0.447917
0.006866 -0.000327 0.447917
0.006981 -0.000189 0.447917
0.007021 -0.000014 0.447917

