0.008127 0.000106 0.807292
0.007969 0.000248 0.807292
0.007823 0.000402 0.807292
0.007661 0.000538 0.807292
0.007516 0.000693 0.807292
0.007362 0.000840 0.807292
0.007213 0.000991 0.807292
0.007067 0.001144 0.807292
0.006898 0.001273 0.807292
0.006774 0.001445 0.807292
0.006613 0.001584 0.807292
0.006491 0.001757 0.807292
0.006341 0.001908 0.807292
0.006195 0.002061 0.807292
0.006326 0.002228 0.807292
0.006148 0.002344 0.807292
0.006019 0.002512 0.807292
0.005828 0.002604 0.807292
0.005691 0.002766 0.807292
0.005517 0.002889 0.807292
0.005407 0.003070 0.807292
0.005382 0.003280 0.807292
0.005290 0.003471 0.807292
0.005263 0.003682 0.807292
0.005164 0.003870 0.807292
0.005138 0.004080 0.807292
0.005051 0.004274 0.807292
0.005008 0.004482 0.807292
0.004929 0.004679 0.807292
0.004904 0.004890 0.807292
0.004826 0.005087 0.807292
0.004782 0.005295 0.807292
0.004699 0.005490 0.807292
0.004657 0.005698 0.807292
0.004581 0.005896 0.807292
0.004545 0.006105 0.807292
0.004473 0.006305 0.807292
0.004442 0.006515 0.807292
0.004380 0.006718 0.807292
0.004328 0.006924 0.807292
0.004156 0.007048 0.807292
0.003952 0.006991 0.807292
0.003743 0.006954 0.807292
0.003533 0.006924 0.807292
0.003322 0.006897 0.807292
0.003112 0.006867 0.807292
0.002901 0.006849 0.807292
0.002692 0.006811 0.807292
0.002485 0.006766 0.807292
0.002281 0.006705 0.807292
0.002075 0.006657 0.807292
0.001868 0.006610 0.807292
0.001657 0.006588 0.807292
0.001451 0.006534 0.807292
0.001242 0.006499 0.807292
0.001037 0.006443 0.807292
0.000835 0.006380 0.807292
0.000629 0.006327 0.807292
0.000428 0.006260 0.807292
0.000220 0.006216 0.807292
0.000013 0.006260 0.807292
-0.000196 0.006298 0.807292
-0.000402 0.006349 0.807292
-0.000610 0.006392 0.807292
-0.000818 0.006435 0.807292
-0.001018 0.006505 0.807292
-0.001229 0.006527 0.807292
-0.001430 0.006595 0.807292
-0.001638 0.006635 0.807292
-0.001841 0.006697 0.807292
-0.002051 0.006731 0.807292
-0.002256 0.006784 0.807292
-0.002464 0.006825 0.807292
-0.002671 0.006875 0.807292
-0.002878 0.006922 0.807292
-0.003083 0.006974 0.807292
-0.003290 0.007021 0.807292
-0.003495 0.007078 0.807292
-0.003704 0.007116 0.807292
-0.003911 0.007160 0.807292
-0.004110 0.007086 0.807292
-0.004146 0.006877 0.807292
-0.004213 0.006675 0.807292
-0.004271 0.006471 0.807292
-0.004342 0.006271 0.807292
-0.004401 0.006067 0.807292
-0.004480 0.005870 0.807292
-0.004540 0.005667 0.807292
-0.004609 0.005466 0.807292
-0.004651 0.005258 0.807292
-0.004718 0.005057 0.807292
-0.004770 0.004851 0.807292
-0.004854 0.004656 0.807292
-0.004906 0.004450 0.807292
-0.004984 0.004253 0.807292
-0.005049 0.004051 0.807292
-0.005089 0.003842 0.807292
-0.005167 0.003645 0.807292
-0.005179 0.003433 0.807292
-0.005288 0.003251 0.807292
-0.005463 0.003131 0.807292
-0.005581 0.002954 0.807292
-0.005745 0.002819 0.807292
-0.005877 0.002653 0.807292
-0.006020 0.002496 0.807292
-0.006182 0.002360 0.807292
-0.006307 0.002188 0.807292
-0.006465 0.002047 0.807292
-0.006601 0.001884 0.807292
-0.006761 0.001745 0.807292
-0.006893 0.001578 0.807292
-0.007046 0.001431 0.807292
-0.007182 0.001268 0.807292
-0.007331 0.001117 0.807292
-0.007472 0.000958 0.807292
-0.007622 0.000808 0.807292
-0.007762 0.000649 0.807292
-0.007919 0.000507 0.807292
-0.008058 0.000346 0.807292
-0.008213 0.000201 0.807292
-0.008238 -0.000010 0.807292
-0.008086 -0.000158 0.807292
-0.007941 -0.000312 0.807292
-0.007797 -0.000469 0.807292
-0.007651 -0.000622 0.807292
-0.007504 -0.000775 0.807292
-0.007361 -0.000933 0.807292
-0.007217 -0.001088 0.807292
-0.007078 -0.001248 0.807292
-0.006926 -0.001397 0.807292
-0.006782 -0.001553 0.807292
-0.006628 -0.001699 0.807292
-0.006494 -0.001864 0.807292
-0.006345 -0.002015 0.807292
-0.006210 -0.002178 0.807292
-0.006079 -0.002345 0.807292
-0.005913 -0.002478 0.807292
-0.005786 -0.002648 0.807292
-0.005602 -0.002753 0.807292
-0.005486 -0.002931 0.807292
-0.005479 -0.003143 0.807292
-0.005387 -0.003334 0.807292
-0.005362 -0.003545 0.807292
-0.005279 -0.003740 0.807292
-0.005220 -0.003944 0.807292
-0.005179 -0.004152 0.807292
-0.005093 -0.004346 0.807292
-0.005045 -0.004553 0.807292
-0.004974 -0.004753 0.807292
-0.004932 -0.004961 0.807292
-0.004859 -0.005160 0.807292
-0.004805 -0.005366 0.807292
-0.004733 -0.005565 0.807292
-0.004670 -0.005768 0.807292
-0.004608 -0.005971 0.807292
-0.004545 -0.006173 0.807292
-0.004483 -0.006376 0.807292
-0.004430 -0.006582 0.807292
-0.004370 -0.006785 0.807292
-0.004322 -0.006992 0.807292
-0.004150 -0.007116 0.807292
-0.003940 -0.007082 0.807292
-0.003735 -0.007027 0.807292
-0.003526 -0.006994 0.807292
-0.003323 -0.006931 0.807292
-0.003114 -0.006892 0.807292
-0.002911 -0.006831 0.807292
-0.002703 -0.006788 0.807292
-0.002498 -0.006735 0.807292
-0.002290 -0.006694 0.807292
-0.002084 -0.006642 0.807292
-0.001877 -0.006594 0.807292
-0.001670 -0.006549 0.807292
-0.001465 -0.006494 0.807292
-0.001257 -0.006453 0.807292
-0.001046 -0.006426 0.807292
-0.000845 -0.006360 0.807292
-0.000634 -0.006335 0.807292
-0.000444 -0.006239 0.807292
-0.000233 -0.006220 0.807292
-0.000039 -0.006307 0.807292
0.000172 -0.006327 0.807292
0.000368 -0.006408 0.807292
0.000578 -0.006439 0.807292
0.000785 -0.006487 0.807292
0.000985 -0.006557 0.807292
0.001195 -0.006581 0.807292
0.001400 -0.006636 0.807292
0.001608 -0.006679 0.807292
0.001812 -0.006739 0.807292
0.002018 -0.006789 0.807292
0.002225 -0.006833 0.807292
0.002433 -0.006879 0.807292
0.002642 -0.006912 0.807292
0.002847 -0.006967 0.807292
0.003057 -0.007002 0.807292
0.003261 -0.007057 0.807292
0.003470 -0.007094 0.807292
0.003675 -0.007150 0.807292
0.003884 -0.007186 0.807292
0.004084 -0.007114 0.807292
0.004157 -0.006915 0.807292
0.004209 -0.006709 0.807292
0.004281 -0.006510 0.807292
0.004320 -0.006301 0.807292
0.004392 -0.006101 0.807292
0.004431 -0.005893 0.807292
0.004501 -0.005692 0.807292
0.004548 -0.005486 0.807292
0.004618 -0.005285 0.807292
0.004674 -0.005080 0.807292
0.004749 -0.004882 0.807292
0.004804 -0.004677 0.807292
0.004863 -0.004473 0.807292
0.004937 -0.004274 0.807292
0.005005 -0.004073 0.807292
0.005063 -0.003869 0.807292
0.005130 -0.003668 0.807292
0.005171 -0.003459 0.807292
0.005251 -0.003263 0.807292
0.005395 -0.003108 0.807292
0.005523 -0.002938 0.807292
0.005673 -0.002788 0.807292
0.005812 -0.002627 0.807292
0.005953 -0.002468 0.807292
0.006112 -0.002329 0.807292
0.006240 -0.002159 0.807292
0.006396 -0.002015 0.807292
0.006543 -0.001862 0.807292
0.006689 -0.001708 0.807292
0.006834 -0.001553 0.807292
0.006970 -0.001391 0.807292
0.007119 -0.001239 0.807292
0.007251 -0.001073 0.807292
0.007401 -0.000923 0.807292
0.007530 -0.000754 0.807292
0.007678 -0.000603 0.807292
0.007805 -0.000432 0.807292
0.007945 -0.000273 0.807292
0.008062 -0.000096 0.807292
0.008127 0.000106 0.807292

