0.006678 -0.000000 0.312500
0.006621 0.000159 0.312500
0.006516 0.000292 0.312500
0.006410 0.000424 0.312500
0.006303 0.000554 0.312500
0.006196 0.000685 0.312500
0.006094 0.000819 0.312500
0.005989 0.000952 0.312500
0.005882 0.001083 0.312500
0.005772 0.001211 0.312500
0.005670 0.001346 0.312500
0.005566 0.001479 0.312500
0.005463 0.001614 0.312500
0.005352 0.001741 0.312500
0.005243 0.001870 0.312500
0.005141 0.002005 0.312500
0.005039 0.002139 0.312500
0.004937 0.002275 0.312500
0.004827 0.002402 0.312500
0.004715 0.002529 0.312500
0.004610 0.002661 0.312500
0.004548 0.002819 0.312500
0.004494 0.002979 0.312500
0.004439 0.003139 0.312500
0.004372 0.003294 0.312500
0.004307 0.003450 0.312500
0.004241 0.003606 0.312500
0.004184 0.003765 0.312500
0.004129 0.003925 0.312500
0.004064 0.004081 0.312500
0.004000 0.004237 0.312500
0.003935 0.004393 0.312500
0.003879 0.004553 0.312500
0.003819 0.004711 0.312500
0.003756 0.004868 0.312500
0.003692 0.005024 0.312500
0.003632 0.005182 0.312500
0.003572 0.005340 0.312500
0.003511 0.005497 0.312500
0.003449 0.005655 0.312500
0.003339 0.005783 0.312500
0.003173 0.005814 0.312500
0.003006 0.005789 0.312500
0.002838 0.005763 0.312500
0.002672 0.005736 0.312500
0.002505 0.005709 0.312500
0.002337 0.005687 0.312500
0.002170 0.005663 0.312500
0.002003 0.005636 0.312500
0.001837 0.005604 0.312500
0.001669 0.005583 0.312500
0.001502 0.005560 0.312500
0.001334 0.005538 0.312500
0.001168 0.005506 0.312500
0.001002 0.005476 0.312500
0.000834 0.005455 0.312500
0.000667 0.005433 0.312500
0.000499 0.005413 0.312500
0.000333 0.005381 0.312500
0.000167 0.005348 0.312500
-0.000000 0.005323 0.312500
-0.000167 0.005348 0.312500
-0.000333 0.005381 0.312500
-0.000499 0.005413 0.312500
-0.000667 0.005433 0.312500
-0.000834 0.005455 0.312500
-0.001002 0.005476 0.312500
-0.001168 0.005506 0.312500
-0.001334 0.005538 0.312500
-0.001502 0.005560 0.312500
-0.001669 0.005583 0.312500
-0.001837 0.005604 0.312500
-0.002003 0.005636 0.312500
-0.002170 0.005663 0.312500
-0.002337 0.005687 0.312500
-0.002505 0.005709 0.312500
-0.002672 0.005736 0.312500
-0.002838 0.005763 0.312500
-0.003005 0.005789 0.312500
-0.003173 0.005814 0.312500
-0.003339 0.005783 0.312500
-0.003449 0.005654 0.312500
-0.003510 0.005497 0.312500
-0.003572 0.005340 0.312500
-0.003632 0.005182 0.312500
-0.003692 0.005024 0.312500
-0.003756 0.004868 0.312500
-0.003819 0.004711 0.312500
-0.003879 0.004553 0.312500
-0.003935 0.004393 0.312500
-0.004000 0.004237 0.312500
-0.004064 0.004081 0.312500
-0.004129 0.003925 0.312500
-0.004184 0.003765 0.312500
-0.004241 0.003606 0.312500
-0.004307 0.003450 0.312500
-0.004372 0.003294 0.312500
-0.004439 0.003139 0.312500
-0.004494 0.002979 0.312500
-0.004548 0.002819 0.312500
-0.004610 0.002661 0.312500
-0.004715 0.002529 0.312500
-0.004827 0.002402 0.312500
-0.004937 0.002275 0.312500
-0.005039 0.002139 0.312500
-0.005141 0.002005 0.312500
-0.005243 0.001870 0.312500
-0.005352 0.001741 0.312500
-0.005463 0.001614 0.312500
-0.005566 0.001479 0.312500
-0.005670 0.001346 0.312500
-0.005772 0.001211 0.312500
-0.005882 0.001083 0.312500
-0.005989 0.000952 0.312500
-0.006094 0.000819 0.312500
-0.006196 0.000685 0.312500
-0.006303 0.000554 0.312500
-0.006411 0.000424 0.312500
-0.006516 0.000292 0.312500
-0.006621 0.000159 0.312500
-0.006678 0.000000 0.312500
-0.006621 -0.000159 0.312500
-0.006516 -0.000292 0.312500
-0.006410 -0.000424 0.312500
-0.006303 -0.000554 0.312500
-0.006196 -0.000685 0.312500
-0.006094 -0.000819 0.312500
-0.005989 -0.000952 0.312500
-0.005882 -0.001083 0.312500
-0.005772 -0.001211 0.312500
-0.005670 -0.001346 0.312500
-0.005566 -0.001479 0.312500
-0.005463 -0.001614 0.312500
-0.005352 -0.001741 0.312500
-0.005243 -0.001870 0.312500
-0.005141 -0.002005 0.312500
-0.005039 -0.002139 0.312500
-0.004937 -0.002275 0.312500
-0.004827 -0.002402 0.312500
-0.004715 -0.002529 0.312500
-0.004610 -0.002661 0.312500
-0.004548 -0.002819 0.312500
-0.004494 -0.002979 0.312500
-0.004439 -0.003139 0.312500
-0.004372 -0.003294 0.312500
-0.004307 -0.003450 0.312500
-0.004241 -0.003606 0.312500
-0.004184 -0.003765 0.312500
-0.004129 -0.003925 0.312500
-0.004064 -0.004081 0.312500
-0.004000 -0.004237 0.312500
-0.003935 -0.004393 0.312500
-0.003879 -0.004553 0.312500
-0.003819 -0.004711 0.312500
-0.003756 -0.004868 0.312500
-0.003692 -0.005024 0.312500
-0.003632 -0.005182 0.312500
-0.003572 -0.005340 0.312500
-0.003511 -0.005497 0.312500
-0.003449 -0.005655 0.312500
-0.003339 -0.005783 0.312500
-0.003173 -0.005813 0.312500
-0.003006 -0.005789 0.312500
-0.002838 -0.005763 0.312500
-0.002672 -0.005736 0.312500
-0.002505 -0.005709 0.312500
-0.002337 -0.005687 0.312500
-0.002170 -0.005663 0.312500
-0.002003 -0.005636 0.312500
-0.001837 -0.005604 0.312500
-0.001669 -0.005583 0.312500
-0.001502 -0.005560 0.312500
-0.001334 -0.005538 0.312500
-0.001168 -0.005506 0.312500
-0.001002 -0.005476 0.312500
-0.000834 -0.005455 0.312500
-0.000667 -0.005433 0.312500
-0.000499 -0.005413 0.312500
-0.000333 -0.005381 0.312500
-0.000167 -0.005348 0.312500
0.000000 -0.005323 0.312500
0.000167 -0.005348 0.312500
0.000333 -0.005381 0.312500
0.000499 -0.005413 0.312500
0.000667 -0.005433 0.312500
0.000834 -0.005455 0.312500
0.001002 -0.005476 0.312500
0.001168 -0.005506 0.312500
0.001334 -0.005538 0.312500
0.001502 -0.005560 0.312500
0.001669 -0.005583 0.312500
0.001837 -0.005604 0.312500
0.002003 -0.005636 0.312500
0.002170 -0.005663 0.312500
0.002337 -0.005687 0.312500
0.002505 -0.005709 0.312500
0.002672 -0.005736 0.312500
0.002838 -0.005764 0.312500
0.003005 -0.005789 0.312500
0.003173 -0.005814 0.312500
0.003339 -0.005783 0.312500
0.003448 -0.005654 0.312500
0.003510 -0.005497 0.312500
0.003572 -0.005340 0.312500
0.003632 -0.005182 0.312500
0.003692 -0.005024 0.312500
0.003756 -0.004868 0.312500
0.003819 -0.004711 0.312500
0.003879 -0.004553 0.312500
0.003935 -0.004393 0.312500
0.004000 -0.004237 0.312500
0.004064 -0.004081 0.312500
0.004129 -0.003925 0.312500
0.004184 -0.003765 0.312500
0.004241 -0.003606 0.312500
0.004307 -0.003450 0.312500
0.004372 -0.003294 0.312500
0.004439 -0.003139 0.312500
0.004494 -0.002979 0.312500
0.004548 -0.002819 0.312500
0.004610 -0.002661 0.312500
0.004715 -0.002529 0.312500
0.004827 -0.002402 0.312500
0.004937 -0.002275 0.312500
0.005039 -0.002139 0.312500
0.005141 -0.002005 0.312500
0.005243 -0.001870 0.312500
0.005352 -0.001741 0.312500
0.005463 -0.001614 0.312500
0.005566 -0.001479 0.312500
0.005670 -0.001346 0.312500
0.005772 -0.001211 0.312500
0.005882 -0.001083 0.312500
0.005989 -0.000952 0.312500
0.006094 -0.000819 0.312500
0.006196 -0.000685 0.312500
0.006303 -0.000554 0.312500
0.006410 -0.000424 0.312500
0.006516 -0.000292 0.312500
0.006621 -0.000159 0.312500
0.006678 -0.000000 0.312500

