0.007078 -0.000006 0.465278
0.006954 0.000127 0.465278
0.006845 0.000273 0.465278
0.006749 0.000427 0.465278
0.006650 0.000579 0.465278
0.006549 0.000730 0.465278
0.006445 0.000879 0.465278
0.006341 0.001028 0.465278
0.006235 0.001175 0.465278
0.006121 0.001316 0.465278
0.006009 0.001460 0.465278
0.005900 0.001605 0.465278
0.005789 0.001748 0.465278
0.005676 0.001890 0.465278
0.005559 0.002029 0.465278
0.005444 0.002171 0.465278
0.005339 0.002319 0.465278
0.005223 0.002459 0.465278
0.005109 0.002600 0.465278
0.004987 0.002735 0.465278
0.004888 0.002886 0.465278
0.004833 0.003060 0.465278
0.004760 0.003226 0.465278
0.004706 0.003400 0.465278
0.004633 0.003566 0.465278
0.004562 0.003733 0.465278
0.004500 0.003904 0.465278
0.004438 0.004074 0.465278
0.004370 0.004243 0.465278
0.004304 0.004412 0.465278
0.004236 0.004580 0.465278
0.004175 0.004751 0.465278
0.004116 0.004923 0.465278
0.004051 0.005093 0.465278
0.003992 0.005265 0.465278
0.003937 0.005438 0.465278
0.003882 0.005611 0.465278
0.003827 0.005784 0.465278
0.003763 0.005954 0.465278
0.003705 0.006126 0.465278
0.003562 0.006239 0.465278
0.003391 0.006178 0.465278
0.003219 0.006119 0.465278
0.003044 0.006073 0.465278
0.002866 0.006036 0.465278
0.002686 0.006014 0.465278
0.002505 0.005999 0.465278
0.002323 0.005989 0.465278
0.002142 0.005980 0.465278
0.001962 0.005957 0.465278
0.001781 0.005935 0.465278
0.001601 0.005915 0.465278
0.001421 0.005892 0.465278
0.001241 0.005867 0.465278
0.001062 0.005835 0.465278
0.000883 0.005806 0.465278
0.000702 0.005787 0.465278
0.000522 0.005762 0.465278
0.000343 0.005729 0.465278
0.000165 0.005697 0.465278
-0.000016 0.005676 0.465278
-0.000195 0.005706 0.465278
-0.000375 0.005732 0.465278
-0.000553 0.005768 0.465278
-0.000733 0.005791 0.465278
-0.000914 0.005811 0.465278
-0.001093 0.005842 0.465278
-0.001271 0.005874 0.465278
-0.001451 0.005899 0.465278
-0.001631 0.005925 0.465278
-0.001811 0.005948 0.465278
-0.001990 0.005978 0.465278
-0.002169 0.006010 0.465278
-0.002349 0.006034 0.465278
-0.002528 0.006063 0.465278
-0.002707 0.006096 0.465278
-0.002885 0.006131 0.465278
-0.003063 0.006171 0.465278
-0.003241 0.006205 0.465278
-0.003418 0.006245 0.465278
-0.003590 0.006187 0.465278
-0.003634 0.006011 0.465278
-0.003676 0.005834 0.465278
-0.003735 0.005662 0.465278
-0.003803 0.005494 0.465278
-0.003882 0.005330 0.465278
-0.003961 0.005167 0.465278
-0.004041 0.005003 0.465278
-0.004120 0.004840 0.465278
-0.004188 0.004671 0.465278
-0.004256 0.004503 0.465278
-0.004328 0.004336 0.465278
-0.004397 0.004168 0.465278
-0.004464 0.003999 0.465278
-0.004527 0.003829 0.465278
-0.004590 0.003659 0.465278
-0.004667 0.003494 0.465278
-0.004729 0.003323 0.465278
-0.004796 0.003155 0.465278
-0.004853 0.002982 0.465278
-0.004928 0.002817 0.465278
-0.005046 0.002679 0.465278
-0.005155 0.002533 0.465278
-0.005279 0.002401 0.465278
-0.005386 0.002254 0.465278
-0.005496 0.002109 0.465278
-0.005611 0.001969 0.465278
-0.005728 0.001830 0.465278
-0.005841 0.001688 0.465278
-0.005953 0.001545 0.465278
-0.006065 0.001401 0.465278
-0.006181 0.001262 0.465278
-0.006300 0.001125 0.465278
-0.006413 0.000983 0.465278
-0.006531 0.000845 0.465278
-0.006652 0.000709 0.465278
-0.006773 0.000574 0.465278
-0.006897 0.000441 0.465278
-0.007017 0.000305 0.465278
-0.007141 0.000172 0.465278
-0.007183 -0.000005 0.465278
-0.007059 -0.000137 0.465278
-0.006926 -0.000262 0.465278
-0.006800 -0.000392 0.465278
-0.006678 -0.000527 0.465278
-0.006567 -0.000670 0.465278
-0.006462 -0.000819 0.465278
-0.006361 -0.000970 0.465278
-0.006262 -0.001122 0.465278
-0.006153 -0.001267 0.465278
-0.006042 -0.001411 0.465278
-0.005935 -0.001558 0.465278
-0.005824 -0.001702 0.465278
-0.005713 -0.001845 0.465278
-0.005597 -0.001985 0.465278
-0.005480 -0.002124 0.465278
-0.005375 -0.002273 0.465278
-0.005261 -0.002414 0.465278
-0.005146 -0.002554 0.465278
-0.005029 -0.002693 0.465278
-0.004917 -0.002836 0.465278
-0.004850 -0.003005 0.465278
-0.004783 -0.003174 0.465278
-0.004727 -0.003347 0.465278
-0.004656 -0.003514 0.465278
-0.004584 -0.003681 0.465278
-0.004520 -0.003851 0.465278
-0.004459 -0.004022 0.465278
-0.004393 -0.004191 0.465278
-0.004327 -0.004360 0.465278
-0.004259 -0.004528 0.465278
-0.004197 -0.004699 0.465278
-0.004141 -0.004872 0.465278
-0.004078 -0.005042 0.465278
-0.004020 -0.005215 0.465278
-0.003967 -0.005388 0.465278
-0.003914 -0.005562 0.465278
-0.003866 -0.005737 0.465278
-0.003811 -0.005910 0.465278
-0.003758 -0.006084 0.465278
-0.003626 -0.006209 0.465278
-0.003447 -0.006176 0.465278
-0.003271 -0.006133 0.465278
-0.003094 -0.006092 0.465278
-0.002917 -0.006049 0.465278
-0.002738 -0.006019 0.465278
-0.002558 -0.005998 0.465278
-0.002377 -0.005985 0.465278
-0.002195 -0.005978 0.465278
-0.002014 -0.005960 0.465278
-0.001834 -0.005938 0.465278
-0.001653 -0.005920 0.465278
-0.001473 -0.005898 0.465278
-0.001293 -0.005875 0.465278
-0.001114 -0.005844 0.465278
-0.000935 -0.005814 0.465278
-0.000754 -0.005792 0.465278
-0.000574 -0.005773 0.465278
-0.000397 -0.005733 0.465278
-0.000216 -0.005712 0.465278
-0.000038 -0.005676 0.465278
0.000143 -0.005691 0.465278
0.000321 -0.005728 0.465278
0.000500 -0.005756 0.465278
0.000679 -0.005787 0.465278
0.000860 -0.005804 0.465278
0.001039 -0.005834 0.465278
0.001218 -0.005866 0.465278
0.001398 -0.005894 0.465278
0.001577 -0.005921 0.465278
0.001757 -0.005945 0.465278
0.001936 -0.005976 0.465278
0.002114 -0.006013 0.465278
0.002293 -0.006043 0.465278
0.002471 -0.006078 0.465278
0.002648 -0.006118 0.465278
0.002825 -0.006161 0.465278
0.002999 -0.006211 0.465278
0.003176 -0.006254 0.465278
0.003353 -0.006293 0.465278
0.003526 -0.006237 0.465278
0.003586 -0.006066 0.465278
0.003642 -0.005893 0.465278
0.003702 -0.005721 0.465278
0.003762 -0.005550 0.465278
0.003833 -0.005383 0.465278
0.003912 -0.005219 0.465278
0.003994 -0.005057 0.465278
0.004079 -0.004897 0.465278
0.004153 -0.004731 0.465278
0.004224 -0.004564 0.465278
0.004298 -0.004398 0.465278
0.004369 -0.004231 0.465278
0.004439 -0.004063 0.465278
0.004501 -0.003892 0.465278
0.004566 -0.003723 0.465278
0.004635 -0.003555 0.465278
0.004711 -0.003390 0.465278
0.004762 -0.003215 0.465278
0.004837 -0.003050 0.465278
0.004892 -0.002877 0.465278
0.004993 -0.002726 0.465278
0.005117 -0.002593 0.465278
0.005228 -0.002449 0.465278
0.005346 -0.002312 0.465278
0.005450 -0.002163 0.465278
0.005565 -0.002022 0.465278
0.005682 -0.001883 0.465278
0.005795 -0.001741 0.465278
0.005908 -0.001598 0.465278
0.006017 -0.001453 0.465278
0.006130 -0.001311 0.465278
0.006247 -0.001172 0.465278
0.006356 -0.001027 0.465278
0.006466 -0.000883 0.465278
0.006580 -0.000741 0.465278
0.006693 -0.000599 0.465278
0.006810 -0.000460 0.465278
0.006925 -0.000319 0.465278
0.007047 -0.000184 0.465278
0.007078 -0.000006 0.465278

