0.008092 0.000090 0.791667
0.007937 0.000233 0.791667
0.007790 0.000385 0.791667
0.007629 0.000521 0.791667
0.007487 0.000677 0.791667
0.007333 0.000821 0.791667
0.007186 0.000973 0.791667
0.007037 0.001122 0.791667
0.006875 0.001257 0.791667
0.006752 0.001429 0.791667
0.006593 0.001568 0.791667
0.006473 0.001742 0.791667
0.006317 0.001883 0.791667
0.006163 0.002028 0.791667
0.006287 0.002198 0.791667
0.006121 0.002327 0.791667
0.005991 0.002494 0.791667
0.005799 0.002582 0.791667
0.005664 0.002745 0.791667
0.005498 0.002875 0.791667
0.005388 0.003054 0.791667
0.005360 0.003264 0.791667
0.005267 0.003453 0.791667
0.005243 0.003663 0.791667
0.005146 0.003850 0.791667
0.005114 0.004059 0.791667
0.005030 0.004252 0.791667
0.004986 0.004459 0.791667
0.004905 0.004653 0.791667
0.004878 0.004863 0.791667
0.004803 0.005060 0.791667
0.004762 0.005267 0.791667
0.004680 0.005461 0.791667
0.004635 0.005668 0.791667
0.004558 0.005864 0.791667
0.004521 0.006072 0.791667
0.004449 0.006270 0.791667
0.004414 0.006478 0.791667
0.004357 0.006682 0.791667
0.004306 0.006886 0.791667
0.004136 0.007011 0.791667
0.003931 0.006960 0.791667
0.003722 0.006932 0.791667
0.003513 0.006904 0.791667
0.003304 0.006877 0.791667
0.003094 0.006850 0.791667
0.002885 0.006827 0.791667
0.002679 0.006779 0.791667
0.002474 0.006729 0.791667
0.002271 0.006670 0.791667
0.002065 0.006626 0.791667
0.001858 0.006587 0.791667
0.001648 0.006561 0.791667
0.001445 0.006504 0.791667
0.001237 0.006468 0.791667
0.001036 0.006405 0.791667
0.000834 0.006344 0.791667
0.000630 0.006290 0.791667
0.000428 0.006226 0.791667
0.000221 0.006187 0.791667
0.000015 0.006232 0.791667
-0.000193 0.006269 0.791667
-0.000398 0.006317 0.791667
-0.000604 0.006363 0.791667
-0.000812 0.006399 0.791667
-0.001009 0.006475 0.791667
-0.001219 0.006498 0.791667
-0.001421 0.006560 0.791667
-0.001628 0.006600 0.791667
-0.001829 0.006663 0.791667
-0.002037 0.006700 0.791667
-0.002242 0.006751 0.791667
-0.002449 0.006793 0.791667
-0.002654 0.006840 0.791667
-0.002860 0.006887 0.791667
-0.003065 0.006939 0.791667
-0.003271 0.006983 0.791667
-0.003474 0.007042 0.791667
-0.003680 0.007085 0.791667
-0.003887 0.007128 0.791667
-0.004083 0.007049 0.791667
-0.004122 0.006842 0.791667
-0.004193 0.006643 0.791667
-0.004252 0.006440 0.791667
-0.004323 0.006242 0.791667
-0.004384 0.006040 0.791667
-0.004462 0.005844 0.791667
-0.004517 0.005640 0.791667
-0.004582 0.005439 0.791667
-0.004625 0.005232 0.791667
-0.004694 0.005033 0.791667
-0.004751 0.004830 0.791667
-0.004833 0.004636 0.791667
-0.004883 0.004431 0.791667
-0.004963 0.004235 0.791667
-0.005017 0.004031 0.791667
-0.005063 0.003825 0.791667
-0.005138 0.003628 0.791667
-0.005159 0.003418 0.791667
-0.005269 0.003238 0.791667
-0.005441 0.003115 0.791667
-0.005559 0.002941 0.791667
-0.005718 0.002802 0.791667
-0.005855 0.002641 0.791667
-0.005990 0.002479 0.791667
-0.006155 0.002347 0.791667
-0.006281 0.002178 0.791667
-0.006435 0.002034 0.791667
-0.006570 0.001871 0.791667
-0.006730 0.001734 0.791667
-0.006862 0.001570 0.791667
-0.007013 0.001423 0.791667
-0.007150 0.001262 0.791667
-0.007297 0.001110 0.791667
-0.007436 0.000952 0.791667
-0.007586 0.000803 0.791667
-0.007724 0.000643 0.791667
-0.007880 0.000502 0.791667
-0.008019 0.000343 0.791667
-0.008171 0.000196 0.791667
-0.008192 -0.000014 0.791667
-0.008039 -0.000160 0.791667
-0.007898 -0.000316 0.791667
-0.007754 -0.000470 0.791667
-0.007608 -0.000623 0.791667
-0.007463 -0.000776 0.791667
-0.007321 -0.000933 0.791667
-0.007179 -0.001088 0.791667
-0.007038 -0.001245 0.791667
-0.006886 -0.001392 0.791667
-0.006743 -0.001547 0.791667
-0.006593 -0.001696 0.791667
-0.006461 -0.001860 0.791667
-0.006313 -0.002011 0.791667
-0.006183 -0.002177 0.791667
-0.006043 -0.002335 0.791667
-0.005880 -0.002469 0.791667
-0.005751 -0.002636 0.791667
-0.005571 -0.002746 0.791667
-0.005461 -0.002926 0.791667
-0.005452 -0.003137 0.791667
-0.005361 -0.003328 0.791667
-0.005331 -0.003537 0.791667
-0.005256 -0.003734 0.791667
-0.005187 -0.003933 0.791667
-0.005153 -0.004141 0.791667
-0.005070 -0.004335 0.791667
-0.005018 -0.004540 0.791667
-0.004946 -0.004738 0.791667
-0.004904 -0.004945 0.791667
-0.004834 -0.005144 0.791667
-0.004780 -0.005348 0.791667
-0.004711 -0.005547 0.791667
-0.004645 -0.005748 0.791667
-0.004583 -0.005950 0.791667
-0.004521 -0.006151 0.791667
-0.004457 -0.006352 0.791667
-0.004404 -0.006557 0.791667
-0.004344 -0.006759 0.791667
-0.004292 -0.006964 0.791667
-0.004121 -0.007087 0.791667
-0.003914 -0.007047 0.791667
-0.003710 -0.006994 0.791667
-0.003502 -0.006958 0.791667
-0.003301 -0.006894 0.791667
-0.003093 -0.006856 0.791667
-0.002892 -0.006794 0.791667
-0.002684 -0.006753 0.791667
-0.002480 -0.006701 0.791667
-0.002273 -0.006659 0.791667
-0.002069 -0.006606 0.791667
-0.001863 -0.006561 0.791667
-0.001657 -0.006514 0.791667
-0.001453 -0.006462 0.791667
-0.001244 -0.006428 0.791667
-0.001036 -0.006394 0.791667
-0.000835 -0.006329 0.791667
-0.000626 -0.006300 0.791667
-0.000436 -0.006208 0.791667
-0.000226 -0.006192 0.791667
-0.000033 -0.006279 0.791667
0.000177 -0.006299 0.791667
0.000373 -0.006376 0.791667
0.000581 -0.006414 0.791667
0.000788 -0.006452 0.791667
0.000985 -0.006528 0.791667
0.001194 -0.006556 0.791667
0.001399 -0.006606 0.791667
0.001607 -0.006646 0.791667
0.001810 -0.006704 0.791667
0.002014 -0.006756 0.791667
0.002220 -0.006802 0.791667
0.002425 -0.006852 0.791667
0.002634 -0.006883 0.791667
0.002838 -0.006937 0.791667
0.003046 -0.006972 0.791667
0.003250 -0.007026 0.791667
0.003458 -0.007063 0.791667
0.003661 -0.007118 0.791667
0.003869 -0.007156 0.791667
0.004067 -0.007083 0.791667
0.004137 -0.006884 0.791667
0.004187 -0.006679 0.791667
0.004257 -0.006480 0.791667
0.004295 -0.006272 0.791667
0.004367 -0.006074 0.791667
0.004405 -0.005866 0.791667
0.004476 -0.005668 0.791667
0.004523 -0.005462 0.791667
0.004594 -0.005263 0.791667
0.004651 -0.005060 0.791667
0.004725 -0.004863 0.791667
0.004776 -0.004658 0.791667
0.004840 -0.004457 0.791667
0.004915 -0.004259 0.791667
0.004978 -0.004058 0.791667
0.005036 -0.003855 0.791667
0.005099 -0.003654 0.791667
0.005145 -0.003448 0.791667
0.005228 -0.003254 0.791667
0.005372 -0.003099 0.791667
0.005498 -0.002930 0.791667
0.005643 -0.002777 0.791667
0.005784 -0.002620 0.791667
0.005918 -0.002457 0.791667
0.006080 -0.002321 0.791667
0.006209 -0.002154 0.791667
0.006358 -0.002005 0.791667
0.006506 -0.001854 0.791667
0.006651 -0.001701 0.791667
0.006799 -0.001551 0.791667
0.006934 -0.001389 0.791667
0.007083 -0.001239 0.791667
0.007214 -0.001074 0.791667
0.007364 -0.000925 0.791667
0.007493 -0.000758 0.791667
0.007642 -0.000609 0.791667
0.007769 -0.000441 0.791667
0.007913 -0.000286 0.791667
0.008033 -0.000112 0.791667
0.008092 0.000090 0.791667

