0.005452 0.000000 0.071181
0.005448 0.000139 0.071181
0.005437 0.000277 0.071181
0.005415 0.000414 0.071181
0.005380 0.000548 0.071181
0.005331 0.000678 0.071181
0.005274 0.000804 0.071181
0.005214 0.000929 0.071181
0.005153 0.001054 0.071181
0.005090 0.001177 0.071181
0.005024 0.001299 0.071181
0.004957 0.001421 0.071181
0.004888 0.001541 0.071181
0.004818 0.001661 0.071181
0.004749 0.001781 0.071181
0.004679 0.001901 0.071181
0.004610 0.002021 0.071181
0.004541 0.002141 0.071181
0.004471 0.002261 0.071181
0.004402 0.002381 0.071181
0.004332 0.002501 0.071181
0.004263 0.002621 0.071181
0.004194 0.002742 0.071181
0.004124 0.002862 0.071181
0.004055 0.002982 0.071181
0.003986 0.003102 0.071181
0.003917 0.003222 0.071181
0.003848 0.003342 0.071181
0.003778 0.003462 0.071181
0.003709 0.003582 0.071181
0.003637 0.003701 0.071181
0.003565 0.003819 0.071181
0.003489 0.003936 0.071181
0.003412 0.004051 0.071181
0.003333 0.004165 0.071181
0.003252 0.004278 0.071181
0.003165 0.004385 0.071181
0.003066 0.004483 0.071181
0.002958 0.004570 0.071181
0.002844 0.004649 0.071181
0.002726 0.004722 0.071181
0.002604 0.004788 0.071181
0.002479 0.004847 0.071181
0.002349 0.004896 0.071181
0.002215 0.004933 0.071181
0.002079 0.004956 0.071181
0.001941 0.004969 0.071181
0.001802 0.004981 0.071181
0.001664 0.004990 0.071181
0.001525 0.004997 0.071181
0.001387 0.005001 0.071181
0.001248 0.005003 0.071181
0.001109 0.005003 0.071181
0.000971 0.005003 0.071181
0.000832 0.005003 0.071181
0.000693 0.005003 0.071181
0.000555 0.005003 0.071181
0.000416 0.005003 0.071181
0.000277 0.005003 0.071181
0.000139 0.005002 0.071181
-0.000000 0.005002 0.071181
-0.000139 0.005002 0.071181
-0.000277 0.005003 0.071181
-0.000416 0.005003 0.071181
-0.000555 0.005003 0.071181
-0.000693 0.005003 0.071181
-0.000832 0.005003 0.071181
-0.000971 0.005003 0.071181
-0.001109 0.005003 0.071181
-0.001248 0.005003 0.071181
-0.001387 0.005001 0.071181
-0.001525 0.004997 0.071181
-0.001664 0.004990 0.071181
-0.001802 0.004981 0.071181
-0.001941 0.004969 0.071181
-0.002079 0.004956 0.071181
-0.002215 0.004933 0.071181
-0.002349 0.004896 0.071181
-0.002479 0.004847 0.071181
-0.002604 0.004788 0.071181
-0.002726 0.004722 0.071181
-0.002844 0.004649 0.071181
-0.002958 0.004570 0.071181
-0.003066 0.004483 0.071181
-0.003165 0.004385 0.071181
-0.003252 0.004278 0.071181
-0.003333 0.004165 0.071181
-0.003412 0.004051 0.071181
-0.003489 0.003936 0.071181
-0.003565 0.003819 0.071181
-0.003637 0.003701 0.071181
-0.003709 0.003582 0.071181
-0.003778 0.003462 0.071181
-0.003848 0.003342 0.071181
-0.003917 0.003222 0.071181
-0.003986 0.003102 0.071181
-0.004055 0.002982 0.071181
-0.004124 0.002862 0.071181
-0.004194 0.002742 0.071181
-0.004263 0.002621 0.071181
-0.004332 0.002501 0.071181
-0.004402 0.002381 0.071181
-0.004471 0.002261 0.071181
-0.004541 0.002141 0.071181
-0.004610 0.002021 0.071181
-0.004679 0.001901 0.071181
-0.004749 0.001781 0.071181
-0.004818 0.001661 0.071181
-0.004888 0.001541 0.071181
-0.004957 0.001421 0.071181
-0.005024 0.001299 0.071181
-0.005090 0.001177 0.071181
-0.005153 0.001054 0.071181
-0.005214 0.000929 0.071181
-0.005274 0.000804 0.071181
-0.005331 0.000678 0.071181
-0.005380 0.000548 0.071181
-0.005415 0.000414 0.071181
-0.005437 0.000277 0.071181
-0.005448 0.000139 0.071181
-0.005452 -0.000000 0.071181
-0.005448 -0.000139 0.071181
-0.005437 -0.000277 0.071181
-0.005415 -0.000414 0.071181
-0.005380 -0.000548 0.071181
-0.005331 -0.000678 0.071181
-0.005274 -0.000804 0.071181
-0.005214 -0.000929 0.071181
-0.005153 -0.001054 0.071181
-0.005090 -0.001177 0.071181
-0.005024 -0.001299 0.071181
-0.004957 -0.001421 0.071181
-0.004888 -0.001541 0.071181
-0.004818 -0.001661 0.071181
-0.004749 -0.001781 0.071181
-0.004679 -0.001901 0.071181
-0.004610 -0.002021 0.071181
-0.004541 -0.002141 0.071181
-0.004471 -0.002261 0.071181
-0.004402 -0.002381 0.071181
-0.004332 -0.002501 0.071181
-0.004263 -0.002621 0.071181
-0.004194 -0.002742 0.071181
-0.004124 -0.002862 0.071181
-0.004055 -0.002982 0.071181
-0.003986 -0.003102 0.071181
-0.003917 -0.003222 0.071181
-0.003848 -0.003342 0.071181
-0.003778 -0.003462 0.071181
-0.003709 -0.003582 0.071181
-0.003637 -0.003701 0.071181
-0.003565 -0.003819 0.071181
-0.003489 -0.003936 0.071181
-0.003412 -0.004051 0.071181
-0.003333 -0.004165 0.071181
-0.003252 -0.004278 0.071181
-0.003165 -0.004385 0.071181
-0.003066 -0.004483 0.071181
-0.002958 -0.004570 0.071181
-0.002844 -0.004649 0.071181
-0.002726 -0.004722 0.071181
-0.002604 -0.004788 0.071181
-0.002479 -0.004847 0.071181
-0.002349 -0.004896 0.071181
-0.002215 -0.004933 0.071181
-0.002079 -0.004956 0.071181
-0.001941 -0.004969 0.071181
-0.001802 -0.004981 0.071181
-0.001664 -0.004990 0.071181
-0.001525 -0.004997 0.071181
-0.001387 -0.005001 0.071181
-0.001248 -0.005003 0.071181
-0.001109 -0.005003 0.071181
-0.000971 -0.005003 0.071181
-0.000832 -0.005003 0.071181
-0.000693 -0.005003 0.071181
-0.000555 -0.005003 0.071181
-0.000416 -0.005003 0.071181
-0.000277 -0.005003 0.071181
-0.000139 -0.005002 0.071181
-0.000000 -0.005002 0.071181
0.000139 -0.005002 0.071181
0.000277 -0.005003 0.071181
0.000416 -0.005003 0.071181
0.000555 -0.005003 0.071181
0.000693 -0.005003 0.071181
0.000832 -0.005003 0.071181
0.000971 -0.005003 0.071181
0.001109 -0.005003 0.071181
0.001248 -0.005003 0.071181
0.001387 -0.005001 0.071181
0.001525 -0.004997 0.071181
0.001664 -0.004990 0.071181
0.001802 -0.004981 0.071181
0.001941 -0.004969 0.071181
0.002079 -0.004956 0.071181
0.002215 -0.004933 0.071181
0.002349 -0.004896 0.071181
0.002479 -0.004847 0.071181
0.002604 -0.004788 0.071181
0.002726 -0.004722 0.071181
0.002844 -0.004649 0.071181
0.002958 -0.004570 0.071181
0.003066 -0.004483 0.071181
0.003165 -0.004385 0.071181
0.003252 -0.004278 0.071181
0.003333 -0.004165 0.071181
0.003412 -0.004051 0.071181
0.003489 -0.003936 0.071181
0.003565 -0.003819 0.071181
0.003637 -0.003701 0.071181
0.003709 -0.003582 0.071181
0.003778 -0.003462 0.071181
0.003848 -0.003342 0.071181
0.003917 -0.003222 0.071181
0.003986 -0.003102 0.071181
0.004055 -0.002982 0.071181
0.004124 -0.002862 0.071181
0.004194 -0.002742 0.071181
0.004263 -0.002621 0.071181
0.004332 -0.002501 0.071181
0.004402 -0.002381 0.071181
0.004471 -0.002261 0.071181
0.004541 -0.002141 0.071181
0.004610 -0.002021 0.071181
0.004679 -0.001901 0.071181
0.004749 -0.001781 0.071181
0.004818 -0.001661 0.071181
0.004888 -0.001541 0.071181
0.004957 -0.001421 0.071181
0.005024 -0.001299 0.071181
0.005090 -0.001177 0.071181
0.005153 -0.001054 0.071181
0.005214 -0.000929 0.071181
0.005274 -0.000804 0.071181
0.005331 -0.000678 0.071181
0.005380 -0.000548 0.071181
0.005415 -0.000414 0.071181
0.005437 -0.000277 0.071181
0.005448 -0.000139 0.071181
0.005452 0.000000 0.071181

