0.007202 0.000003 0.496528
0.007074 0.000136 0.496528
0.006939 0.000263 0.496528
0.006815 0.000400 0.496528
0.006702 0.000547 0.496528
0.006598 0.000699 0.496528
0.006499 0.000855 0.496528
0.006393 0.001007 0.496528
0.006291 0.001161 0.496528
0.006188 0.001315 0.496528
0.006077 0.001462 0.496528
0.005964 0.001609 0.496528
0.005851 0.001755 0.496528
0.005739 0.001903 0.496528
0.005630 0.002052 0.496528
0.005508 0.002191 0.496528
0.005394 0.002337 0.496528
0.005276 0.002479 0.496528
0.005175 0.002634 0.496528
0.005043 0.002763 0.496528
0.004941 0.002917 0.496528
0.004894 0.003096 0.496528
0.004814 0.003262 0.496528
0.004754 0.003438 0.496528
0.004675 0.003604 0.496528
0.004622 0.003782 0.496528
0.004553 0.003953 0.496528
0.004483 0.004124 0.496528
0.004416 0.004297 0.496528
0.004353 0.004471 0.496528
0.004292 0.004645 0.496528
0.004233 0.004820 0.496528
0.004168 0.004994 0.496528
0.004111 0.005169 0.496528
0.004059 0.005347 0.496528
0.003999 0.005522 0.496528
0.003938 0.005696 0.496528
0.003876 0.005871 0.496528
0.003818 0.006046 0.496528
0.003769 0.006224 0.496528
0.003633 0.006350 0.496528
0.003451 0.006313 0.496528
0.003276 0.006256 0.496528
0.003100 0.006199 0.496528
0.002923 0.006144 0.496528
0.002745 0.006094 0.496528
0.002564 0.006057 0.496528
0.002382 0.006026 0.496528
0.002198 0.006008 0.496528
0.002013 0.006000 0.496528
0.001829 0.005985 0.496528
0.001645 0.005967 0.496528
0.001461 0.005946 0.496528
0.001277 0.005925 0.496528
0.001093 0.005907 0.496528
0.000911 0.005877 0.496528
0.000729 0.005845 0.496528
0.000545 0.005820 0.496528
0.000361 0.005802 0.496528
0.000180 0.005768 0.496528
-0.000003 0.005741 0.496528
-0.000185 0.005773 0.496528
-0.000368 0.005799 0.496528
-0.000551 0.005825 0.496528
-0.000735 0.005845 0.496528
-0.000916 0.005882 0.496528
-0.001099 0.005912 0.496528
-0.001282 0.005934 0.496528
-0.001465 0.005960 0.496528
-0.001648 0.005989 0.496528
-0.001831 0.006020 0.496528
-0.002013 0.006051 0.496528
-0.002196 0.006077 0.496528
-0.002378 0.006110 0.496528
-0.002558 0.006150 0.496528
-0.002740 0.006186 0.496528
-0.002920 0.006226 0.496528
-0.003101 0.006264 0.496528
-0.003282 0.006304 0.496528
-0.003461 0.006350 0.496528
-0.003637 0.006294 0.496528
-0.003703 0.006122 0.496528
-0.003753 0.005943 0.496528
-0.003799 0.005764 0.496528
-0.003846 0.005586 0.496528
-0.003902 0.005409 0.496528
-0.003970 0.005238 0.496528
-0.004042 0.005067 0.496528
-0.004123 0.004901 0.496528
-0.004208 0.004737 0.496528
-0.004284 0.004568 0.496528
-0.004357 0.004398 0.496528
-0.004430 0.004228 0.496528
-0.004500 0.004057 0.496528
-0.004578 0.003889 0.496528
-0.004637 0.003714 0.496528
-0.004706 0.003543 0.496528
-0.004771 0.003370 0.496528
-0.004850 0.003202 0.496528
-0.004909 0.003027 0.496528
-0.004979 0.002856 0.496528
-0.005101 0.002717 0.496528
-0.005213 0.002570 0.496528
-0.005331 0.002427 0.496528
-0.005436 0.002275 0.496528
-0.005563 0.002141 0.496528
-0.005677 0.001995 0.496528
-0.005791 0.001849 0.496528
-0.005905 0.001704 0.496528
-0.006023 0.001562 0.496528
-0.006143 0.001421 0.496528
-0.006264 0.001281 0.496528
-0.006380 0.001138 0.496528
-0.006502 0.000998 0.496528
-0.006629 0.000864 0.496528
-0.006752 0.000726 0.496528
-0.006877 0.000590 0.496528
-0.007002 0.000453 0.496528
-0.007126 0.000316 0.496528
-0.007255 0.000183 0.496528
-0.007290 0.000002 0.496528
-0.007173 -0.000141 0.496528
-0.007049 -0.000279 0.496528
-0.006921 -0.000412 0.496528
-0.006789 -0.000541 0.496528
-0.006659 -0.000672 0.496528
-0.006536 -0.000811 0.496528
-0.006417 -0.000952 0.496528
-0.006308 -0.001102 0.496528
-0.006208 -0.001257 0.496528
-0.006102 -0.001409 0.496528
-0.005993 -0.001558 0.496528
-0.005884 -0.001707 0.496528
-0.005772 -0.001854 0.496528
-0.005666 -0.002006 0.496528
-0.005547 -0.002147 0.496528
-0.005429 -0.002290 0.496528
-0.005316 -0.002436 0.496528
-0.005206 -0.002585 0.496528
-0.005089 -0.002728 0.496528
-0.004972 -0.002871 0.496528
-0.004906 -0.003044 0.496528
-0.004842 -0.003218 0.496528
-0.004771 -0.003388 0.496528
-0.004697 -0.003558 0.496528
-0.004640 -0.003734 0.496528
-0.004574 -0.003906 0.496528
-0.004505 -0.004078 0.496528
-0.004437 -0.004250 0.496528
-0.004375 -0.004424 0.496528
-0.004315 -0.004599 0.496528
-0.004259 -0.004775 0.496528
-0.004196 -0.004949 0.496528
-0.004140 -0.005125 0.496528
-0.004091 -0.005303 0.496528
-0.004037 -0.005481 0.496528
-0.003985 -0.005658 0.496528
-0.003929 -0.005834 0.496528
-0.003871 -0.006009 0.496528
-0.003818 -0.006187 0.496528
-0.003675 -0.006304 0.496528
-0.003494 -0.006267 0.496528
-0.003313 -0.006230 0.496528
-0.003131 -0.006195 0.496528
-0.002951 -0.006152 0.496528
-0.002772 -0.006106 0.496528
-0.002591 -0.006067 0.496528
-0.002410 -0.006030 0.496528
-0.002227 -0.006006 0.496528
-0.002042 -0.005996 0.496528
-0.001858 -0.005982 0.496528
-0.001674 -0.005966 0.496528
-0.001490 -0.005946 0.496528
-0.001306 -0.005927 0.496528
-0.001122 -0.005908 0.496528
-0.000939 -0.005885 0.496528
-0.000758 -0.005845 0.496528
-0.000574 -0.005830 0.496528
-0.000392 -0.005798 0.496528
-0.000208 -0.005779 0.496528
-0.000027 -0.005740 0.496528
0.000157 -0.005761 0.496528
0.000337 -0.005802 0.496528
0.000521 -0.005816 0.496528
0.000704 -0.005847 0.496528
0.000886 -0.005874 0.496528
0.001067 -0.005912 0.496528
0.001251 -0.005933 0.496528
0.001434 -0.005962 0.496528
0.001616 -0.005993 0.496528
0.001798 -0.006028 0.496528
0.001979 -0.006066 0.496528
0.002160 -0.006099 0.496528
0.002341 -0.006138 0.496528
0.002520 -0.006186 0.496528
0.002699 -0.006231 0.496528
0.002878 -0.006278 0.496528
0.003058 -0.006319 0.496528
0.003240 -0.006354 0.496528
0.003420 -0.006395 0.496528
0.003593 -0.006329 0.496528
0.003647 -0.006152 0.496528
0.003701 -0.005976 0.496528
0.003760 -0.005800 0.496528
0.003818 -0.005625 0.496528
0.003874 -0.005448 0.496528
0.003938 -0.005275 0.496528
0.004004 -0.005102 0.496528
0.004082 -0.004935 0.496528
0.004169 -0.004772 0.496528
0.004250 -0.004605 0.496528
0.004329 -0.004438 0.496528
0.004402 -0.004268 0.496528
0.004479 -0.004100 0.496528
0.004552 -0.003930 0.496528
0.004626 -0.003761 0.496528
0.004678 -0.003583 0.496528
0.004761 -0.003418 0.496528
0.004821 -0.003243 0.496528
0.004898 -0.003075 0.496528
0.004952 -0.002898 0.496528
0.005060 -0.002748 0.496528
0.005188 -0.002615 0.496528
0.005290 -0.002460 0.496528
0.005410 -0.002320 0.496528
0.005521 -0.002172 0.496528
0.005646 -0.002036 0.496528
0.005753 -0.001885 0.496528
0.005868 -0.001740 0.496528
0.005982 -0.001595 0.496528
0.006098 -0.001450 0.496528
0.006214 -0.001306 0.496528
0.006324 -0.001158 0.496528
0.006438 -0.001012 0.496528
0.006558 -0.000872 0.496528
0.006675 -0.000729 0.496528
0.006796 -0.000588 0.496528
0.006918 -0.000450 0.496528
0.007042 -0.000312 0.496528
0.007170 -0.000179 0.496528
0.007202 0.000003 0.496528

