0.006835 -0.000000 0.368056
0.006775 0.000162 0.368056
0.006670 0.000299 0.368056
0.006560 0.000433 0.368056
0.006453 0.000569 0.368056
0.006344 0.000703 0.368056
0.006241 0.000841 0.368056
0.006130 0.000974 0.368056
0.006020 0.001108 0.368056
0.005912 0.001243 0.368056
0.005807 0.001380 0.368056
0.005702 0.001517 0.368056
0.005588 0.001647 0.368056
0.005479 0.001781 0.368056
0.005373 0.001918 0.368056
0.005269 0.002056 0.368056
0.005163 0.002192 0.368056
0.005048 0.002322 0.368056
0.004937 0.002454 0.368056
0.004834 0.002593 0.368056
0.004728 0.002730 0.368056
0.004662 0.002890 0.368056
0.004594 0.003049 0.368056
0.004535 0.003211 0.368056
0.004480 0.003375 0.368056
0.004415 0.003535 0.368056
0.004348 0.003695 0.368056
0.004282 0.003854 0.368056
0.004220 0.004016 0.368056
0.004165 0.004180 0.368056
0.004099 0.004339 0.368056
0.004032 0.004499 0.368056
0.003969 0.004660 0.368056
0.003908 0.004822 0.368056
0.003849 0.004984 0.368056
0.003782 0.005143 0.368056
0.003720 0.005305 0.368056
0.003657 0.005466 0.368056
0.003597 0.005628 0.368056
0.003533 0.005789 0.368056
0.003419 0.005918 0.368056
0.003248 0.005944 0.368056
0.003076 0.005923 0.368056
0.002906 0.005896 0.368056
0.002734 0.005872 0.368056
0.002564 0.005845 0.368056
0.002392 0.005825 0.368056
0.002222 0.005795 0.368056
0.002051 0.005767 0.368056
0.001880 0.005742 0.368056
0.001709 0.005719 0.368056
0.001537 0.005696 0.368056
0.001368 0.005663 0.368056
0.001197 0.005636 0.368056
0.001025 0.005613 0.368056
0.000854 0.005591 0.368056
0.000683 0.005567 0.368056
0.000513 0.005533 0.368056
0.000343 0.005503 0.368056
0.000171 0.005483 0.368056
-0.000000 0.005460 0.368056
-0.000171 0.005483 0.368056
-0.000343 0.005503 0.368056
-0.000513 0.005533 0.368056
-0.000683 0.005567 0.368056
-0.000854 0.005591 0.368056
-0.001026 0.005613 0.368056
-0.001197 0.005636 0.368056
-0.001368 0.005663 0.368056
-0.001537 0.005696 0.368056
-0.001709 0.005719 0.368056
-0.001880 0.005742 0.368056
-0.002051 0.005767 0.368056
-0.002222 0.005796 0.368056
-0.002392 0.005826 0.368056
-0.002564 0.005846 0.368056
-0.002734 0.005874 0.368056
-0.002905 0.005899 0.368056
-0.003076 0.005927 0.368056
-0.003247 0.005951 0.368056
-0.003417 0.005920 0.368056
-0.003527 0.005786 0.368056
-0.003593 0.005626 0.368056
-0.003655 0.005465 0.368056
-0.003719 0.005304 0.368056
-0.003781 0.005143 0.368056
-0.003849 0.004984 0.368056
-0.003908 0.004822 0.368056
-0.003969 0.004660 0.368056
-0.004032 0.004499 0.368056
-0.004099 0.004339 0.368056
-0.004165 0.004179 0.368056
-0.004220 0.004016 0.368056
-0.004282 0.003854 0.368056
-0.004348 0.003694 0.368056
-0.004415 0.003535 0.368056
-0.004480 0.003375 0.368056
-0.004535 0.003211 0.368056
-0.004594 0.003048 0.368056
-0.004662 0.002890 0.368056
-0.004728 0.002730 0.368056
-0.004834 0.002593 0.368056
-0.004937 0.002454 0.368056
-0.005048 0.002322 0.368056
-0.005163 0.002192 0.368056
-0.005269 0.002056 0.368056
-0.005374 0.001918 0.368056
-0.005479 0.001781 0.368056
-0.005588 0.001647 0.368056
-0.005702 0.001517 0.368056
-0.005807 0.001380 0.368056
-0.005913 0.001243 0.368056
-0.006020 0.001107 0.368056
-0.006130 0.000974 0.368056
-0.006241 0.000841 0.368056
-0.006345 0.000703 0.368056
-0.006454 0.000569 0.368056
-0.006562 0.000434 0.368056
-0.006672 0.000301 0.368056
-0.006779 0.000165 0.368056
-0.006835 0.000001 0.368056
-0.006772 -0.000160 0.368056
-0.006668 -0.000298 0.368056
-0.006559 -0.000432 0.368056
-0.006453 -0.000568 0.368056
-0.006344 -0.000703 0.368056
-0.006241 -0.000841 0.368056
-0.006130 -0.000974 0.368056
-0.006020 -0.001108 0.368056
-0.005912 -0.001243 0.368056
-0.005807 -0.001380 0.368056
-0.005702 -0.001517 0.368056
-0.005588 -0.001647 0.368056
-0.005479 -0.001781 0.368056
-0.005373 -0.001918 0.368056
-0.005269 -0.002056 0.368056
-0.005163 -0.002192 0.368056
-0.005048 -0.002322 0.368056
-0.004937 -0.002454 0.368056
-0.004834 -0.002593 0.368056
-0.004728 -0.002730 0.368056
-0.004662 -0.002890 0.368056
-0.004594 -0.003049 0.368056
-0.004535 -0.003211 0.368056
-0.004480 -0.003375 0.368056
-0.004414 -0.003535 0.368056
-0.004348 -0.003695 0.368056
-0.004282 -0.003854 0.368056
-0.004220 -0.004016 0.368056
-0.004165 -0.004180 0.368056
-0.004099 -0.004339 0.368056
-0.004033 -0.004499 0.368056
-0.003969 -0.004660 0.368056
-0.003908 -0.004822 0.368056
-0.003849 -0.004984 0.368056
-0.003782 -0.005144 0.368056
-0.003721 -0.005305 0.368056
-0.003658 -0.005466 0.368056
-0.003598 -0.005629 0.368056
-0.003536 -0.005790 0.368056
-0.003420 -0.005918 0.368056
-0.003248 -0.005942 0.368056
-0.003077 -0.005922 0.368056
-0.002906 -0.005895 0.368056
-0.002734 -0.005872 0.368056
-0.002564 -0.005845 0.368056
-0.002392 -0.005825 0.368056
-0.002222 -0.005795 0.368056
-0.002051 -0.005767 0.368056
-0.001880 -0.005742 0.368056
-0.001709 -0.005719 0.368056
-0.001537 -0.005696 0.368056
-0.001368 -0.005663 0.368056
-0.001197 -0.005636 0.368056
-0.001025 -0.005613 0.368056
-0.000854 -0.005591 0.368056
-0.000683 -0.005567 0.368056
-0.000513 -0.005533 0.368056
-0.000343 -0.005503 0.368056
-0.000171 -0.005483 0.368056
0.000000 -0.005460 0.368056
0.000171 -0.005483 0.368056
0.000343 -0.005503 0.368056
0.000513 -0.005533 0.368056
0.000683 -0.005567 0.368056
0.000854 -0.005591 0.368056
0.001026 -0.005613 0.368056
0.001197 -0.005636 0.368056
0.001368 -0.005663 0.368056
0.001537 -0.005696 0.368056
0.001709 -0.005719 0.368056
0.001880 -0.005742 0.368056
0.002051 -0.005768 0.368056
0.002222 -0.005796 0.368056
0.002392 -0.005826 0.368056
0.002563 -0.005847 0.368056
0.002734 -0.005875 0.368056
0.002905 -0.005900 0.368056
0.003075 -0.005930 0.368056
0.003246 -0.005956 0.368056
0.003416 -0.005920 0.368056
0.003523 -0.005784 0.368056
0.003591 -0.005625 0.368056
0.003653 -0.005464 0.368056
0.003718 -0.005304 0.368056
0.003780 -0.005143 0.368056
0.003849 -0.004984 0.368056
0.003908 -0.004822 0.368056
0.003969 -0.004660 0.368056
0.004032 -0.004499 0.368056
0.004098 -0.004339 0.368056
0.004165 -0.004179 0.368056
0.004220 -0.004016 0.368056
0.004282 -0.003854 0.368056
0.004348 -0.003694 0.368056
0.004415 -0.003535 0.368056
0.004480 -0.003375 0.368056
0.004535 -0.003211 0.368056
0.004594 -0.003049 0.368056
0.004662 -0.002890 0.368056
0.004728 -0.002730 0.368056
0.004834 -0.002593 0.368056
0.004937 -0.002454 0.368056
0.005048 -0.002322 0.368056
0.005163 -0.002192 0.368056
0.005269 -0.002056 0.368056
0.005373 -0.001918 0.368056
0.005479 -0.001781 0.368056
0.005588 -0.001647 0.368056
0.005702 -0.001517 0.368056
0.005807 -0.001380 0.368056
0.005912 -0.001243 0.368056
0.006020 -0.001107 0.368056
0.006130 -0.000974 0.368056
0.006241 -0.000841 0.368056
0.006345 -0.000703 0.368056
0.006454 -0.000569 0.368056
0.006561 -0.000433 0.368056
0.006671 -0.000300 0.368056
0.006777 -0.000163 0.368056
0.006835 -0.000000 0.368056

