0.007730 0.000011 0.657986
0.007591 0.000155 0.657986
0.007448 0.000295 0.657986
0.007307 0.000437 0.657986
0.007168 0.000582 0.657986
0.007031 0.000727 0.657986
0.006908 0.000885 0.657986
0.006769 0.001030 0.657986
0.006636 0.001180 0.657986
0.006486 0.001311 0.657986
0.006353 0.001461 0.657986
0.006215 0.001606 0.657986
0.006077 0.001751 0.657986
0.005965 0.001917 0.657986
0.005925 0.002114 0.657986
0.005768 0.002238 0.657986
0.005648 0.002398 0.657986
0.005513 0.002546 0.657986
0.005419 0.002723 0.657986
0.005279 0.002866 0.657986
0.005179 0.003039 0.657986
0.005142 0.003236 0.657986
0.005050 0.003413 0.657986
0.005006 0.003609 0.657986
0.004929 0.003794 0.657986
0.004889 0.003990 0.657986
0.004805 0.004171 0.657986
0.004761 0.004367 0.657986
0.004686 0.004552 0.657986
0.004639 0.004747 0.657986
0.004559 0.004930 0.657986
0.004517 0.005126 0.657986
0.004449 0.005315 0.657986
0.004410 0.005511 0.657986
0.004349 0.005702 0.657986
0.004291 0.005893 0.657986
0.004231 0.006084 0.657986
0.004173 0.006276 0.657986
0.004111 0.006466 0.657986
0.004057 0.006659 0.657986
0.003906 0.006790 0.657986
0.003710 0.006751 0.657986
0.003514 0.006708 0.657986
0.003319 0.006663 0.657986
0.003127 0.006607 0.657986
0.002934 0.006555 0.657986
0.002736 0.006523 0.657986
0.002538 0.006491 0.657986
0.002342 0.006453 0.657986
0.002148 0.006401 0.657986
0.001955 0.006350 0.657986
0.001764 0.006290 0.657986
0.001570 0.006241 0.657986
0.001378 0.006183 0.657986
0.001185 0.006132 0.657986
0.000989 0.006089 0.657986
0.000790 0.006070 0.657986
0.000593 0.006031 0.657986
0.000393 0.006020 0.657986
0.000195 0.005992 0.657986
-0.000005 0.006003 0.657986
-0.000197 0.006058 0.657986
-0.000397 0.006070 0.657986
-0.000590 0.006123 0.657986
-0.000788 0.006154 0.657986
-0.000984 0.006195 0.657986
-0.001182 0.006225 0.657986
-0.001376 0.006276 0.657986
-0.001571 0.006322 0.657986
-0.001766 0.006365 0.657986
-0.001962 0.006404 0.657986
-0.002156 0.006454 0.657986
-0.002352 0.006496 0.657986
-0.002545 0.006549 0.657986
-0.002740 0.006594 0.657986
-0.002936 0.006637 0.657986
-0.003131 0.006683 0.657986
-0.003326 0.006727 0.657986
-0.003522 0.006768 0.657986
-0.003716 0.006816 0.657986
-0.003905 0.006748 0.657986
-0.003965 0.006557 0.657986
-0.004024 0.006366 0.657986
-0.004082 0.006175 0.657986
-0.004137 0.005982 0.657986
-0.004180 0.005786 0.657986
-0.004247 0.005598 0.657986
-0.004309 0.005407 0.657986
-0.004383 0.005221 0.657986
-0.004436 0.005028 0.657986
-0.004499 0.004838 0.657986
-0.004546 0.004644 0.657986
-0.004610 0.004454 0.657986
-0.004655 0.004259 0.657986
-0.004720 0.004070 0.657986
-0.004784 0.003880 0.657986
-0.004877 0.003702 0.657986
-0.004942 0.003513 0.657986
-0.005039 0.003338 0.657986
-0.005110 0.003150 0.657986
-0.005219 0.002982 0.657986
-0.005367 0.002847 0.657986
-0.005478 0.002681 0.657986
-0.005623 0.002543 0.657986
-0.005749 0.002388 0.657986
-0.005890 0.002245 0.657986
-0.006011 0.002086 0.657986
-0.006156 0.001947 0.657986
-0.006290 0.001799 0.657986
-0.006429 0.001655 0.657986
-0.006557 0.001501 0.657986
-0.006701 0.001361 0.657986
-0.006830 0.001209 0.657986
-0.006977 0.001073 0.657986
-0.007110 0.000923 0.657986
-0.007248 0.000778 0.657986
-0.007384 0.000631 0.657986
-0.007522 0.000485 0.657986
-0.007654 0.000335 0.657986
-0.007793 0.000191 0.657986
-0.007827 -0.000006 0.657986
-0.007689 -0.000152 0.657986
-0.007550 -0.000296 0.657986
-0.007416 -0.000445 0.657986
-0.007280 -0.000592 0.657986
-0.007135 -0.000730 0.657986
-0.007000 -0.000877 0.657986
-0.006864 -0.001024 0.657986
-0.006735 -0.001177 0.657986
-0.006604 -0.001329 0.657986
-0.006469 -0.001477 0.657986
-0.006331 -0.001622 0.657986
-0.006193 -0.001767 0.657986
-0.006048 -0.001905 0.657986
-0.005909 -0.002049 0.657986
-0.005773 -0.002196 0.657986
-0.005656 -0.002359 0.657986
-0.005524 -0.002509 0.657986
-0.005415 -0.002677 0.657986
-0.005291 -0.002834 0.657986
-0.005208 -0.003016 0.657986
-0.005168 -0.003212 0.657986
-0.005081 -0.003393 0.657986
-0.005037 -0.003588 0.657986
-0.004972 -0.003778 0.657986
-0.004920 -0.003971 0.657986
-0.004848 -0.004158 0.657986
-0.004797 -0.004351 0.657986
-0.004743 -0.004544 0.657986
-0.004682 -0.004735 0.657986
-0.004620 -0.004925 0.657986
-0.004560 -0.005116 0.657986
-0.004496 -0.005306 0.657986
-0.004447 -0.005500 0.657986
-0.004390 -0.005692 0.657986
-0.004333 -0.005884 0.657986
-0.004274 -0.006076 0.657986
-0.004216 -0.006267 0.657986
-0.004152 -0.006457 0.657986
-0.004095 -0.006649 0.657986
-0.003941 -0.006776 0.657986
-0.003746 -0.006730 0.657986
-0.003553 -0.006677 0.657986
-0.003357 -0.006634 0.657986
-0.003162 -0.006590 0.657986
-0.002967 -0.006546 0.657986
-0.002773 -0.006497 0.657986
-0.002576 -0.006458 0.657986
-0.002384 -0.006403 0.657986
-0.002185 -0.006375 0.657986
-0.001991 -0.006325 0.657986
-0.001794 -0.006294 0.657986
-0.001601 -0.006241 0.657986
-0.001406 -0.006196 0.657986
-0.001214 -0.006136 0.657986
-0.001017 -0.006102 0.657986
-0.000820 -0.006070 0.657986
-0.000622 -0.006037 0.657986
-0.000423 -0.006018 0.657986
-0.000224 -0.005992 0.657986
-0.000025 -0.006009 0.657986
0.000166 -0.006069 0.657986
0.000365 -0.006088 0.657986
0.000559 -0.006137 0.657986
0.000754 -0.006185 0.657986
0.000950 -0.006227 0.657986
0.001145 -0.006271 0.657986
0.001341 -0.006311 0.657986
0.001531 -0.006374 0.657986
0.001728 -0.006411 0.657986
0.001921 -0.006464 0.657986
0.002119 -0.006494 0.657986
0.002313 -0.006544 0.657986
0.002509 -0.006585 0.657986
0.002700 -0.006645 0.657986
0.002895 -0.006688 0.657986
0.003090 -0.006737 0.657986
0.003285 -0.006778 0.657986
0.003482 -0.006818 0.657986
0.003677 -0.006862 0.657986
0.003865 -0.006792 0.657986
0.003922 -0.006600 0.657986
0.003971 -0.006406 0.657986
0.004028 -0.006214 0.657986
0.004085 -0.006022 0.657986
0.004148 -0.005832 0.657986
0.004205 -0.005640 0.657986
0.004274 -0.005453 0.657986
0.004320 -0.005258 0.657986
0.004393 -0.005071 0.657986
0.004438 -0.004876 0.657986
0.004516 -0.004692 0.657986
0.004562 -0.004497 0.657986
0.004624 -0.004307 0.657986
0.004672 -0.004112 0.657986
0.004757 -0.003931 0.657986
0.004828 -0.003744 0.657986
0.004911 -0.003562 0.657986
0.004991 -0.003378 0.657986
0.005075 -0.003196 0.657986
0.005174 -0.003022 0.657986
0.005309 -0.002874 0.657986
0.005425 -0.002711 0.657986
0.005549 -0.002554 0.657986
0.005684 -0.002406 0.657986
0.005802 -0.002244 0.657986
0.005933 -0.002093 0.657986
0.006058 -0.001936 0.657986
0.006204 -0.001800 0.657986
0.006328 -0.001642 0.657986
0.006471 -0.001503 0.657986
0.006598 -0.001348 0.657986
0.006748 -0.001215 0.657986
0.006879 -0.001063 0.657986
0.007026 -0.000927 0.657986
0.007155 -0.000775 0.657986
0.007298 -0.000634 0.657986
0.007430 -0.000483 0.657986
0.007563 -0.000334 0.657986
0.007698 -0.000186 0.657986
0.007730 0.000011 0.657986

