0.006321 0.001079 1.012153
0.005904 0.000671 1.012153
0.005398 0.000382 1.012153
0.005097 -0.000118 1.012153
0.004630 0.000232 1.012153
0.004301 0.000713 1.012153
0.004076 0.001251 1.012153
0.004619 0.001465 1.012153
0.005200 0.001415 1.012153
0.005493 0.001919 1.012153
0.005564 0.002498 1.012153
0.005174 0.002931 1.012153
0.005078 0.003506 1.012153
0.005610 0.003744 1.012153
0.006193 0.003726 1.012153
0.006468 0.003212 1.012153
0.006596 0.002643 1.012153
0.007009 0.002231 1.012153
0.006502 0.001941 1.012153
0.006184 0.002429 1.012153
0.005718 0.002079 1.012153
0.005172 0.001873 1.012153
0.004781 0.002306 1.012153
0.005191 0.002721 1.012153
0.005055 0.003289 1.012153
0.005164 0.003861 1.012153
0.005342 0.004417 1.012153
0.005297 0.004998 1.012153
0.005669 0.005447 1.012153
0.006032 0.004990 1.012153
0.006196 0.004430 1.012153
0.006403 0.003885 1.012153
0.006072 0.003404 1.012153
0.005767 0.002907 1.012153
0.005291 0.003245 1.012153
0.005224 0.003824 1.012153
0.004716 0.004110 1.012153
0.004133 0.004116 1.012153
0.003565 0.003984 1.012153
0.003414 0.003420 1.012153
0.003780 0.002965 1.012153
0.004342 0.002809 1.012153
0.004864 0.003069 1.012153
0.005443 0.003138 1.012153
0.005500 0.003719 1.012153
0.006009 0.004003 1.012153
0.005862 0.003439 1.012153
0.005820 0.002857 1.012153
0.006159 0.002383 1.012153
0.006101 0.001803 1.012153
0.006015 0.001226 1.012153
0.005642 0.000778 1.012153
0.005066 0.000867 1.012153
0.004491 0.000965 1.012153
0.003949 0.001182 1.012153
0.004040 0.001758 1.012153
0.004056 0.002341 1.012153
0.003588 0.002689 1.012153
0.004089 0.002988 1.012153
0.004607 0.002719 1.012153
0.005178 0.002838 1.012153
0.005733 0.002658 1.012153
0.006118 0.002221 1.012153
0.006112 0.001638 1.012153
0.005529 0.001619 1.012153
0.005009 0.001883 1.012153
0.004536 0.002225 1.012153
0.003955 0.002174 1.012153
0.003474 0.001844 1.012153
0.003027 0.002219 1.012153
0.003219 0.002770 1.012153
0.003797 0.002846 1.012153
0.004197 0.002420 1.012153
0.004123 0.001842 1.012153
0.003622 0.001544 1.012153
0.003279 0.002015 1.012153
0.003367 0.002592 1.012153
0.003564 0.003141 1.012153
0.004144 0.003078 1.012153
0.004558 0.002667 1.012153
0.004768 0.002123 1.012153
0.004510 0.001600 1.012153
0.004560 0.001019 1.012153
0.005115 0.000838 1.012153
0.005661 0.001041 1.012153
0.006225 0.001189 1.012153
0.006794 0.001318 1.012153
0.006750 0.001900 1.012153
0.006400 0.002366 1.012153
0.006272 0.002935 1.012153
0.005764 0.003220 1.012153
0.005183 0.003273 1.012153
0.004894 0.003780 1.012153
0.005118 0.004319 1.012153
0.005363 0.004848 1.012153
0.005591 0.005385 1.012153
0.005594 0.005968 1.012153
0.005317 0.006481 1.012153
0.004830 0.006802 1.012153
0.004277 0.006989 1.012153
0.003710 0.007125 1.012153
0.003149 0.007285 1.012153
0.002584 0.007141 1.012153
0.002234 0.006674 1.012153
0.001673 0.006517 1.012153
0.001092 0.006570 1.012153
0.000521 0.006689 1.012153
-0.000057 0.006612 1.012153
-0.000632 0.006515 1.012153
-0.001212 0.006573 1.012153
-0.001770 0.006744 1.012153
-0.002154 0.007183 1.012153
-0.002556 0.007605 1.012153
-0.003139 0.007578 1.012153
-0.003688 0.007382 1.012153
-0.004096 0.006965 1.012153
-0.004417 0.006478 1.012153
-0.004761 0.006007 1.012153
-0.004799 0.005425 1.012153
-0.004783 0.004842 1.012153
-0.005085 0.004343 1.012153
-0.005288 0.003797 1.012153
-0.005480 0.003246 1.012153
-0.005954 0.002906 1.012153
-0.006430 0.002570 1.012153
-0.006660 0.002033 1.012153
-0.006899 0.001501 1.012153
-0.007439 0.001281 1.012153
-0.007987 0.001082 1.012153
-0.008394 0.000665 1.012153
-0.008346 0.000083 1.012153
-0.008079 -0.000435 1.012153
-0.007662 -0.000843 1.012153
-0.007303 -0.001303 1.012153
-0.006876 -0.001700 1.012153
-0.006489 -0.002136 1.012153
-0.006064 -0.002536 1.012153
-0.005715 -0.003003 1.012153
-0.005446 -0.003520 1.012153
-0.005424 -0.004103 1.012153
-0.005178 -0.004632 1.012153
-0.005051 -0.005201 1.012153
-0.004869 -0.005755 1.012153
-0.004667 -0.006302 1.012153
-0.004489 -0.006857 1.012153
-0.004111 -0.007302 1.012153
-0.003563 -0.007502 1.012153
-0.003032 -0.007261 1.012153
-0.002552 -0.006930 1.012153
-0.002059 -0.006618 1.012153
-0.001480 -0.006686 1.012153
-0.000897 -0.006718 1.012153
-0.000334 -0.006565 1.012153
0.000215 -0.006371 1.012153
0.000762 -0.006575 1.012153
0.001306 -0.006785 1.012153
0.001866 -0.006948 1.012153
0.002437 -0.007064 1.012153
0.002983 -0.007269 1.012153
0.003550 -0.007130 1.012153
0.004119 -0.007002 1.012153
0.004668 -0.006806 1.012153
0.005084 -0.006397 1.012153
0.005070 -0.005814 1.012153
0.004987 -0.005237 1.012153
0.004924 -0.004657 1.012153
0.004992 -0.004078 1.012153
0.005336 -0.003607 1.012153
0.005726 -0.003173 1.012153
0.006151 -0.002774 1.012153
0.006397 -0.002245 1.012153
0.006623 -0.001708 1.012153
0.007138 -0.001435 1.012153
0.007679 -0.001215 1.012153
0.007979 -0.000715 1.012153
0.008130 -0.000152 1.012153
0.008090 0.000430 1.012153
0.008142 0.001011 1.012153
0.008038 0.001585 1.012153
0.007607 0.001978 1.012153
0.007025 0.002020 1.012153
0.006457 0.002151 1.012153
0.005961 0.002459 1.012153
0.005413 0.002656 1.012153
0.005375 0.003238 1.012153
0.005694 0.003727 1.012153
0.005403 0.004232 1.012153
0.004827 0.004139 1.012153
0.004514 0.003646 1.012153
0.004319 0.003097 1.012153
0.004631 0.002604 1.012153
0.005021 0.002170 1.012153
0.004811 0.001626 1.012153
0.004229 0.001661 1.012153
0.003648 0.001715 1.012153
0.003110 0.001939 1.012153
0.003163 0.002520 1.012153
0.003294 0.003089 1.012153
0.002784 0.003371 1.012153
0.002216 0.003506 1.012153
0.001896 0.003019 1.012153
0.001997 0.002444 1.012153
0.001955 0.001863 1.012153
0.002089 0.001295 1.012153
0.002474 0.000857 1.012153
0.003044 0.000733 1.012153
0.003511 0.001082 1.012153
0.004058 0.001285 1.012153
0.004571 0.001006 1.012153
0.004944 0.000558 1.012153
0.005268 0.000073 1.012153
0.005809 0.000291 1.012153
0.005625 0.000845 1.012153
0.005629 0.001428 1.012153
0.006209 0.001489 1.012153
0.006789 0.001549 1.012153
0.006767 0.002132 1.012153
0.006279 0.002452 1.012153
0.006022 0.002975 1.012153
0.006408 0.003412 1.012153
0.006984 0.003504 1.012153
0.007568 0.003504 1.012153
0.007465 0.002930 1.012153
0.007241 0.002391 1.012153
0.007669 0.001994 1.012153
0.007128 0.001777 1.012153
0.006616 0.002057 1.012153
0.006088 0.002304 1.012153
0.005576 0.002024 1.012153
0.005549 0.001442 1.012153
0.005479 0.000863 1.012153
0.004928 0.001055 1.012153
0.004633 0.001558 1.012153
0.004354 0.002071 1.012153
0.004608 0.002596 1.012153
0.004894 0.003104 1.012153
0.005465 0.002985 1.012153
0.006013 0.002784 1.012153
0.006228 0.002242 1.012153
0.006268 0.001660 1.012153
0.006321 0.001079 1.012153

