0.006115 -0.000000 0.131944
0.006063 0.000146 0.131944
0.005968 0.000267 0.131944
0.005871 0.000387 0.131944
0.005770 0.000503 0.131944
0.005672 0.000623 0.131944
0.005582 0.000748 0.131944
0.005491 0.000873 0.131944
0.005392 0.000991 0.131944
0.005287 0.001104 0.131944
0.005181 0.001217 0.131944
0.005079 0.001332 0.131944
0.004983 0.001453 0.131944
0.004892 0.001578 0.131944
0.004807 0.001707 0.131944
0.004726 0.001838 0.131944
0.004646 0.001970 0.131944
0.004567 0.002102 0.131944
0.004489 0.002235 0.131944
0.004412 0.002369 0.131944
0.004334 0.002502 0.131944
0.004257 0.002636 0.131944
0.004181 0.002770 0.131944
0.004104 0.002904 0.131944
0.004029 0.003039 0.131944
0.003954 0.003174 0.131944
0.003882 0.003310 0.131944
0.003813 0.003448 0.131944
0.003750 0.003589 0.131944
0.003694 0.003733 0.131944
0.003645 0.003879 0.131944
0.003600 0.004027 0.131944
0.003554 0.004174 0.131944
0.003501 0.004319 0.131944
0.003439 0.004460 0.131944
0.003375 0.004601 0.131944
0.003321 0.004745 0.131944
0.003270 0.004891 0.131944
0.003215 0.005035 0.131944
0.003158 0.005178 0.131944
0.003057 0.005295 0.131944
0.002906 0.005324 0.131944
0.002753 0.005302 0.131944
0.002601 0.005277 0.131944
0.002449 0.005248 0.131944
0.002297 0.005224 0.131944
0.002143 0.005208 0.131944
0.001990 0.005192 0.131944
0.001838 0.005165 0.131944
0.001687 0.005131 0.131944
0.001537 0.005096 0.131944
0.001386 0.005065 0.131944
0.001233 0.005042 0.131944
0.001080 0.005026 0.131944
0.000926 0.005017 0.131944
0.000771 0.005011 0.131944
0.000617 0.005008 0.131944
0.000463 0.005006 0.131944
0.000309 0.005005 0.131944
0.000154 0.005005 0.131944
-0.000000 0.005005 0.131944
-0.000154 0.005005 0.131944
-0.000309 0.005005 0.131944
-0.000463 0.005006 0.131944
-0.000617 0.005008 0.131944
-0.000771 0.005011 0.131944
-0.000926 0.005017 0.131944
-0.001080 0.005026 0.131944
-0.001233 0.005042 0.131944
-0.001386 0.005065 0.131944
-0.001537 0.005096 0.131944
-0.001687 0.005131 0.131944
-0.001838 0.005165 0.131944
-0.001990 0.005192 0.131944
-0.002143 0.005208 0.131944
-0.002297 0.005224 0.131944
-0.002449 0.005248 0.131944
-0.002601 0.005277 0.131944
-0.002753 0.005302 0.131944
-0.002906 0.005324 0.131944
-0.003057 0.005295 0.131944
-0.003158 0.005178 0.131944
-0.003215 0.005035 0.131944
-0.003270 0.004891 0.131944
-0.003321 0.004745 0.131944
-0.003375 0.004601 0.131944
-0.003439 0.004460 0.131944
-0.003501 0.004319 0.131944
-0.003554 0.004174 0.131944
-0.003600 0.004027 0.131944
-0.003645 0.003879 0.131944
-0.003694 0.003733 0.131944
-0.003750 0.003589 0.131944
-0.003813 0.003448 0.131944
-0.003882 0.003310 0.131944
-0.003954 0.003174 0.131944
-0.004029 0.003039 0.131944
-0.004104 0.002904 0.131944
-0.004181 0.002770 0.131944
-0.004257 0.002636 0.131944
-0.004334 0.002502 0.131944
-0.004412 0.002369 0.131944
-0.004489 0.002235 0.131944
-0.004567 0.002102 0.131944
-0.004646 0.001970 0.131944
-0.004726 0.001838 0.131944
-0.004807 0.001707 0.131944
-0.004892 0.001578 0.131944
-0.004983 0.001453 0.131944
-0.005079 0.001332 0.131944
-0.005181 0.001217 0.131944
-0.005287 0.001104 0.131944
-0.005392 0.000991 0.131944
-0.005491 0.000873 0.131944
-0.005582 0.000748 0.131944
-0.005672 0.000623 0.131944
-0.005770 0.000503 0.131944
-0.005871 0.000387 0.131944
-0.005968 0.000267 0.131944
-0.006063 0.000146 0.131944
-0.006115 0.000000 0.131944
-0.006063 -0.000146 0.131944
-0.005968 -0.000267 0.131944
-0.005871 -0.000387 0.131944
-0.005770 -0.000503 0.131944
-0.005672 -0.000623 0.131944
-0.005582 -0.000748 0.131944
-0.005491 -0.000873 0.131944
-0.005392 -0.000991 0.131944
-0.005287 -0.001104 0.131944
-0.005181 -0.001217 0.131944
-0.005079 -0.001332 0.131944
-0.004983 -0.001453 0.131944
-0.004892 -0.001578 0.131944
-0.004807 -0.001707 0.131944
-0.004726 -0.001838 0.131944
-0.004646 -0.001970 0.131944
-0.004567 -0.002102 0.131944
-0.004489 -0.002235 0.131944
-0.004412 -0.002369 0.131944
-0.004334 -0.002502 0.131944
-0.004257 -0.002636 0.131944
-0.004181 -0.002770 0.131944
-0.004104 -0.002904 0.131944
-0.004029 -0.003039 0.131944
-0.003954 -0.003174 0.131944
-0.003882 -0.003310 0.131944
-0.003813 -0.003448 0.131944
-0.003750 -0.003589 0.131944
-0.003694 -0.003733 0.131944
-0.003645 -0.003879 0.131944
-0.003600 -0.004027 0.131944
-0.003554 -0.004174 0.131944
-0.003501 -0.004319 0.131944
-0.003439 -0.004460 0.131944
-0.003375 -0.004601 0.131944
-0.003321 -0.004745 0.131944
-0.003270 -0.004891 0.131944
-0.003215 -0.005035 0.131944
-0.003158 -0.005178 0.131944
-0.003057 -0.005295 0.131944
-0.002906 -0.005324 0.131944
-0.002753 -0.005302 0.131944
-0.002601 -0.005277 0.131944
-0.002449 -0.005248 0.131944
-0.002297 -0.005224 0.131944
-0.002143 -0.005208 0.131944
-0.001990 -0.005192 0.131944
-0.001838 -0.005165 0.131944
-0.001687 -0.005131 0.131944
-0.001537 -0.005096 0.131944
-0.001386 -0.005065 0.131944
-0.001233 -0.005042 0.131944
-0.001080 -0.005026 0.131944
-0.000926 -0.005017 0.131944
-0.000771 -0.005011 0.131944
-0.000617 -0.005008 0.131944
-0.000463 -0.005006 0.131944
-0.000309 -0.005005 0.131944
-0.000154 -0.005005 0.131944
0.000000 -0.005005 0.131944
0.000154 -0.005005 0.131944
0.000309 -0.005005 0.131944
0.000463 -0.005006 0.131944
0.000617 -0.005008 0.131944
0.000771 -0.005011 0.131944
0.000926 -0.005017 0.131944
0.001080 -0.005026 0.131944
0.001233 -0.005042 0.131944
0.001386 -0.005065 0.131944
0.001537 -0.005096 0.131944
0.001687 -0.005131 0.131944
0.001838 -0.005165 0.131944
0.001990 -0.005192 0.131944
0.002143 -0.005208 0.131944
0.002297 -0.005224 0.131944
0.002449 -0.005248 0.131944
0.002601 -0.005277 0.131944
0.002753 -0.005302 0.131944
0.002906 -0.005324 0.131944
0.003057 -0.005295 0.131944
0.003158 -0.005178 0.131944
0.003215 -0.005035 0.131944
0.003270 -0.004891 0.131944
0.003321 -0.004745 0.131944
0.003375 -0.004601 0.131944
0.003439 -0.004460 0.131944
0.003501 -0.004319 0.131944
0.003554 -0.004174 0.131944
0.003600 -0.004027 0.131944
0.003645 -0.003879 0.131944
0.003694 -0.003733 0.131944
0.003750 -0.003589 0.131944
0.003813 -0.003448 0.131944
0.003882 -0.003310 0.131944
0.003954 -0.003174 0.131944
0.004029 -0.003039 0.131944
0.004104 -0.002904 0.131944
0.004181 -0.002770 0.131944
0.004257 -0.002636 0.131944
0.004334 -0.002502 0.131944
0.004412 -0.002369 0.131944
0.004489 -0.002235 0.131944
0.004567 -0.002102 0.131944
0.004646 -0.001970 0.131944
0.004726 -0.001838 0.131944
0.004807 -0.001707 0.131944
0.004892 -0.001578 0.131944
0.004983 -0.001453 0.131944
0.005079 -0.001332 0.131944
0.005181 -0.001217 0.131944
0.005287 -0.001104 0.131944
0.005392 -0.000991 0.131944
0.005491 -0.000873 0.131944
0.005582 -0.000748 0.131944
0.005672 -0.000623 0.131944
0.005770 -0.000503 0.131944
0.005871 -0.000387 0.131944
0.005968 -0.000267 0.131944
0.006063 -0.000146 0.131944
0.006115 -0.000000 0.131944

