0.007834 0.000035 0.696181
0.007689 0.000177 0.696181
0.007546 0.000322 0.696181
0.007400 0.000464 0.696181
0.007260 0.000612 0.696181
0.007110 0.000748 0.696181
0.006979 0.000904 0.696181
0.006841 0.001054 0.696181
0.006715 0.001214 0.696181
0.006570 0.001356 0.696181
0.006425 0.001499 0.696181
0.006292 0.001653 0.696181
0.006131 0.001777 0.696181
0.006025 0.001951 0.696181
0.006049 0.002153 0.696181
0.005876 0.002259 0.696181
0.005741 0.002411 0.696181
0.005584 0.002541 0.696181
0.005487 0.002720 0.696181
0.005341 0.002861 0.696181
0.005237 0.003037 0.696181
0.005206 0.003238 0.696181
0.005112 0.003418 0.696181
0.005082 0.003619 0.696181
0.005001 0.003806 0.696181
0.004954 0.004004 0.696181
0.004870 0.004189 0.696181
0.004833 0.004389 0.696181
0.004752 0.004576 0.696181
0.004703 0.004773 0.696181
0.004627 0.004962 0.696181
0.004594 0.005163 0.696181
0.004525 0.005354 0.696181
0.004486 0.005554 0.696181
0.004413 0.005744 0.696181
0.004359 0.005940 0.696181
0.004296 0.006133 0.696181
0.004237 0.006328 0.696181
0.004180 0.006523 0.696181
0.004132 0.006721 0.696181
0.003982 0.006859 0.696181
0.003781 0.006830 0.696181
0.003581 0.006794 0.696181
0.003381 0.006756 0.696181
0.003182 0.006715 0.696181
0.002987 0.006655 0.696181
0.002791 0.006603 0.696181
0.002592 0.006560 0.696181
0.002390 0.006531 0.696181
0.002190 0.006494 0.696181
0.001991 0.006453 0.696181
0.001796 0.006394 0.696181
0.001599 0.006343 0.696181
0.001404 0.006287 0.696181
0.001207 0.006234 0.696181
0.001016 0.006165 0.696181
0.000815 0.006135 0.696181
0.000617 0.006088 0.696181
0.000415 0.006064 0.696181
0.000213 0.006036 0.696181
0.000012 0.006064 0.696181
-0.000185 0.006114 0.696181
-0.000388 0.006131 0.696181
-0.000581 0.006195 0.696181
-0.000784 0.006217 0.696181
-0.000981 0.006266 0.696181
-0.001181 0.006305 0.696181
-0.001376 0.006362 0.696181
-0.001576 0.006400 0.696181
-0.001774 0.006444 0.696181
-0.001973 0.006490 0.696181
-0.002170 0.006541 0.696181
-0.002368 0.006586 0.696181
-0.002565 0.006638 0.696181
-0.002764 0.006676 0.696181
-0.002962 0.006724 0.696181
-0.003161 0.006769 0.696181
-0.003360 0.006811 0.696181
-0.003557 0.006859 0.696181
-0.003754 0.006911 0.696181
-0.003946 0.006843 0.696181
-0.004012 0.006651 0.696181
-0.004075 0.006457 0.696181
-0.004134 0.006262 0.696181
-0.004203 0.006071 0.696181
-0.004247 0.005873 0.696181
-0.004305 0.005678 0.696181
-0.004355 0.005480 0.696181
-0.004428 0.005290 0.696181
-0.004490 0.005097 0.696181
-0.004563 0.004907 0.696181
-0.004613 0.004709 0.696181
-0.004679 0.004517 0.696181
-0.004727 0.004319 0.696181
-0.004790 0.004126 0.696181
-0.004828 0.003926 0.696181
-0.004912 0.003741 0.696181
-0.004975 0.003547 0.696181
-0.005063 0.003364 0.696181
-0.005146 0.003178 0.696181
-0.005275 0.003021 0.696181
-0.005420 0.002879 0.696181
-0.005536 0.002711 0.696181
-0.005693 0.002582 0.696181
-0.005814 0.002418 0.696181
-0.005958 0.002274 0.696181
-0.006087 0.002117 0.696181
-0.006239 0.001982 0.696181
-0.006368 0.001825 0.696181
-0.006509 0.001678 0.696181
-0.006644 0.001526 0.696181
-0.006790 0.001384 0.696181
-0.006924 0.001231 0.696181
-0.007072 0.001091 0.696181
-0.007201 0.000935 0.696181
-0.007346 0.000791 0.696181
-0.007481 0.000639 0.696181
-0.007619 0.000490 0.696181
-0.007757 0.000340 0.696181
-0.007900 0.000196 0.696181
-0.007932 -0.000005 0.696181
-0.007795 -0.000155 0.696181
-0.007654 -0.000303 0.696181
-0.007512 -0.000449 0.696181
-0.007380 -0.000603 0.696181
-0.007238 -0.000748 0.696181
-0.007097 -0.000895 0.696181
-0.006954 -0.001040 0.696181
-0.006815 -0.001189 0.696181
-0.006682 -0.001343 0.696181
-0.006551 -0.001498 0.696181
-0.006414 -0.001649 0.696181
-0.006279 -0.001801 0.696181
-0.006135 -0.001944 0.696181
-0.005995 -0.002092 0.696181
-0.005840 -0.002224 0.696181
-0.005714 -0.002384 0.696181
-0.005576 -0.002533 0.696181
-0.005449 -0.002692 0.696181
-0.005335 -0.002861 0.696181
-0.005278 -0.003056 0.696181
-0.005221 -0.003251 0.696181
-0.005139 -0.003438 0.696181
-0.005111 -0.003639 0.696181
-0.005034 -0.003827 0.696181
-0.004981 -0.004024 0.696181
-0.004914 -0.004216 0.696181
-0.004870 -0.004415 0.696181
-0.004803 -0.004607 0.696181
-0.004740 -0.004800 0.696181
-0.004679 -0.004994 0.696181
-0.004619 -0.005189 0.696181
-0.004563 -0.005384 0.696181
-0.004511 -0.005581 0.696181
-0.004448 -0.005774 0.696181
-0.004390 -0.005969 0.696181
-0.004327 -0.006163 0.696181
-0.004265 -0.006356 0.696181
-0.004203 -0.006550 0.696181
-0.004148 -0.006746 0.696181
-0.003986 -0.006869 0.696181
-0.003787 -0.006825 0.696181
-0.003590 -0.006774 0.696181
-0.003393 -0.006724 0.696181
-0.003195 -0.006676 0.696181
-0.002996 -0.006636 0.696181
-0.002800 -0.006582 0.696181
-0.002599 -0.006547 0.696181
-0.002405 -0.006486 0.696181
-0.002205 -0.006452 0.696181
-0.002008 -0.006401 0.696181
-0.001807 -0.006369 0.696181
-0.001608 -0.006324 0.696181
-0.001408 -0.006287 0.696181
-0.001213 -0.006228 0.696181
-0.001017 -0.006174 0.696181
-0.000817 -0.006137 0.696181
-0.000618 -0.006094 0.696181
-0.000418 -0.006062 0.696181
-0.000215 -0.006043 0.696181
-0.000017 -0.006088 0.696181
0.000181 -0.006138 0.696181
0.000383 -0.006160 0.696181
0.000573 -0.006232 0.696181
0.000773 -0.006267 0.696181
0.000972 -0.006312 0.696181
0.001170 -0.006359 0.696181
0.001367 -0.006410 0.696181
0.001563 -0.006463 0.696181
0.001764 -0.006495 0.696181
0.001961 -0.006546 0.696181
0.002162 -0.006580 0.696181
0.002355 -0.006642 0.696181
0.002554 -0.006686 0.696181
0.002749 -0.006742 0.696181
0.002950 -0.006777 0.696181
0.003147 -0.006827 0.696181
0.003347 -0.006862 0.696181
0.003546 -0.006908 0.696181
0.003744 -0.006952 0.696181
0.003931 -0.006871 0.696181
0.003988 -0.006676 0.696181
0.004040 -0.006479 0.696181
0.004095 -0.006283 0.696181
0.004147 -0.006086 0.696181
0.004212 -0.005894 0.696181
0.004261 -0.005696 0.696181
0.004337 -0.005507 0.696181
0.004382 -0.005309 0.696181
0.004458 -0.005120 0.696181
0.004501 -0.004921 0.696181
0.004575 -0.004732 0.696181
0.004633 -0.004537 0.696181
0.004703 -0.004346 0.696181
0.004740 -0.004146 0.696181
0.004807 -0.003953 0.696181
0.004876 -0.003762 0.696181
0.004951 -0.003573 0.696181
0.005033 -0.003387 0.696181
0.005110 -0.003198 0.696181
0.005229 -0.003034 0.696181
0.005369 -0.002886 0.696181
0.005483 -0.002717 0.696181
0.005624 -0.002571 0.696181
0.005749 -0.002410 0.696181
0.005875 -0.002251 0.696181
0.006017 -0.002105 0.696181
0.006151 -0.001952 0.696181
0.006295 -0.001808 0.696181
0.006422 -0.001649 0.696181
0.006572 -0.001512 0.696181
0.006704 -0.001357 0.696181
0.006857 -0.001223 0.696181
0.006987 -0.001066 0.696181
0.007134 -0.000926 0.696181
0.007263 -0.000768 0.696181
0.007408 -0.000626 0.696181
0.007536 -0.000467 0.696181
0.007676 -0.000320 0.696181
0.007811 -0.000167 0.696181
0.007834 0.000035 0.696181

