0.006617 -0.000000 0.291667
0.006562 0.000158 0.291667
0.006457 0.000289 0.291667
0.006351 0.000418 0.291667
0.006246 0.000549 0.291667
0.006144 0.000681 0.291667
0.006040 0.000813 0.291667
0.005932 0.000940 0.291667
0.005826 0.001070 0.291667
0.005724 0.001203 0.291667
0.005624 0.001337 0.291667
0.005515 0.001465 0.291667
0.005408 0.001594 0.291667
0.005300 0.001722 0.291667
0.005202 0.001858 0.291667
0.005101 0.001991 0.291667
0.004995 0.002120 0.291667
0.004886 0.002248 0.291667
0.004775 0.002373 0.291667
0.004673 0.002506 0.291667
0.004573 0.002640 0.291667
0.004507 0.002794 0.291667
0.004443 0.002949 0.291667
0.004390 0.003108 0.291667
0.004334 0.003265 0.291667
0.004275 0.003422 0.291667
0.004210 0.003577 0.291667
0.004141 0.003729 0.291667
0.004084 0.003887 0.291667
0.004026 0.004044 0.291667
0.003970 0.004202 0.291667
0.003904 0.004355 0.291667
0.003840 0.004510 0.291667
0.003780 0.004667 0.291667
0.003724 0.004824 0.291667
0.003662 0.004980 0.291667
0.003599 0.005135 0.291667
0.003538 0.005291 0.291667
0.003478 0.005448 0.291667
0.003418 0.005604 0.291667
0.003309 0.005731 0.291667
0.003144 0.005762 0.291667
0.002979 0.005736 0.291667
0.002813 0.005709 0.291667
0.002648 0.005684 0.291667
0.002482 0.005662 0.291667
0.002316 0.005637 0.291667
0.002151 0.005607 0.291667
0.001986 0.005581 0.291667
0.001820 0.005558 0.291667
0.001654 0.005539 0.291667
0.001489 0.005509 0.291667
0.001324 0.005480 0.291667
0.001159 0.005451 0.291667
0.000992 0.005434 0.291667
0.000826 0.005413 0.291667
0.000661 0.005386 0.291667
0.000496 0.005356 0.291667
0.000332 0.005322 0.291667
0.000166 0.005300 0.291667
-0.000000 0.005280 0.291667
-0.000166 0.005300 0.291667
-0.000332 0.005322 0.291667
-0.000496 0.005356 0.291667
-0.000661 0.005386 0.291667
-0.000826 0.005413 0.291667
-0.000992 0.005434 0.291667
-0.001159 0.005451 0.291667
-0.001324 0.005481 0.291667
-0.001489 0.005509 0.291667
-0.001654 0.005539 0.291667
-0.001820 0.005558 0.291667
-0.001986 0.005581 0.291667
-0.002151 0.005607 0.291667
-0.002316 0.005637 0.291667
-0.002482 0.005662 0.291667
-0.002648 0.005684 0.291667
-0.002813 0.005709 0.291667
-0.002979 0.005736 0.291667
-0.003144 0.005762 0.291667
-0.003309 0.005731 0.291667
-0.003418 0.005604 0.291667
-0.003478 0.005448 0.291667
-0.003538 0.005291 0.291667
-0.003599 0.005135 0.291667
-0.003662 0.004980 0.291667
-0.003724 0.004824 0.291667
-0.003780 0.004667 0.291667
-0.003840 0.004510 0.291667
-0.003904 0.004355 0.291667
-0.003970 0.004202 0.291667
-0.004026 0.004044 0.291667
-0.004084 0.003887 0.291667
-0.004141 0.003729 0.291667
-0.004210 0.003577 0.291667
-0.004275 0.003422 0.291667
-0.004334 0.003265 0.291667
-0.004390 0.003108 0.291667
-0.004443 0.002949 0.291667
-0.004507 0.002794 0.291667
-0.004573 0.002640 0.291667
-0.004673 0.002506 0.291667
-0.004775 0.002373 0.291667
-0.004886 0.002248 0.291667
-0.004995 0.002120 0.291667
-0.005101 0.001991 0.291667
-0.005202 0.001858 0.291667
-0.005300 0.001722 0.291667
-0.005408 0.001594 0.291667
-0.005515 0.001465 0.291667
-0.005624 0.001337 0.291667
-0.005724 0.001203 0.291667
-0.005826 0.001070 0.291667
-0.005932 0.000940 0.291667
-0.006040 0.000813 0.291667
-0.006144 0.000681 0.291667
-0.006247 0.000549 0.291667
-0.006351 0.000418 0.291667
-0.006457 0.000289 0.291667
-0.006562 0.000158 0.291667
-0.006617 0.000000 0.291667
-0.006562 -0.000158 0.291667
-0.006457 -0.000289 0.291667
-0.006351 -0.000418 0.291667
-0.006246 -0.000549 0.291667
-0.006144 -0.000681 0.291667
-0.006040 -0.000813 0.291667
-0.005932 -0.000940 0.291667
-0.005826 -0.001070 0.291667
-0.005724 -0.001203 0.291667
-0.005624 -0.001337 0.291667
-0.005515 -0.001465 0.291667
-0.005408 -0.001594 0.291667
-0.005300 -0.001722 0.291667
-0.005202 -0.001858 0.291667
-0.005101 -0.001991 0.291667
-0.004995 -0.002120 0.291667
-0.004886 -0.002248 0.291667
-0.004775 -0.002373 0.291667
-0.004673 -0.002506 0.291667
-0.004573 -0.002640 0.291667
-0.004507 -0.002794 0.291667
-0.004443 -0.002949 0.291667
-0.004390 -0.003108 0.291667
-0.004334 -0.003265 0.291667
-0.004275 -0.003422 0.291667
-0.004210 -0.003577 0.291667
-0.004141 -0.003729 0.291667
-0.004084 -0.003887 0.291667
-0.004026 -0.004044 0.291667
-0.003970 -0.004202 0.291667
-0.003904 -0.004355 0.291667
-0.003840 -0.004510 0.291667
-0.003780 -0.004667 0.291667
-0.003724 -0.004824 0.291667
-0.003662 -0.004980 0.291667
-0.003599 -0.005135 0.291667
-0.003538 -0.005291 0.291667
-0.003479 -0.005448 0.291667
-0.003418 -0.005604 0.291667
-0.003309 -0.005731 0.291667
-0.003144 -0.005762 0.291667
-0.002979 -0.005736 0.291667
-0.002813 -0.005709 0.291667
-0.002648 -0.005684 0.291667
-0.002482 -0.005662 0.291667
-0.002316 -0.005637 0.291667
-0.002151 -0.005607 0.291667
-0.001986 -0.005581 0.291667
-0.001820 -0.005558 0.291667
-0.001654 -0.005539 0.291667
-0.001489 -0.005509 0.291667
-0.001324 -0.005480 0.291667
-0.001159 -0.005451 0.291667
-0.000992 -0.005434 0.291667
-0.000826 -0.005413 0.291667
-0.000661 -0.005386 0.291667
-0.000496 -0.005356 0.291667
-0.000332 -0.005322 0.291667
-0.000166 -0.005300 0.291667
0.000000 -0.005280 0.291667
0.000166 -0.005300 0.291667
0.000332 -0.005322 0.291667
0.000496 -0.005356 0.291667
0.000661 -0.005386 0.291667
0.000826 -0.005413 0.291667
0.000992 -0.005434 0.291667
0.001159 -0.005451 0.291667
0.001324 -0.005481 0.291667
0.001489 -0.005509 0.291667
0.001654 -0.005539 0.291667
0.001820 -0.005558 0.291667
0.001986 -0.005581 0.291667
0.002151 -0.005607 0.291667
0.002316 -0.005637 0.291667
0.002482 -0.005662 0.291667
0.002648 -0.005684 0.291667
0.002813 -0.005709 0.291667
0.002979 -0.005736 0.291667
0.003144 -0.005762 0.291667
0.003309 -0.005731 0.291667
0.003418 -0.005604 0.291667
0.003478 -0.005448 0.291667
0.003538 -0.005291 0.291667
0.003599 -0.005135 0.291667
0.003662 -0.004980 0.291667
0.003724 -0.004824 0.291667
0.003780 -0.004667 0.291667
0.003840 -0.004510 0.291667
0.003904 -0.004355 0.291667
0.003970 -0.004202 0.291667
0.004026 -0.004044 0.291667
0.004084 -0.003887 0.291667
0.004141 -0.003729 0.291667
0.004210 -0.003577 0.291667
0.004275 -0.003422 0.291667
0.004334 -0.003265 0.291667
0.004390 -0.003108 0.291667
0.004443 -0.002949 0.291667
0.004507 -0.002794 0.291667
0.004573 -0.002640 0.291667
0.004673 -0.002506 0.291667
0.004775 -0.002373 0.291667
0.004886 -0.002248 0.291667
0.004995 -0.002120 0.291667
0.005101 -0.001991 0.291667
0.005202 -0.001858 0.291667
0.005300 -0.001722 0.291667
0.005408 -0.001594 0.291667
0.005515 -0.001465 0.291667
0.005624 -0.001337 0.291667
0.005724 -0.001203 0.291667
0.005826 -0.001070 0.291667
0.005932 -0.000940 0.291667
0.006040 -0.000813 0.291667
0.006144 -0.000681 0.291667
0.006247 -0.000549 0.291667
0.006351 -0.000418 0.291667
0.006457 -0.000289 0.291667
0.006562 -0.000158 0.291667
0.006617 -0.000000 0.291667

