0.007530 -0.000004 0.593750
0.007391 0.000133 0.593750
0.007260 0.000276 0.593750
0.007134 0.000424 0.593750
0.007006 0.000571 0.593750
0.006875 0.000715 0.593750
0.006736 0.000851 0.593750
0.006596 0.000985 0.593750
0.006466 0.001130 0.593750
0.006335 0.001273 0.593750
0.006220 0.001430 0.593750
0.006097 0.001581 0.593750
0.005996 0.001747 0.593750
0.005881 0.001903 0.593750
0.005789 0.002075 0.593750
0.005658 0.002219 0.593750
0.005564 0.002389 0.593750
0.005436 0.002535 0.593750
0.005328 0.002697 0.593750
0.005192 0.002836 0.593750
0.005089 0.003001 0.593750
0.005040 0.003189 0.593750
0.004957 0.003365 0.593750
0.004906 0.003553 0.593750
0.004818 0.003726 0.593750
0.004775 0.003916 0.593750
0.004701 0.004096 0.593750
0.004655 0.004285 0.593750
0.004576 0.004462 0.593750
0.004532 0.004652 0.593750
0.004463 0.004833 0.593750
0.004407 0.005020 0.593750
0.004340 0.005202 0.593750
0.004279 0.005387 0.593750
0.004225 0.005574 0.593750
0.004176 0.005762 0.593750
0.004120 0.005948 0.593750
0.004067 0.006135 0.593750
0.004011 0.006321 0.593750
0.003952 0.006507 0.593750
0.003800 0.006627 0.593750
0.003612 0.006577 0.593750
0.003423 0.006529 0.593750
0.003234 0.006487 0.593750
0.003041 0.006457 0.593750
0.002849 0.006427 0.593750
0.002661 0.006377 0.593750
0.002475 0.006321 0.593750
0.002288 0.006269 0.593750
0.002102 0.006212 0.593750
0.001914 0.006162 0.593750
0.001726 0.006112 0.593750
0.001536 0.006073 0.593750
0.001344 0.006041 0.593750
0.001150 0.006029 0.593750
0.000957 0.006006 0.593750
0.000763 0.005986 0.593750
0.000569 0.005972 0.593750
0.000375 0.005960 0.593750
0.000183 0.005929 0.593750
-0.000010 0.005911 0.593750
-0.000201 0.005951 0.593750
-0.000394 0.005976 0.593750
-0.000586 0.006006 0.593750
-0.000779 0.006029 0.593750
-0.000969 0.006068 0.593750
-0.001160 0.006104 0.593750
-0.001352 0.006136 0.593750
-0.001544 0.006166 0.593750
-0.001733 0.006214 0.593750
-0.001923 0.006253 0.593750
-0.002112 0.006298 0.593750
-0.002303 0.006338 0.593750
-0.002493 0.006378 0.593750
-0.002682 0.006425 0.593750
-0.002870 0.006473 0.593750
-0.003060 0.006516 0.593750
-0.003248 0.006563 0.593750
-0.003438 0.006608 0.593750
-0.003627 0.006649 0.593750
-0.003809 0.006579 0.593750
-0.003861 0.006392 0.593750
-0.003914 0.006204 0.593750
-0.003966 0.006017 0.593750
-0.004027 0.005833 0.593750
-0.004098 0.005651 0.593750
-0.004160 0.005467 0.593750
-0.004209 0.005279 0.593750
-0.004268 0.005094 0.593750
-0.004313 0.004904 0.593750
-0.004375 0.004720 0.593750
-0.004427 0.004533 0.593750
-0.004500 0.004353 0.593750
-0.004573 0.004173 0.593750
-0.004666 0.004002 0.593750
-0.004738 0.003821 0.593750
-0.004823 0.003646 0.593750
-0.004900 0.003468 0.593750
-0.004988 0.003294 0.593750
-0.005050 0.003110 0.593750
-0.005133 0.002934 0.593750
-0.005267 0.002793 0.593750
-0.005382 0.002636 0.593750
-0.005511 0.002491 0.593750
-0.005625 0.002333 0.593750
-0.005759 0.002192 0.593750
-0.005886 0.002045 0.593750
-0.006016 0.001900 0.593750
-0.006136 0.001747 0.593750
-0.006276 0.001613 0.593750
-0.006402 0.001464 0.593750
-0.006540 0.001327 0.593750
-0.006667 0.001180 0.593750
-0.006798 0.001037 0.593750
-0.006931 0.000895 0.593750
-0.007068 0.000756 0.593750
-0.007199 0.000613 0.593750
-0.007334 0.000473 0.593750
-0.007468 0.000332 0.593750
-0.007600 0.000189 0.593750
-0.007629 -0.000003 0.593750
-0.007496 -0.000144 0.593750
-0.007363 -0.000286 0.593750
-0.007226 -0.000425 0.593750
-0.007092 -0.000565 0.593750
-0.006967 -0.000714 0.593750
-0.006841 -0.000863 0.593750
-0.006709 -0.001005 0.593750
-0.006578 -0.001149 0.593750
-0.006439 -0.001284 0.593750
-0.006304 -0.001425 0.593750
-0.006168 -0.001563 0.593750
-0.006036 -0.001706 0.593750
-0.005915 -0.001859 0.593750
-0.005804 -0.002018 0.593750
-0.005688 -0.002174 0.593750
-0.005574 -0.002331 0.593750
-0.005462 -0.002490 0.593750
-0.005355 -0.002653 0.593750
-0.005231 -0.002803 0.593750
-0.005120 -0.002962 0.593750
-0.005062 -0.003148 0.593750
-0.004990 -0.003329 0.593750
-0.004926 -0.003512 0.593750
-0.004851 -0.003692 0.593750
-0.004795 -0.003878 0.593750
-0.004741 -0.004065 0.593750
-0.004678 -0.004248 0.593750
-0.004615 -0.004433 0.593750
-0.004563 -0.004620 0.593750
-0.004505 -0.004805 0.593750
-0.004454 -0.004993 0.593750
-0.004394 -0.005178 0.593750
-0.004332 -0.005362 0.593750
-0.004272 -0.005548 0.593750
-0.004220 -0.005735 0.593750
-0.004163 -0.005921 0.593750
-0.004112 -0.006108 0.593750
-0.004058 -0.006295 0.593750
-0.004000 -0.006481 0.593750
-0.003847 -0.006600 0.593750
-0.003658 -0.006553 0.593750
-0.003468 -0.006513 0.593750
-0.003278 -0.006471 0.593750
-0.003090 -0.006422 0.593750
-0.002899 -0.006382 0.593750
-0.002709 -0.006341 0.593750
-0.002518 -0.006304 0.593750
-0.002328 -0.006265 0.593750
-0.002137 -0.006225 0.593750
-0.001951 -0.006170 0.593750
-0.001760 -0.006133 0.593750
-0.001575 -0.006075 0.593750
-0.001381 -0.006054 0.593750
-0.001189 -0.006025 0.593750
-0.000995 -0.006010 0.593750
-0.000803 -0.005982 0.593750
-0.000608 -0.005976 0.593750
-0.000415 -0.005956 0.593750
-0.000222 -0.005937 0.593750
-0.000029 -0.005911 0.593750
0.000163 -0.005942 0.593750
0.000354 -0.005981 0.593750
0.000546 -0.006007 0.593750
0.000738 -0.006041 0.593750
0.000930 -0.006071 0.593750
0.001116 -0.006128 0.593750
0.001308 -0.006158 0.593750
0.001496 -0.006207 0.593750
0.001687 -0.006243 0.593750
0.001873 -0.006300 0.593750
0.002063 -0.006342 0.593750
0.002251 -0.006393 0.593750
0.002442 -0.006427 0.593750
0.002632 -0.006467 0.593750
0.002821 -0.006513 0.593750
0.003010 -0.006559 0.593750
0.003198 -0.006610 0.593750
0.003386 -0.006658 0.593750
0.003576 -0.006700 0.593750
0.003756 -0.006625 0.593750
0.003807 -0.006437 0.593750
0.003867 -0.006252 0.593750
0.003929 -0.006068 0.593750
0.003985 -0.005882 0.593750
0.004046 -0.005697 0.593750
0.004102 -0.005511 0.593750
0.004162 -0.005326 0.593750
0.004220 -0.005140 0.593750
0.004285 -0.004957 0.593750
0.004333 -0.004769 0.593750
0.004401 -0.004587 0.593750
0.004449 -0.004398 0.593750
0.004544 -0.004228 0.593750
0.004616 -0.004048 0.593750
0.004703 -0.003874 0.593750
0.004774 -0.003693 0.593750
0.004872 -0.003525 0.593750
0.004944 -0.003344 0.593750
0.005028 -0.003169 0.593750
0.005095 -0.002986 0.593750
0.005210 -0.002830 0.593750
0.005341 -0.002686 0.593750
0.005453 -0.002527 0.593750
0.005576 -0.002376 0.593750
0.005688 -0.002217 0.593750
0.005823 -0.002077 0.593750
0.005932 -0.001917 0.593750
0.006061 -0.001771 0.593750
0.006177 -0.001615 0.593750
0.006316 -0.001478 0.593750
0.006437 -0.001326 0.593750
0.006572 -0.001187 0.593750
0.006698 -0.001038 0.593750
0.006835 -0.000901 0.593750
0.006971 -0.000761 0.593750
0.007104 -0.000620 0.593750
0.007240 -0.000481 0.593750
0.007375 -0.000341 0.593750
0.007505 -0.000197 0.593750
0.007530 -0.000004 0.593750

