0.006916 -0.000002 0.399306
0.006849 0.000159 0.399306
0.006746 0.000301 0.399306
0.006639 0.000439 0.399306
0.006535 0.000579 0.399306
0.006424 0.000715 0.399306
0.006314 0.000851 0.399306
0.006208 0.000990 0.399306
0.006100 0.001127 0.399306
0.005991 0.001265 0.399306
0.005877 0.001397 0.399306
0.005769 0.001535 0.399306
0.005664 0.001675 0.399306
0.005554 0.001811 0.399306
0.005444 0.001946 0.399306
0.005331 0.002080 0.399306
0.005223 0.002217 0.399306
0.005120 0.002359 0.399306
0.005010 0.002495 0.399306
0.004896 0.002627 0.399306
0.004786 0.002763 0.399306
0.004723 0.002927 0.399306
0.004665 0.003092 0.399306
0.004603 0.003255 0.399306
0.004531 0.003415 0.399306
0.004466 0.003577 0.399306
0.004407 0.003742 0.399306
0.004345 0.003905 0.399306
0.004283 0.004069 0.399306
0.004214 0.004229 0.399306
0.004148 0.004392 0.399306
0.004091 0.004557 0.399306
0.004027 0.004720 0.399306
0.003962 0.004882 0.399306
0.003896 0.005044 0.399306
0.003834 0.005208 0.399306
0.003775 0.005372 0.399306
0.003710 0.005535 0.399306
0.003651 0.005699 0.399306
0.003591 0.005864 0.399306
0.003464 0.005984 0.399306
0.003289 0.005988 0.399306
0.003115 0.005979 0.399306
0.002941 0.005961 0.399306
0.002766 0.005944 0.399306
0.002594 0.005918 0.399306
0.002421 0.005892 0.399306
0.002247 0.005870 0.399306
0.002074 0.005846 0.399306
0.001901 0.005821 0.399306
0.001729 0.005788 0.399306
0.001556 0.005764 0.399306
0.001382 0.005743 0.399306
0.001209 0.005716 0.399306
0.001037 0.005688 0.399306
0.000864 0.005656 0.399306
0.000691 0.005631 0.399306
0.000517 0.005614 0.399306
0.000345 0.005586 0.399306
0.000173 0.005554 0.399306
-0.000000 0.005526 0.399306
-0.000173 0.005554 0.399306
-0.000345 0.005586 0.399306
-0.000517 0.005614 0.399306
-0.000691 0.005631 0.399306
-0.000865 0.005656 0.399306
-0.001037 0.005688 0.399306
-0.001209 0.005716 0.399306
-0.001382 0.005743 0.399306
-0.001556 0.005764 0.399306
-0.001729 0.005788 0.399306
-0.001901 0.005821 0.399306
-0.002074 0.005847 0.399306
-0.002247 0.005872 0.399306
-0.002420 0.005895 0.399306
-0.002593 0.005923 0.399306
-0.002765 0.005952 0.399306
-0.002939 0.005975 0.399306
-0.003112 0.006003 0.399306
-0.003285 0.006027 0.399306
-0.003456 0.005990 0.399306
-0.003557 0.005847 0.399306
-0.003631 0.005689 0.399306
-0.003698 0.005528 0.399306
-0.003769 0.005367 0.399306
-0.003831 0.005204 0.399306
-0.003895 0.005041 0.399306
-0.003962 0.004880 0.399306
-0.004027 0.004717 0.399306
-0.004091 0.004555 0.399306
-0.004149 0.004390 0.399306
-0.004214 0.004227 0.399306
-0.004283 0.004067 0.399306
-0.004346 0.003903 0.399306
-0.004408 0.003740 0.399306
-0.004467 0.003575 0.399306
-0.004532 0.003413 0.399306
-0.004604 0.003253 0.399306
-0.004666 0.003090 0.399306
-0.004724 0.002925 0.399306
-0.004787 0.002762 0.399306
-0.004897 0.002626 0.399306
-0.005011 0.002493 0.399306
-0.005122 0.002357 0.399306
-0.005224 0.002215 0.399306
-0.005332 0.002078 0.399306
-0.005445 0.001945 0.399306
-0.005556 0.001809 0.399306
-0.005666 0.001673 0.399306
-0.005771 0.001533 0.399306
-0.005879 0.001395 0.399306
-0.005993 0.001263 0.399306
-0.006102 0.001126 0.399306
-0.006210 0.000989 0.399306
-0.006317 0.000851 0.399306
-0.006428 0.000715 0.399306
-0.006540 0.000581 0.399306
-0.006648 0.000443 0.399306
-0.006760 0.000309 0.399306
-0.006872 0.000174 0.399306
-0.006915 0.000005 0.399306
-0.006832 -0.000150 0.399306
-0.006737 -0.000296 0.399306
-0.006633 -0.000437 0.399306
-0.006530 -0.000579 0.399306
-0.006421 -0.000715 0.399306
-0.006312 -0.000852 0.399306
-0.006206 -0.000991 0.399306
-0.006098 -0.001129 0.399306
-0.005990 -0.001266 0.399306
-0.005876 -0.001399 0.399306
-0.005768 -0.001536 0.399306
-0.005663 -0.001677 0.399306
-0.005553 -0.001813 0.399306
-0.005442 -0.001948 0.399306
-0.005329 -0.002081 0.399306
-0.005221 -0.002219 0.399306
-0.005119 -0.002361 0.399306
-0.005009 -0.002496 0.399306
-0.004894 -0.002629 0.399306
-0.004785 -0.002765 0.399306
-0.004723 -0.002929 0.399306
-0.004664 -0.003094 0.399306
-0.004602 -0.003257 0.399306
-0.004530 -0.003417 0.399306
-0.004465 -0.003579 0.399306
-0.004407 -0.003744 0.399306
-0.004345 -0.003907 0.399306
-0.004282 -0.004071 0.399306
-0.004213 -0.004231 0.399306
-0.004148 -0.004394 0.399306
-0.004091 -0.004559 0.399306
-0.004026 -0.004722 0.399306
-0.003962 -0.004884 0.399306
-0.003896 -0.005046 0.399306
-0.003835 -0.005210 0.399306
-0.003776 -0.005375 0.399306
-0.003712 -0.005538 0.399306
-0.003656 -0.005703 0.399306
-0.003599 -0.005869 0.399306
-0.003466 -0.005982 0.399306
-0.003291 -0.005977 0.399306
-0.003116 -0.005973 0.399306
-0.002942 -0.005957 0.399306
-0.002768 -0.005942 0.399306
-0.002595 -0.005917 0.399306
-0.002421 -0.005892 0.399306
-0.002248 -0.005870 0.399306
-0.002075 -0.005845 0.399306
-0.001902 -0.005821 0.399306
-0.001730 -0.005788 0.399306
-0.001556 -0.005764 0.399306
-0.001383 -0.005743 0.399306
-0.001210 -0.005716 0.399306
-0.001037 -0.005688 0.399306
-0.000865 -0.005656 0.399306
-0.000692 -0.005632 0.399306
-0.000518 -0.005614 0.399306
-0.000345 -0.005586 0.399306
-0.000174 -0.005554 0.399306
-0.000001 -0.005526 0.399306
0.000172 -0.005554 0.399306
0.000344 -0.005586 0.399306
0.000517 -0.005614 0.399306
0.000691 -0.005631 0.399306
0.000864 -0.005656 0.399306
0.001036 -0.005688 0.399306
0.001208 -0.005716 0.399306
0.001381 -0.005743 0.399306
0.001555 -0.005764 0.399306
0.001728 -0.005788 0.399306
0.001900 -0.005821 0.399306
0.002073 -0.005847 0.399306
0.002246 -0.005873 0.399306
0.002419 -0.005897 0.399306
0.002592 -0.005925 0.399306
0.002764 -0.005956 0.399306
0.002937 -0.005982 0.399306
0.003109 -0.006014 0.399306
0.003281 -0.006047 0.399306
0.003447 -0.005993 0.399306
0.003535 -0.005842 0.399306
0.003617 -0.005687 0.399306
0.003689 -0.005528 0.399306
0.003763 -0.005369 0.399306
0.003827 -0.005207 0.399306
0.003892 -0.005044 0.399306
0.003959 -0.004883 0.399306
0.004025 -0.004721 0.399306
0.004090 -0.004558 0.399306
0.004147 -0.004393 0.399306
0.004213 -0.004231 0.399306
0.004282 -0.004070 0.399306
0.004345 -0.003907 0.399306
0.004407 -0.003743 0.399306
0.004465 -0.003579 0.399306
0.004531 -0.003416 0.399306
0.004602 -0.003257 0.399306
0.004665 -0.003093 0.399306
0.004723 -0.002928 0.399306
0.004785 -0.002765 0.399306
0.004895 -0.002629 0.399306
0.005009 -0.002496 0.399306
0.005119 -0.002361 0.399306
0.005221 -0.002219 0.399306
0.005330 -0.002081 0.399306
0.005443 -0.001948 0.399306
0.005553 -0.001812 0.399306
0.005663 -0.001676 0.399306
0.005768 -0.001536 0.399306
0.005876 -0.001398 0.399306
0.005990 -0.001266 0.399306
0.006099 -0.001129 0.399306
0.006207 -0.000992 0.399306
0.006314 -0.000853 0.399306
0.006424 -0.000717 0.399306
0.006535 -0.000582 0.399306
0.006641 -0.000442 0.399306
0.006750 -0.000306 0.399306
0.006856 -0.000167 0.399306
0.006916 -0.000002 0.399306

