0.006386 -0.000000 0.213542
0.006332 0.000153 0.213542
0.006230 0.000278 0.213542
0.006129 0.000405 0.213542
0.006030 0.000533 0.213542
0.005930 0.000659 0.213542
0.005825 0.000783 0.213542
0.005722 0.000907 0.213542
0.005624 0.001037 0.213542
0.005527 0.001166 0.213542
0.005424 0.001291 0.213542
0.005317 0.001412 0.213542
0.005213 0.001536 0.213542
0.005115 0.001665 0.213542
0.005020 0.001796 0.213542
0.004923 0.001925 0.213542
0.004820 0.002050 0.213542
0.004711 0.002170 0.213542
0.004604 0.002292 0.213542
0.004494 0.002410 0.213542
0.004391 0.002535 0.213542
0.004334 0.002687 0.213542
0.004287 0.002841 0.213542
0.004235 0.002995 0.213542
0.004186 0.003149 0.213542
0.004129 0.003300 0.213542
0.004066 0.003450 0.213542
0.003999 0.003597 0.213542
0.003937 0.003746 0.213542
0.003882 0.003899 0.213542
0.003830 0.004052 0.213542
0.003774 0.004204 0.213542
0.003710 0.004352 0.213542
0.003647 0.004501 0.213542
0.003590 0.004653 0.213542
0.003536 0.004805 0.213542
0.003477 0.004956 0.213542
0.003415 0.005106 0.213542
0.003356 0.005257 0.213542
0.003298 0.005408 0.213542
0.003193 0.005531 0.213542
0.003034 0.005560 0.213542
0.002874 0.005535 0.213542
0.002714 0.005510 0.213542
0.002554 0.005489 0.213542
0.002394 0.005465 0.213542
0.002235 0.005436 0.213542
0.002075 0.005409 0.213542
0.001914 0.005389 0.213542
0.001754 0.005370 0.213542
0.001594 0.005343 0.213542
0.001435 0.005311 0.213542
0.001276 0.005282 0.213542
0.001116 0.005262 0.213542
0.000955 0.005246 0.213542
0.000794 0.005226 0.213542
0.000634 0.005199 0.213542
0.000476 0.005165 0.213542
0.000317 0.005133 0.213542
0.000160 0.005097 0.213542
-0.000000 0.005071 0.213542
-0.000160 0.005097 0.213542
-0.000317 0.005133 0.213542
-0.000476 0.005165 0.213542
-0.000634 0.005199 0.213542
-0.000794 0.005226 0.213542
-0.000955 0.005246 0.213542
-0.001116 0.005262 0.213542
-0.001276 0.005282 0.213542
-0.001435 0.005311 0.213542
-0.001594 0.005343 0.213542
-0.001754 0.005370 0.213542
-0.001914 0.005389 0.213542
-0.002075 0.005409 0.213542
-0.002235 0.005436 0.213542
-0.002394 0.005465 0.213542
-0.002554 0.005489 0.213542
-0.002714 0.005510 0.213542
-0.002874 0.005535 0.213542
-0.003034 0.005560 0.213542
-0.003193 0.005531 0.213542
-0.003298 0.005408 0.213542
-0.003356 0.005257 0.213542
-0.003415 0.005106 0.213542
-0.003477 0.004956 0.213542
-0.003536 0.004805 0.213542
-0.003590 0.004653 0.213542
-0.003647 0.004501 0.213542
-0.003710 0.004352 0.213542
-0.003774 0.004204 0.213542
-0.003830 0.004052 0.213542
-0.003882 0.003899 0.213542
-0.003937 0.003746 0.213542
-0.003999 0.003597 0.213542
-0.004066 0.003450 0.213542
-0.004129 0.003300 0.213542
-0.004186 0.003149 0.213542
-0.004235 0.002995 0.213542
-0.004287 0.002841 0.213542
-0.004334 0.002687 0.213542
-0.004391 0.002535 0.213542
-0.004494 0.002410 0.213542
-0.004604 0.002292 0.213542
-0.004711 0.002170 0.213542
-0.004820 0.002050 0.213542
-0.004923 0.001925 0.213542
-0.005020 0.001796 0.213542
-0.005115 0.001665 0.213542
-0.005213 0.001536 0.213542
-0.005317 0.001412 0.213542
-0.005424 0.001291 0.213542
-0.005527 0.001166 0.213542
-0.005624 0.001037 0.213542
-0.005722 0.000907 0.213542
-0.005825 0.000783 0.213542
-0.005930 0.000659 0.213542
-0.006030 0.000533 0.213542
-0.006129 0.000405 0.213542
-0.006230 0.000278 0.213542
-0.006332 0.000153 0.213542
-0.006386 0.000000 0.213542
-0.006332 -0.000153 0.213542
-0.006230 -0.000278 0.213542
-0.006129 -0.000405 0.213542
-0.006030 -0.000533 0.213542
-0.005930 -0.000659 0.213542
-0.005825 -0.000783 0.213542
-0.005722 -0.000907 0.213542
-0.005624 -0.001037 0.213542
-0.005527 -0.001166 0.213542
-0.005424 -0.001291 0.213542
-0.005317 -0.001412 0.213542
-0.005213 -0.001536 0.213542
-0.005115 -0.001665 0.213542
-0.005020 -0.001796 0.213542
-0.004923 -0.001925 0.213542
-0.004820 -0.002050 0.213542
-0.004711 -0.002170 0.213542
-0.004604 -0.002292 0.213542
-0.004494 -0.002410 0.213542
-0.004391 -0.002535 0.213542
-0.004334 -0.002687 0.213542
-0.004287 -0.002841 0.213542
-0.004235 -0.002995 0.213542
-0.004186 -0.003149 0.213542
-0.004129 -0.003300 0.213542
-0.004066 -0.003450 0.213542
-0.003999 -0.003597 0.213542
-0.003937 -0.003746 0.213542
-0.003882 -0.003899 0.213542
-0.003830 -0.004052 0.213542
-0.003774 -0.004204 0.213542
-0.003710 -0.004352 0.213542
-0.003647 -0.004501 0.213542
-0.003590 -0.004653 0.213542
-0.003536 -0.004805 0.213542
-0.003477 -0.004956 0.213542
-0.003415 -0.005106 0.213542
-0.003356 -0.005257 0.213542
-0.003298 -0.005408 0.213542
-0.003193 -0.005531 0.213542
-0.003034 -0.005560 0.213542
-0.002874 -0.005535 0.213542
-0.002714 -0.005510 0.213542
-0.002554 -0.005489 0.213542
-0.002394 -0.005465 0.213542
-0.002235 -0.005436 0.213542
-0.002075 -0.005409 0.213542
-0.001914 -0.005389 0.213542
-0.001754 -0.005370 0.213542
-0.001594 -0.005343 0.213542
-0.001435 -0.005311 0.213542
-0.001276 -0.005282 0.213542
-0.001116 -0.005262 0.213542
-0.000955 -0.005246 0.213542
-0.000794 -0.005226 0.213542
-0.000634 -0.005199 0.213542
-0.000476 -0.005165 0.213542
-0.000317 -0.005133 0.213542
-0.000160 -0.005097 0.213542
0.000000 -0.005071 0.213542
0.000160 -0.005097 0.213542
0.000317 -0.005133 0.213542
0.000476 -0.005165 0.213542
0.000634 -0.005199 0.213542
0.000794 -0.005226 0.213542
0.000955 -0.005246 0.213542
0.001116 -0.005262 0.213542
0.001276 -0.005282 0.213542
0.001435 -0.005311 0.213542
0.001594 -0.005343 0.213542
0.001754 -0.005370 0.213542
0.001914 -0.005389 0.213542
0.002075 -0.005409 0.213542
0.002235 -0.005436 0.213542
0.002394 -0.005465 0.213542
0.002554 -0.005489 0.213542
0.002714 -0.005510 0.213542
0.002874 -0.005535 0.213542
0.003034 -0.005560 0.213542
0.003193 -0.005531 0.213542
0.003298 -0.005408 0.213542
0.003356 -0.005257 0.213542
0.003415 -0.005106 0.213542
0.003477 -0.004956 0.213542
0.003536 -0.004805 0.213542
0.003590 -0.004653 0.213542
0.003647 -0.004501 0.213542
0.003710 -0.004352 0.213542
0.003774 -0.004204 0.213542
0.003830 -0.004052 0.213542
0.003882 -0.003899 0.213542
0.003937 -0.003746 0.213542
0.003999 -0.003597 0.213542
0.004066 -0.003450 0.213542
0.004129 -0.003300 0.213542
0.004186 -0.003149 0.213542
0.004235 -0.002995 0.213542
0.004287 -0.002841 0.213542
0.004334 -0.002687 0.213542
0.004391 -0.002535 0.213542
0.004494 -0.002410 0.213542
0.004604 -0.002292 0.213542
0.004711 -0.002170 0.213542
0.004820 -0.002050 0.213542
0.004923 -0.001925 0.213542
0.005020 -0.001796 0.213542
0.005115 -0.001665 0.213542
0.005213 -0.001536 0.213542
0.005317 -0.001412 0.213542
0.005424 -0.001291 0.213542
0.005527 -0.001166 0.213542
0.005624 -0.001037 0.213542
0.005722 -0.000907 0.213542
0.005825 -0.000783 0.213542
0.005930 -0.000659 0.213542
0.006030 -0.000533 0.213542
0.006129 -0.000405 0.213542
0.006230 -0.000278 0.213542
0.006332 -0.000153 0.213542
0.006386 -0.000000 0.213542

