0.006391 -0.000000 0.215278
0.006338 0.000153 0.215278
0.006235 0.000279 0.215278
0.006134 0.000405 0.215278
0.006035 0.000533 0.215278
0.005934 0.000660 0.215278
0.005830 0.000784 0.215278
0.005726 0.000908 0.215278
0.005628 0.001037 0.215278
0.005531 0.001167 0.215278
0.005429 0.001293 0.215278
0.005322 0.001414 0.215278
0.005217 0.001537 0.215278
0.005118 0.001665 0.215278
0.005024 0.001797 0.215278
0.004926 0.001927 0.215278
0.004825 0.002053 0.215278
0.004716 0.002173 0.215278
0.004609 0.002294 0.215278
0.004498 0.002413 0.215278
0.004395 0.002538 0.215278
0.004338 0.002689 0.215278
0.004292 0.002844 0.215278
0.004240 0.002998 0.215278
0.004190 0.003152 0.215278
0.004132 0.003303 0.215278
0.004068 0.003452 0.215278
0.004001 0.003599 0.215278
0.003940 0.003749 0.215278
0.003886 0.003902 0.215278
0.003834 0.004056 0.215278
0.003776 0.004207 0.215278
0.003712 0.004356 0.215278
0.003649 0.004505 0.215278
0.003593 0.004657 0.215278
0.003539 0.004809 0.215278
0.003479 0.004960 0.215278
0.003418 0.005110 0.215278
0.003359 0.005261 0.215278
0.003301 0.005412 0.215278
0.003196 0.005535 0.215278
0.003036 0.005565 0.215278
0.002876 0.005539 0.215278
0.002716 0.005515 0.215278
0.002556 0.005493 0.215278
0.002396 0.005469 0.215278
0.002236 0.005441 0.215278
0.002077 0.005413 0.215278
0.001916 0.005392 0.215278
0.001755 0.005374 0.215278
0.001595 0.005348 0.215278
0.001436 0.005316 0.215278
0.001277 0.005287 0.215278
0.001117 0.005265 0.215278
0.000955 0.005249 0.215278
0.000795 0.005230 0.215278
0.000635 0.005204 0.215278
0.000476 0.005170 0.215278
0.000317 0.005139 0.215278
0.000160 0.005102 0.215278
-0.000000 0.005075 0.215278
-0.000160 0.005102 0.215278
-0.000317 0.005139 0.215278
-0.000476 0.005170 0.215278
-0.000635 0.005204 0.215278
-0.000795 0.005230 0.215278
-0.000955 0.005249 0.215278
-0.001117 0.005265 0.215278
-0.001277 0.005287 0.215278
-0.001436 0.005316 0.215278
-0.001595 0.005348 0.215278
-0.001755 0.005374 0.215278
-0.001916 0.005392 0.215278
-0.002077 0.005413 0.215278
-0.002236 0.005441 0.215278
-0.002396 0.005469 0.215278
-0.002556 0.005493 0.215278
-0.002716 0.005515 0.215278
-0.002876 0.005539 0.215278
-0.003036 0.005565 0.215278
-0.003196 0.005535 0.215278
-0.003301 0.005412 0.215278
-0.003359 0.005261 0.215278
-0.003418 0.005110 0.215278
-0.003479 0.004960 0.215278
-0.003539 0.004809 0.215278
-0.003593 0.004657 0.215278
-0.003649 0.004505 0.215278
-0.003712 0.004356 0.215278
-0.003776 0.004207 0.215278
-0.003834 0.004056 0.215278
-0.003886 0.003902 0.215278
-0.003940 0.003749 0.215278
-0.004001 0.003599 0.215278
-0.004068 0.003452 0.215278
-0.004132 0.003303 0.215278
-0.004190 0.003152 0.215278
-0.004240 0.002998 0.215278
-0.004292 0.002844 0.215278
-0.004338 0.002689 0.215278
-0.004395 0.002538 0.215278
-0.004498 0.002413 0.215278
-0.004609 0.002294 0.215278
-0.004716 0.002173 0.215278
-0.004825 0.002053 0.215278
-0.004926 0.001927 0.215278
-0.005024 0.001797 0.215278
-0.005118 0.001665 0.215278
-0.005217 0.001537 0.215278
-0.005322 0.001414 0.215278
-0.005429 0.001293 0.215278
-0.005531 0.001167 0.215278
-0.005628 0.001037 0.215278
-0.005726 0.000908 0.215278
-0.005830 0.000784 0.215278
-0.005934 0.000660 0.215278
-0.006035 0.000533 0.215278
-0.006134 0.000405 0.215278
-0.006235 0.000279 0.215278
-0.006338 0.000153 0.215278
-0.006391 0.000000 0.215278
-0.006338 -0.000153 0.215278
-0.006235 -0.000279 0.215278
-0.006134 -0.000405 0.215278
-0.006035 -0.000533 0.215278
-0.005934 -0.000660 0.215278
-0.005830 -0.000784 0.215278
-0.005726 -0.000908 0.215278
-0.005628 -0.001037 0.215278
-0.005531 -0.001167 0.215278
-0.005429 -0.001293 0.215278
-0.005322 -0.001414 0.215278
-0.005217 -0.001537 0.215278
-0.005118 -0.001665 0.215278
-0.005024 -0.001797 0.215278
-0.004926 -0.001927 0.215278
-0.004825 -0.002053 0.215278
-0.004716 -0.002173 0.215278
-0.004609 -0.002294 0.215278
-0.004498 -0.002413 0.215278
-0.004395 -0.002538 0.215278
-0.004338 -0.002689 0.215278
-0.004292 -0.002844 0.215278
-0.004240 -0.002998 0.215278
-0.004190 -0.003152 0.215278
-0.004132 -0.003303 0.215278
-0.004068 -0.003452 0.215278
-0.004001 -0.003599 0.215278
-0.003940 -0.003749 0.215278
-0.003886 -0.003902 0.215278
-0.003834 -0.004056 0.215278
-0.003776 -0.004207 0.215278
-0.003712 -0.004356 0.215278
-0.003649 -0.004505 0.215278
-0.003593 -0.004657 0.215278
-0.003539 -0.004809 0.215278
-0.003479 -0.004960 0.215278
-0.003418 -0.005110 0.215278
-0.003359 -0.005261 0.215278
-0.003301 -0.005412 0.215278
-0.003196 -0.005535 0.215278
-0.003036 -0.005565 0.215278
-0.002876 -0.005539 0.215278
-0.002716 -0.005515 0.215278
-0.002556 -0.005493 0.215278
-0.002396 -0.005469 0.215278
-0.002236 -0.005441 0.215278
-0.002077 -0.005413 0.215278
-0.001916 -0.005392 0.215278
-0.001755 -0.005374 0.215278
-0.001595 -0.005348 0.215278
-0.001436 -0.005316 0.215278
-0.001277 -0.005287 0.215278
-0.001117 -0.005265 0.215278
-0.000955 -0.005249 0.215278
-0.000795 -0.005230 0.215278
-0.000635 -0.005204 0.215278
-0.000476 -0.005170 0.215278
-0.000317 -0.005139 0.215278
-0.000160 -0.005102 0.215278
0.000000 -0.005075 0.215278
0.000160 -0.005102 0.215278
0.000317 -0.005139 0.215278
0.000476 -0.005170 0.215278
0.000635 -0.005204 0.215278
0.000795 -0.005230 0.215278
0.000955 -0.005249 0.215278
0.001117 -0.005265 0.215278
0.001277 -0.005287 0.215278
0.001436 -0.005316 0.215278
0.001595 -0.005348 0.215278
0.001755 -0.005374 0.215278
0.001916 -0.005392 0.215278
0.002077 -0.005413 0.215278
0.002236 -0.005441 0.215278
0.002396 -0.005469 0.215278
0.002556 -0.005493 0.215278
0.002716 -0.005515 0.215278
0.002876 -0.005539 0.215278
0.003036 -0.005565 0.215278
0.003196 -0.005535 0.215278
0.003301 -0.005412 0.215278
0.003359 -0.005261 0.215278
0.003418 -0.005110 0.215278
0.003479 -0.004960 0.215278
0.003539 -0.004809 0.215278
0.003593 -0.004657 0.215278
0.003649 -0.004505 0.215278
0.003712 -0.004356 0.215278
0.003776 -0.004207 0.215278
0.003834 -0.004056 0.215278
0.003886 -0.003902 0.215278
0.003940 -0.003749 0.215278
0.004001 -0.003599 0.215278
0.004068 -0.003452 0.215278
0.004132 -0.003303 0.215278
0.004190 -0.003152 0.215278
0.004240 -0.002998 0.215278
0.004292 -0.002844 0.215278
0.004338 -0.002689 0.215278
0.004395 -0.002538 0.215278
0.004498 -0.002413 0.215278
0.004609 -0.002294 0.215278
0.004716 -0.002173 0.215278
0.004825 -0.002053 0.215278
0.004926 -0.001927 0.215278
0.005024 -0.001797 0.215278
0.005118 -0.001665 0.215278
0.005217 -0.001537 0.215278
0.005322 -0.001414 0.215278
0.005429 -0.001293 0.215278
0.005531 -0.001167 0.215278
0.005628 -0.001037 0.215278
0.005726 -0.000908 0.215278
0.005830 -0.000784 0.215278
0.005934 -0.000660 0.215278
0.006035 -0.000533 0.215278
0.006134 -0.000405 0.215278
0.006235 -0.000279 0.215278
0.006338 -0.000153 0.215278
0.006391 -0.000000 0.215278

