0.008080 0.000087 0.786458
0.007925 0.000230 0.786458
0.007778 0.000381 0.786458
0.007618 0.000517 0.786458
0.007476 0.000673 0.786458
0.007322 0.000816 0.786458
0.007175 0.000968 0.786458
0.007026 0.001116 0.786458
0.006866 0.001254 0.786458
0.006744 0.001425 0.786458
0.006586 0.001564 0.786458
0.006466 0.001737 0.786458
0.006307 0.001875 0.786458
0.006152 0.002019 0.786458
0.006276 0.002189 0.786458
0.006112 0.002322 0.786458
0.005981 0.002487 0.786458
0.005790 0.002575 0.786458
0.005656 0.002738 0.786458
0.005492 0.002870 0.786458
0.005381 0.003049 0.786458
0.005352 0.003258 0.786458
0.005260 0.003447 0.786458
0.005237 0.003656 0.786458
0.005139 0.003843 0.786458
0.005106 0.004051 0.786458
0.005023 0.004245 0.786458
0.004979 0.004451 0.786458
0.004897 0.004645 0.786458
0.004869 0.004853 0.786458
0.004795 0.005051 0.786458
0.004755 0.005257 0.786458
0.004674 0.005452 0.786458
0.004629 0.005657 0.786458
0.004551 0.005853 0.786458
0.004513 0.006060 0.786458
0.004442 0.006259 0.786458
0.004405 0.006466 0.786458
0.004349 0.006669 0.786458
0.004299 0.006874 0.786458
0.004130 0.006999 0.786458
0.003925 0.006951 0.786458
0.003716 0.006925 0.786458
0.003507 0.006898 0.786458
0.003298 0.006870 0.786458
0.003089 0.006843 0.786458
0.002880 0.006818 0.786458
0.002675 0.006768 0.786458
0.002471 0.006717 0.786458
0.002269 0.006658 0.786458
0.002062 0.006617 0.786458
0.001855 0.006580 0.786458
0.001646 0.006552 0.786458
0.001444 0.006493 0.786458
0.001236 0.006457 0.786458
0.001036 0.006392 0.786458
0.000834 0.006332 0.786458
0.000630 0.006278 0.786458
0.000429 0.006216 0.786458
0.000222 0.006178 0.786458
0.000016 0.006223 0.786458
-0.000191 0.006259 0.786458
-0.000396 0.006306 0.786458
-0.000602 0.006354 0.786458
-0.000810 0.006387 0.786458
-0.001006 0.006464 0.786458
-0.001215 0.006488 0.786458
-0.001417 0.006549 0.786458
-0.001624 0.006588 0.786458
-0.001825 0.006651 0.786458
-0.002032 0.006690 0.786458
-0.002236 0.006740 0.786458
-0.002443 0.006782 0.786458
-0.002648 0.006829 0.786458
-0.002854 0.006875 0.786458
-0.003058 0.006927 0.786458
-0.003264 0.006971 0.786458
-0.003466 0.007029 0.786458
-0.003672 0.007074 0.786458
-0.003878 0.007117 0.786458
-0.004073 0.007037 0.786458
-0.004115 0.006831 0.786458
-0.004187 0.006633 0.786458
-0.004245 0.006431 0.786458
-0.004316 0.006232 0.786458
-0.004379 0.006031 0.786458
-0.004456 0.005835 0.786458
-0.004509 0.005631 0.786458
-0.004573 0.005431 0.786458
-0.004616 0.005224 0.786458
-0.004686 0.005026 0.786458
-0.004744 0.004824 0.786458
-0.004826 0.004629 0.786458
-0.004876 0.004425 0.786458
-0.004956 0.004230 0.786458
-0.005006 0.004025 0.786458
-0.005054 0.003820 0.786458
-0.005127 0.003623 0.786458
-0.005152 0.003414 0.786458
-0.005262 0.003234 0.786458
-0.005432 0.003110 0.786458
-0.005552 0.002937 0.786458
-0.005708 0.002796 0.786458
-0.005847 0.002638 0.786458
-0.005979 0.002474 0.786458
-0.006145 0.002344 0.786458
-0.006272 0.002175 0.786458
-0.006425 0.002030 0.786458
-0.006559 0.001868 0.786458
-0.006719 0.001731 0.786458
-0.006852 0.001568 0.786458
-0.007002 0.001420 0.786458
-0.007139 0.001260 0.786458
-0.007285 0.001108 0.786458
-0.007424 0.000950 0.786458
-0.007574 0.000802 0.786458
-0.007711 0.000642 0.786458
-0.007867 0.000500 0.786458
-0.008006 0.000343 0.786458
-0.008156 0.000195 0.786458
-0.008177 -0.000015 0.786458
-0.008025 -0.000160 0.786458
-0.007884 -0.000317 0.786458
-0.007740 -0.000470 0.786458
-0.007594 -0.000622 0.786458
-0.007450 -0.000776 0.786458
-0.007309 -0.000933 0.786458
-0.007166 -0.001088 0.786458
-0.007025 -0.001244 0.786458
-0.006873 -0.001390 0.786458
-0.006730 -0.001545 0.786458
-0.006582 -0.001694 0.786458
-0.006450 -0.001858 0.786458
-0.006303 -0.002009 0.786458
-0.006173 -0.002175 0.786458
-0.006031 -0.002330 0.786458
-0.005870 -0.002466 0.786458
-0.005740 -0.002632 0.786458
-0.005562 -0.002744 0.786458
-0.005452 -0.002924 0.786458
-0.005442 -0.003135 0.786458
-0.005352 -0.003325 0.786458
-0.005321 -0.003533 0.786458
-0.005248 -0.003731 0.786458
-0.005176 -0.003929 0.786458
-0.005144 -0.004137 0.786458
-0.005062 -0.004331 0.786458
-0.005009 -0.004535 0.786458
-0.004936 -0.004733 0.786458
-0.004894 -0.004939 0.786458
-0.004825 -0.005138 0.786458
-0.004771 -0.005342 0.786458
-0.004704 -0.005541 0.786458
-0.004637 -0.005741 0.786458
-0.004575 -0.005942 0.786458
-0.004513 -0.006144 0.786458
-0.004449 -0.006344 0.786458
-0.004395 -0.006548 0.786458
-0.004335 -0.006750 0.786458
-0.004283 -0.006954 0.786458
-0.004112 -0.007077 0.786458
-0.003905 -0.007035 0.786458
-0.003701 -0.006982 0.786458
-0.003494 -0.006946 0.786458
-0.003293 -0.006882 0.786458
-0.003086 -0.006844 0.786458
-0.002885 -0.006781 0.786458
-0.002678 -0.006742 0.786458
-0.002474 -0.006689 0.786458
-0.002267 -0.006648 0.786458
-0.002064 -0.006594 0.786458
-0.001858 -0.006550 0.786458
-0.001653 -0.006502 0.786458
-0.001448 -0.006451 0.786458
-0.001240 -0.006420 0.786458
-0.001033 -0.006382 0.786458
-0.000832 -0.006318 0.786458
-0.000624 -0.006288 0.786458
-0.000433 -0.006198 0.786458
-0.000223 -0.006184 0.786458
-0.000031 -0.006270 0.786458
0.000179 -0.006290 0.786458
0.000376 -0.006365 0.786458
0.000582 -0.006406 0.786458
0.000790 -0.006441 0.786458
0.000986 -0.006518 0.786458
0.001195 -0.006547 0.786458
0.001400 -0.006596 0.786458
0.001606 -0.006636 0.786458
0.001809 -0.006692 0.786458
0.002013 -0.006746 0.786458
0.002219 -0.006791 0.786458
0.002423 -0.006843 0.786458
0.002631 -0.006873 0.786458
0.002835 -0.006927 0.786458
0.003043 -0.006962 0.786458
0.003246 -0.007016 0.786458
0.003454 -0.007052 0.786458
0.003657 -0.007107 0.786458
0.003864 -0.007145 0.786458
0.004062 -0.007072 0.786458
0.004130 -0.006873 0.786458
0.004180 -0.006668 0.786458
0.004249 -0.006469 0.786458
0.004287 -0.006262 0.786458
0.004359 -0.006064 0.786458
0.004396 -0.005857 0.786458
0.004468 -0.005659 0.786458
0.004515 -0.005453 0.786458
0.004587 -0.005255 0.786458
0.004644 -0.005053 0.786458
0.004717 -0.004855 0.786458
0.004767 -0.004650 0.786458
0.004834 -0.004451 0.786458
0.004908 -0.004253 0.786458
0.004969 -0.004052 0.786458
0.005026 -0.003849 0.786458
0.005089 -0.003648 0.786458
0.005137 -0.003443 0.786458
0.005221 -0.003250 0.786458
0.005365 -0.003096 0.786458
0.005491 -0.002927 0.786458
0.005634 -0.002772 0.786458
0.005775 -0.002616 0.786458
0.005908 -0.002453 0.786458
0.006070 -0.002318 0.786458
0.006199 -0.002152 0.786458
0.006347 -0.002001 0.786458
0.006494 -0.001851 0.786458
0.006639 -0.001698 0.786458
0.006788 -0.001549 0.786458
0.006923 -0.001387 0.786458
0.007072 -0.001239 0.786458
0.007203 -0.001073 0.786458
0.007353 -0.000925 0.786458
0.007481 -0.000759 0.786458
0.007630 -0.000609 0.786458
0.007758 -0.000442 0.786458
0.007902 -0.000288 0.786458
0.008023 -0.000116 0.786458
0.008080 0.000087 0.786458

