0.007654 0.000003 0.631944
0.007515 0.000144 0.631944
0.007373 0.000282 0.631944
0.007237 0.000425 0.631944
0.007104 0.000572 0.631944
0.006976 0.000723 0.631944
0.006849 0.000875 0.631944
0.006705 0.001011 0.631944
0.006570 0.001156 0.631944
0.006424 0.001289 0.631944
0.006298 0.001442 0.631944
0.006162 0.001585 0.631944
0.006041 0.001742 0.631944
0.005926 0.001904 0.631944
0.005858 0.002089 0.631944
0.005715 0.002226 0.631944
0.005608 0.002392 0.631944
0.005481 0.002544 0.631944
0.005383 0.002716 0.631944
0.005245 0.002858 0.631944
0.005142 0.003027 0.631944
0.005101 0.003221 0.631944
0.005013 0.003398 0.631944
0.004961 0.003589 0.631944
0.004881 0.003770 0.631944
0.004845 0.003965 0.631944
0.004764 0.004145 0.631944
0.004716 0.004337 0.631944
0.004641 0.004520 0.631944
0.004599 0.004714 0.631944
0.004520 0.004895 0.631944
0.004470 0.005086 0.631944
0.004401 0.005272 0.631944
0.004355 0.005465 0.631944
0.004302 0.005655 0.631944
0.004247 0.005845 0.631944
0.004188 0.006034 0.631944
0.004132 0.006224 0.631944
0.004070 0.006412 0.631944
0.004014 0.006602 0.631944
0.003863 0.006730 0.631944
0.003670 0.006687 0.631944
0.003478 0.006640 0.631944
0.003286 0.006589 0.631944
0.003095 0.006537 0.631944
0.002900 0.006502 0.631944
0.002704 0.006476 0.631944
0.002511 0.006433 0.631944
0.002319 0.006384 0.631944
0.002130 0.006328 0.631944
0.001939 0.006275 0.631944
0.001749 0.006218 0.631944
0.001557 0.006170 0.631944
0.001367 0.006115 0.631944
0.001173 0.006078 0.631944
0.000976 0.006053 0.631944
0.000780 0.006032 0.631944
0.000584 0.006002 0.631944
0.000386 0.005997 0.631944
0.000190 0.005970 0.631944
-0.000008 0.005967 0.631944
-0.000200 0.006016 0.631944
-0.000397 0.006032 0.631944
-0.000591 0.006071 0.631944
-0.000786 0.006104 0.631944
-0.000979 0.006147 0.631944
-0.001175 0.006175 0.631944
-0.001369 0.006215 0.631944
-0.001562 0.006260 0.631944
-0.001754 0.006308 0.631944
-0.001948 0.006345 0.631944
-0.002141 0.006392 0.631944
-0.002335 0.006432 0.631944
-0.002526 0.006481 0.631944
-0.002718 0.006530 0.631944
-0.002911 0.006574 0.631944
-0.003104 0.006618 0.631944
-0.003296 0.006665 0.631944
-0.003490 0.006706 0.631944
-0.003683 0.006750 0.631944
-0.003869 0.006682 0.631944
-0.003926 0.006493 0.631944
-0.003983 0.006303 0.631944
-0.004037 0.006113 0.631944
-0.004086 0.005921 0.631944
-0.004141 0.005731 0.631944
-0.004215 0.005547 0.631944
-0.004275 0.005359 0.631944
-0.004342 0.005172 0.631944
-0.004389 0.004980 0.631944
-0.004450 0.004792 0.631944
-0.004497 0.004600 0.631944
-0.004560 0.004412 0.631944
-0.004610 0.004220 0.631944
-0.004689 0.004039 0.631944
-0.004765 0.003856 0.631944
-0.004854 0.003680 0.631944
-0.004923 0.003494 0.631944
-0.005021 0.003322 0.631944
-0.005090 0.003136 0.631944
-0.005186 0.002963 0.631944
-0.005328 0.002825 0.631944
-0.005440 0.002662 0.631944
-0.005575 0.002518 0.631944
-0.005699 0.002363 0.631944
-0.005841 0.002226 0.631944
-0.005962 0.002069 0.631944
-0.006097 0.001924 0.631944
-0.006229 0.001777 0.631944
-0.006371 0.001639 0.631944
-0.006497 0.001486 0.631944
-0.006638 0.001347 0.631944
-0.006765 0.001195 0.631944
-0.006907 0.001057 0.631944
-0.007042 0.000913 0.631944
-0.007178 0.000769 0.631944
-0.007312 0.000624 0.631944
-0.007450 0.000482 0.631944
-0.007582 0.000334 0.631944
-0.007717 0.000189 0.631944
-0.007749 -0.000006 0.631944
-0.007612 -0.000149 0.631944
-0.007477 -0.000294 0.631944
-0.007343 -0.000440 0.631944
-0.007204 -0.000580 0.631944
-0.007064 -0.000720 0.631944
-0.006936 -0.000870 0.631944
-0.006804 -0.001018 0.631944
-0.006677 -0.001170 0.631944
-0.006542 -0.001315 0.631944
-0.006405 -0.001458 0.631944
-0.006267 -0.001600 0.631944
-0.006128 -0.001740 0.631944
-0.005987 -0.001879 0.631944
-0.005858 -0.002030 0.631944
-0.005736 -0.002185 0.631944
-0.005621 -0.002346 0.631944
-0.005495 -0.002499 0.631944
-0.005391 -0.002667 0.631944
-0.005267 -0.002822 0.631944
-0.005170 -0.002994 0.631944
-0.005126 -0.003187 0.631944
-0.005044 -0.003367 0.631944
-0.004986 -0.003557 0.631944
-0.004922 -0.003744 0.631944
-0.004874 -0.003936 0.631944
-0.004806 -0.004122 0.631944
-0.004745 -0.004310 0.631944
-0.004692 -0.004501 0.631944
-0.004637 -0.004691 0.631944
-0.004577 -0.004879 0.631944
-0.004520 -0.005069 0.631944
-0.004453 -0.005255 0.631944
-0.004398 -0.005445 0.631944
-0.004344 -0.005636 0.631944
-0.004289 -0.005826 0.631944
-0.004232 -0.006015 0.631944
-0.004178 -0.006206 0.631944
-0.004116 -0.006394 0.631944
-0.004057 -0.006583 0.631944
-0.003904 -0.006709 0.631944
-0.003713 -0.006660 0.631944
-0.003521 -0.006611 0.631944
-0.003327 -0.006572 0.631944
-0.003134 -0.006526 0.631944
-0.002942 -0.006480 0.631944
-0.002749 -0.006434 0.631944
-0.002555 -0.006395 0.631944
-0.002363 -0.006349 0.631944
-0.002167 -0.006321 0.631944
-0.001976 -0.006268 0.631944
-0.001781 -0.006234 0.631944
-0.001593 -0.006173 0.631944
-0.001399 -0.006130 0.631944
-0.001207 -0.006083 0.631944
-0.001010 -0.006062 0.631944
-0.000815 -0.006029 0.631944
-0.000619 -0.006007 0.631944
-0.000421 -0.005992 0.631944
-0.000224 -0.005972 0.631944
-0.000026 -0.005969 0.631944
0.000165 -0.006019 0.631944
0.000361 -0.006046 0.631944
0.000556 -0.006078 0.631944
0.000749 -0.006124 0.631944
0.000942 -0.006168 0.631944
0.001134 -0.006215 0.631944
0.001329 -0.006246 0.631944
0.001518 -0.006307 0.631944
0.001712 -0.006346 0.631944
0.001901 -0.006404 0.631944
0.002096 -0.006438 0.631944
0.002289 -0.006483 0.631944
0.002484 -0.006518 0.631944
0.002674 -0.006573 0.631944
0.002866 -0.006620 0.631944
0.003058 -0.006669 0.631944
0.003250 -0.006716 0.631944
0.003444 -0.006757 0.631944
0.003637 -0.006798 0.631944
0.003823 -0.006729 0.631944
0.003875 -0.006538 0.631944
0.003926 -0.006347 0.631944
0.003987 -0.006158 0.631944
0.004045 -0.005969 0.631944
0.004107 -0.005781 0.631944
0.004166 -0.005592 0.631944
0.004229 -0.005405 0.631944
0.004279 -0.005213 0.631944
0.004351 -0.005029 0.631944
0.004398 -0.004837 0.631944
0.004473 -0.004653 0.631944
0.004509 -0.004459 0.631944
0.004578 -0.004273 0.631944
0.004642 -0.004086 0.631944
0.004734 -0.003911 0.631944
0.004802 -0.003725 0.631944
0.004891 -0.003548 0.631944
0.004971 -0.003367 0.631944
0.005062 -0.003191 0.631944
0.005144 -0.003011 0.631944
0.005270 -0.002858 0.631944
0.005393 -0.002704 0.631944
0.005506 -0.002541 0.631944
0.005638 -0.002393 0.631944
0.005758 -0.002236 0.631944
0.005888 -0.002087 0.631944
0.006002 -0.001925 0.631944
0.006144 -0.001787 0.631944
0.006267 -0.001632 0.631944
0.006409 -0.001494 0.631944
0.006531 -0.001338 0.631944
0.006676 -0.001203 0.631944
0.006806 -0.001054 0.631944
0.006951 -0.000920 0.631944
0.007083 -0.000772 0.631944
0.007221 -0.000630 0.631944
0.007357 -0.000486 0.631944
0.007489 -0.000339 0.631944
0.007622 -0.000192 0.631944
0.007654 0.000003 0.631944

