0.006290 -0.000000 0.180556
0.006237 0.000150 0.180556
0.006138 0.000275 0.180556
0.006037 0.000399 0.180556
0.005935 0.000521 0.180556
0.005836 0.000645 0.180556
0.005741 0.000773 0.180556
0.005642 0.000898 0.180556
0.005538 0.001019 0.180556
0.005433 0.001139 0.180556
0.005335 0.001264 0.180556
0.005242 0.001393 0.180556
0.005147 0.001521 0.180556
0.005046 0.001644 0.180556
0.004940 0.001763 0.180556
0.004832 0.001880 0.180556
0.004726 0.001999 0.180556
0.004623 0.002120 0.180556
0.004525 0.002246 0.180556
0.004432 0.002375 0.180556
0.004345 0.002509 0.180556
0.004273 0.002650 0.180556
0.004207 0.002796 0.180556
0.004148 0.002943 0.180556
0.004094 0.003093 0.180556
0.004045 0.003245 0.180556
0.003997 0.003397 0.180556
0.003947 0.003548 0.180556
0.003891 0.003697 0.180556
0.003828 0.003843 0.180556
0.003762 0.003988 0.180556
0.003703 0.004136 0.180556
0.003651 0.004287 0.180556
0.003599 0.004437 0.180556
0.003540 0.004585 0.180556
0.003477 0.004731 0.180556
0.003418 0.004880 0.180556
0.003364 0.005029 0.180556
0.003307 0.005178 0.180556
0.003248 0.005326 0.180556
0.003145 0.005447 0.180556
0.002988 0.005476 0.180556
0.002831 0.005453 0.180556
0.002673 0.005428 0.180556
0.002517 0.005400 0.180556
0.002359 0.005376 0.180556
0.002201 0.005358 0.180556
0.002043 0.005336 0.180556
0.001887 0.005305 0.180556
0.001731 0.005275 0.180556
0.001573 0.005252 0.180556
0.001414 0.005236 0.180556
0.001256 0.005219 0.180556
0.001099 0.005192 0.180556
0.000943 0.005160 0.180556
0.000788 0.005125 0.180556
0.000632 0.005092 0.180556
0.000475 0.005064 0.180556
0.000318 0.005042 0.180556
0.000159 0.005025 0.180556
-0.000000 0.005017 0.180556
-0.000159 0.005025 0.180556
-0.000318 0.005042 0.180556
-0.000475 0.005064 0.180556
-0.000632 0.005092 0.180556
-0.000788 0.005125 0.180556
-0.000943 0.005160 0.180556
-0.001099 0.005192 0.180556
-0.001256 0.005219 0.180556
-0.001414 0.005236 0.180556
-0.001573 0.005252 0.180556
-0.001731 0.005275 0.180556
-0.001887 0.005305 0.180556
-0.002043 0.005336 0.180556
-0.002201 0.005358 0.180556
-0.002359 0.005376 0.180556
-0.002517 0.005400 0.180556
-0.002673 0.005428 0.180556
-0.002831 0.005453 0.180556
-0.002988 0.005476 0.180556
-0.003145 0.005447 0.180556
-0.003248 0.005326 0.180556
-0.003307 0.005178 0.180556
-0.003364 0.005029 0.180556
-0.003418 0.004880 0.180556
-0.003477 0.004731 0.180556
-0.003540 0.004585 0.180556
-0.003599 0.004437 0.180556
-0.003651 0.004287 0.180556
-0.003703 0.004136 0.180556
-0.003762 0.003988 0.180556
-0.003828 0.003843 0.180556
-0.003891 0.003697 0.180556
-0.003947 0.003548 0.180556
-0.003997 0.003397 0.180556
-0.004045 0.003245 0.180556
-0.004094 0.003093 0.180556
-0.004148 0.002943 0.180556
-0.004207 0.002796 0.180556
-0.004273 0.002650 0.180556
-0.004345 0.002509 0.180556
-0.004432 0.002375 0.180556
-0.004525 0.002246 0.180556
-0.004623 0.002120 0.180556
-0.004726 0.001999 0.180556
-0.004832 0.001880 0.180556
-0.004940 0.001763 0.180556
-0.005046 0.001644 0.180556
-0.005147 0.001521 0.180556
-0.005242 0.001393 0.180556
-0.005335 0.001264 0.180556
-0.005433 0.001139 0.180556
-0.005538 0.001019 0.180556
-0.005642 0.000898 0.180556
-0.005741 0.000773 0.180556
-0.005836 0.000645 0.180556
-0.005935 0.000521 0.180556
-0.006037 0.000399 0.180556
-0.006138 0.000275 0.180556
-0.006237 0.000150 0.180556
-0.006290 0.000000 0.180556
-0.006237 -0.000150 0.180556
-0.006138 -0.000275 0.180556
-0.006037 -0.000399 0.180556
-0.005935 -0.000521 0.180556
-0.005836 -0.000645 0.180556
-0.005741 -0.000773 0.180556
-0.005642 -0.000898 0.180556
-0.005538 -0.001019 0.180556
-0.005433 -0.001139 0.180556
-0.005335 -0.001264 0.180556
-0.005242 -0.001393 0.180556
-0.005147 -0.001521 0.180556
-0.005046 -0.001644 0.180556
-0.004940 -0.001763 0.180556
-0.004832 -0.001880 0.180556
-0.004726 -0.001999 0.180556
-0.004623 -0.002120 0.180556
-0.004525 -0.002246 0.180556
-0.004432 -0.002375 0.180556
-0.004345 -0.002509 0.180556
-0.004273 -0.002650 0.180556
-0.004207 -0.002796 0.180556
-0.004148 -0.002943 0.180556
-0.004094 -0.003093 0.180556
-0.004045 -0.003245 0.180556
-0.003997 -0.003397 0.180556
-0.003947 -0.003548 0.180556
-0.003891 -0.003697 0.180556
-0.003828 -0.003843 0.180556
-0.003762 -0.003988 0.180556
-0.003703 -0.004136 0.180556
-0.003651 -0.004287 0.180556
-0.003599 -0.004437 0.180556
-0.003540 -0.004585 0.180556
-0.003477 -0.004731 0.180556
-0.003418 -0.004880 0.180556
-0.003364 -0.005029 0.180556
-0.003307 -0.005178 0.180556
-0.003248 -0.005326 0.180556
-0.003145 -0.005447 0.180556
-0.002988 -0.005476 0.180556
-0.002831 -0.005453 0.180556
-0.002673 -0.005428 0.180556
-0.002517 -0.005400 0.180556
-0.002359 -0.005376 0.180556
-0.002201 -0.005358 0.180556
-0.002043 -0.005336 0.180556
-0.001887 -0.005305 0.180556
-0.001731 -0.005275 0.180556
-0.001573 -0.005252 0.180556
-0.001414 -0.005236 0.180556
-0.001256 -0.005219 0.180556
-0.001099 -0.005192 0.180556
-0.000943 -0.005160 0.180556
-0.000788 -0.005125 0.180556
-0.000632 -0.005092 0.180556
-0.000475 -0.005064 0.180556
-0.000318 -0.005042 0.180556
-0.000159 -0.005025 0.180556
0.000000 -0.005017 0.180556
0.000159 -0.005025 0.180556
0.000318 -0.005042 0.180556
0.000475 -0.005064 0.180556
0.000632 -0.005092 0.180556
0.000788 -0.005125 0.180556
0.000943 -0.005160 0.180556
0.001099 -0.005192 0.180556
0.001256 -0.005219 0.180556
0.001414 -0.005236 0.180556
0.001573 -0.005252 0.180556
0.001731 -0.005275 0.180556
0.001887 -0.005305 0.180556
0.002043 -0.005336 0.180556
0.002201 -0.005358 0.180556
0.002359 -0.005376 0.180556
0.002517 -0.005400 0.180556
0.002673 -0.005428 0.180556
0.002831 -0.005453 0.180556
0.002988 -0.005476 0.180556
0.003145 -0.005447 0.180556
0.003248 -0.005326 0.180556
0.003307 -0.005178 0.180556
0.003364 -0.005029 0.180556
0.003418 -0.004880 0.180556
0.003477 -0.004731 0.180556
0.003540 -0.004585 0.180556
0.003599 -0.004437 0.180556
0.003651 -0.004287 0.180556
0.003703 -0.004136 0.180556
0.003762 -0.003988 0.180556
0.003828 -0.003843 0.180556
0.003891 -0.003697 0.180556
0.003947 -0.003548 0.180556
0.003997 -0.003397 0.180556
0.004045 -0.003245 0.180556
0.004094 -0.003093 0.180556
0.004148 -0.002943 0.180556
0.004207 -0.002796 0.180556
0.004273 -0.002650 0.180556
0.004345 -0.002509 0.180556
0.004432 -0.002375 0.180556
0.004525 -0.002246 0.180556
0.004623 -0.002120 0.180556
0.004726 -0.001999 0.180556
0.004832 -0.001880 0.180556
0.004940 -0.001763 0.180556
0.005046 -0.001644 0.180556
0.005147 -0.001521 0.180556
0.005242 -0.001393 0.180556
0.005335 -0.001264 0.180556
0.005433 -0.001139 0.180556
0.005538 -0.001019 0.180556
0.005642 -0.000898 0.180556
0.005741 -0.000773 0.180556
0.005836 -0.000645 0.180556
0.005935 -0.000521 0.180556
0.006037 -0.000399 0.180556
0.006138 -0.000275 0.180556
0.006237 -0.000150 0.180556
0.006290 -0.000000 0.180556

