0.007806 0.000027 0.685764
0.007664 0.000170 0.685764
0.007521 0.000314 0.685764
0.007376 0.000456 0.685764
0.007236 0.000602 0.685764
0.007088 0.000741 0.685764
0.006960 0.000898 0.685764
0.006824 0.001047 0.685764
0.006696 0.001205 0.685764
0.006548 0.001343 0.685764
0.006406 0.001488 0.685764
0.006272 0.001639 0.685764
0.006117 0.001769 0.685764
0.006009 0.001941 0.685764
0.006013 0.002144 0.685764
0.005843 0.002254 0.685764
0.005711 0.002408 0.685764
0.005562 0.002544 0.685764
0.005467 0.002723 0.685764
0.005322 0.002865 0.685764
0.005220 0.003040 0.685764
0.005188 0.003240 0.685764
0.005094 0.003419 0.685764
0.005060 0.003619 0.685764
0.004982 0.003806 0.685764
0.004936 0.004003 0.685764
0.004851 0.004187 0.685764
0.004813 0.004386 0.685764
0.004734 0.004573 0.685764
0.004685 0.004769 0.685764
0.004607 0.004956 0.685764
0.004573 0.005156 0.685764
0.004504 0.005346 0.685764
0.004466 0.005545 0.685764
0.004396 0.005735 0.685764
0.004340 0.005930 0.685764
0.004278 0.006123 0.685764
0.004219 0.006317 0.685764
0.004160 0.006511 0.685764
0.004110 0.006707 0.685764
0.003960 0.006843 0.685764
0.003760 0.006811 0.685764
0.003561 0.006772 0.685764
0.003363 0.006733 0.685764
0.003165 0.006687 0.685764
0.002972 0.006626 0.685764
0.002775 0.006578 0.685764
0.002576 0.006541 0.685764
0.002376 0.006512 0.685764
0.002177 0.006471 0.685764
0.001980 0.006426 0.685764
0.001786 0.006366 0.685764
0.001590 0.006316 0.685764
0.001396 0.006259 0.685764
0.001200 0.006205 0.685764
0.001008 0.006142 0.685764
0.000807 0.006115 0.685764
0.000609 0.006071 0.685764
0.000408 0.006051 0.685764
0.000207 0.006023 0.685764
0.000006 0.006047 0.685764
-0.000190 0.006099 0.685764
-0.000392 0.006114 0.685764
-0.000584 0.006176 0.685764
-0.000786 0.006200 0.685764
-0.000983 0.006246 0.685764
-0.001182 0.006283 0.685764
-0.001376 0.006340 0.685764
-0.001575 0.006380 0.685764
-0.001773 0.006423 0.685764
-0.001971 0.006466 0.685764
-0.002167 0.006518 0.685764
-0.002365 0.006562 0.685764
-0.002560 0.006615 0.685764
-0.002759 0.006655 0.685764
-0.002956 0.006700 0.685764
-0.003153 0.006746 0.685764
-0.003351 0.006788 0.685764
-0.003549 0.006834 0.685764
-0.003745 0.006885 0.685764
-0.003936 0.006818 0.685764
-0.004000 0.006626 0.685764
-0.004061 0.006433 0.685764
-0.004121 0.006239 0.685764
-0.004187 0.006047 0.685764
-0.004228 0.005849 0.685764
-0.004288 0.005656 0.685764
-0.004341 0.005460 0.685764
-0.004416 0.005272 0.685764
-0.004477 0.005079 0.685764
-0.004547 0.004889 0.685764
-0.004595 0.004692 0.685764
-0.004661 0.004500 0.685764
-0.004708 0.004303 0.685764
-0.004770 0.004110 0.685764
-0.004814 0.003912 0.685764
-0.004901 0.003730 0.685764
-0.004965 0.003537 0.685764
-0.005056 0.003357 0.685764
-0.005135 0.003170 0.685764
-0.005259 0.003010 0.685764
-0.005406 0.002871 0.685764
-0.005519 0.002703 0.685764
-0.005674 0.002572 0.685764
-0.005797 0.002411 0.685764
-0.005939 0.002266 0.685764
-0.006065 0.002108 0.685764
-0.006217 0.001974 0.685764
-0.006348 0.001819 0.685764
-0.006487 0.001672 0.685764
-0.006620 0.001519 0.685764
-0.006765 0.001378 0.685764
-0.006898 0.001225 0.685764
-0.007047 0.001087 0.685764
-0.007177 0.000932 0.685764
-0.007320 0.000788 0.685764
-0.007455 0.000637 0.685764
-0.007593 0.000489 0.685764
-0.007729 0.000339 0.685764
-0.007871 0.000195 0.685764
-0.007904 -0.000005 0.685764
-0.007767 -0.000154 0.685764
-0.007626 -0.000300 0.685764
-0.007487 -0.000447 0.685764
-0.007355 -0.000601 0.685764
-0.007211 -0.000743 0.685764
-0.007070 -0.000889 0.685764
-0.006929 -0.001035 0.685764
-0.006793 -0.001185 0.685764
-0.006662 -0.001339 0.685764
-0.006530 -0.001493 0.685764
-0.006393 -0.001642 0.685764
-0.006257 -0.001792 0.685764
-0.006112 -0.001934 0.685764
-0.005971 -0.002079 0.685764
-0.005821 -0.002215 0.685764
-0.005698 -0.002376 0.685764
-0.005560 -0.002525 0.685764
-0.005440 -0.002687 0.685764
-0.005322 -0.002852 0.685764
-0.005258 -0.003044 0.685764
-0.005207 -0.003241 0.685764
-0.005122 -0.003425 0.685764
-0.005092 -0.003625 0.685764
-0.005019 -0.003814 0.685764
-0.004964 -0.004009 0.685764
-0.004895 -0.004199 0.685764
-0.004852 -0.004397 0.685764
-0.004788 -0.004590 0.685764
-0.004725 -0.004782 0.685764
-0.004663 -0.004975 0.685764
-0.004602 -0.005168 0.685764
-0.004545 -0.005362 0.685764
-0.004495 -0.005559 0.685764
-0.004433 -0.005752 0.685764
-0.004375 -0.005946 0.685764
-0.004314 -0.006139 0.685764
-0.004252 -0.006332 0.685764
-0.004189 -0.006524 0.685764
-0.004134 -0.006719 0.685764
-0.003974 -0.006844 0.685764
-0.003776 -0.006800 0.685764
-0.003581 -0.006748 0.685764
-0.003384 -0.006699 0.685764
-0.003187 -0.006653 0.685764
-0.002988 -0.006612 0.685764
-0.002793 -0.006559 0.685764
-0.002594 -0.006523 0.685764
-0.002400 -0.006463 0.685764
-0.002200 -0.006431 0.685764
-0.002004 -0.006381 0.685764
-0.001804 -0.006350 0.685764
-0.001607 -0.006303 0.685764
-0.001408 -0.006264 0.685764
-0.001215 -0.006203 0.685764
-0.001018 -0.006153 0.685764
-0.000819 -0.006118 0.685764
-0.000620 -0.006077 0.685764
-0.000420 -0.006050 0.685764
-0.000218 -0.006027 0.685764
-0.000019 -0.006065 0.685764
0.000176 -0.006120 0.685764
0.000377 -0.006138 0.685764
0.000568 -0.006206 0.685764
0.000767 -0.006246 0.685764
0.000965 -0.006288 0.685764
0.001162 -0.006334 0.685764
0.001359 -0.006384 0.685764
0.001553 -0.006440 0.685764
0.001753 -0.006473 0.685764
0.001949 -0.006523 0.685764
0.002149 -0.006555 0.685764
0.002343 -0.006615 0.685764
0.002541 -0.006659 0.685764
0.002735 -0.006717 0.685764
0.002934 -0.006754 0.685764
0.003131 -0.006803 0.685764
0.003330 -0.006840 0.685764
0.003528 -0.006883 0.685764
0.003725 -0.006928 0.685764
0.003912 -0.006850 0.685764
0.003970 -0.006656 0.685764
0.004021 -0.006460 0.685764
0.004076 -0.006265 0.685764
0.004130 -0.006070 0.685764
0.004194 -0.005878 0.685764
0.004246 -0.005682 0.685764
0.004320 -0.005493 0.685764
0.004366 -0.005296 0.685764
0.004440 -0.005108 0.685764
0.004483 -0.004910 0.685764
0.004559 -0.004722 0.685764
0.004615 -0.004527 0.685764
0.004682 -0.004336 0.685764
0.004719 -0.004137 0.685764
0.004791 -0.003947 0.685764
0.004861 -0.003757 0.685764
0.004939 -0.003570 0.685764
0.005021 -0.003385 0.685764
0.005097 -0.003197 0.685764
0.005212 -0.003030 0.685764
0.005352 -0.002884 0.685764
0.005465 -0.002716 0.685764
0.005603 -0.002567 0.685764
0.005731 -0.002411 0.685764
0.005853 -0.002249 0.685764
0.005993 -0.002102 0.685764
0.006125 -0.001949 0.685764
0.006270 -0.001807 0.685764
0.006395 -0.001648 0.685764
0.006544 -0.001510 0.685764
0.006675 -0.001356 0.685764
0.006827 -0.001222 0.685764
0.006957 -0.001067 0.685764
0.007105 -0.000928 0.685764
0.007233 -0.000771 0.685764
0.007378 -0.000629 0.685764
0.007506 -0.000473 0.685764
0.007645 -0.000325 0.685764
0.007780 -0.000174 0.685764
0.007806 0.000027 0.685764

