0.006560 -0.000000 0.272569
0.006505 0.000157 0.272569
0.006401 0.000286 0.272569
0.006298 0.000415 0.272569
0.006195 0.000546 0.272569
0.006091 0.000675 0.272569
0.005984 0.000802 0.272569
0.005880 0.000932 0.272569
0.005781 0.001065 0.272569
0.005678 0.001195 0.272569
0.005572 0.001322 0.272569
0.005463 0.001448 0.272569
0.005363 0.001580 0.272569
0.005262 0.001712 0.272569
0.005163 0.001845 0.272569
0.005053 0.001969 0.272569
0.004945 0.002096 0.272569
0.004839 0.002223 0.272569
0.004739 0.002355 0.272569
0.004643 0.002491 0.272569
0.004540 0.002621 0.272569
0.004479 0.002775 0.272569
0.004409 0.002926 0.272569
0.004345 0.003079 0.272569
0.004288 0.003235 0.272569
0.004232 0.003391 0.272569
0.004179 0.003549 0.272569
0.004114 0.003701 0.272569
0.004050 0.003854 0.272569
0.003985 0.004007 0.272569
0.003931 0.004164 0.272569
0.003874 0.004320 0.272569
0.003812 0.004474 0.272569
0.003747 0.004627 0.272569
0.003687 0.004781 0.272569
0.003630 0.004937 0.272569
0.003571 0.005092 0.272569
0.003509 0.005246 0.272569
0.003448 0.005401 0.272569
0.003388 0.005555 0.272569
0.003280 0.005682 0.272569
0.003117 0.005712 0.272569
0.002953 0.005686 0.272569
0.002789 0.005662 0.272569
0.002625 0.005639 0.272569
0.002461 0.005613 0.272569
0.002297 0.005584 0.272569
0.002133 0.005559 0.272569
0.001968 0.005539 0.272569
0.001804 0.005515 0.272569
0.001641 0.005486 0.272569
0.001478 0.005455 0.272569
0.001313 0.005434 0.272569
0.001148 0.005413 0.272569
0.000984 0.005394 0.272569
0.000821 0.005361 0.272569
0.000658 0.005331 0.272569
0.000494 0.005302 0.272569
0.000330 0.005281 0.272569
0.000164 0.005266 0.272569
-0.000000 0.005243 0.272569
-0.000164 0.005266 0.272569
-0.000330 0.005281 0.272569
-0.000494 0.005302 0.272569
-0.000658 0.005331 0.272569
-0.000821 0.005361 0.272569
-0.000984 0.005394 0.272569
-0.001148 0.005413 0.272569
-0.001313 0.005434 0.272569
-0.001478 0.005455 0.272569
-0.001641 0.005486 0.272569
-0.001804 0.005515 0.272569
-0.001968 0.005539 0.272569
-0.002133 0.005559 0.272569
-0.002297 0.005584 0.272569
-0.002461 0.005613 0.272569
-0.002625 0.005639 0.272569
-0.002789 0.005662 0.272569
-0.002953 0.005686 0.272569
-0.003117 0.005712 0.272569
-0.003280 0.005682 0.272569
-0.003388 0.005555 0.272569
-0.003448 0.005401 0.272569
-0.003509 0.005246 0.272569
-0.003571 0.005092 0.272569
-0.003630 0.004937 0.272569
-0.003687 0.004781 0.272569
-0.003747 0.004627 0.272569
-0.003812 0.004474 0.272569
-0.003874 0.004320 0.272569
-0.003931 0.004164 0.272569
-0.003985 0.004007 0.272569
-0.004050 0.003854 0.272569
-0.004114 0.003701 0.272569
-0.004179 0.003549 0.272569
-0.004232 0.003391 0.272569
-0.004288 0.003235 0.272569
-0.004345 0.003079 0.272569
-0.004409 0.002926 0.272569
-0.004479 0.002775 0.272569
-0.004540 0.002621 0.272569
-0.004643 0.002491 0.272569
-0.004739 0.002355 0.272569
-0.004839 0.002223 0.272569
-0.004945 0.002096 0.272569
-0.005053 0.001969 0.272569
-0.005163 0.001845 0.272569
-0.005262 0.001712 0.272569
-0.005363 0.001580 0.272569
-0.005463 0.001448 0.272569
-0.005572 0.001322 0.272569
-0.005678 0.001195 0.272569
-0.005781 0.001065 0.272569
-0.005880 0.000932 0.272569
-0.005984 0.000802 0.272569
-0.006091 0.000675 0.272569
-0.006195 0.000546 0.272569
-0.006298 0.000415 0.272569
-0.006401 0.000286 0.272569
-0.006505 0.000157 0.272569
-0.006560 0.000000 0.272569
-0.006505 -0.000156 0.272569
-0.006401 -0.000286 0.272569
-0.006298 -0.000415 0.272569
-0.006195 -0.000546 0.272569
-0.006091 -0.000675 0.272569
-0.005984 -0.000802 0.272569
-0.005880 -0.000932 0.272569
-0.005781 -0.001065 0.272569
-0.005678 -0.001195 0.272569
-0.005572 -0.001322 0.272569
-0.005463 -0.001448 0.272569
-0.005363 -0.001580 0.272569
-0.005262 -0.001712 0.272569
-0.005163 -0.001845 0.272569
-0.005053 -0.001969 0.272569
-0.004945 -0.002096 0.272569
-0.004839 -0.002223 0.272569
-0.004739 -0.002355 0.272569
-0.004643 -0.002491 0.272569
-0.004540 -0.002621 0.272569
-0.004479 -0.002775 0.272569
-0.004409 -0.002926 0.272569
-0.004345 -0.003079 0.272569
-0.004288 -0.003235 0.272569
-0.004232 -0.003391 0.272569
-0.004179 -0.003549 0.272569
-0.004114 -0.003701 0.272569
-0.004050 -0.003854 0.272569
-0.003985 -0.004007 0.272569
-0.003931 -0.004164 0.272569
-0.003874 -0.004320 0.272569
-0.003812 -0.004474 0.272569
-0.003747 -0.004627 0.272569
-0.003687 -0.004781 0.272569
-0.003630 -0.004937 0.272569
-0.003571 -0.005092 0.272569
-0.003509 -0.005246 0.272569
-0.003448 -0.005401 0.272569
-0.003388 -0.005555 0.272569
-0.003280 -0.005682 0.272569
-0.003117 -0.005712 0.272569
-0.002953 -0.005686 0.272569
-0.002789 -0.005662 0.272569
-0.002625 -0.005639 0.272569
-0.002461 -0.005613 0.272569
-0.002297 -0.005584 0.272569
-0.002133 -0.005559 0.272569
-0.001968 -0.005539 0.272569
-0.001804 -0.005515 0.272569
-0.001641 -0.005486 0.272569
-0.001478 -0.005455 0.272569
-0.001313 -0.005434 0.272569
-0.001148 -0.005413 0.272569
-0.000984 -0.005394 0.272569
-0.000821 -0.005361 0.272569
-0.000658 -0.005331 0.272569
-0.000494 -0.005302 0.272569
-0.000330 -0.005281 0.272569
-0.000164 -0.005266 0.272569
0.000000 -0.005243 0.272569
0.000164 -0.005266 0.272569
0.000330 -0.005281 0.272569
0.000494 -0.005302 0.272569
0.000658 -0.005331 0.272569
0.000821 -0.005361 0.272569
0.000984 -0.005394 0.272569
0.001148 -0.005413 0.272569
0.001313 -0.005434 0.272569
0.001478 -0.005455 0.272569
0.001641 -0.005486 0.272569
0.001804 -0.005515 0.272569
0.001968 -0.005539 0.272569
0.002133 -0.005559 0.272569
0.002297 -0.005584 0.272569
0.002461 -0.005613 0.272569
0.002625 -0.005639 0.272569
0.002789 -0.005662 0.272569
0.002953 -0.005686 0.272569
0.003117 -0.005712 0.272569
0.003280 -0.005682 0.272569
0.003388 -0.005555 0.272569
0.003448 -0.005401 0.272569
0.003509 -0.005246 0.272569
0.003571 -0.005092 0.272569
0.003630 -0.004937 0.272569
0.003687 -0.004781 0.272569
0.003747 -0.004627 0.272569
0.003812 -0.004474 0.272569
0.003874 -0.004320 0.272569
0.003931 -0.004164 0.272569
0.003985 -0.004007 0.272569
0.004050 -0.003854 0.272569
0.004114 -0.003701 0.272569
0.004179 -0.003549 0.272569
0.004232 -0.003391 0.272569
0.004288 -0.003235 0.272569
0.004345 -0.003079 0.272569
0.004409 -0.002926 0.272569
0.004479 -0.002775 0.272569
0.004540 -0.002621 0.272569
0.004643 -0.002491 0.272569
0.004739 -0.002355 0.272569
0.004839 -0.002223 0.272569
0.004945 -0.002096 0.272569
0.005053 -0.001969 0.272569
0.005163 -0.001845 0.272569
0.005262 -0.001712 0.272569
0.005363 -0.001580 0.272569
0.005463 -0.001448 0.272569
0.005572 -0.001322 0.272569
0.005678 -0.001195 0.272569
0.005781 -0.001065 0.272569
0.005880 -0.000932 0.272569
0.005984 -0.000802 0.272569
0.006091 -0.000675 0.272569
0.006195 -0.000546 0.272569
0.006298 -0.000415 0.272569
0.006401 -0.000286 0.272569
0.006505 -0.000157 0.272569
0.006560 -0.000000 0.272569

