0.006638 -0.000000 0.298611
0.006582 0.000158 0.298611
0.006477 0.000290 0.298611
0.006371 0.000420 0.298611
0.006265 0.000550 0.298611
0.006161 0.000683 0.298611
0.006059 0.000816 0.298611
0.005951 0.000945 0.298611
0.005844 0.001074 0.298611
0.005739 0.001205 0.298611
0.005640 0.001341 0.298611
0.005534 0.001471 0.298611
0.005427 0.001601 0.298611
0.005316 0.001727 0.298611
0.005215 0.001861 0.298611
0.005115 0.001996 0.298611
0.005011 0.002128 0.298611
0.004904 0.002258 0.298611
0.004791 0.002382 0.298611
0.004686 0.002513 0.298611
0.004584 0.002647 0.298611
0.004519 0.002802 0.298611
0.004459 0.002958 0.298611
0.004407 0.003118 0.298611
0.004348 0.003276 0.298611
0.004286 0.003432 0.298611
0.004219 0.003586 0.298611
0.004154 0.003740 0.298611
0.004100 0.003900 0.298611
0.004041 0.004057 0.298611
0.003981 0.004214 0.298611
0.003913 0.004367 0.298611
0.003852 0.004524 0.298611
0.003794 0.004682 0.298611
0.003736 0.004839 0.298611
0.003672 0.004995 0.298611
0.003609 0.005151 0.298611
0.003549 0.005307 0.298611
0.003490 0.005465 0.298611
0.003428 0.005621 0.298611
0.003319 0.005748 0.298611
0.003154 0.005779 0.298611
0.002988 0.005754 0.298611
0.002822 0.005727 0.298611
0.002656 0.005701 0.298611
0.002490 0.005677 0.298611
0.002323 0.005655 0.298611
0.002158 0.005626 0.298611
0.001992 0.005598 0.298611
0.001826 0.005572 0.298611
0.001659 0.005555 0.298611
0.001493 0.005528 0.298611
0.001327 0.005500 0.298611
0.001162 0.005467 0.298611
0.000996 0.005447 0.298611
0.000829 0.005428 0.298611
0.000663 0.005404 0.298611
0.000497 0.005376 0.298611
0.000333 0.005341 0.298611
0.000167 0.005315 0.298611
-0.000000 0.005294 0.298611
-0.000167 0.005315 0.298611
-0.000333 0.005341 0.298611
-0.000497 0.005376 0.298611
-0.000663 0.005404 0.298611
-0.000829 0.005428 0.298611
-0.000996 0.005447 0.298611
-0.001162 0.005467 0.298611
-0.001327 0.005500 0.298611
-0.001493 0.005528 0.298611
-0.001659 0.005555 0.298611
-0.001826 0.005572 0.298611
-0.001992 0.005598 0.298611
-0.002158 0.005626 0.298611
-0.002323 0.005655 0.298611
-0.002490 0.005677 0.298611
-0.002656 0.005701 0.298611
-0.002822 0.005727 0.298611
-0.002988 0.005754 0.298611
-0.003154 0.005780 0.298611
-0.003319 0.005748 0.298611
-0.003428 0.005621 0.298611
-0.003489 0.005464 0.298611
-0.003549 0.005307 0.298611
-0.003609 0.005151 0.298611
-0.003672 0.004995 0.298611
-0.003736 0.004839 0.298611
-0.003794 0.004682 0.298611
-0.003852 0.004524 0.298611
-0.003913 0.004367 0.298611
-0.003981 0.004214 0.298611
-0.004041 0.004057 0.298611
-0.004100 0.003900 0.298611
-0.004154 0.003740 0.298611
-0.004219 0.003586 0.298611
-0.004286 0.003432 0.298611
-0.004348 0.003276 0.298611
-0.004407 0.003118 0.298611
-0.004459 0.002958 0.298611
-0.004519 0.002802 0.298611
-0.004584 0.002647 0.298611
-0.004686 0.002513 0.298611
-0.004791 0.002382 0.298611
-0.004904 0.002258 0.298611
-0.005011 0.002128 0.298611
-0.005115 0.001996 0.298611
-0.005215 0.001861 0.298611
-0.005316 0.001727 0.298611
-0.005427 0.001601 0.298611
-0.005534 0.001471 0.298611
-0.005640 0.001341 0.298611
-0.005739 0.001205 0.298611
-0.005844 0.001074 0.298611
-0.005951 0.000945 0.298611
-0.006059 0.000816 0.298611
-0.006161 0.000683 0.298611
-0.006265 0.000550 0.298611
-0.006371 0.000420 0.298611
-0.006477 0.000290 0.298611
-0.006582 0.000159 0.298611
-0.006638 0.000000 0.298611
-0.006582 -0.000158 0.298611
-0.006477 -0.000290 0.298611
-0.006371 -0.000420 0.298611
-0.006265 -0.000550 0.298611
-0.006161 -0.000683 0.298611
-0.006059 -0.000816 0.298611
-0.005951 -0.000945 0.298611
-0.005844 -0.001074 0.298611
-0.005739 -0.001205 0.298611
-0.005640 -0.001341 0.298611
-0.005534 -0.001471 0.298611
-0.005427 -0.001601 0.298611
-0.005316 -0.001727 0.298611
-0.005215 -0.001861 0.298611
-0.005115 -0.001996 0.298611
-0.005011 -0.002128 0.298611
-0.004904 -0.002258 0.298611
-0.004791 -0.002382 0.298611
-0.004686 -0.002513 0.298611
-0.004584 -0.002647 0.298611
-0.004519 -0.002802 0.298611
-0.004459 -0.002958 0.298611
-0.004407 -0.003118 0.298611
-0.004348 -0.003276 0.298611
-0.004286 -0.003432 0.298611
-0.004219 -0.003586 0.298611
-0.004154 -0.003740 0.298611
-0.004100 -0.003900 0.298611
-0.004041 -0.004057 0.298611
-0.003981 -0.004214 0.298611
-0.003913 -0.004367 0.298611
-0.003852 -0.004524 0.298611
-0.003794 -0.004682 0.298611
-0.003736 -0.004839 0.298611
-0.003672 -0.004995 0.298611
-0.003609 -0.005151 0.298611
-0.003549 -0.005307 0.298611
-0.003490 -0.005465 0.298611
-0.003428 -0.005621 0.298611
-0.003319 -0.005748 0.298611
-0.003154 -0.005779 0.298611
-0.002988 -0.005754 0.298611
-0.002822 -0.005727 0.298611
-0.002656 -0.005701 0.298611
-0.002490 -0.005677 0.298611
-0.002323 -0.005655 0.298611
-0.002158 -0.005626 0.298611
-0.001992 -0.005598 0.298611
-0.001826 -0.005572 0.298611
-0.001659 -0.005555 0.298611
-0.001493 -0.005528 0.298611
-0.001327 -0.005500 0.298611
-0.001162 -0.005467 0.298611
-0.000996 -0.005447 0.298611
-0.000829 -0.005428 0.298611
-0.000663 -0.005404 0.298611
-0.000497 -0.005376 0.298611
-0.000333 -0.005341 0.298611
-0.000167 -0.005315 0.298611
0.000000 -0.005294 0.298611
0.000167 -0.005315 0.298611
0.000333 -0.005341 0.298611
0.000497 -0.005376 0.298611
0.000663 -0.005404 0.298611
0.000829 -0.005428 0.298611
0.000996 -0.005447 0.298611
0.001162 -0.005467 0.298611
0.001327 -0.005500 0.298611
0.001493 -0.005528 0.298611
0.001659 -0.005555 0.298611
0.001826 -0.005572 0.298611
0.001992 -0.005598 0.298611
0.002158 -0.005626 0.298611
0.002323 -0.005655 0.298611
0.002490 -0.005677 0.298611
0.002656 -0.005701 0.298611
0.002822 -0.005727 0.298611
0.002988 -0.005754 0.298611
0.003154 -0.005780 0.298611
0.003319 -0.005748 0.298611
0.003428 -0.005621 0.298611
0.003489 -0.005464 0.298611
0.003549 -0.005307 0.298611
0.003609 -0.005150 0.298611
0.003672 -0.004995 0.298611
0.003736 -0.004839 0.298611
0.003794 -0.004682 0.298611
0.003852 -0.004524 0.298611
0.003913 -0.004367 0.298611
0.003981 -0.004214 0.298611
0.004041 -0.004057 0.298611
0.004100 -0.003900 0.298611
0.004154 -0.003740 0.298611
0.004219 -0.003586 0.298611
0.004286 -0.003432 0.298611
0.004348 -0.003276 0.298611
0.004407 -0.003118 0.298611
0.004459 -0.002958 0.298611
0.004519 -0.002802 0.298611
0.004584 -0.002647 0.298611
0.004686 -0.002513 0.298611
0.004791 -0.002382 0.298611
0.004904 -0.002258 0.298611
0.005011 -0.002128 0.298611
0.005115 -0.001996 0.298611
0.005215 -0.001861 0.298611
0.005316 -0.001727 0.298611
0.005427 -0.001601 0.298611
0.005534 -0.001471 0.298611
0.005640 -0.001341 0.298611
0.005739 -0.001205 0.298611
0.005844 -0.001074 0.298611
0.005951 -0.000945 0.298611
0.006059 -0.000816 0.298611
0.006161 -0.000683 0.298611
0.006265 -0.000550 0.298611
0.006371 -0.000420 0.298611
0.006477 -0.000290 0.298611
0.006582 -0.000159 0.298611
0.006638 -0.000000 0.298611

