0.006816 -0.000000 0.361111
0.006757 0.000162 0.361111
0.006651 0.000298 0.361111
0.006541 0.000431 0.361111
0.006435 0.000567 0.361111
0.006327 0.000701 0.361111
0.006223 0.000838 0.361111
0.006111 0.000969 0.361111
0.006003 0.001104 0.361111
0.005897 0.001240 0.361111
0.005792 0.001377 0.361111
0.005684 0.001511 0.361111
0.005570 0.001640 0.361111
0.005464 0.001777 0.361111
0.005360 0.001914 0.361111
0.005254 0.002050 0.361111
0.005146 0.002184 0.361111
0.005031 0.002313 0.361111
0.004924 0.002448 0.361111
0.004822 0.002587 0.361111
0.004716 0.002723 0.361111
0.004651 0.002883 0.361111
0.004582 0.003040 0.361111
0.004519 0.003201 0.361111
0.004464 0.003364 0.361111
0.004403 0.003525 0.361111
0.004337 0.003685 0.361111
0.004271 0.003844 0.361111
0.004206 0.004004 0.361111
0.004150 0.004167 0.361111
0.004088 0.004328 0.361111
0.004022 0.004487 0.361111
0.003957 0.004647 0.361111
0.003895 0.004807 0.361111
0.003838 0.004970 0.361111
0.003772 0.005129 0.361111
0.003709 0.005290 0.361111
0.003645 0.005450 0.361111
0.003586 0.005612 0.361111
0.003523 0.005772 0.361111
0.003409 0.005902 0.361111
0.003239 0.005929 0.361111
0.003068 0.005907 0.361111
0.002898 0.005879 0.361111
0.002727 0.005856 0.361111
0.002556 0.005830 0.361111
0.002385 0.005808 0.361111
0.002216 0.005776 0.361111
0.002045 0.005750 0.361111
0.001875 0.005726 0.361111
0.001704 0.005704 0.361111
0.001533 0.005678 0.361111
0.001364 0.005644 0.361111
0.001194 0.005620 0.361111
0.001023 0.005598 0.361111
0.000852 0.005576 0.361111
0.000681 0.005548 0.361111
0.000513 0.005514 0.361111
0.000342 0.005488 0.361111
0.000171 0.005469 0.361111
-0.000000 0.005445 0.361111
-0.000171 0.005469 0.361111
-0.000342 0.005488 0.361111
-0.000513 0.005514 0.361111
-0.000681 0.005549 0.361111
-0.000852 0.005576 0.361111
-0.001023 0.005598 0.361111
-0.001194 0.005620 0.361111
-0.001364 0.005644 0.361111
-0.001533 0.005678 0.361111
-0.001704 0.005704 0.361111
-0.001875 0.005726 0.361111
-0.002045 0.005751 0.361111
-0.002216 0.005777 0.361111
-0.002385 0.005809 0.361111
-0.002556 0.005831 0.361111
-0.002727 0.005857 0.361111
-0.002897 0.005881 0.361111
-0.003067 0.005910 0.361111
-0.003238 0.005935 0.361111
-0.003407 0.005903 0.361111
-0.003518 0.005770 0.361111
-0.003583 0.005611 0.361111
-0.003644 0.005449 0.361111
-0.003708 0.005289 0.361111
-0.003771 0.005129 0.361111
-0.003838 0.004970 0.361111
-0.003895 0.004807 0.361111
-0.003957 0.004647 0.361111
-0.004022 0.004487 0.361111
-0.004088 0.004327 0.361111
-0.004150 0.004167 0.361111
-0.004206 0.004004 0.361111
-0.004271 0.003844 0.361111
-0.004337 0.003685 0.361111
-0.004403 0.003525 0.361111
-0.004464 0.003364 0.361111
-0.004519 0.003201 0.361111
-0.004582 0.003040 0.361111
-0.004651 0.002883 0.361111
-0.004716 0.002723 0.361111
-0.004822 0.002587 0.361111
-0.004924 0.002448 0.361111
-0.005031 0.002313 0.361111
-0.005146 0.002184 0.361111
-0.005254 0.002050 0.361111
-0.005360 0.001914 0.361111
-0.005464 0.001777 0.361111
-0.005570 0.001640 0.361111
-0.005684 0.001511 0.361111
-0.005792 0.001376 0.361111
-0.005897 0.001240 0.361111
-0.006003 0.001104 0.361111
-0.006111 0.000969 0.361111
-0.006223 0.000839 0.361111
-0.006328 0.000702 0.361111
-0.006436 0.000567 0.361111
-0.006542 0.000432 0.361111
-0.006653 0.000299 0.361111
-0.006760 0.000164 0.361111
-0.006816 0.000001 0.361111
-0.006755 -0.000160 0.361111
-0.006650 -0.000297 0.361111
-0.006541 -0.000431 0.361111
-0.006435 -0.000567 0.361111
-0.006327 -0.000701 0.361111
-0.006223 -0.000838 0.361111
-0.006110 -0.000969 0.361111
-0.006003 -0.001104 0.361111
-0.005897 -0.001240 0.361111
-0.005792 -0.001377 0.361111
-0.005684 -0.001511 0.361111
-0.005570 -0.001641 0.361111
-0.005464 -0.001777 0.361111
-0.005360 -0.001914 0.361111
-0.005254 -0.002050 0.361111
-0.005146 -0.002184 0.361111
-0.005031 -0.002313 0.361111
-0.004924 -0.002448 0.361111
-0.004822 -0.002587 0.361111
-0.004716 -0.002723 0.361111
-0.004651 -0.002883 0.361111
-0.004582 -0.003040 0.361111
-0.004519 -0.003201 0.361111
-0.004464 -0.003364 0.361111
-0.004403 -0.003525 0.361111
-0.004337 -0.003685 0.361111
-0.004271 -0.003844 0.361111
-0.004206 -0.004004 0.361111
-0.004150 -0.004167 0.361111
-0.004088 -0.004328 0.361111
-0.004022 -0.004487 0.361111
-0.003958 -0.004647 0.361111
-0.003895 -0.004807 0.361111
-0.003838 -0.004970 0.361111
-0.003772 -0.005129 0.361111
-0.003710 -0.005290 0.361111
-0.003646 -0.005450 0.361111
-0.003586 -0.005612 0.361111
-0.003524 -0.005773 0.361111
-0.003409 -0.005902 0.361111
-0.003239 -0.005928 0.361111
-0.003068 -0.005906 0.361111
-0.002898 -0.005879 0.361111
-0.002727 -0.005855 0.361111
-0.002556 -0.005830 0.361111
-0.002385 -0.005808 0.361111
-0.002216 -0.005776 0.361111
-0.002045 -0.005750 0.361111
-0.001875 -0.005726 0.361111
-0.001704 -0.005704 0.361111
-0.001533 -0.005678 0.361111
-0.001364 -0.005644 0.361111
-0.001194 -0.005620 0.361111
-0.001023 -0.005598 0.361111
-0.000852 -0.005576 0.361111
-0.000681 -0.005548 0.361111
-0.000513 -0.005514 0.361111
-0.000342 -0.005488 0.361111
-0.000171 -0.005469 0.361111
0.000000 -0.005445 0.361111
0.000171 -0.005469 0.361111
0.000342 -0.005488 0.361111
0.000513 -0.005514 0.361111
0.000681 -0.005549 0.361111
0.000852 -0.005576 0.361111
0.001023 -0.005598 0.361111
0.001194 -0.005620 0.361111
0.001364 -0.005644 0.361111
0.001533 -0.005678 0.361111
0.001704 -0.005704 0.361111
0.001875 -0.005727 0.361111
0.002045 -0.005751 0.361111
0.002216 -0.005777 0.361111
0.002385 -0.005809 0.361111
0.002556 -0.005831 0.361111
0.002727 -0.005857 0.361111
0.002897 -0.005882 0.361111
0.003067 -0.005912 0.361111
0.003238 -0.005938 0.361111
0.003406 -0.005903 0.361111
0.003515 -0.005769 0.361111
0.003581 -0.005610 0.361111
0.003643 -0.005449 0.361111
0.003708 -0.005289 0.361111
0.003771 -0.005129 0.361111
0.003837 -0.004970 0.361111
0.003895 -0.004807 0.361111
0.003957 -0.004647 0.361111
0.004022 -0.004487 0.361111
0.004088 -0.004327 0.361111
0.004150 -0.004167 0.361111
0.004206 -0.004004 0.361111
0.004271 -0.003844 0.361111
0.004337 -0.003685 0.361111
0.004403 -0.003525 0.361111
0.004464 -0.003364 0.361111
0.004519 -0.003201 0.361111
0.004582 -0.003040 0.361111
0.004651 -0.002883 0.361111
0.004716 -0.002723 0.361111
0.004822 -0.002587 0.361111
0.004924 -0.002448 0.361111
0.005031 -0.002313 0.361111
0.005146 -0.002184 0.361111
0.005254 -0.002050 0.361111
0.005360 -0.001914 0.361111
0.005464 -0.001777 0.361111
0.005570 -0.001640 0.361111
0.005684 -0.001511 0.361111
0.005792 -0.001376 0.361111
0.005897 -0.001240 0.361111
0.006003 -0.001104 0.361111
0.006111 -0.000969 0.361111
0.006223 -0.000838 0.361111
0.006328 -0.000701 0.361111
0.006435 -0.000567 0.361111
0.006542 -0.000431 0.361111
0.006651 -0.000298 0.361111
0.006758 -0.000163 0.361111
0.006816 -0.000000 0.361111

