0.007881 0.000050 0.713542
0.007731 0.000190 0.713542
0.007587 0.000336 0.713542
0.007439 0.000478 0.713542
0.007300 0.000628 0.713542
0.007146 0.000764 0.713542
0.007011 0.000917 0.713542
0.006869 0.001065 0.713542
0.006744 0.001227 0.713542
0.006604 0.001377 0.713542
0.006455 0.001518 0.713542
0.006325 0.001676 0.713542
0.006156 0.001791 0.713542
0.006048 0.001966 0.713542
0.006110 0.002162 0.713542
0.005934 0.002268 0.713542
0.005795 0.002418 0.713542
0.005626 0.002533 0.713542
0.005522 0.002710 0.713542
0.005376 0.002853 0.713542
0.005268 0.003028 0.713542
0.005238 0.003230 0.713542
0.005143 0.003412 0.713542
0.005118 0.003615 0.713542
0.005034 0.003802 0.713542
0.004985 0.004001 0.713542
0.004903 0.004189 0.713542
0.004866 0.004390 0.713542
0.004783 0.004578 0.713542
0.004736 0.004777 0.713542
0.004662 0.004968 0.713542
0.004631 0.005171 0.713542
0.004560 0.005363 0.713542
0.004519 0.005564 0.713542
0.004443 0.005754 0.713542
0.004392 0.005953 0.713542
0.004327 0.006147 0.713542
0.004270 0.006344 0.713542
0.004215 0.006541 0.713542
0.004169 0.006741 0.713542
0.004020 0.006881 0.713542
0.003817 0.006859 0.713542
0.003614 0.006827 0.713542
0.003413 0.006791 0.713542
0.003211 0.006757 0.713542
0.003013 0.006704 0.713542
0.002815 0.006648 0.713542
0.002617 0.006596 0.713542
0.002415 0.006562 0.713542
0.002213 0.006527 0.713542
0.002011 0.006494 0.713542
0.001813 0.006440 0.713542
0.001615 0.006389 0.713542
0.001418 0.006332 0.713542
0.001219 0.006283 0.713542
0.001029 0.006208 0.713542
0.000827 0.006170 0.713542
0.000628 0.006121 0.713542
0.000426 0.006088 0.713542
0.000223 0.006060 0.713542
0.000021 0.006094 0.713542
-0.000179 0.006139 0.713542
-0.000382 0.006160 0.713542
-0.000577 0.006225 0.713542
-0.000781 0.006244 0.713542
-0.000977 0.006302 0.713542
-0.001178 0.006342 0.713542
-0.001375 0.006398 0.713542
-0.001577 0.006433 0.713542
-0.001776 0.006481 0.713542
-0.001976 0.006529 0.713542
-0.002174 0.006579 0.713542
-0.002374 0.006624 0.713542
-0.002573 0.006674 0.713542
-0.002774 0.006712 0.713542
-0.002973 0.006762 0.713542
-0.003173 0.006805 0.713542
-0.003373 0.006850 0.713542
-0.003572 0.006900 0.713542
-0.003770 0.006953 0.713542
-0.003963 0.006884 0.713542
-0.004030 0.006690 0.713542
-0.004097 0.006497 0.713542
-0.004154 0.006300 0.713542
-0.004227 0.006109 0.713542
-0.004277 0.005910 0.713542
-0.004336 0.005714 0.713542
-0.004381 0.005514 0.713542
-0.004449 0.005321 0.713542
-0.004511 0.005125 0.713542
-0.004587 0.004935 0.713542
-0.004641 0.004737 0.713542
-0.004709 0.004544 0.713542
-0.004758 0.004345 0.713542
-0.004824 0.004151 0.713542
-0.004856 0.003949 0.713542
-0.004933 0.003759 0.713542
-0.004995 0.003564 0.713542
-0.005074 0.003375 0.713542
-0.005164 0.003191 0.713542
-0.005304 0.003041 0.713542
-0.005444 0.002892 0.713542
-0.005565 0.002726 0.713542
-0.005723 0.002596 0.713542
-0.005842 0.002429 0.713542
-0.005991 0.002288 0.713542
-0.006123 0.002132 0.713542
-0.006276 0.001995 0.713542
-0.006403 0.001834 0.713542
-0.006547 0.001689 0.713542
-0.006684 0.001537 0.713542
-0.006830 0.001393 0.713542
-0.006966 0.001239 0.713542
-0.007113 0.001097 0.713542
-0.007243 0.000938 0.713542
-0.007390 0.000796 0.713542
-0.007524 0.000640 0.713542
-0.007665 0.000492 0.713542
-0.007805 0.000342 0.713542
-0.007950 0.000197 0.713542
-0.007977 -0.000006 0.713542
-0.007839 -0.000157 0.713542
-0.007700 -0.000308 0.713542
-0.007555 -0.000452 0.713542
-0.007421 -0.000607 0.713542
-0.007280 -0.000757 0.713542
-0.007139 -0.000905 0.713542
-0.006995 -0.001051 0.713542
-0.006853 -0.001199 0.713542
-0.006715 -0.001350 0.713542
-0.006584 -0.001507 0.713542
-0.006447 -0.001660 0.713542
-0.006313 -0.001815 0.713542
-0.006170 -0.001961 0.713542
-0.006032 -0.002113 0.713542
-0.005874 -0.002243 0.713542
-0.005741 -0.002399 0.713542
-0.005603 -0.002550 0.713542
-0.005465 -0.002702 0.713542
-0.005356 -0.002875 0.713542
-0.005311 -0.003075 0.713542
-0.005244 -0.003269 0.713542
-0.005170 -0.003460 0.713542
-0.005141 -0.003663 0.713542
-0.005059 -0.003851 0.713542
-0.005011 -0.004050 0.713542
-0.004945 -0.004244 0.713542
-0.004899 -0.004443 0.713542
-0.004826 -0.004635 0.713542
-0.004766 -0.004831 0.713542
-0.004706 -0.005027 0.713542
-0.004647 -0.005223 0.713542
-0.004593 -0.005421 0.713542
-0.004537 -0.005618 0.713542
-0.004471 -0.005812 0.713542
-0.004413 -0.006008 0.713542
-0.004348 -0.006203 0.713542
-0.004287 -0.006398 0.713542
-0.004227 -0.006594 0.713542
-0.004171 -0.006791 0.713542
-0.004005 -0.006911 0.713542
-0.003805 -0.006865 0.713542
-0.003606 -0.006816 0.713542
-0.003407 -0.006766 0.713542
-0.003209 -0.006713 0.713542
-0.003008 -0.006675 0.713542
-0.002811 -0.006619 0.713542
-0.002609 -0.006585 0.713542
-0.002413 -0.006525 0.713542
-0.002212 -0.006487 0.713542
-0.002013 -0.006436 0.713542
-0.001811 -0.006401 0.713542
-0.001611 -0.006357 0.713542
-0.001409 -0.006323 0.713542
-0.001211 -0.006271 0.713542
-0.001015 -0.006211 0.713542
-0.000814 -0.006170 0.713542
-0.000614 -0.006126 0.713542
-0.000414 -0.006083 0.713542
-0.000209 -0.006069 0.713542
-0.000013 -0.006127 0.713542
0.000188 -0.006167 0.713542
0.000391 -0.006197 0.713542
0.000581 -0.006273 0.713542
0.000784 -0.006301 0.713542
0.000983 -0.006352 0.713542
0.001182 -0.006401 0.713542
0.001380 -0.006453 0.713542
0.001580 -0.006498 0.713542
0.001782 -0.006531 0.713542
0.001980 -0.006584 0.713542
0.002181 -0.006622 0.713542
0.002375 -0.006687 0.713542
0.002576 -0.006729 0.713542
0.002774 -0.006782 0.713542
0.002976 -0.006815 0.713542
0.003175 -0.006865 0.713542
0.003377 -0.006900 0.713542
0.003576 -0.006950 0.713542
0.003776 -0.006991 0.713542
0.003962 -0.006905 0.713542
0.004018 -0.006708 0.713542
0.004070 -0.006510 0.713542
0.004127 -0.006313 0.713542
0.004175 -0.006114 0.713542
0.004242 -0.005920 0.713542
0.004287 -0.005720 0.713542
0.004364 -0.005530 0.713542
0.004410 -0.005331 0.713542
0.004486 -0.005141 0.713542
0.004532 -0.004941 0.713542
0.004603 -0.004749 0.713542
0.004660 -0.004552 0.713542
0.004735 -0.004361 0.713542
0.004777 -0.004161 0.713542
0.004837 -0.003965 0.713542
0.004902 -0.003771 0.713542
0.004973 -0.003578 0.713542
0.005053 -0.003390 0.713542
0.005133 -0.003201 0.713542
0.005260 -0.003040 0.713542
0.005397 -0.002888 0.713542
0.005513 -0.002719 0.713542
0.005659 -0.002575 0.713542
0.005780 -0.002410 0.713542
0.005916 -0.002256 0.713542
0.006060 -0.002111 0.713542
0.006194 -0.001956 0.713542
0.006336 -0.001809 0.713542
0.006468 -0.001651 0.713542
0.006621 -0.001515 0.713542
0.006754 -0.001360 0.713542
0.006906 -0.001222 0.713542
0.007036 -0.001063 0.713542
0.007183 -0.000922 0.713542
0.007312 -0.000762 0.713542
0.007457 -0.000618 0.713542
0.007585 -0.000457 0.713542
0.007729 -0.000311 0.713542
0.007860 -0.000154 0.713542
0.007881 0.000050 0.713542

