0.007419 -0.000009 0.560764
0.007290 0.000133 0.560764
0.007168 0.000280 0.560764
0.007040 0.000422 0.560764
0.006907 0.000559 0.560764
0.006771 0.000694 0.560764
0.006634 0.000827 0.560764
0.006509 0.000972 0.560764
0.006392 0.001123 0.560764
0.006276 0.001276 0.560764
0.006171 0.001435 0.560764
0.006060 0.001592 0.560764
0.005963 0.001756 0.560764
0.005847 0.001909 0.560764
0.005741 0.002068 0.560764
0.005614 0.002211 0.560764
0.005520 0.002377 0.560764
0.005386 0.002514 0.560764
0.005278 0.002672 0.560764
0.005148 0.002812 0.560764
0.005044 0.002973 0.560764
0.004990 0.003156 0.560764
0.004906 0.003328 0.560764
0.004861 0.003514 0.560764
0.004776 0.003685 0.560764
0.004720 0.003868 0.560764
0.004642 0.004043 0.560764
0.004600 0.004230 0.560764
0.004526 0.004406 0.560764
0.004471 0.004589 0.560764
0.004408 0.004770 0.560764
0.004351 0.004952 0.560764
0.004292 0.005134 0.560764
0.004228 0.005315 0.560764
0.004163 0.005495 0.560764
0.004110 0.005678 0.560764
0.004057 0.005862 0.560764
0.004005 0.006046 0.560764
0.003954 0.006231 0.560764
0.003898 0.006414 0.560764
0.003744 0.006526 0.560764
0.003558 0.006480 0.560764
0.003370 0.006447 0.560764
0.003181 0.006417 0.560764
0.002993 0.006379 0.560764
0.002810 0.006326 0.560764
0.002628 0.006266 0.560764
0.002444 0.006214 0.560764
0.002259 0.006163 0.560764
0.002075 0.006112 0.560764
0.001888 0.006072 0.560764
0.001700 0.006040 0.560764
0.001509 0.006022 0.560764
0.001318 0.006008 0.560764
0.001128 0.005991 0.560764
0.000938 0.005967 0.560764
0.000747 0.005958 0.560764
0.000557 0.005937 0.560764
0.000368 0.005909 0.560764
0.000179 0.005879 0.560764
-0.000011 0.005858 0.560764
-0.000200 0.005890 0.560764
-0.000389 0.005917 0.560764
-0.000577 0.005952 0.560764
-0.000767 0.005976 0.560764
-0.000957 0.006001 0.560764
-0.001146 0.006031 0.560764
-0.001332 0.006072 0.560764
-0.001522 0.006098 0.560764
-0.001710 0.006132 0.560764
-0.001898 0.006169 0.560764
-0.002085 0.006209 0.560764
-0.002271 0.006253 0.560764
-0.002458 0.006293 0.560764
-0.002646 0.006331 0.560764
-0.002831 0.006377 0.560764
-0.003017 0.006422 0.560764
-0.003203 0.006466 0.560764
-0.003388 0.006514 0.560764
-0.003575 0.006556 0.560764
-0.003750 0.006479 0.560764
-0.003800 0.006295 0.560764
-0.003858 0.006112 0.560764
-0.003921 0.005932 0.560764
-0.003989 0.005753 0.560764
-0.004045 0.005570 0.560764
-0.004092 0.005385 0.560764
-0.004144 0.005201 0.560764
-0.004200 0.005018 0.560764
-0.004253 0.004834 0.560764
-0.004323 0.004656 0.560764
-0.004392 0.004478 0.560764
-0.004483 0.004309 0.560764
-0.004561 0.004134 0.560764
-0.004643 0.003962 0.560764
-0.004713 0.003784 0.560764
-0.004801 0.003614 0.560764
-0.004870 0.003436 0.560764
-0.004944 0.003259 0.560764
-0.005006 0.003078 0.560764
-0.005087 0.002905 0.560764
-0.005214 0.002762 0.560764
-0.005328 0.002608 0.560764
-0.005457 0.002467 0.560764
-0.005572 0.002314 0.560764
-0.005692 0.002165 0.560764
-0.005811 0.002016 0.560764
-0.005947 0.001881 0.560764
-0.006063 0.001729 0.560764
-0.006193 0.001588 0.560764
-0.006317 0.001443 0.560764
-0.006449 0.001304 0.560764
-0.006579 0.001164 0.560764
-0.006708 0.001023 0.560764
-0.006834 0.000879 0.560764
-0.006967 0.000741 0.560764
-0.007098 0.000602 0.560764
-0.007229 0.000462 0.560764
-0.007362 0.000326 0.560764
-0.007493 0.000186 0.560764
-0.007518 -0.000004 0.560764
-0.007385 -0.000141 0.560764
-0.007253 -0.000280 0.560764
-0.007123 -0.000421 0.560764
-0.007002 -0.000568 0.560764
-0.006877 -0.000713 0.560764
-0.006743 -0.000850 0.560764
-0.006611 -0.000988 0.560764
-0.006478 -0.001125 0.560764
-0.006341 -0.001259 0.560764
-0.006214 -0.001403 0.560764
-0.006089 -0.001548 0.560764
-0.005979 -0.001704 0.560764
-0.005871 -0.001861 0.560764
-0.005758 -0.002016 0.560764
-0.005644 -0.002170 0.560764
-0.005538 -0.002328 0.560764
-0.005425 -0.002483 0.560764
-0.005307 -0.002634 0.560764
-0.005185 -0.002781 0.560764
-0.005072 -0.002935 0.560764
-0.005007 -0.003115 0.560764
-0.004935 -0.003292 0.560764
-0.004875 -0.003474 0.560764
-0.004806 -0.003652 0.560764
-0.004733 -0.003829 0.560764
-0.004673 -0.004011 0.560764
-0.004619 -0.004194 0.560764
-0.004554 -0.004374 0.560764
-0.004498 -0.004557 0.560764
-0.004438 -0.004739 0.560764
-0.004385 -0.004923 0.560764
-0.004333 -0.005106 0.560764
-0.004278 -0.005290 0.560764
-0.004216 -0.005471 0.560764
-0.004159 -0.005653 0.560764
-0.004103 -0.005836 0.560764
-0.004047 -0.006019 0.560764
-0.003998 -0.006204 0.560764
-0.003944 -0.006387 0.560764
-0.003793 -0.006505 0.560764
-0.003606 -0.006463 0.560764
-0.003419 -0.006421 0.560764
-0.003234 -0.006374 0.560764
-0.003047 -0.006335 0.560764
-0.002859 -0.006300 0.560764
-0.002672 -0.006259 0.560764
-0.002484 -0.006221 0.560764
-0.002298 -0.006176 0.560764
-0.002113 -0.006129 0.560764
-0.001928 -0.006082 0.560764
-0.001739 -0.006050 0.560764
-0.001550 -0.006018 0.560764
-0.001359 -0.006014 0.560764
-0.001170 -0.005983 0.560764
-0.000979 -0.005974 0.560764
-0.000789 -0.005953 0.560764
-0.000598 -0.005944 0.560764
-0.000410 -0.005909 0.560764
-0.000220 -0.005889 0.560764
-0.000031 -0.005858 0.560764
0.000159 -0.005880 0.560764
0.000347 -0.005915 0.560764
0.000536 -0.005944 0.560764
0.000723 -0.005984 0.560764
0.000914 -0.005999 0.560764
0.001099 -0.006045 0.560764
0.001288 -0.006078 0.560764
0.001473 -0.006125 0.560764
0.001662 -0.006156 0.560764
0.001847 -0.006205 0.560764
0.002034 -0.006246 0.560764
0.002218 -0.006298 0.560764
0.002403 -0.006345 0.560764
0.002591 -0.006383 0.560764
0.002778 -0.006422 0.560764
0.002965 -0.006462 0.560764
0.003151 -0.006506 0.560764
0.003335 -0.006558 0.560764
0.003521 -0.006604 0.560764
0.003698 -0.006532 0.560764
0.003756 -0.006349 0.560764
0.003818 -0.006168 0.560764
0.003873 -0.005985 0.560764
0.003929 -0.005802 0.560764
0.003989 -0.005621 0.560764
0.004044 -0.005437 0.560764
0.004105 -0.005256 0.560764
0.004163 -0.005074 0.560764
0.004222 -0.004892 0.560764
0.004278 -0.004709 0.560764
0.004354 -0.004534 0.560764
0.004426 -0.004356 0.560764
0.004525 -0.004192 0.560764
0.004590 -0.004013 0.560764
0.004682 -0.003845 0.560764
0.004757 -0.003669 0.560764
0.004845 -0.003499 0.560764
0.004904 -0.003317 0.560764
0.004986 -0.003145 0.560764
0.005049 -0.002964 0.560764
0.005158 -0.002807 0.560764
0.005285 -0.002663 0.560764
0.005399 -0.002510 0.560764
0.005528 -0.002368 0.560764
0.005630 -0.002207 0.560764
0.005758 -0.002065 0.560764
0.005871 -0.001911 0.560764
0.005998 -0.001767 0.560764
0.006106 -0.001610 0.560764
0.006233 -0.001467 0.560764
0.006353 -0.001317 0.560764
0.006483 -0.001177 0.560764
0.006607 -0.001032 0.560764
0.006733 -0.000888 0.560764
0.006866 -0.000750 0.560764
0.006998 -0.000612 0.560764
0.007129 -0.000473 0.560764
0.007265 -0.000338 0.560764
0.007396 -0.000199 0.560764
0.007419 -0.000009 0.560764

