0.007396 -0.000009 0.553819
0.007270 0.000134 0.553819
0.007148 0.000280 0.553819
0.007018 0.000419 0.553819
0.006884 0.000555 0.553819
0.006748 0.000688 0.553819
0.006614 0.000824 0.553819
0.006494 0.000972 0.553819
0.006379 0.001124 0.553819
0.006266 0.001278 0.553819
0.006163 0.001438 0.553819
0.006054 0.001594 0.553819
0.005955 0.001757 0.553819
0.005838 0.001908 0.553819
0.005730 0.002065 0.553819
0.005606 0.002209 0.553819
0.005510 0.002374 0.553819
0.005374 0.002508 0.553819
0.005268 0.002666 0.553819
0.005139 0.002807 0.553819
0.005035 0.002966 0.553819
0.004980 0.003149 0.553819
0.004895 0.003319 0.553819
0.004850 0.003504 0.553819
0.004768 0.003676 0.553819
0.004710 0.003858 0.553819
0.004631 0.004031 0.553819
0.004587 0.004217 0.553819
0.004516 0.004394 0.553819
0.004459 0.004575 0.553819
0.004396 0.004755 0.553819
0.004338 0.004937 0.553819
0.004280 0.005119 0.553819
0.004219 0.005299 0.553819
0.004152 0.005477 0.553819
0.004096 0.005660 0.553819
0.004043 0.005843 0.553819
0.003991 0.006026 0.553819
0.003941 0.006210 0.553819
0.003886 0.006393 0.553819
0.003732 0.006505 0.553819
0.003547 0.006462 0.553819
0.003358 0.006432 0.553819
0.003171 0.006400 0.553819
0.002985 0.006358 0.553819
0.002803 0.006301 0.553819
0.002621 0.006242 0.553819
0.002438 0.006192 0.553819
0.002254 0.006141 0.553819
0.002070 0.006093 0.553819
0.001882 0.006057 0.553819
0.001694 0.006029 0.553819
0.001504 0.006016 0.553819
0.001314 0.006001 0.553819
0.001124 0.005982 0.553819
0.000935 0.005960 0.553819
0.000744 0.005951 0.553819
0.000556 0.005925 0.553819
0.000367 0.005896 0.553819
0.000179 0.005868 0.553819
-0.000011 0.005846 0.553819
-0.000199 0.005877 0.553819
-0.000388 0.005903 0.553819
-0.000575 0.005939 0.553819
-0.000764 0.005965 0.553819
-0.000953 0.005990 0.553819
-0.001141 0.006016 0.553819
-0.001327 0.006057 0.553819
-0.001516 0.006084 0.553819
-0.001704 0.006116 0.553819
-0.001891 0.006152 0.553819
-0.002078 0.006190 0.553819
-0.002263 0.006234 0.553819
-0.002450 0.006275 0.553819
-0.002637 0.006311 0.553819
-0.002822 0.006356 0.553819
-0.003007 0.006401 0.553819
-0.003193 0.006445 0.553819
-0.003377 0.006493 0.553819
-0.003563 0.006535 0.553819
-0.003737 0.006458 0.553819
-0.003788 0.006274 0.553819
-0.003848 0.006093 0.553819
-0.003913 0.005914 0.553819
-0.003978 0.005735 0.553819
-0.004030 0.005552 0.553819
-0.004076 0.005367 0.553819
-0.004130 0.005184 0.553819
-0.004186 0.005002 0.553819
-0.004242 0.004820 0.553819
-0.004316 0.004644 0.553819
-0.004389 0.004468 0.553819
-0.004481 0.004301 0.553819
-0.004556 0.004126 0.553819
-0.004637 0.003953 0.553819
-0.004708 0.003776 0.553819
-0.004795 0.003607 0.553819
-0.004860 0.003428 0.553819
-0.004933 0.003252 0.553819
-0.004997 0.003072 0.553819
-0.005078 0.002899 0.553819
-0.005203 0.002756 0.553819
-0.005316 0.002602 0.553819
-0.005445 0.002462 0.553819
-0.005560 0.002310 0.553819
-0.005680 0.002162 0.553819
-0.005796 0.002010 0.553819
-0.005931 0.001876 0.553819
-0.006047 0.001725 0.553819
-0.006176 0.001584 0.553819
-0.006299 0.001438 0.553819
-0.006429 0.001299 0.553819
-0.006559 0.001160 0.553819
-0.006689 0.001020 0.553819
-0.006813 0.000876 0.553819
-0.006945 0.000738 0.553819
-0.007076 0.000600 0.553819
-0.007206 0.000460 0.553819
-0.007339 0.000324 0.553819
-0.007469 0.000185 0.553819
-0.007493 -0.000004 0.553819
-0.007360 -0.000141 0.553819
-0.007230 -0.000280 0.553819
-0.007102 -0.000422 0.553819
-0.006982 -0.000569 0.553819
-0.006855 -0.000711 0.553819
-0.006720 -0.000847 0.553819
-0.006588 -0.000984 0.553819
-0.006455 -0.001120 0.553819
-0.006320 -0.001255 0.553819
-0.006197 -0.001401 0.553819
-0.006076 -0.001548 0.553819
-0.005970 -0.001706 0.553819
-0.005861 -0.001862 0.553819
-0.005747 -0.002016 0.553819
-0.005636 -0.002170 0.553819
-0.005529 -0.002328 0.553819
-0.005414 -0.002480 0.553819
-0.005295 -0.002629 0.553819
-0.005174 -0.002776 0.553819
-0.005061 -0.002930 0.553819
-0.004996 -0.003109 0.553819
-0.004923 -0.003285 0.553819
-0.004863 -0.003466 0.553819
-0.004796 -0.003645 0.553819
-0.004722 -0.003820 0.553819
-0.004658 -0.004000 0.553819
-0.004605 -0.004183 0.553819
-0.004542 -0.004362 0.553819
-0.004484 -0.004544 0.553819
-0.004424 -0.004725 0.553819
-0.004370 -0.004908 0.553819
-0.004318 -0.005091 0.553819
-0.004266 -0.005274 0.553819
-0.004204 -0.005455 0.553819
-0.004146 -0.005636 0.553819
-0.004090 -0.005818 0.553819
-0.004034 -0.006000 0.553819
-0.003984 -0.006184 0.553819
-0.003931 -0.006367 0.553819
-0.003780 -0.006484 0.553819
-0.003594 -0.006443 0.553819
-0.003408 -0.006400 0.553819
-0.003223 -0.006354 0.553819
-0.003036 -0.006317 0.553819
-0.002849 -0.006282 0.553819
-0.002663 -0.006240 0.553819
-0.002477 -0.006201 0.553819
-0.002292 -0.006155 0.553819
-0.002107 -0.006108 0.553819
-0.001921 -0.006065 0.553819
-0.001733 -0.006037 0.553819
-0.001544 -0.006011 0.553819
-0.001353 -0.006006 0.553819
-0.001165 -0.005974 0.553819
-0.000975 -0.005967 0.553819
-0.000786 -0.005946 0.553819
-0.000595 -0.005934 0.553819
-0.000408 -0.005897 0.553819
-0.000219 -0.005878 0.553819
-0.000031 -0.005846 0.553819
0.000159 -0.005868 0.553819
0.000346 -0.005902 0.553819
0.000535 -0.005929 0.553819
0.000721 -0.005972 0.553819
0.000911 -0.005986 0.553819
0.001097 -0.006028 0.553819
0.001284 -0.006060 0.553819
0.001469 -0.006107 0.553819
0.001657 -0.006139 0.553819
0.001842 -0.006185 0.553819
0.002028 -0.006225 0.553819
0.002212 -0.006276 0.553819
0.002396 -0.006326 0.553819
0.002583 -0.006365 0.553819
0.002769 -0.006403 0.553819
0.002956 -0.006443 0.553819
0.003142 -0.006485 0.553819
0.003325 -0.006535 0.553819
0.003510 -0.006583 0.553819
0.003686 -0.006511 0.553819
0.003746 -0.006330 0.553819
0.003807 -0.006150 0.553819
0.003860 -0.005967 0.553819
0.003918 -0.005785 0.553819
0.003977 -0.005604 0.553819
0.004032 -0.005421 0.553819
0.004094 -0.005241 0.553819
0.004151 -0.005059 0.553819
0.004209 -0.004878 0.553819
0.004269 -0.004697 0.553819
0.004348 -0.004523 0.553819
0.004423 -0.004348 0.553819
0.004520 -0.004184 0.553819
0.004585 -0.004005 0.553819
0.004679 -0.003839 0.553819
0.004752 -0.003663 0.553819
0.004836 -0.003492 0.553819
0.004895 -0.003311 0.553819
0.004977 -0.003139 0.553819
0.005039 -0.002959 0.553819
0.005148 -0.002802 0.553819
0.005273 -0.002658 0.553819
0.005386 -0.002505 0.553819
0.005516 -0.002366 0.553819
0.005619 -0.002205 0.553819
0.005745 -0.002062 0.553819
0.005857 -0.001908 0.553819
0.005985 -0.001766 0.553819
0.006093 -0.001609 0.553819
0.006217 -0.001465 0.553819
0.006335 -0.001316 0.553819
0.006464 -0.001175 0.553819
0.006588 -0.001031 0.553819
0.006713 -0.000886 0.553819
0.006844 -0.000747 0.553819
0.006975 -0.000610 0.553819
0.007106 -0.000471 0.553819
0.007240 -0.000336 0.553819
0.007372 -0.000198 0.553819
0.007396 -0.000009 0.553819

