0.006203 -0.000000 0.154514
0.006151 0.000148 0.154514
0.006051 0.000269 0.154514
0.005954 0.000392 0.154514
0.005859 0.000517 0.154514
0.005761 0.000639 0.154514
0.005658 0.000757 0.154514
0.005556 0.000877 0.154514
0.005462 0.001002 0.154514
0.005371 0.001130 0.154514
0.005275 0.001254 0.154514
0.005172 0.001372 0.154514
0.005065 0.001487 0.154514
0.004960 0.001603 0.154514
0.004857 0.001721 0.154514
0.004759 0.001844 0.154514
0.004667 0.001971 0.154514
0.004580 0.002101 0.154514
0.004497 0.002234 0.154514
0.004416 0.002368 0.154514
0.004336 0.002503 0.154514
0.004259 0.002640 0.154514
0.004183 0.002777 0.154514
0.004110 0.002916 0.154514
0.004040 0.003056 0.154514
0.003976 0.003199 0.154514
0.003919 0.003345 0.154514
0.003868 0.003494 0.154514
0.003821 0.003643 0.154514
0.003774 0.003793 0.154514
0.003723 0.003941 0.154514
0.003664 0.004086 0.154514
0.003599 0.004229 0.154514
0.003537 0.004373 0.154514
0.003485 0.004521 0.154514
0.003434 0.004669 0.154514
0.003377 0.004815 0.154514
0.003316 0.004960 0.154514
0.003259 0.005106 0.154514
0.003203 0.005253 0.154514
0.003101 0.005372 0.154514
0.002947 0.005400 0.154514
0.002792 0.005375 0.154514
0.002637 0.005352 0.154514
0.002482 0.005332 0.154514
0.002327 0.005309 0.154514
0.002173 0.005278 0.154514
0.002019 0.005250 0.154514
0.001863 0.005231 0.154514
0.001707 0.005216 0.154514
0.001552 0.005195 0.154514
0.001398 0.005165 0.154514
0.001245 0.005130 0.154514
0.001092 0.005097 0.154514
0.000938 0.005067 0.154514
0.000783 0.005043 0.154514
0.000627 0.005027 0.154514
0.000470 0.005017 0.154514
0.000314 0.005012 0.154514
0.000157 0.005008 0.154514
-0.000000 0.005007 0.154514
-0.000157 0.005008 0.154514
-0.000314 0.005012 0.154514
-0.000470 0.005017 0.154514
-0.000627 0.005027 0.154514
-0.000783 0.005043 0.154514
-0.000938 0.005067 0.154514
-0.001092 0.005097 0.154514
-0.001245 0.005130 0.154514
-0.001398 0.005165 0.154514
-0.001552 0.005195 0.154514
-0.001707 0.005216 0.154514
-0.001863 0.005231 0.154514
-0.002019 0.005250 0.154514
-0.002173 0.005278 0.154514
-0.002327 0.005309 0.154514
-0.002482 0.005332 0.154514
-0.002637 0.005352 0.154514
-0.002792 0.005375 0.154514
-0.002947 0.005400 0.154514
-0.003101 0.005372 0.154514
-0.003203 0.005253 0.154514
-0.003259 0.005106 0.154514
-0.003316 0.004960 0.154514
-0.003377 0.004815 0.154514
-0.003434 0.004669 0.154514
-0.003485 0.004521 0.154514
-0.003537 0.004373 0.154514
-0.003599 0.004229 0.154514
-0.003664 0.004086 0.154514
-0.003723 0.003941 0.154514
-0.003774 0.003793 0.154514
-0.003821 0.003643 0.154514
-0.003868 0.003494 0.154514
-0.003919 0.003345 0.154514
-0.003976 0.003199 0.154514
-0.004040 0.003056 0.154514
-0.004110 0.002916 0.154514
-0.004183 0.002777 0.154514
-0.004259 0.002640 0.154514
-0.004336 0.002503 0.154514
-0.004416 0.002368 0.154514
-0.004497 0.002234 0.154514
-0.004580 0.002101 0.154514
-0.004667 0.001971 0.154514
-0.004759 0.001844 0.154514
-0.004857 0.001721 0.154514
-0.004960 0.001603 0.154514
-0.005065 0.001487 0.154514
-0.005172 0.001372 0.154514
-0.005275 0.001254 0.154514
-0.005371 0.001130 0.154514
-0.005462 0.001002 0.154514
-0.005556 0.000877 0.154514
-0.005658 0.000757 0.154514
-0.005761 0.000639 0.154514
-0.005859 0.000517 0.154514
-0.005954 0.000392 0.154514
-0.006051 0.000269 0.154514
-0.006151 0.000148 0.154514
-0.006203 0.000000 0.154514
-0.006151 -0.000148 0.154514
-0.006051 -0.000269 0.154514
-0.005954 -0.000392 0.154514
-0.005859 -0.000517 0.154514
-0.005761 -0.000639 0.154514
-0.005658 -0.000757 0.154514
-0.005556 -0.000877 0.154514
-0.005462 -0.001002 0.154514
-0.005371 -0.001130 0.154514
-0.005275 -0.001254 0.154514
-0.005172 -0.001372 0.154514
-0.005065 -0.001487 0.154514
-0.004960 -0.001603 0.154514
-0.004857 -0.001721 0.154514
-0.004759 -0.001844 0.154514
-0.004667 -0.001971 0.154514
-0.004580 -0.002101 0.154514
-0.004497 -0.002234 0.154514
-0.004416 -0.002368 0.154514
-0.004336 -0.002503 0.154514
-0.004259 -0.002640 0.154514
-0.004183 -0.002777 0.154514
-0.004110 -0.002916 0.154514
-0.004040 -0.003056 0.154514
-0.003976 -0.003199 0.154514
-0.003919 -0.003345 0.154514
-0.003868 -0.003494 0.154514
-0.003821 -0.003643 0.154514
-0.003774 -0.003793 0.154514
-0.003723 -0.003941 0.154514
-0.003664 -0.004086 0.154514
-0.003599 -0.004229 0.154514
-0.003537 -0.004373 0.154514
-0.003485 -0.004521 0.154514
-0.003434 -0.004669 0.154514
-0.003377 -0.004815 0.154514
-0.003316 -0.004960 0.154514
-0.003259 -0.005106 0.154514
-0.003203 -0.005253 0.154514
-0.003101 -0.005372 0.154514
-0.002947 -0.005400 0.154514
-0.002792 -0.005375 0.154514
-0.002637 -0.005352 0.154514
-0.002482 -0.005332 0.154514
-0.002327 -0.005309 0.154514
-0.002173 -0.005278 0.154514
-0.002019 -0.005250 0.154514
-0.001863 -0.005231 0.154514
-0.001707 -0.005216 0.154514
-0.001552 -0.005195 0.154514
-0.001398 -0.005165 0.154514
-0.001245 -0.005130 0.154514
-0.001092 -0.005097 0.154514
-0.000938 -0.005067 0.154514
-0.000783 -0.005043 0.154514
-0.000627 -0.005027 0.154514
-0.000470 -0.005017 0.154514
-0.000314 -0.005012 0.154514
-0.000157 -0.005008 0.154514
0.000000 -0.005007 0.154514
0.000157 -0.005008 0.154514
0.000314 -0.005012 0.154514
0.000470 -0.005017 0.154514
0.000627 -0.005027 0.154514
0.000783 -0.005043 0.154514
0.000938 -0.005067 0.154514
0.001092 -0.005097 0.154514
0.001245 -0.005130 0.154514
0.001398 -0.005165 0.154514
0.001552 -0.005195 0.154514
0.001707 -0.005216 0.154514
0.001863 -0.005231 0.154514
0.002019 -0.005250 0.154514
0.002173 -0.005278 0.154514
0.002327 -0.005309 0.154514
0.002482 -0.005332 0.154514
0.002637 -0.005352 0.154514
0.002792 -0.005375 0.154514
0.002947 -0.005400 0.154514
0.003101 -0.005372 0.154514
0.003203 -0.005253 0.154514
0.003259 -0.005106 0.154514
0.003316 -0.004960 0.154514
0.003377 -0.004815 0.154514
0.003434 -0.004669 0.154514
0.003485 -0.004521 0.154514
0.003537 -0.004373 0.154514
0.003599 -0.004229 0.154514
0.003664 -0.004086 0.154514
0.003723 -0.003941 0.154514
0.003774 -0.003793 0.154514
0.003821 -0.003643 0.154514
0.003868 -0.003494 0.154514
0.003919 -0.003345 0.154514
0.003976 -0.003199 0.154514
0.004040 -0.003056 0.154514
0.004110 -0.002916 0.154514
0.004183 -0.002777 0.154514
0.004259 -0.002640 0.154514
0.004336 -0.002503 0.154514
0.004416 -0.002368 0.154514
0.004497 -0.002234 0.154514
0.004580 -0.002101 0.154514
0.004667 -0.001971 0.154514
0.004759 -0.001844 0.154514
0.004857 -0.001721 0.154514
0.004960 -0.001603 0.154514
0.005065 -0.001487 0.154514
0.005172 -0.001372 0.154514
0.005275 -0.001254 0.154514
0.005371 -0.001130 0.154514
0.005462 -0.001002 0.154514
0.005556 -0.000877 0.154514
0.005658 -0.000757 0.154514
0.005761 -0.000639 0.154514
0.005859 -0.000517 0.154514
0.005954 -0.000392 0.154514
0.006051 -0.000269 0.154514
0.006151 -0.000148 0.154514
0.006203 -0.000000 0.154514

