0.007363 -0.000009 0.543403
0.007240 0.000135 0.543403
0.007116 0.000279 0.543403
0.006983 0.000414 0.543403
0.006849 0.000548 0.543403
0.006715 0.000682 0.543403
0.006587 0.000822 0.543403
0.006473 0.000973 0.543403
0.006362 0.001127 0.543403
0.006253 0.001282 0.543403
0.006151 0.001442 0.543403
0.006044 0.001598 0.543403
0.005942 0.001758 0.543403
0.005823 0.001905 0.543403
0.005714 0.002061 0.543403
0.005594 0.002207 0.543403
0.005494 0.002368 0.543403
0.005357 0.002499 0.543403
0.005254 0.002658 0.543403
0.005126 0.002798 0.543403
0.005021 0.002956 0.543403
0.004967 0.003138 0.543403
0.004880 0.003306 0.543403
0.004833 0.003490 0.543403
0.004754 0.003662 0.543403
0.004697 0.003843 0.543403
0.004615 0.004014 0.543403
0.004567 0.004197 0.543403
0.004500 0.004374 0.543403
0.004440 0.004554 0.543403
0.004378 0.004733 0.543403
0.004319 0.004913 0.543403
0.004262 0.005094 0.543403
0.004204 0.005275 0.543403
0.004137 0.005452 0.543403
0.004077 0.005632 0.543403
0.004023 0.005813 0.543403
0.003969 0.005995 0.543403
0.003921 0.006178 0.543403
0.003868 0.006360 0.543403
0.003716 0.006474 0.543403
0.003530 0.006437 0.543403
0.003342 0.006409 0.543403
0.003156 0.006371 0.543403
0.002973 0.006323 0.543403
0.002793 0.006263 0.543403
0.002612 0.006207 0.543403
0.002429 0.006158 0.543403
0.002246 0.006109 0.543403
0.002061 0.006066 0.543403
0.001874 0.006037 0.543403
0.001686 0.006017 0.543403
0.001496 0.006006 0.543403
0.001308 0.005989 0.543403
0.001119 0.005969 0.543403
0.000931 0.005950 0.543403
0.000741 0.005938 0.543403
0.000555 0.005906 0.543403
0.000367 0.005878 0.543403
0.000179 0.005852 0.543403
-0.000009 0.005829 0.543403
-0.000196 0.005859 0.543403
-0.000384 0.005883 0.543403
-0.000571 0.005918 0.543403
-0.000758 0.005947 0.543403
-0.000946 0.005973 0.543403
-0.001134 0.005994 0.543403
-0.001319 0.006033 0.543403
-0.001507 0.006063 0.543403
-0.001694 0.006093 0.543403
-0.001880 0.006126 0.543403
-0.002067 0.006162 0.543403
-0.002251 0.006204 0.543403
-0.002436 0.006247 0.543403
-0.002622 0.006283 0.543403
-0.002807 0.006325 0.543403
-0.002991 0.006369 0.543403
-0.003176 0.006412 0.543403
-0.003359 0.006460 0.543403
-0.003544 0.006503 0.543403
-0.003717 0.006426 0.543403
-0.003771 0.006244 0.543403
-0.003835 0.006066 0.543403
-0.003899 0.005888 0.543403
-0.003959 0.005708 0.543403
-0.004006 0.005524 0.543403
-0.004053 0.005341 0.543403
-0.004109 0.005160 0.543403
-0.004167 0.004979 0.543403
-0.004230 0.004800 0.543403
-0.004309 0.004628 0.543403
-0.004387 0.004455 0.543403
-0.004477 0.004288 0.543403
-0.004548 0.004113 0.543403
-0.004628 0.003941 0.543403
-0.004700 0.003765 0.543403
-0.004784 0.003595 0.543403
-0.004844 0.003416 0.543403
-0.004917 0.003241 0.543403
-0.004983 0.003063 0.543403
-0.005063 0.002891 0.543403
-0.005186 0.002747 0.543403
-0.005297 0.002594 0.543403
-0.005424 0.002453 0.543403
-0.005542 0.002304 0.543403
-0.005662 0.002158 0.543403
-0.005772 0.002004 0.543403
-0.005905 0.001868 0.543403
-0.006024 0.001720 0.543403
-0.006150 0.001579 0.543403
-0.006271 0.001433 0.543403
-0.006398 0.001293 0.543403
-0.006527 0.001154 0.543403
-0.006658 0.001017 0.543403
-0.006782 0.000873 0.543403
-0.006911 0.000734 0.543403
-0.007041 0.000597 0.543403
-0.007170 0.000457 0.543403
-0.007302 0.000322 0.543403
-0.007433 0.000184 0.543403
-0.007455 -0.000004 0.543403
-0.007323 -0.000141 0.543403
-0.007195 -0.000281 0.543403
-0.007072 -0.000425 0.543403
-0.006950 -0.000570 0.543403
-0.006819 -0.000707 0.543403
-0.006685 -0.000841 0.543403
-0.006554 -0.000978 0.543403
-0.006421 -0.001113 0.543403
-0.006291 -0.001251 0.543403
-0.006174 -0.001400 0.543403
-0.006059 -0.001551 0.543403
-0.005956 -0.001710 0.543403
-0.005844 -0.001863 0.543403
-0.005732 -0.002016 0.543403
-0.005623 -0.002171 0.543403
-0.005514 -0.002326 0.543403
-0.005396 -0.002474 0.543403
-0.005276 -0.002621 0.543403
-0.005159 -0.002770 0.543403
-0.005046 -0.002922 0.543403
-0.004979 -0.003100 0.543403
-0.004906 -0.003275 0.543403
-0.004843 -0.003453 0.543403
-0.004781 -0.003632 0.543403
-0.004708 -0.003807 0.543403
-0.004638 -0.003984 0.543403
-0.004584 -0.004165 0.543403
-0.004522 -0.004344 0.543403
-0.004464 -0.004525 0.543403
-0.004404 -0.004705 0.543403
-0.004347 -0.004886 0.543403
-0.004294 -0.005067 0.543403
-0.004245 -0.005251 0.543403
-0.004186 -0.005431 0.543403
-0.004127 -0.005611 0.543403
-0.004071 -0.005792 0.543403
-0.004013 -0.005972 0.543403
-0.003962 -0.006155 0.543403
-0.003910 -0.006337 0.543403
-0.003760 -0.006453 0.543403
-0.003575 -0.006412 0.543403
-0.003391 -0.006368 0.543403
-0.003206 -0.006325 0.543403
-0.003020 -0.006290 0.543403
-0.002834 -0.006253 0.543403
-0.002649 -0.006211 0.543403
-0.002464 -0.006170 0.543403
-0.002281 -0.006123 0.543403
-0.002097 -0.006078 0.543403
-0.001910 -0.006042 0.543403
-0.001722 -0.006020 0.543403
-0.001534 -0.006001 0.543403
-0.001344 -0.005993 0.543403
-0.001157 -0.005962 0.543403
-0.000968 -0.005958 0.543403
-0.000780 -0.005934 0.543403
-0.000591 -0.005916 0.543403
-0.000405 -0.005878 0.543403
-0.000216 -0.005861 0.543403
-0.000030 -0.005829 0.543403
0.000159 -0.005850 0.543403
0.000346 -0.005882 0.543403
0.000534 -0.005906 0.543403
0.000718 -0.005952 0.543403
0.000906 -0.005968 0.543403
0.001092 -0.006004 0.543403
0.001280 -0.006034 0.543403
0.001463 -0.006081 0.543403
0.001650 -0.006113 0.543403
0.001835 -0.006156 0.543403
0.002020 -0.006195 0.543403
0.002204 -0.006243 0.543403
0.002386 -0.006294 0.543403
0.002571 -0.006337 0.543403
0.002756 -0.006375 0.543403
0.002942 -0.006415 0.543403
0.003127 -0.006453 0.543403
0.003311 -0.006501 0.543403
0.003494 -0.006550 0.543403
0.003670 -0.006480 0.543403
0.003730 -0.006300 0.543403
0.003789 -0.006120 0.543403
0.003841 -0.005938 0.543403
0.003900 -0.005758 0.543403
0.003958 -0.005577 0.543403
0.004014 -0.005396 0.543403
0.004075 -0.005217 0.543403
0.004131 -0.005036 0.543403
0.004192 -0.004856 0.543403
0.004259 -0.004679 0.543403
0.004343 -0.004509 0.543403
0.004422 -0.004337 0.543403
0.004514 -0.004171 0.543403
0.004579 -0.003993 0.543403
0.004674 -0.003829 0.543403
0.004743 -0.003652 0.543403
0.004823 -0.003480 0.543403
0.004881 -0.003300 0.543403
0.004964 -0.003129 0.543403
0.005025 -0.002950 0.543403
0.005133 -0.002794 0.543403
0.005256 -0.002651 0.543403
0.005367 -0.002496 0.543403
0.005499 -0.002361 0.543403
0.005604 -0.002203 0.543403
0.005726 -0.002058 0.543403
0.005836 -0.001904 0.543403
0.005964 -0.001764 0.543403
0.006073 -0.001609 0.543403
0.006194 -0.001463 0.543403
0.006310 -0.001313 0.543403
0.006436 -0.001171 0.543403
0.006561 -0.001028 0.543403
0.006683 -0.000883 0.543403
0.006811 -0.000743 0.543403
0.006941 -0.000606 0.543403
0.007071 -0.000467 0.543403
0.007204 -0.000333 0.543403
0.007336 -0.000197 0.543403
0.007363 -0.000009 0.543403

