0.008231 0.000330 0.873264
0.008022 0.000391 0.873264
0.007873 0.000551 0.873264
0.007708 0.000694 0.873264
0.007554 0.000849 0.873264
0.007400 0.001003 0.873264
0.007240 0.001152 0.873264
0.007097 0.001317 0.873264
0.006912 0.001431 0.873264
0.006781 0.001606 0.873264
0.006618 0.001751 0.873264
0.006473 0.001915 0.873264
0.006359 0.002101 0.873264
0.006456 0.002296 0.873264
0.006514 0.002507 0.873264
0.006480 0.002291 0.873264
0.006328 0.002448 0.873264
0.006135 0.002551 0.873264
0.005990 0.002714 0.873264
0.005810 0.002837 0.873264
0.005622 0.002948 0.873264
0.005536 0.003148 0.873264
0.005442 0.003346 0.873264
0.005408 0.003561 0.873264
0.005306 0.003754 0.873264
0.005289 0.003972 0.873264
0.005199 0.004171 0.873264
0.005168 0.004387 0.873264
0.005090 0.004590 0.873264
0.005057 0.004806 0.873264
0.004972 0.005007 0.873264
0.004926 0.005221 0.873264
0.004843 0.005422 0.873264
0.004806 0.005637 0.873264
0.004729 0.005842 0.873264
0.004696 0.006058 0.873264
0.004624 0.006263 0.873264
0.004595 0.006480 0.873264
0.004524 0.006686 0.873264
0.004493 0.006902 0.873264
0.004385 0.007092 0.873264
0.004170 0.007130 0.873264
0.003953 0.007107 0.873264
0.003740 0.007057 0.873264
0.003526 0.007019 0.873264
0.003311 0.006977 0.873264
0.003096 0.006943 0.873264
0.002881 0.006907 0.873264
0.002663 0.006893 0.873264
0.002447 0.006862 0.873264
0.002230 0.006836 0.873264
0.002023 0.006768 0.873264
0.001810 0.006719 0.873264
0.001596 0.006677 0.873264
0.001383 0.006630 0.873264
0.001166 0.006601 0.873264
0.000953 0.006555 0.873264
0.000741 0.006506 0.873264
0.000527 0.006459 0.873264
0.000337 0.006352 0.873264
0.000119 0.006343 0.873264
-0.000090 0.006405 0.873264
-0.000303 0.006454 0.873264
-0.000517 0.006499 0.873264
-0.000727 0.006556 0.873264
-0.000941 0.006600 0.873264
-0.001156 0.006635 0.873264
-0.001359 0.006715 0.873264
-0.001575 0.006747 0.873264
-0.001785 0.006807 0.873264
-0.002001 0.006840 0.873264
-0.002210 0.006902 0.873264
-0.002425 0.006941 0.873264
-0.002635 0.007000 0.873264
-0.002848 0.007047 0.873264
-0.003060 0.007099 0.873264
-0.003273 0.007145 0.873264
-0.003487 0.007190 0.873264
-0.003702 0.007229 0.873264
-0.003913 0.007281 0.873264
-0.004131 0.007259 0.873264
-0.004223 0.007062 0.873264
-0.004299 0.006857 0.873264
-0.004347 0.006644 0.873264
-0.004418 0.006437 0.873264
-0.004471 0.006226 0.873264
-0.004544 0.006020 0.873264
-0.004603 0.005810 0.873264
-0.004688 0.005609 0.873264
-0.004747 0.005399 0.873264
-0.004823 0.005194 0.873264
-0.004862 0.004980 0.873264
-0.004929 0.004772 0.873264
-0.005001 0.004566 0.873264
-0.005049 0.004353 0.873264
-0.005145 0.004157 0.873264
-0.005181 0.003942 0.873264
-0.005277 0.003746 0.873264
-0.005269 0.003527 0.873264
-0.005363 0.003330 0.873264
-0.005543 0.003207 0.873264
-0.005662 0.003024 0.873264
-0.005840 0.002899 0.873264
-0.005967 0.002721 0.873264
-0.006138 0.002585 0.873264
-0.006274 0.002415 0.873264
-0.006418 0.002251 0.873264
-0.006587 0.002113 0.873264
-0.006721 0.001941 0.873264
-0.006880 0.001791 0.873264
-0.007015 0.001619 0.873264
-0.007177 0.001473 0.873264
-0.007313 0.001303 0.873264
-0.007474 0.001155 0.873264
-0.007617 0.000990 0.873264
-0.007774 0.000839 0.873264
-0.007923 0.000679 0.873264
-0.008080 0.000528 0.873264
-0.008229 0.000368 0.873264
-0.008397 0.000229 0.873264
-0.008414 0.000011 0.873264
-0.008267 -0.000150 0.873264
-0.008118 -0.000310 0.873264
-0.007967 -0.000467 0.873264
-0.007821 -0.000629 0.873264
-0.007669 -0.000786 0.873264
-0.007523 -0.000948 0.873264
-0.007367 -0.001101 0.873264
-0.007225 -0.001266 0.873264
-0.007073 -0.001423 0.873264
-0.006934 -0.001591 0.873264
-0.006775 -0.001741 0.873264
-0.006624 -0.001898 0.873264
-0.006483 -0.002065 0.873264
-0.006313 -0.002202 0.873264
-0.006193 -0.002384 0.873264
-0.006025 -0.002523 0.873264
-0.005905 -0.002705 0.873264
-0.005716 -0.002814 0.873264
-0.005594 -0.002995 0.873264
-0.005580 -0.003213 0.873264
-0.005483 -0.003408 0.873264
-0.005464 -0.003626 0.873264
-0.005369 -0.003822 0.873264
-0.005343 -0.004039 0.873264
-0.005256 -0.004239 0.873264
-0.005194 -0.004448 0.873264
-0.005155 -0.004663 0.873264
-0.005076 -0.004867 0.873264
-0.005025 -0.005079 0.873264
-0.004943 -0.005281 0.873264
-0.004891 -0.005493 0.873264
-0.004813 -0.005697 0.873264
-0.004764 -0.005910 0.873264
-0.004694 -0.006116 0.873264
-0.004639 -0.006328 0.873264
-0.004583 -0.006539 0.873264
-0.004527 -0.006750 0.873264
-0.004469 -0.006960 0.873264
-0.004405 -0.007169 0.873264
-0.004201 -0.007245 0.873264
-0.003986 -0.007204 0.873264
-0.003776 -0.007147 0.873264
-0.003560 -0.007116 0.873264
-0.003348 -0.007064 0.873264
-0.003133 -0.007024 0.873264
-0.002922 -0.006971 0.873264
-0.002709 -0.006923 0.873264
-0.002498 -0.006867 0.873264
-0.002285 -0.006818 0.873264
-0.002072 -0.006773 0.873264
-0.001860 -0.006719 0.873264
-0.001647 -0.006673 0.873264
-0.001433 -0.006631 0.873264
-0.001229 -0.006552 0.873264
-0.001012 -0.006532 0.873264
-0.000806 -0.006460 0.873264
-0.000588 -0.006446 0.873264
-0.000394 -0.006347 0.873264
-0.000175 -0.006349 0.873264
0.000020 -0.006446 0.873264
0.000237 -0.006465 0.873264
0.000438 -0.006552 0.873264
0.000655 -0.006570 0.873264
0.000857 -0.006653 0.873264
0.001074 -0.006676 0.873264
0.001286 -0.006729 0.873264
0.001492 -0.006801 0.873264
0.001707 -0.006837 0.873264
0.001917 -0.006895 0.873264
0.002133 -0.006925 0.873264
0.002346 -0.006975 0.873264
0.002560 -0.007016 0.873264
0.002772 -0.007067 0.873264
0.002985 -0.007115 0.873264
0.003200 -0.007154 0.873264
0.003412 -0.007208 0.873264
0.003628 -0.007236 0.873264
0.003843 -0.007272 0.873264
0.004061 -0.007275 0.873264
0.004248 -0.007162 0.873264
0.004286 -0.006947 0.873264
0.004324 -0.006732 0.873264
0.004404 -0.006529 0.873264
0.004450 -0.006316 0.873264
0.004525 -0.006111 0.873264
0.004571 -0.005897 0.873264
0.004639 -0.005690 0.873264
0.004688 -0.005477 0.873264
0.004757 -0.005270 0.873264
0.004809 -0.005058 0.873264
0.004877 -0.004851 0.873264
0.004951 -0.004645 0.873264
0.005009 -0.004435 0.873264
0.005068 -0.004225 0.873264
0.005145 -0.004021 0.873264
0.005206 -0.003811 0.873264
0.005286 -0.003608 0.873264
0.005313 -0.003392 0.873264
0.005420 -0.003202 0.873264
0.005589 -0.003063 0.873264
0.005726 -0.002893 0.873264
0.005885 -0.002744 0.873264
0.006025 -0.002576 0.873264
0.006185 -0.002428 0.873264
0.006325 -0.002260 0.873264
0.006479 -0.002106 0.873264
0.006639 -0.001958 0.873264
0.006768 -0.001782 0.873264
0.006924 -0.001629 0.873264
0.007061 -0.001459 0.873264
0.007208 -0.001298 0.873264
0.007350 -0.001132 0.873264
0.007488 -0.000963 0.873264
0.007630 -0.000797 0.873264
0.007755 -0.000619 0.873264
0.007889 -0.000447 0.873264
0.008000 -0.000259 0.873264
0.008133 -0.000085 0.873264
0.008226 0.000112 0.873264
0.008231 0.000330 0.873264

