0.006181 -0.000000 0.038822
0.006173 0.000303 0.038822
0.006151 0.000605 0.038822
0.006114 0.000906 0.038822
0.006062 0.001205 0.038822
0.005995 0.001501 0.038822
0.005915 0.001794 0.038822
0.005820 0.002082 0.038822
0.005711 0.002365 0.038822
0.005591 0.002643 0.038822
0.005451 0.002913 0.038822
0.005295 0.003172 0.038822
0.005130 0.003427 0.038822
0.004955 0.003674 0.038822
0.004770 0.003915 0.038822
0.004574 0.004146 0.038822
0.004367 0.004368 0.038822
0.004149 0.004579 0.038822
0.003920 0.004778 0.038822
0.003681 0.004965 0.038822
0.003433 0.005140 0.038822
0.003177 0.005302 0.038822
0.002913 0.005451 0.038822
0.002642 0.005587 0.038822
0.002365 0.005710 0.038822
0.002082 0.005819 0.038822
0.001794 0.005914 0.038822
0.001501 0.005995 0.038822
0.001205 0.006061 0.038822
0.000906 0.006113 0.038822
0.000605 0.006150 0.038822
0.000303 0.006173 0.038822
-0.000000 0.006180 0.038822
-0.000303 0.006172 0.038822
-0.000606 0.006149 0.038822
-0.000907 0.006112 0.038822
-0.001206 0.006061 0.038822
-0.001502 0.005994 0.038822
-0.001794 0.005914 0.038822
-0.002082 0.005819 0.038822
-0.002365 0.005710 0.038822
-0.002643 0.005587 0.038822
-0.002913 0.005450 0.038822
-0.003177 0.005301 0.038822
-0.003434 0.005139 0.038822
-0.003682 0.004964 0.038822
-0.003921 0.004777 0.038822
-0.004150 0.004579 0.038822
-0.004370 0.004370 0.038822
-0.004579 0.004151 0.038822
-0.004777 0.003921 0.038822
-0.004964 0.003682 0.038822
-0.005139 0.003434 0.038822
-0.005301 0.003178 0.038822
-0.005449 0.002913 0.038822
-0.005585 0.002642 0.038822
-0.005707 0.002364 0.038822
-0.005817 0.002081 0.038822
-0.005912 0.001794 0.038822
-0.005994 0.001501 0.038822
-0.006061 0.001206 0.038822
-0.006113 0.000907 0.038822
-0.006151 0.000606 0.038822
-0.006173 0.000303 0.038822
-0.006181 0.000000 0.038822
-0.006173 -0.000303 0.038822
-0.006151 -0.000605 0.038822
-0.006114 -0.000906 0.038822
-0.006062 -0.001205 0.038822
-0.005995 -0.001501 0.038822
-0.005915 -0.001794 0.038822
-0.005820 -0.002082 0.038822
-0.005711 -0.002365 0.038822
-0.005591 -0.002643 0.038822
-0.005451 -0.002913 0.038822
-0.005295 -0.003172 0.038822
-0.005130 -0.003427 0.038822
-0.004955 -0.003674 0.038822
-0.004770 -0.003915 0.038822
-0.004574 -0.004146 0.038822
-0.004367 -0.004368 0.038822
-0.004149 -0.004579 0.038822
-0.003920 -0.004778 0.038822
-0.003681 -0.004965 0.038822
-0.003433 -0.005140 0.038822
-0.003177 -0.005302 0.038822
-0.002913 -0.005451 0.038822
-0.002642 -0.005587 0.038822
-0.002365 -0.005710 0.038822
-0.002082 -0.005819 0.038822
-0.001794 -0.005914 0.038822
-0.001501 -0.005995 0.038822
-0.001205 -0.006061 0.038822
-0.000906 -0.006113 0.038822
-0.000605 -0.006150 0.038822
-0.000303 -0.006173 0.038822
0.000000 -0.006180 0.038822
0.000303 -0.006172 0.038822
0.000606 -0.006149 0.038822
0.000907 -0.006112 0.038822
0.001206 -0.006061 0.038822
0.001502 -0.005994 0.038822
0.001794 -0.005914 0.038822
0.002082 -0.005819 0.038822
0.002365 -0.005710 0.038822
0.002643 -0.005587 0.038822
0.002913 -0.005450 0.038822
0.003177 -0.005301 0.038822
0.003434 -0.005139 0.038822
0.003682 -0.004964 0.038822
0.003921 -0.004777 0.038822
0.004150 -0.004579 0.038822
0.004370 -0.004370 0.038822
0.004579 -0.004151 0.038822
0.004777 -0.003921 0.038822
0.004964 -0.003682 0.038822
0.005139 -0.003434 0.038822
0.005301 -0.003178 0.038822
0.005449 -0.002913 0.038822
0.005585 -0.002642 0.038822
0.005707 -0.002364 0.038822
0.005817 -0.002081 0.038822
0.005912 -0.001794 0.038822
0.005994 -0.001501 0.038822
0.006061 -0.001206 0.038822
0.006113 -0.000907 0.038822
0.006151 -0.000606 0.038822
0.006173 -0.000303 0.038822
0.006181 -0.000000 0.038822
