0.016527 0.000000 693.000000
0.016461 0.000837 693.000000
0.016266 0.001653 693.000000
0.015960 0.002434 693.000000
0.015579 0.003181 693.000000
0.015170 0.003914 693.000000
0.014767 0.004650 693.000000
0.014361 0.005385 693.000000
0.013946 0.006114 693.000000
0.013527 0.006841 693.000000
0.013108 0.007568 693.000000
0.012688 0.008294 693.000000
0.012268 0.009021 693.000000
0.011844 0.009745 693.000000
0.011410 0.010463 693.000000
0.010975 0.011181 693.000000
0.010544 0.011901 693.000000
0.010088 0.012605 693.000000
0.009565 0.013261 693.000000
0.008955 0.013837 693.000000
0.008263 0.014313 693.000000
0.007506 0.014674 693.000000
0.006702 0.014914 693.000000
0.005872 0.015039 693.000000
0.005034 0.015082 693.000000
0.004195 0.015095 693.000000
0.003356 0.015113 693.000000
0.002517 0.015129 693.000000
0.001678 0.015134 693.000000
0.000839 0.015135 693.000000
0.000000 0.015135 693.000000
-0.000839 0.015135 693.000000
-0.001678 0.015134 693.000000
-0.002517 0.015129 693.000000
-0.003356 0.015113 693.000000
-0.004195 0.015095 693.000000
-0.005034 0.015082 693.000000
-0.005872 0.015039 693.000000
-0.006702 0.014914 693.000000
-0.007506 0.014674 693.000000
-0.008263 0.014313 693.000000
-0.008955 0.013837 693.000000
-0.009565 0.013261 693.000000
-0.010088 0.012605 693.000000
-0.010544 0.011901 693.000000
-0.010975 0.011181 693.000000
-0.011410 0.010463 693.000000
-0.011844 0.009745 693.000000
-0.012268 0.009021 693.000000
-0.012688 0.008294 693.000000
-0.013108 0.007568 693.000000
-0.013527 0.006841 693.000000
-0.013946 0.006114 693.000000
-0.014361 0.005385 693.000000
-0.014767 0.004650 693.000000
-0.015170 0.003914 693.000000
-0.015579 0.003181 693.000000
-0.015960 0.002434 693.000000
-0.016266 0.001653 693.000000
-0.016461 0.000837 693.000000
-0.016527 0.000000 693.000000
-0.016461 -0.000837 693.000000
-0.016266 -0.001653 693.000000
-0.015960 -0.002434 693.000000
-0.015579 -0.003181 693.000000
-0.015170 -0.003914 693.000000
-0.014767 -0.004650 693.000000
-0.014361 -0.005385 693.000000
-0.013946 -0.006114 693.000000
-0.013527 -0.006841 693.000000
-0.013108 -0.007568 693.000000
-0.012688 -0.008294 693.000000
-0.012268 -0.009021 693.000000
-0.011844 -0.009745 693.000000
-0.011410 -0.010463 693.000000
-0.010975 -0.011181 693.000000
-0.010544 -0.011901 693.000000
-0.010088 -0.012605 693.000000
-0.009565 -0.013261 693.000000
-0.008955 -0.013837 693.000000
-0.008263 -0.014313 693.000000
-0.007506 -0.014674 693.000000
-0.006702 -0.014914 693.000000
-0.005872 -0.015039 693.000000
-0.005034 -0.015082 693.000000
-0.004195 -0.015095 693.000000
-0.003356 -0.015113 693.000000
-0.002517 -0.015129 693.000000
-0.001678 -0.015134 693.000000
-0.000839 -0.015135 693.000000
0.000000 -0.015135 693.000000
0.000839 -0.015135 693.000000
0.001678 -0.015134 693.000000
0.002517 -0.015129 693.000000
0.003356 -0.015113 693.000000
0.004195 -0.015095 693.000000
0.005034 -0.015082 693.000000
0.005872 -0.015039 693.000000
0.006702 -0.014914 693.000000
0.007506 -0.014674 693.000000
0.008263 -0.014313 693.000000
0.008955 -0.013837 693.000000
0.009565 -0.013261 693.000000
0.010088 -0.012605 693.000000
0.010544 -0.011901 693.000000
0.010975 -0.011181 693.000000
0.011410 -0.010463 693.000000
0.011844 -0.009745 693.000000
0.012268 -0.009021 693.000000
0.012688 -0.008294 693.000000
0.013108 -0.007568 693.000000
0.013527 -0.006841 693.000000
0.013946 -0.006114 693.000000
0.014361 -0.005385 693.000000
0.014767 -0.004650 693.000000
0.015170 -0.003914 693.000000
0.015579 -0.003181 693.000000
0.015960 -0.002434 693.000000
0.016266 -0.001653 693.000000
0.016461 -0.000837 693.000000
0.016527 0.000000 693.000000

