0.005697 -0.000000 1.225694
0.005671 0.000141 1.225694
0.005606 0.000268 1.225694
0.005532 0.000390 1.225694
0.005468 0.000517 1.225694
0.005404 0.000645 1.225694
0.005333 0.000770 1.225694
0.005262 0.000893 1.225694
0.005191 0.001017 1.225694
0.005119 0.001141 1.225694
0.005048 0.001265 1.225694
0.004977 0.001388 1.225694
0.004905 0.001512 1.225694
0.004833 0.001636 1.225694
0.004762 0.001759 1.225694
0.004690 0.001883 1.225694
0.004619 0.002007 1.225694
0.004547 0.002131 1.225694
0.004476 0.002254 1.225694
0.004404 0.002378 1.225694
0.004333 0.002502 1.225694
0.004261 0.002625 1.225694
0.004190 0.002749 1.225694
0.004119 0.002873 1.225694
0.004047 0.002997 1.225694
0.003976 0.003120 1.225694
0.003905 0.003244 1.225694
0.003833 0.003368 1.225694
0.003762 0.003492 1.225694
0.003691 0.003616 1.225694
0.003619 0.003739 1.225694
0.003548 0.003863 1.225694
0.003477 0.003987 1.225694
0.003405 0.004110 1.225694
0.003333 0.004234 1.225694
0.003261 0.004357 1.225694
0.003182 0.004476 1.225694
0.003103 0.004596 1.225694
0.003035 0.004721 1.225694
0.002957 0.004841 1.225694
0.002848 0.004933 1.225694
0.002714 0.004982 1.225694
0.002571 0.004989 1.225694
0.002428 0.004985 1.225694
0.002286 0.004994 1.225694
0.002143 0.005002 1.225694
0.002000 0.005004 1.225694
0.001857 0.005004 1.225694
0.001714 0.005004 1.225694
0.001572 0.005004 1.225694
0.001429 0.005004 1.225694
0.001286 0.005004 1.225694
0.001143 0.005004 1.225694
0.001000 0.005004 1.225694
0.000857 0.005004 1.225694
0.000714 0.005004 1.225694
0.000571 0.005003 1.225694
0.000429 0.005003 1.225694
0.000286 0.005003 1.225694
0.000143 0.005003 1.225694
0.000000 0.005003 1.225694
-0.000143 0.005003 1.225694
-0.000286 0.005003 1.225694
-0.000429 0.005003 1.225694
-0.000571 0.005003 1.225694
-0.000714 0.005004 1.225694
-0.000857 0.005004 1.225694
-0.001000 0.005004 1.225694
-0.001143 0.005004 1.225694
-0.001286 0.005004 1.225694
-0.001429 0.005004 1.225694
-0.001572 0.005004 1.225694
-0.001714 0.005004 1.225694
-0.001857 0.005004 1.225694
-0.002000 0.005004 1.225694
-0.002143 0.005002 1.225694
-0.002286 0.004994 1.225694
-0.002428 0.004985 1.225694
-0.002571 0.004989 1.225694
-0.002714 0.004982 1.225694
-0.002848 0.004933 1.225694
-0.002957 0.004841 1.225694
-0.003035 0.004721 1.225694
-0.003103 0.004596 1.225694
-0.003182 0.004476 1.225694
-0.003261 0.004357 1.225694
-0.003333 0.004234 1.225694
-0.003405 0.004110 1.225694
-0.003477 0.003987 1.225694
-0.003548 0.003863 1.225694
-0.003619 0.003739 1.225694
-0.003691 0.003616 1.225694
-0.003762 0.003492 1.225694
-0.003833 0.003368 1.225694
-0.003905 0.003244 1.225694
-0.003976 0.003120 1.225694
-0.004047 0.002997 1.225694
-0.004119 0.002873 1.225694
-0.004190 0.002749 1.225694
-0.004261 0.002625 1.225694
-0.004333 0.002502 1.225694
-0.004404 0.002378 1.225694
-0.004476 0.002254 1.225694
-0.004547 0.002131 1.225694
-0.004619 0.002007 1.225694
-0.004690 0.001883 1.225694
-0.004762 0.001759 1.225694
-0.004833 0.001636 1.225694
-0.004905 0.001512 1.225694
-0.004977 0.001388 1.225694
-0.005048 0.001265 1.225694
-0.005119 0.001141 1.225694
-0.005191 0.001017 1.225694
-0.005262 0.000893 1.225694
-0.005333 0.000770 1.225694
-0.005404 0.000645 1.225694
-0.005468 0.000517 1.225694
-0.005532 0.000390 1.225694
-0.005606 0.000268 1.225694
-0.005671 0.000141 1.225694
-0.005697 -0.000000 1.225694
-0.005671 -0.000141 1.225694
-0.005606 -0.000268 1.225694
-0.005532 -0.000390 1.225694
-0.005468 -0.000517 1.225694
-0.005404 -0.000645 1.225694
-0.005333 -0.000770 1.225694
-0.005262 -0.000893 1.225694
-0.005191 -0.001017 1.225694
-0.005119 -0.001141 1.225694
-0.005048 -0.001265 1.225694
-0.004977 -0.001388 1.225694
-0.004905 -0.001512 1.225694
-0.004833 -0.001636 1.225694
-0.004762 -0.001759 1.225694
-0.004690 -0.001883 1.225694
-0.004619 -0.002007 1.225694
-0.004547 -0.002131 1.225694
-0.004476 -0.002254 1.225694
-0.004404 -0.002378 1.225694
-0.004333 -0.002502 1.225694
-0.004261 -0.002625 1.225694
-0.004190 -0.002749 1.225694
-0.004119 -0.002873 1.225694
-0.004047 -0.002997 1.225694
-0.003976 -0.003120 1.225694
-0.003905 -0.003244 1.225694
-0.003833 -0.003368 1.225694
-0.003762 -0.003492 1.225694
-0.003691 -0.003616 1.225694
-0.003619 -0.003739 1.225694
-0.003548 -0.003863 1.225694
-0.003477 -0.003987 1.225694
-0.003405 -0.004110 1.225694
-0.003333 -0.004234 1.225694
-0.003261 -0.004357 1.225694
-0.003182 -0.004476 1.225694
-0.003103 -0.004596 1.225694
-0.003035 -0.004721 1.225694
-0.002957 -0.004841 1.225694
-0.002848 -0.004933 1.225694
-0.002714 -0.004982 1.225694
-0.002571 -0.004989 1.225694
-0.002428 -0.004985 1.225694
-0.002286 -0.004994 1.225694
-0.002143 -0.005002 1.225694
-0.002000 -0.005004 1.225694
-0.001857 -0.005004 1.225694
-0.001714 -0.005004 1.225694
-0.001572 -0.005004 1.225694
-0.001429 -0.005004 1.225694
-0.001286 -0.005004 1.225694
-0.001143 -0.005004 1.225694
-0.001000 -0.005004 1.225694
-0.000857 -0.005004 1.225694
-0.000714 -0.005004 1.225694
-0.000571 -0.005003 1.225694
-0.000429 -0.005003 1.225694
-0.000286 -0.005003 1.225694
-0.000143 -0.005003 1.225694
-0.000000 -0.005003 1.225694
0.000143 -0.005003 1.225694
0.000286 -0.005003 1.225694
0.000429 -0.005003 1.225694
0.000571 -0.005003 1.225694
0.000714 -0.005004 1.225694
0.000857 -0.005004 1.225694
0.001000 -0.005004 1.225694
0.001143 -0.005004 1.225694
0.001286 -0.005004 1.225694
0.001429 -0.005004 1.225694
0.001572 -0.005004 1.225694
0.001714 -0.005004 1.225694
0.001857 -0.005004 1.225694
0.002000 -0.005004 1.225694
0.002143 -0.005002 1.225694
0.002286 -0.004994 1.225694
0.002428 -0.004985 1.225694
0.002571 -0.004989 1.225694
0.002714 -0.004982 1.225694
0.002848 -0.004933 1.225694
0.002957 -0.004841 1.225694
0.003035 -0.004721 1.225694
0.003103 -0.004596 1.225694
0.003182 -0.004476 1.225694
0.003261 -0.004357 1.225694
0.003333 -0.004234 1.225694
0.003405 -0.004110 1.225694
0.003477 -0.003987 1.225694
0.003548 -0.003863 1.225694
0.003619 -0.003739 1.225694
0.003691 -0.003616 1.225694
0.003762 -0.003492 1.225694
0.003833 -0.003368 1.225694
0.003905 -0.003244 1.225694
0.003976 -0.003120 1.225694
0.004047 -0.002997 1.225694
0.004119 -0.002873 1.225694
0.004190 -0.002749 1.225694
0.004261 -0.002625 1.225694
0.004333 -0.002502 1.225694
0.004404 -0.002378 1.225694
0.004476 -0.002254 1.225694
0.004547 -0.002131 1.225694
0.004619 -0.002007 1.225694
0.004690 -0.001883 1.225694
0.004762 -0.001759 1.225694
0.004833 -0.001636 1.225694
0.004905 -0.001512 1.225694
0.004977 -0.001388 1.225694
0.005048 -0.001265 1.225694
0.005119 -0.001141 1.225694
0.005191 -0.001017 1.225694
0.005262 -0.000893 1.225694
0.005333 -0.000770 1.225694
0.005404 -0.000645 1.225694
0.005468 -0.000517 1.225694
0.005532 -0.000390 1.225694
0.005606 -0.000268 1.225694
0.005671 -0.000141 1.225694
0.005697 -0.000000 1.225694

