0.015064 0.000000 509.000000
0.015008 0.000764 509.000000
0.014842 0.001511 509.000000
0.014577 0.002230 509.000000
0.014238 0.002916 509.000000
0.013864 0.003584 509.000000
0.013490 0.004252 509.000000
0.013118 0.004922 509.000000
0.012741 0.005588 509.000000
0.012359 0.006251 509.000000
0.011976 0.006914 509.000000
0.011593 0.007577 509.000000
0.011209 0.008240 509.000000
0.010821 0.008900 509.000000
0.010427 0.009557 509.000000
0.010036 0.010215 509.000000
0.009644 0.010873 509.000000
0.009219 0.011509 509.000000
0.008730 0.012098 509.000000
0.008165 0.012615 509.000000
0.007532 0.013046 509.000000
0.006843 0.013379 509.000000
0.006112 0.013609 509.000000
0.005358 0.013739 509.000000
0.004594 0.013789 509.000000
0.003828 0.013799 509.000000
0.003063 0.013809 509.000000
0.002297 0.013822 509.000000
0.001531 0.013828 509.000000
0.000766 0.013828 509.000000
0.000000 0.013828 509.000000
-0.000766 0.013828 509.000000
-0.001531 0.013828 509.000000
-0.002297 0.013822 509.000000
-0.003063 0.013809 509.000000
-0.003828 0.013799 509.000000
-0.004594 0.013789 509.000000
-0.005358 0.013739 509.000000
-0.006112 0.013609 509.000000
-0.006843 0.013379 509.000000
-0.007532 0.013046 509.000000
-0.008165 0.012615 509.000000
-0.008730 0.012098 509.000000
-0.009219 0.011509 509.000000
-0.009644 0.010873 509.000000
-0.010036 0.010215 509.000000
-0.010427 0.009557 509.000000
-0.010821 0.008900 509.000000
-0.011209 0.008240 509.000000
-0.011593 0.007577 509.000000
-0.011976 0.006914 509.000000
-0.012359 0.006251 509.000000
-0.012741 0.005588 509.000000
-0.013118 0.004922 509.000000
-0.013490 0.004252 509.000000
-0.013864 0.003584 509.000000
-0.014238 0.002916 509.000000
-0.014577 0.002230 509.000000
-0.014842 0.001511 509.000000
-0.015008 0.000764 509.000000
-0.015064 0.000000 509.000000
-0.015008 -0.000764 509.000000
-0.014842 -0.001511 509.000000
-0.014577 -0.002230 509.000000
-0.014238 -0.002916 509.000000
-0.013864 -0.003584 509.000000
-0.013490 -0.004252 509.000000
-0.013118 -0.004922 509.000000
-0.012741 -0.005588 509.000000
-0.012359 -0.006251 509.000000
-0.011976 -0.006914 509.000000
-0.011593 -0.007577 509.000000
-0.011209 -0.008240 509.000000
-0.010821 -0.008900 509.000000
-0.010427 -0.009557 509.000000
-0.010036 -0.010215 509.000000
-0.009644 -0.010873 509.000000
-0.009219 -0.011509 509.000000
-0.008730 -0.012098 509.000000
-0.008165 -0.012615 509.000000
-0.007532 -0.013046 509.000000
-0.006843 -0.013379 509.000000
-0.006112 -0.013609 509.000000
-0.005358 -0.013739 509.000000
-0.004594 -0.013789 509.000000
-0.003828 -0.013799 509.000000
-0.003063 -0.013809 509.000000
-0.002297 -0.013822 509.000000
-0.001531 -0.013828 509.000000
-0.000766 -0.013828 509.000000
0.000000 -0.013828 509.000000
0.000766 -0.013828 509.000000
0.001531 -0.013828 509.000000
0.002297 -0.013822 509.000000
0.003063 -0.013809 509.000000
0.003828 -0.013799 509.000000
0.004594 -0.013789 509.000000
0.005358 -0.013739 509.000000
0.006112 -0.013609 509.000000
0.006843 -0.013379 509.000000
0.007532 -0.013046 509.000000
0.008165 -0.012615 509.000000
0.008730 -0.012098 509.000000
0.009219 -0.011509 509.000000
0.009644 -0.010873 509.000000
0.010036 -0.010215 509.000000
0.010427 -0.009557 509.000000
0.010821 -0.008900 509.000000
0.011209 -0.008240 509.000000
0.011593 -0.007577 509.000000
0.011976 -0.006914 509.000000
0.012359 -0.006251 509.000000
0.012741 -0.005588 509.000000
0.013118 -0.004922 509.000000
0.013490 -0.004252 509.000000
0.013864 -0.003584 509.000000
0.014238 -0.002916 509.000000
0.014577 -0.002230 509.000000
0.014842 -0.001511 509.000000
0.015008 -0.000764 509.000000
0.015064 0.000000 509.000000

