0.008738 0.000001 0.054958
0.008735 0.000430 0.054958
0.008710 0.000859 0.054958
0.008662 0.001286 0.054958
0.008592 0.001709 0.054958
0.008500 0.002129 0.054958
0.008384 0.002542 0.054958
0.008249 0.002950 0.054958
0.008089 0.003348 0.054958
0.007920 0.003743 0.054958
0.007726 0.004126 0.054958
0.007508 0.004496 0.054958
0.007283 0.004862 0.054958
0.007037 0.005213 0.054958
0.006770 0.005550 0.054958
0.006478 0.005864 0.054958
0.006165 0.006159 0.054958
0.005838 0.006436 0.054958
0.005501 0.006703 0.054958
0.005161 0.006964 0.054958
0.004816 0.007221 0.054958
0.004466 0.007469 0.054958
0.004107 0.007704 0.054958
0.003735 0.007919 0.054958
0.003350 0.008110 0.054958
0.002953 0.008273 0.054958
0.002546 0.008410 0.054958
0.002131 0.008520 0.054958
0.001711 0.008606 0.054958
0.001286 0.008670 0.054958
0.000859 0.008714 0.054958
0.000430 0.008739 0.054958
0.000001 0.008745 0.054958
-0.000428 0.008733 0.054958
-0.000856 0.008701 0.054958
-0.001282 0.008648 0.054958
-0.001706 0.008574 0.054958
-0.002124 0.008480 0.054958
-0.002538 0.008365 0.054958
-0.002946 0.008230 0.054958
-0.003346 0.008076 0.054958
-0.003740 0.007903 0.054958
-0.004124 0.007712 0.054958
-0.004499 0.007503 0.054958
-0.004863 0.007275 0.054958
-0.005215 0.007029 0.054958
-0.005554 0.006766 0.054958
-0.005880 0.006486 0.054958
-0.006191 0.006190 0.054958
-0.006486 0.005879 0.054958
-0.006766 0.005553 0.054958
-0.007029 0.005214 0.054958
-0.007277 0.004863 0.054958
-0.007506 0.004500 0.054958
-0.007717 0.004126 0.054958
-0.007912 0.003744 0.054958
-0.008087 0.003352 0.054958
-0.008241 0.002951 0.054958
-0.008372 0.002542 0.054958
-0.008480 0.002126 0.054958
-0.008568 0.001706 0.054958
-0.008637 0.001282 0.054958
-0.008689 0.000856 0.054958
-0.008723 0.000428 0.054958
-0.008738 -0.000001 0.054958
-0.008735 -0.000430 0.054958
-0.008710 -0.000859 0.054958
-0.008662 -0.001286 0.054958
-0.008592 -0.001709 0.054958
-0.008500 -0.002129 0.054958
-0.008384 -0.002542 0.054958
-0.008249 -0.002950 0.054958
-0.008089 -0.003348 0.054958
-0.007920 -0.003743 0.054958
-0.007726 -0.004126 0.054958
-0.007508 -0.004496 0.054958
-0.007283 -0.004862 0.054958
-0.007037 -0.005213 0.054958
-0.006770 -0.005550 0.054958
-0.006478 -0.005864 0.054958
-0.006165 -0.006159 0.054958
-0.005838 -0.006436 0.054958
-0.005501 -0.006703 0.054958
-0.005161 -0.006964 0.054958
-0.004816 -0.007221 0.054958
-0.004466 -0.007469 0.054958
-0.004107 -0.007704 0.054958
-0.003735 -0.007919 0.054958
-0.003350 -0.008110 0.054958
-0.002953 -0.008273 0.054958
-0.002546 -0.008410 0.054958
-0.002131 -0.008520 0.054958
-0.001711 -0.008606 0.054958
-0.001286 -0.008670 0.054958
-0.000859 -0.008714 0.054958
-0.000430 -0.008739 0.054958
-0.000001 -0.008745 0.054958
0.000428 -0.008733 0.054958
0.000856 -0.008701 0.054958
0.001282 -0.008648 0.054958
0.001706 -0.008574 0.054958
0.002124 -0.008480 0.054958
0.002538 -0.008365 0.054958
0.002946 -0.008230 0.054958
0.003346 -0.008076 0.054958
0.003740 -0.007903 0.054958
0.004124 -0.007712 0.054958
0.004499 -0.007503 0.054958
0.004863 -0.007275 0.054958
0.005215 -0.007029 0.054958
0.005554 -0.006766 0.054958
0.005880 -0.006486 0.054958
0.006191 -0.006190 0.054958
0.006486 -0.005879 0.054958
0.006766 -0.005553 0.054958
0.007029 -0.005214 0.054958
0.007277 -0.004863 0.054958
0.007506 -0.004500 0.054958
0.007717 -0.004126 0.054958
0.007912 -0.003744 0.054958
0.008087 -0.003352 0.054958
0.008241 -0.002951 0.054958
0.008372 -0.002542 0.054958
0.008480 -0.002126 0.054958
0.008568 -0.001706 0.054958
0.008637 -0.001282 0.054958
0.008689 -0.000856 0.054958
0.008723 -0.000428 0.054958
0.008738 0.000001 0.054958
