0.015845 0.000000 601.000000
0.015784 0.000803 601.000000
0.015603 0.001587 601.000000
0.015316 0.002339 601.000000
0.014954 0.003058 601.000000
0.014561 0.003760 601.000000
0.014171 0.004464 601.000000
0.013781 0.005168 601.000000
0.013384 0.005868 601.000000
0.012982 0.006566 601.000000
0.012579 0.007263 601.000000
0.012177 0.007960 601.000000
0.011774 0.008656 601.000000
0.011367 0.009351 601.000000
0.010951 0.010040 601.000000
0.010537 0.010730 601.000000
0.010125 0.011421 601.000000
0.009684 0.012095 601.000000
0.009176 0.012719 601.000000
0.008587 0.013268 601.000000
0.007923 0.013722 601.000000
0.007197 0.014070 601.000000
0.006427 0.014306 601.000000
0.005632 0.014433 601.000000
0.004829 0.014479 601.000000
0.004024 0.014490 601.000000
0.003219 0.014504 601.000000
0.002415 0.014519 601.000000
0.001610 0.014525 601.000000
0.000805 0.014525 601.000000
0.000000 0.014525 601.000000
-0.000805 0.014525 601.000000
-0.001610 0.014525 601.000000
-0.002415 0.014519 601.000000
-0.003219 0.014504 601.000000
-0.004024 0.014490 601.000000
-0.004829 0.014479 601.000000
-0.005632 0.014433 601.000000
-0.006427 0.014306 601.000000
-0.007197 0.014070 601.000000
-0.007923 0.013722 601.000000
-0.008587 0.013268 601.000000
-0.009176 0.012719 601.000000
-0.009684 0.012095 601.000000
-0.010125 0.011421 601.000000
-0.010537 0.010730 601.000000
-0.010951 0.010040 601.000000
-0.011367 0.009351 601.000000
-0.011774 0.008656 601.000000
-0.012177 0.007960 601.000000
-0.012579 0.007263 601.000000
-0.012982 0.006566 601.000000
-0.013384 0.005868 601.000000
-0.013781 0.005168 601.000000
-0.014171 0.004464 601.000000
-0.014561 0.003760 601.000000
-0.014954 0.003058 601.000000
-0.015316 0.002339 601.000000
-0.015603 0.001587 601.000000
-0.015784 0.000803 601.000000
-0.015845 0.000000 601.000000
-0.015784 -0.000803 601.000000
-0.015603 -0.001587 601.000000
-0.015316 -0.002339 601.000000
-0.014954 -0.003058 601.000000
-0.014561 -0.003760 601.000000
-0.014171 -0.004464 601.000000
-0.013781 -0.005168 601.000000
-0.013384 -0.005868 601.000000
-0.012982 -0.006566 601.000000
-0.012579 -0.007263 601.000000
-0.012177 -0.007960 601.000000
-0.011774 -0.008656 601.000000
-0.011367 -0.009351 601.000000
-0.010951 -0.010040 601.000000
-0.010537 -0.010730 601.000000
-0.010125 -0.011421 601.000000
-0.009684 -0.012095 601.000000
-0.009176 -0.012719 601.000000
-0.008587 -0.013268 601.000000
-0.007923 -0.013722 601.000000
-0.007197 -0.014070 601.000000
-0.006427 -0.014306 601.000000
-0.005632 -0.014433 601.000000
-0.004829 -0.014479 601.000000
-0.004024 -0.014490 601.000000
-0.003219 -0.014504 601.000000
-0.002415 -0.014519 601.000000
-0.001610 -0.014525 601.000000
-0.000805 -0.014525 601.000000
0.000000 -0.014525 601.000000
0.000805 -0.014525 601.000000
0.001610 -0.014525 601.000000
0.002415 -0.014519 601.000000
0.003219 -0.014504 601.000000
0.004024 -0.014490 601.000000
0.004829 -0.014479 601.000000
0.005632 -0.014433 601.000000
0.006427 -0.014306 601.000000
0.007197 -0.014070 601.000000
0.007923 -0.013722 601.000000
0.008587 -0.013268 601.000000
0.009176 -0.012719 601.000000
0.009684 -0.012095 601.000000
0.010125 -0.011421 601.000000
0.010537 -0.010730 601.000000
0.010951 -0.010040 601.000000
0.011367 -0.009351 601.000000
0.011774 -0.008656 601.000000
0.012177 -0.007960 601.000000
0.012579 -0.007263 601.000000
0.012982 -0.006566 601.000000
0.013384 -0.005868 601.000000
0.013781 -0.005168 601.000000
0.014171 -0.004464 601.000000
0.014561 -0.003760 601.000000
0.014954 -0.003058 601.000000
0.015316 -0.002339 601.000000
0.015603 -0.001587 601.000000
0.015784 -0.000803 601.000000
0.015845 0.000000 601.000000

