0.014487 0.000000 449.000000
0.014435 0.000735 449.000000
0.014280 0.001455 449.000000
0.014032 0.002149 449.000000
0.013710 0.002812 449.000000
0.013351 0.003455 449.000000
0.012989 0.004096 449.000000
0.012630 0.004740 449.000000
0.012267 0.005381 449.000000
0.011900 0.006019 449.000000
0.011531 0.006657 449.000000
0.011163 0.007296 449.000000
0.010794 0.007933 449.000000
0.010420 0.008568 449.000000
0.010042 0.009201 449.000000
0.009668 0.009835 449.000000
0.009290 0.010468 449.000000
0.008877 0.011077 449.000000
0.008400 0.011639 449.000000
0.007854 0.012134 449.000000
0.007244 0.012546 449.000000
0.006581 0.012869 449.000000
0.005880 0.013095 449.000000
0.005155 0.013226 449.000000
0.004420 0.013279 449.000000
0.003684 0.013290 449.000000
0.002947 0.013297 449.000000
0.002210 0.013308 449.000000
0.001473 0.013314 449.000000
0.000737 0.013315 449.000000
0.000000 0.013315 449.000000
-0.000737 0.013315 449.000000
-0.001473 0.013314 449.000000
-0.002210 0.013308 449.000000
-0.002947 0.013297 449.000000
-0.003684 0.013290 449.000000
-0.004420 0.013279 449.000000
-0.005155 0.013226 449.000000
-0.005880 0.013095 449.000000
-0.006581 0.012869 449.000000
-0.007244 0.012546 449.000000
-0.007854 0.012134 449.000000
-0.008400 0.011639 449.000000
-0.008877 0.011077 449.000000
-0.009290 0.010468 449.000000
-0.009668 0.009835 449.000000
-0.010042 0.009201 449.000000
-0.010420 0.008568 449.000000
-0.010794 0.007933 449.000000
-0.011163 0.007296 449.000000
-0.011531 0.006657 449.000000
-0.011900 0.006019 449.000000
-0.012267 0.005381 449.000000
-0.012630 0.004740 449.000000
-0.012989 0.004096 449.000000
-0.013351 0.003455 449.000000
-0.013710 0.002812 449.000000
-0.014032 0.002149 449.000000
-0.014280 0.001455 449.000000
-0.014435 0.000735 449.000000
-0.014487 0.000000 449.000000
-0.014435 -0.000735 449.000000
-0.014280 -0.001455 449.000000
-0.014032 -0.002149 449.000000
-0.013710 -0.002812 449.000000
-0.013351 -0.003455 449.000000
-0.012989 -0.004096 449.000000
-0.012630 -0.004740 449.000000
-0.012267 -0.005381 449.000000
-0.011900 -0.006019 449.000000
-0.011531 -0.006657 449.000000
-0.011163 -0.007296 449.000000
-0.010794 -0.007933 449.000000
-0.010420 -0.008568 449.000000
-0.010042 -0.009201 449.000000
-0.009668 -0.009835 449.000000
-0.009290 -0.010468 449.000000
-0.008877 -0.011077 449.000000
-0.008400 -0.011639 449.000000
-0.007854 -0.012134 449.000000
-0.007244 -0.012546 449.000000
-0.006581 -0.012869 449.000000
-0.005880 -0.013095 449.000000
-0.005155 -0.013226 449.000000
-0.004420 -0.013279 449.000000
-0.003684 -0.013290 449.000000
-0.002947 -0.013297 449.000000
-0.002210 -0.013308 449.000000
-0.001473 -0.013314 449.000000
-0.000737 -0.013315 449.000000
0.000000 -0.013315 449.000000
0.000737 -0.013315 449.000000
0.001473 -0.013314 449.000000
0.002210 -0.013308 449.000000
0.002947 -0.013297 449.000000
0.003684 -0.013290 449.000000
0.004420 -0.013279 449.000000
0.005155 -0.013226 449.000000
0.005880 -0.013095 449.000000
0.006581 -0.012869 449.000000
0.007244 -0.012546 449.000000
0.007854 -0.012134 449.000000
0.008400 -0.011639 449.000000
0.008877 -0.011077 449.000000
0.009290 -0.010468 449.000000
0.009668 -0.009835 449.000000
0.010042 -0.009201 449.000000
0.010420 -0.008568 449.000000
0.010794 -0.007933 449.000000
0.011163 -0.007296 449.000000
0.011531 -0.006657 449.000000
0.011900 -0.006019 449.000000
0.012267 -0.005381 449.000000
0.012630 -0.004740 449.000000
0.012989 -0.004096 449.000000
0.013351 -0.003455 449.000000
0.013710 -0.002812 449.000000
0.014032 -0.002149 449.000000
0.014280 -0.001455 449.000000
0.014435 -0.000735 449.000000
0.014487 0.000000 449.000000

