0.016307 0.000000 662.000000
0.016242 0.000826 662.000000
0.016052 0.001632 662.000000
0.015753 0.002403 662.000000
0.015377 0.003141 662.000000
0.014974 0.003865 662.000000
0.014574 0.004590 662.000000
0.014174 0.005315 662.000000
0.013764 0.006034 662.000000
0.013351 0.006752 662.000000
0.012937 0.007469 662.000000
0.012523 0.008186 662.000000
0.012108 0.008903 662.000000
0.011690 0.009617 662.000000
0.011262 0.010327 662.000000
0.010834 0.011035 662.000000
0.010409 0.011746 662.000000
0.009958 0.012440 662.000000
0.009439 0.013086 662.000000
0.008836 0.013653 662.000000
0.008153 0.014122 662.000000
0.007406 0.014479 662.000000
0.006613 0.014718 662.000000
0.005795 0.014844 662.000000
0.004968 0.014887 662.000000
0.004140 0.014900 662.000000
0.003312 0.014916 662.000000
0.002484 0.014932 662.000000
0.001656 0.014937 662.000000
0.000828 0.014938 662.000000
0.000000 0.014938 662.000000
-0.000828 0.014938 662.000000
-0.001656 0.014937 662.000000
-0.002484 0.014932 662.000000
-0.003312 0.014916 662.000000
-0.004140 0.014900 662.000000
-0.004968 0.014887 662.000000
-0.005795 0.014844 662.000000
-0.006613 0.014718 662.000000
-0.007406 0.014479 662.000000
-0.008153 0.014122 662.000000
-0.008836 0.013653 662.000000
-0.009439 0.013086 662.000000
-0.009958 0.012440 662.000000
-0.010409 0.011746 662.000000
-0.010834 0.011035 662.000000
-0.011262 0.010327 662.000000
-0.011690 0.009617 662.000000
-0.012108 0.008903 662.000000
-0.012523 0.008186 662.000000
-0.012937 0.007469 662.000000
-0.013351 0.006752 662.000000
-0.013764 0.006034 662.000000
-0.014174 0.005315 662.000000
-0.014574 0.004590 662.000000
-0.014974 0.003865 662.000000
-0.015377 0.003141 662.000000
-0.015753 0.002403 662.000000
-0.016052 0.001632 662.000000
-0.016242 0.000826 662.000000
-0.016307 0.000000 662.000000
-0.016242 -0.000826 662.000000
-0.016052 -0.001632 662.000000
-0.015753 -0.002403 662.000000
-0.015377 -0.003141 662.000000
-0.014974 -0.003865 662.000000
-0.014574 -0.004590 662.000000
-0.014174 -0.005315 662.000000
-0.013764 -0.006034 662.000000
-0.013351 -0.006752 662.000000
-0.012937 -0.007469 662.000000
-0.012523 -0.008186 662.000000
-0.012108 -0.008903 662.000000
-0.011690 -0.009617 662.000000
-0.011262 -0.010327 662.000000
-0.010834 -0.011035 662.000000
-0.010409 -0.011746 662.000000
-0.009958 -0.012440 662.000000
-0.009439 -0.013086 662.000000
-0.008836 -0.013653 662.000000
-0.008153 -0.014122 662.000000
-0.007406 -0.014479 662.000000
-0.006613 -0.014718 662.000000
-0.005795 -0.014844 662.000000
-0.004968 -0.014887 662.000000
-0.004140 -0.014900 662.000000
-0.003312 -0.014916 662.000000
-0.002484 -0.014932 662.000000
-0.001656 -0.014937 662.000000
-0.000828 -0.014938 662.000000
0.000000 -0.014938 662.000000
0.000828 -0.014938 662.000000
0.001656 -0.014937 662.000000
0.002484 -0.014932 662.000000
0.003312 -0.014916 662.000000
0.004140 -0.014900 662.000000
0.004968 -0.014887 662.000000
0.005795 -0.014844 662.000000
0.006613 -0.014718 662.000000
0.007406 -0.014479 662.000000
0.008153 -0.014122 662.000000
0.008836 -0.013653 662.000000
0.009439 -0.013086 662.000000
0.009958 -0.012440 662.000000
0.010409 -0.011746 662.000000
0.010834 -0.011035 662.000000
0.011262 -0.010327 662.000000
0.011690 -0.009617 662.000000
0.012108 -0.008903 662.000000
0.012523 -0.008186 662.000000
0.012937 -0.007469 662.000000
0.013351 -0.006752 662.000000
0.013764 -0.006034 662.000000
0.014174 -0.005315 662.000000
0.014574 -0.004590 662.000000
0.014974 -0.003865 662.000000
0.015377 -0.003141 662.000000
0.015753 -0.002403 662.000000
0.016052 -0.001632 662.000000
0.016242 -0.000826 662.000000
0.016307 0.000000 662.000000

