0.020916 0.000000 1753.000000
0.020819 0.001055 1753.000000
0.020536 0.002077 1753.000000
0.020112 0.003048 1753.000000
0.019622 0.003988 1753.000000
0.019129 0.004926 1753.000000
0.018635 0.005864 1753.000000
0.018120 0.006790 1753.000000
0.017595 0.007711 1753.000000
0.017069 0.008631 1753.000000
0.016540 0.009550 1753.000000
0.016009 0.010467 1753.000000
0.015475 0.011382 1753.000000
0.014940 0.012297 1753.000000
0.014396 0.013207 1753.000000
0.013831 0.014103 1753.000000
0.013264 0.014999 1753.000000
0.012696 0.015894 1753.000000
0.012067 0.016746 1753.000000
0.011323 0.017502 1753.000000
0.010458 0.018114 1753.000000
0.009495 0.018557 1753.000000
0.008469 0.018823 1753.000000
0.007416 0.018942 1753.000000
0.006357 0.018987 1753.000000
0.005298 0.019029 1753.000000
0.004239 0.019070 1753.000000
0.003180 0.019087 1753.000000
0.002120 0.019093 1753.000000
0.001060 0.019098 1753.000000
-0.000000 0.019099 1753.000000
-0.001060 0.019098 1753.000000
-0.002120 0.019093 1753.000000
-0.003180 0.019087 1753.000000
-0.004239 0.019070 1753.000000
-0.005298 0.019029 1753.000000
-0.006357 0.018987 1753.000000
-0.007416 0.018942 1753.000000
-0.008469 0.018823 1753.000000
-0.009495 0.018557 1753.000000
-0.010458 0.018114 1753.000000
-0.011323 0.017502 1753.000000
-0.012067 0.016746 1753.000000
-0.012696 0.015894 1753.000000
-0.013264 0.014999 1753.000000
-0.013831 0.014103 1753.000000
-0.014396 0.013207 1753.000000
-0.014940 0.012297 1753.000000
-0.015475 0.011382 1753.000000
-0.016009 0.010467 1753.000000
-0.016540 0.009550 1753.000000
-0.017069 0.008631 1753.000000
-0.017595 0.007711 1753.000000
-0.018120 0.006790 1753.000000
-0.018635 0.005864 1753.000000
-0.019129 0.004926 1753.000000
-0.019622 0.003988 1753.000000
-0.020112 0.003048 1753.000000
-0.020536 0.002077 1753.000000
-0.020819 0.001055 1753.000000
-0.020916 0.000000 1753.000000
-0.020819 -0.001055 1753.000000
-0.020536 -0.002077 1753.000000
-0.020112 -0.003048 1753.000000
-0.019622 -0.003988 1753.000000
-0.019129 -0.004926 1753.000000
-0.018635 -0.005864 1753.000000
-0.018120 -0.006790 1753.000000
-0.017595 -0.007711 1753.000000
-0.017069 -0.008631 1753.000000
-0.016540 -0.009550 1753.000000
-0.016009 -0.010467 1753.000000
-0.015475 -0.011382 1753.000000
-0.014940 -0.012297 1753.000000
-0.014396 -0.013207 1753.000000
-0.013831 -0.014103 1753.000000
-0.013264 -0.014999 1753.000000
-0.012696 -0.015894 1753.000000
-0.012067 -0.016746 1753.000000
-0.011323 -0.017502 1753.000000
-0.010458 -0.018114 1753.000000
-0.009495 -0.018557 1753.000000
-0.008469 -0.018823 1753.000000
-0.007416 -0.018942 1753.000000
-0.006357 -0.018987 1753.000000
-0.005298 -0.019029 1753.000000
-0.004239 -0.019070 1753.000000
-0.003180 -0.019087 1753.000000
-0.002120 -0.019093 1753.000000
-0.001060 -0.019098 1753.000000
-0.000000 -0.019099 1753.000000
0.001060 -0.019098 1753.000000
0.002120 -0.019093 1753.000000
0.003180 -0.019087 1753.000000
0.004239 -0.019070 1753.000000
0.005298 -0.019029 1753.000000
0.006357 -0.018987 1753.000000
0.007416 -0.018942 1753.000000
0.008469 -0.018823 1753.000000
0.009495 -0.018557 1753.000000
0.010458 -0.018114 1753.000000
0.011323 -0.017502 1753.000000
0.012067 -0.016746 1753.000000
0.012696 -0.015894 1753.000000
0.013264 -0.014999 1753.000000
0.013831 -0.014103 1753.000000
0.014396 -0.013207 1753.000000
0.014940 -0.012297 1753.000000
0.015475 -0.011382 1753.000000
0.016009 -0.010467 1753.000000
0.016540 -0.009550 1753.000000
0.017069 -0.008631 1753.000000
0.017595 -0.007711 1753.000000
0.018120 -0.006790 1753.000000
0.018635 -0.005864 1753.000000
0.019129 -0.004926 1753.000000
0.019622 -0.003988 1753.000000
0.020112 -0.003048 1753.000000
0.020536 -0.002077 1753.000000
0.020819 -0.001055 1753.000000
0.020916 0.000000 1753.000000

