0.006776 -0.000000 0.042555
0.006768 0.000332 0.042555
0.006743 0.000664 0.042555
0.006702 0.000994 0.042555
0.006645 0.001321 0.042555
0.006572 0.001646 0.042555
0.006484 0.001966 0.042555
0.006380 0.002282 0.042555
0.006260 0.002592 0.042555
0.006130 0.002898 0.042555
0.005982 0.003196 0.042555
0.005812 0.003482 0.042555
0.005628 0.003759 0.042555
0.005431 0.004026 0.042555
0.005223 0.004286 0.042555
0.005006 0.004537 0.042555
0.004779 0.004781 0.042555
0.004542 0.005014 0.042555
0.004294 0.005235 0.042555
0.004034 0.005442 0.042555
0.003764 0.005636 0.042555
0.003483 0.005814 0.042555
0.003194 0.005978 0.042555
0.002897 0.006127 0.042555
0.002593 0.006261 0.042555
0.002282 0.006380 0.042555
0.001966 0.006484 0.042555
0.001646 0.006572 0.042555
0.001321 0.006644 0.042555
0.000994 0.006701 0.042555
0.000664 0.006742 0.042555
0.000332 0.006766 0.042555
-0.000000 0.006774 0.042555
-0.000333 0.006765 0.042555
-0.000664 0.006740 0.042555
-0.000994 0.006699 0.042555
-0.001322 0.006642 0.042555
-0.001646 0.006570 0.042555
-0.001967 0.006482 0.042555
-0.002282 0.006378 0.042555
-0.002593 0.006258 0.042555
-0.002897 0.006124 0.042555
-0.003194 0.005975 0.042555
-0.003483 0.005811 0.042555
-0.003764 0.005633 0.042555
-0.004036 0.005442 0.042555
-0.004298 0.005237 0.042555
-0.004550 0.005020 0.042555
-0.004790 0.004791 0.042555
-0.005020 0.004550 0.042555
-0.005237 0.004298 0.042555
-0.005441 0.004036 0.042555
-0.005634 0.003765 0.042555
-0.005811 0.003484 0.042555
-0.005974 0.003194 0.042555
-0.006122 0.002896 0.042555
-0.006255 0.002592 0.042555
-0.006374 0.002281 0.042555
-0.006478 0.001965 0.042555
-0.006568 0.001645 0.042555
-0.006642 0.001321 0.042555
-0.006700 0.000994 0.042555
-0.006742 0.000664 0.042555
-0.006767 0.000332 0.042555
-0.006776 0.000000 0.042555
-0.006768 -0.000332 0.042555
-0.006743 -0.000664 0.042555
-0.006702 -0.000994 0.042555
-0.006645 -0.001321 0.042555
-0.006572 -0.001646 0.042555
-0.006484 -0.001966 0.042555
-0.006380 -0.002282 0.042555
-0.006260 -0.002592 0.042555
-0.006130 -0.002898 0.042555
-0.005982 -0.003196 0.042555
-0.005812 -0.003482 0.042555
-0.005628 -0.003759 0.042555
-0.005431 -0.004026 0.042555
-0.005223 -0.004286 0.042555
-0.005006 -0.004537 0.042555
-0.004779 -0.004781 0.042555
-0.004542 -0.005014 0.042555
-0.004294 -0.005235 0.042555
-0.004034 -0.005442 0.042555
-0.003764 -0.005636 0.042555
-0.003483 -0.005814 0.042555
-0.003194 -0.005978 0.042555
-0.002897 -0.006127 0.042555
-0.002593 -0.006261 0.042555
-0.002282 -0.006380 0.042555
-0.001966 -0.006484 0.042555
-0.001646 -0.006572 0.042555
-0.001321 -0.006644 0.042555
-0.000994 -0.006701 0.042555
-0.000664 -0.006742 0.042555
-0.000332 -0.006766 0.042555
0.000000 -0.006774 0.042555
0.000333 -0.006765 0.042555
0.000664 -0.006740 0.042555
0.000994 -0.006699 0.042555
0.001322 -0.006642 0.042555
0.001646 -0.006570 0.042555
0.001967 -0.006482 0.042555
0.002282 -0.006378 0.042555
0.002593 -0.006258 0.042555
0.002897 -0.006124 0.042555
0.003194 -0.005975 0.042555
0.003483 -0.005811 0.042555
0.003764 -0.005633 0.042555
0.004036 -0.005442 0.042555
0.004298 -0.005237 0.042555
0.004550 -0.005020 0.042555
0.004790 -0.004791 0.042555
0.005020 -0.004550 0.042555
0.005237 -0.004298 0.042555
0.005441 -0.004036 0.042555
0.005634 -0.003765 0.042555
0.005811 -0.003484 0.042555
0.005974 -0.003194 0.042555
0.006122 -0.002896 0.042555
0.006255 -0.002592 0.042555
0.006374 -0.002281 0.042555
0.006478 -0.001965 0.042555
0.006568 -0.001645 0.042555
0.006642 -0.001321 0.042555
0.006700 -0.000994 0.042555
0.006742 -0.000664 0.042555
0.006767 -0.000332 0.042555
0.006776 -0.000000 0.042555
