0.019380 0.000000 1252.000000
0.019294 0.000979 1252.000000
0.019043 0.001929 1252.000000
0.018658 0.002833 1252.000000
0.018202 0.003703 1252.000000
0.017737 0.004569 1252.000000
0.017276 0.005436 1252.000000
0.016800 0.006296 1252.000000
0.016312 0.007149 1252.000000
0.015824 0.008001 1252.000000
0.015333 0.008853 1252.000000
0.014841 0.009703 1252.000000
0.014347 0.010552 1252.000000
0.013852 0.011401 1252.000000
0.013346 0.012243 1252.000000
0.012825 0.013076 1252.000000
0.012308 0.013912 1252.000000
0.011782 0.014742 1252.000000
0.011191 0.015527 1252.000000
0.010495 0.016220 1252.000000
0.009690 0.016784 1252.000000
0.008799 0.017198 1252.000000
0.007851 0.017456 1252.000000
0.006876 0.017575 1252.000000
0.005894 0.017615 1252.000000
0.004912 0.017645 1252.000000
0.003930 0.017679 1252.000000
0.002948 0.017697 1252.000000
0.001965 0.017701 1252.000000
0.000983 0.017704 1252.000000
0.000000 0.017706 1252.000000
-0.000983 0.017704 1252.000000
-0.001965 0.017701 1252.000000
-0.002948 0.017697 1252.000000
-0.003930 0.017679 1252.000000
-0.004912 0.017645 1252.000000
-0.005894 0.017615 1252.000000
-0.006876 0.017575 1252.000000
-0.007851 0.017456 1252.000000
-0.008799 0.017198 1252.000000
-0.009690 0.016784 1252.000000
-0.010495 0.016220 1252.000000
-0.011191 0.015527 1252.000000
-0.011782 0.014742 1252.000000
-0.012308 0.013912 1252.000000
-0.012825 0.013076 1252.000000
-0.013346 0.012243 1252.000000
-0.013852 0.011401 1252.000000
-0.014347 0.010552 1252.000000
-0.014841 0.009703 1252.000000
-0.015333 0.008853 1252.000000
-0.015824 0.008001 1252.000000
-0.016312 0.007149 1252.000000
-0.016800 0.006296 1252.000000
-0.017276 0.005436 1252.000000
-0.017737 0.004569 1252.000000
-0.018202 0.003703 1252.000000
-0.018658 0.002833 1252.000000
-0.019043 0.001929 1252.000000
-0.019294 0.000979 1252.000000
-0.019380 0.000000 1252.000000
-0.019294 -0.000979 1252.000000
-0.019043 -0.001929 1252.000000
-0.018658 -0.002833 1252.000000
-0.018202 -0.003703 1252.000000
-0.017737 -0.004569 1252.000000
-0.017276 -0.005436 1252.000000
-0.016800 -0.006296 1252.000000
-0.016312 -0.007149 1252.000000
-0.015824 -0.008001 1252.000000
-0.015333 -0.008853 1252.000000
-0.014841 -0.009703 1252.000000
-0.014347 -0.010552 1252.000000
-0.013852 -0.011401 1252.000000
-0.013346 -0.012243 1252.000000
-0.012825 -0.013076 1252.000000
-0.012308 -0.013912 1252.000000
-0.011782 -0.014742 1252.000000
-0.011191 -0.015527 1252.000000
-0.010495 -0.016220 1252.000000
-0.009690 -0.016784 1252.000000
-0.008799 -0.017198 1252.000000
-0.007851 -0.017456 1252.000000
-0.006876 -0.017575 1252.000000
-0.005894 -0.017615 1252.000000
-0.004912 -0.017645 1252.000000
-0.003930 -0.017679 1252.000000
-0.002948 -0.017697 1252.000000
-0.001965 -0.017701 1252.000000
-0.000983 -0.017704 1252.000000
0.000000 -0.017706 1252.000000
0.000983 -0.017704 1252.000000
0.001965 -0.017701 1252.000000
0.002948 -0.017697 1252.000000
0.003930 -0.017679 1252.000000
0.004912 -0.017645 1252.000000
0.005894 -0.017615 1252.000000
0.006876 -0.017575 1252.000000
0.007851 -0.017456 1252.000000
0.008799 -0.017198 1252.000000
0.009690 -0.016784 1252.000000
0.010495 -0.016220 1252.000000
0.011191 -0.015527 1252.000000
0.011782 -0.014742 1252.000000
0.012308 -0.013912 1252.000000
0.012825 -0.013076 1252.000000
0.013346 -0.012243 1252.000000
0.013852 -0.011401 1252.000000
0.014347 -0.010552 1252.000000
0.014841 -0.009703 1252.000000
0.015333 -0.008853 1252.000000
0.015824 -0.008001 1252.000000
0.016312 -0.007149 1252.000000
0.016800 -0.006296 1252.000000
0.017276 -0.005436 1252.000000
0.017737 -0.004569 1252.000000
0.018202 -0.003703 1252.000000
0.018658 -0.002833 1252.000000
0.019043 -0.001929 1252.000000
0.019294 -0.000979 1252.000000
0.019380 0.000000 1252.000000

