0.005277 -0.000000 0.722222
0.005275 0.000136 0.722222
0.005267 0.000271 0.722222
0.005254 0.000406 0.722222
0.005234 0.000540 0.722222
0.005209 0.000674 0.722222
0.005177 0.000806 0.722222
0.005138 0.000935 0.722222
0.005091 0.001063 0.722222
0.005040 0.001189 0.722222
0.004985 0.001313 0.722222
0.004927 0.001435 0.722222
0.004867 0.001557 0.722222
0.004804 0.001677 0.722222
0.004738 0.001796 0.722222
0.004671 0.001914 0.722222
0.004604 0.002031 0.722222
0.004536 0.002149 0.722222
0.004468 0.002266 0.722222
0.004400 0.002383 0.722222
0.004332 0.002501 0.722222
0.004264 0.002618 0.722222
0.004196 0.002736 0.722222
0.004129 0.002854 0.722222
0.004061 0.002971 0.722222
0.003993 0.003089 0.722222
0.003924 0.003206 0.722222
0.003854 0.003322 0.722222
0.003782 0.003436 0.722222
0.003707 0.003550 0.722222
0.003629 0.003661 0.722222
0.003549 0.003771 0.722222
0.003466 0.003878 0.722222
0.003379 0.003982 0.722222
0.003286 0.004081 0.722222
0.003188 0.004174 0.722222
0.003085 0.004263 0.722222
0.002978 0.004347 0.722222
0.002868 0.004426 0.722222
0.002755 0.004500 0.722222
0.002639 0.004570 0.722222
0.002520 0.004636 0.722222
0.002399 0.004697 0.722222
0.002275 0.004753 0.722222
0.002149 0.004803 0.722222
0.002021 0.004848 0.722222
0.001891 0.004886 0.722222
0.001759 0.004917 0.722222
0.001625 0.004941 0.722222
0.001491 0.004959 0.722222
0.001356 0.004974 0.722222
0.001221 0.004985 0.722222
0.001085 0.004993 0.722222
0.000950 0.004999 0.722222
0.000814 0.005002 0.722222
0.000678 0.005002 0.722222
0.000543 0.005002 0.722222
0.000407 0.005002 0.722222
0.000271 0.005002 0.722222
0.000136 0.005002 0.722222
0.000000 0.005002 0.722222
-0.000136 0.005002 0.722222
-0.000271 0.005002 0.722222
-0.000407 0.005002 0.722222
-0.000543 0.005002 0.722222
-0.000678 0.005002 0.722222
-0.000814 0.005002 0.722222
-0.000950 0.004999 0.722222
-0.001085 0.004993 0.722222
-0.001221 0.004985 0.722222
-0.001356 0.004974 0.722222
-0.001491 0.004959 0.722222
-0.001625 0.004941 0.722222
-0.001759 0.004917 0.722222
-0.001891 0.004886 0.722222
-0.002021 0.004848 0.722222
-0.002149 0.004803 0.722222
-0.002275 0.004753 0.722222
-0.002399 0.004697 0.722222
-0.002520 0.004636 0.722222
-0.002639 0.004570 0.722222
-0.002755 0.004500 0.722222
-0.002868 0.004426 0.722222
-0.002978 0.004347 0.722222
-0.003085 0.004263 0.722222
-0.003188 0.004174 0.722222
-0.003286 0.004081 0.722222
-0.003379 0.003982 0.722222
-0.003466 0.003878 0.722222
-0.003549 0.003771 0.722222
-0.003629 0.003661 0.722222
-0.003707 0.003550 0.722222
-0.003782 0.003436 0.722222
-0.003854 0.003322 0.722222
-0.003924 0.003206 0.722222
-0.003993 0.003089 0.722222
-0.004061 0.002971 0.722222
-0.004129 0.002854 0.722222
-0.004196 0.002736 0.722222
-0.004264 0.002618 0.722222
-0.004332 0.002501 0.722222
-0.004400 0.002383 0.722222
-0.004468 0.002266 0.722222
-0.004536 0.002149 0.722222
-0.004604 0.002031 0.722222
-0.004671 0.001914 0.722222
-0.004738 0.001796 0.722222
-0.004804 0.001677 0.722222
-0.004867 0.001557 0.722222
-0.004927 0.001435 0.722222
-0.004985 0.001313 0.722222
-0.005040 0.001189 0.722222
-0.005091 0.001063 0.722222
-0.005138 0.000935 0.722222
-0.005177 0.000806 0.722222
-0.005209 0.000674 0.722222
-0.005234 0.000540 0.722222
-0.005254 0.000406 0.722222
-0.005267 0.000271 0.722222
-0.005275 0.000136 0.722222
-0.005277 0.000000 0.722222
-0.005275 -0.000136 0.722222
-0.005267 -0.000271 0.722222
-0.005254 -0.000406 0.722222
-0.005234 -0.000540 0.722222
-0.005209 -0.000674 0.722222
-0.005177 -0.000806 0.722222
-0.005138 -0.000935 0.722222
-0.005091 -0.001063 0.722222
-0.005040 -0.001189 0.722222
-0.004985 -0.001313 0.722222
-0.004927 -0.001435 0.722222
-0.004867 -0.001557 0.722222
-0.004804 -0.001677 0.722222
-0.004738 -0.001796 0.722222
-0.004671 -0.001914 0.722222
-0.004604 -0.002031 0.722222
-0.004536 -0.002149 0.722222
-0.004468 -0.002266 0.722222
-0.004400 -0.002383 0.722222
-0.004332 -0.002501 0.722222
-0.004264 -0.002618 0.722222
-0.004196 -0.002736 0.722222
-0.004129 -0.002854 0.722222
-0.004061 -0.002971 0.722222
-0.003993 -0.003089 0.722222
-0.003924 -0.003206 0.722222
-0.003854 -0.003322 0.722222
-0.003782 -0.003436 0.722222
-0.003707 -0.003550 0.722222
-0.003629 -0.003661 0.722222
-0.003549 -0.003771 0.722222
-0.003466 -0.003878 0.722222
-0.003379 -0.003982 0.722222
-0.003286 -0.004081 0.722222
-0.003188 -0.004174 0.722222
-0.003085 -0.004263 0.722222
-0.002978 -0.004347 0.722222
-0.002868 -0.004426 0.722222
-0.002755 -0.004500 0.722222
-0.002639 -0.004570 0.722222
-0.002520 -0.004636 0.722222
-0.002399 -0.004697 0.722222
-0.002275 -0.004753 0.722222
-0.002149 -0.004803 0.722222
-0.002021 -0.004848 0.722222
-0.001891 -0.004886 0.722222
-0.001759 -0.004917 0.722222
-0.001625 -0.004941 0.722222
-0.001491 -0.004959 0.722222
-0.001356 -0.004974 0.722222
-0.001221 -0.004985 0.722222
-0.001085 -0.004993 0.722222
-0.000950 -0.004999 0.722222
-0.000814 -0.005002 0.722222
-0.000678 -0.005002 0.722222
-0.000543 -0.005002 0.722222
-0.000407 -0.005002 0.722222
-0.000271 -0.005002 0.722222
-0.000136 -0.005002 0.722222
0.000000 -0.005002 0.722222
0.000136 -0.005002 0.722222
0.000271 -0.005002 0.722222
0.000407 -0.005002 0.722222
0.000543 -0.005002 0.722222
0.000678 -0.005002 0.722222
0.000814 -0.005002 0.722222
0.000950 -0.004999 0.722222
0.001085 -0.004993 0.722222
0.001221 -0.004985 0.722222
0.001356 -0.004974 0.722222
0.001491 -0.004959 0.722222
0.001625 -0.004941 0.722222
0.001759 -0.004917 0.722222
0.001891 -0.004886 0.722222
0.002021 -0.004848 0.722222
0.002149 -0.004803 0.722222
0.002275 -0.004753 0.722222
0.002399 -0.004697 0.722222
0.002520 -0.004636 0.722222
0.002639 -0.004570 0.722222
0.002755 -0.004500 0.722222
0.002868 -0.004426 0.722222
0.002978 -0.004347 0.722222
0.003085 -0.004263 0.722222
0.003188 -0.004174 0.722222
0.003286 -0.004081 0.722222
0.003379 -0.003982 0.722222
0.003466 -0.003878 0.722222
0.003549 -0.003771 0.722222
0.003629 -0.003661 0.722222
0.003707 -0.003550 0.722222
0.003782 -0.003436 0.722222
0.003854 -0.003322 0.722222
0.003924 -0.003206 0.722222
0.003993 -0.003089 0.722222
0.004061 -0.002971 0.722222
0.004129 -0.002854 0.722222
0.004196 -0.002736 0.722222
0.004264 -0.002618 0.722222
0.004332 -0.002501 0.722222
0.004400 -0.002383 0.722222
0.004468 -0.002266 0.722222
0.004536 -0.002149 0.722222
0.004604 -0.002031 0.722222
0.004671 -0.001914 0.722222
0.004738 -0.001796 0.722222
0.004804 -0.001677 0.722222
0.004867 -0.001557 0.722222
0.004927 -0.001435 0.722222
0.004985 -0.001313 0.722222
0.005040 -0.001189 0.722222
0.005091 -0.001063 0.722222
0.005138 -0.000935 0.722222
0.005177 -0.000806 0.722222
0.005209 -0.000674 0.722222
0.005234 -0.000540 0.722222
0.005254 -0.000406 0.722222
0.005267 -0.000271 0.722222
0.005275 -0.000136 0.722222
0.005277 -0.000000 0.722222

