0.011101 -0.000000 197.000000
0.011069 0.000566 197.000000
0.010973 0.001125 197.000000
0.010816 0.001670 197.000000
0.010604 0.002195 197.000000
0.010347 0.002701 197.000000
0.010068 0.003194 197.000000
0.009784 0.003685 197.000000
0.009502 0.004177 197.000000
0.009220 0.004668 197.000000
0.008936 0.005159 197.000000
0.008653 0.005650 197.000000
0.008368 0.006141 197.000000
0.008083 0.006631 197.000000
0.007800 0.007122 197.000000
0.007513 0.007611 197.000000
0.007203 0.008086 197.000000
0.006854 0.008532 197.000000
0.006461 0.008940 197.000000
0.006024 0.009303 197.000000
0.005550 0.009613 197.000000
0.005044 0.009869 197.000000
0.004512 0.010065 197.000000
0.003962 0.010202 197.000000
0.003401 0.010281 197.000000
0.002835 0.010312 197.000000
0.002268 0.010316 197.000000
0.001701 0.010315 197.000000
0.001134 0.010317 197.000000
0.000567 0.010319 197.000000
0.000000 0.010318 197.000000
-0.000567 0.010319 197.000000
-0.001134 0.010317 197.000000
-0.001701 0.010315 197.000000
-0.002268 0.010316 197.000000
-0.002835 0.010312 197.000000
-0.003401 0.010281 197.000000
-0.003962 0.010202 197.000000
-0.004512 0.010065 197.000000
-0.005044 0.009869 197.000000
-0.005550 0.009613 197.000000
-0.006024 0.009303 197.000000
-0.006461 0.008940 197.000000
-0.006854 0.008532 197.000000
-0.007203 0.008086 197.000000
-0.007513 0.007611 197.000000
-0.007800 0.007122 197.000000
-0.008083 0.006631 197.000000
-0.008368 0.006141 197.000000
-0.008653 0.005650 197.000000
-0.008936 0.005159 197.000000
-0.009220 0.004668 197.000000
-0.009502 0.004177 197.000000
-0.009784 0.003685 197.000000
-0.010068 0.003194 197.000000
-0.010347 0.002701 197.000000
-0.010604 0.002195 197.000000
-0.010816 0.001670 197.000000
-0.010973 0.001125 197.000000
-0.011069 0.000566 197.000000
-0.011101 -0.000000 197.000000
-0.011069 -0.000566 197.000000
-0.010973 -0.001125 197.000000
-0.010816 -0.001670 197.000000
-0.010604 -0.002195 197.000000
-0.010347 -0.002701 197.000000
-0.010068 -0.003194 197.000000
-0.009784 -0.003685 197.000000
-0.009502 -0.004177 197.000000
-0.009220 -0.004668 197.000000
-0.008936 -0.005159 197.000000
-0.008653 -0.005650 197.000000
-0.008368 -0.006141 197.000000
-0.008083 -0.006631 197.000000
-0.007800 -0.007122 197.000000
-0.007513 -0.007611 197.000000
-0.007203 -0.008086 197.000000
-0.006854 -0.008532 197.000000
-0.006461 -0.008940 197.000000
-0.006024 -0.009303 197.000000
-0.005550 -0.009613 197.000000
-0.005044 -0.009869 197.000000
-0.004512 -0.010065 197.000000
-0.003962 -0.010202 197.000000
-0.003401 -0.010281 197.000000
-0.002835 -0.010312 197.000000
-0.002268 -0.010316 197.000000
-0.001701 -0.010315 197.000000
-0.001134 -0.010317 197.000000
-0.000567 -0.010319 197.000000
0.000000 -0.010318 197.000000
0.000567 -0.010319 197.000000
0.001134 -0.010317 197.000000
0.001701 -0.010315 197.000000
0.002268 -0.010316 197.000000
0.002835 -0.010312 197.000000
0.003401 -0.010281 197.000000
0.003962 -0.010202 197.000000
0.004512 -0.010065 197.000000
0.005044 -0.009869 197.000000
0.005550 -0.009613 197.000000
0.006024 -0.009303 197.000000
0.006461 -0.008940 197.000000
0.006854 -0.008532 197.000000
0.007203 -0.008086 197.000000
0.007513 -0.007611 197.000000
0.007800 -0.007122 197.000000
0.008083 -0.006631 197.000000
0.008368 -0.006141 197.000000
0.008653 -0.005650 197.000000
0.008936 -0.005159 197.000000
0.009220 -0.004668 197.000000
0.009502 -0.004177 197.000000
0.009784 -0.003685 197.000000
0.010068 -0.003194 197.000000
0.010347 -0.002701 197.000000
0.010604 -0.002195 197.000000
0.010816 -0.001670 197.000000
0.010973 -0.001125 197.000000
0.011069 -0.000566 197.000000
0.011101 -0.000000 197.000000

