1.003079 0.000734 6.282681
0.996676 0.098692 6.282681
0.982483 0.195828 6.282681
0.960033 0.291393 6.282681
0.927046 0.383852 6.282681
0.885133 0.472621 6.282681
0.834724 0.556857 6.282681
0.776291 0.635739 6.282681
0.710394 0.708501 6.282681
0.637683 0.774454 6.282681
0.558857 0.832962 6.282681
0.474667 0.883447 6.282681
0.385934 0.925438 6.282681
0.293513 0.958530 6.282681
0.198291 0.982397 6.282681
0.101190 0.996821 6.282681
0.003142 1.001647 6.282681
-0.094907 0.996837 6.282681
-0.192012 0.982437 6.282681
-0.287239 0.958590 6.282681
-0.379666 0.925516 6.282681
-0.468406 0.883540 6.282681
-0.552604 0.833069 6.282681
-0.631445 0.774580 6.282681
-0.704179 0.708652 6.282681
-0.770096 0.635909 6.282681
-0.828565 0.557053 6.282681
-0.879021 0.472845 6.282681
-0.920978 0.384097 6.282681
-0.954035 0.291663 6.282681
-0.977873 0.196434 6.282681
-0.992260 0.099328 6.282681
-0.997054 0.001278 6.282681
-0.992221 -0.096770 6.282681
-0.977794 -0.193871 6.282681
-0.953917 -0.289090 6.282681
-0.920832 -0.381514 6.282681
-0.878838 -0.470245 6.282681
-0.828348 -0.554432 6.282681
-0.769861 -0.633274 6.282681
-0.703924 -0.706000 6.282681
-0.631177 -0.771913 6.282681
-0.552322 -0.830382 6.282681
-0.468118 -0.880844 6.282681
-0.379375 -0.922812 6.282681
-0.286946 -0.955884 6.282681
-0.191723 -0.979743 6.282681
-0.094620 -0.994159 6.282681
0.003427 -0.999000 6.282681
0.101478 -0.994225 6.282681
0.198591 -0.979879 6.282681
0.293840 -0.956121 6.282681
0.386326 -0.923211 6.282681
0.475001 -0.881099 6.282681
0.559121 -0.830498 6.282681
0.638098 -0.772193 6.282681
0.710996 -0.706446 6.282681
0.777125 -0.633895 6.282681
0.835917 -0.555281 6.282681
0.886367 -0.471069 6.282681
0.928105 -0.382217 6.282681
0.961111 -0.289766 6.282681
0.984769 -0.194492 6.282681
0.998863 -0.097342 6.282681
1.003079 0.000734 6.282681
