0.019745 0.000000 1353.000000
0.019656 0.000997 1353.000000
0.019397 0.001964 1353.000000
0.019003 0.002884 1353.000000
0.018539 0.003771 1353.000000
0.018066 0.004653 1353.000000
0.017598 0.005537 1353.000000
0.017112 0.006413 1353.000000
0.016616 0.007282 1353.000000
0.016119 0.008150 1353.000000
0.015619 0.009018 1353.000000
0.015118 0.009884 1353.000000
0.014614 0.010749 1353.000000
0.014110 0.011613 1353.000000
0.013594 0.012471 1353.000000
0.013063 0.013319 1353.000000
0.012535 0.014170 1353.000000
0.011999 0.015015 1353.000000
0.011399 0.015816 1353.000000
0.010691 0.016524 1353.000000
0.009872 0.017099 1353.000000
0.008964 0.017521 1353.000000
0.007998 0.017780 1353.000000
0.007004 0.017899 1353.000000
0.006004 0.017940 1353.000000
0.005004 0.017972 1353.000000
0.004003 0.018009 1353.000000
0.003003 0.018026 1353.000000
0.002002 0.018030 1353.000000
0.001001 0.018034 1353.000000
-0.000000 0.018036 1353.000000
-0.001001 0.018034 1353.000000
-0.002002 0.018030 1353.000000
-0.003003 0.018026 1353.000000
-0.004003 0.018009 1353.000000
-0.005004 0.017972 1353.000000
-0.006004 0.017940 1353.000000
-0.007004 0.017899 1353.000000
-0.007998 0.017780 1353.000000
-0.008964 0.017521 1353.000000
-0.009872 0.017099 1353.000000
-0.010691 0.016524 1353.000000
-0.011399 0.015816 1353.000000
-0.011999 0.015015 1353.000000
-0.012535 0.014170 1353.000000
-0.013063 0.013319 1353.000000
-0.013594 0.012471 1353.000000
-0.014110 0.011613 1353.000000
-0.014614 0.010749 1353.000000
-0.015118 0.009884 1353.000000
-0.015619 0.009018 1353.000000
-0.016119 0.008150 1353.000000
-0.016616 0.007282 1353.000000
-0.017112 0.006413 1353.000000
-0.017598 0.005537 1353.000000
-0.018066 0.004653 1353.000000
-0.018539 0.003771 1353.000000
-0.019003 0.002884 1353.000000
-0.019397 0.001964 1353.000000
-0.019656 0.000997 1353.000000
-0.019745 0.000000 1353.000000
-0.019656 -0.000997 1353.000000
-0.019397 -0.001964 1353.000000
-0.019003 -0.002884 1353.000000
-0.018539 -0.003771 1353.000000
-0.018066 -0.004653 1353.000000
-0.017598 -0.005537 1353.000000
-0.017112 -0.006413 1353.000000
-0.016616 -0.007282 1353.000000
-0.016119 -0.008150 1353.000000
-0.015619 -0.009018 1353.000000
-0.015118 -0.009884 1353.000000
-0.014614 -0.010749 1353.000000
-0.014110 -0.011613 1353.000000
-0.013594 -0.012471 1353.000000
-0.013063 -0.013319 1353.000000
-0.012535 -0.014170 1353.000000
-0.011999 -0.015015 1353.000000
-0.011399 -0.015816 1353.000000
-0.010691 -0.016524 1353.000000
-0.009872 -0.017099 1353.000000
-0.008964 -0.017521 1353.000000
-0.007998 -0.017780 1353.000000
-0.007004 -0.017899 1353.000000
-0.006004 -0.017940 1353.000000
-0.005004 -0.017972 1353.000000
-0.004003 -0.018009 1353.000000
-0.003003 -0.018026 1353.000000
-0.002002 -0.018030 1353.000000
-0.001001 -0.018034 1353.000000
-0.000000 -0.018036 1353.000000
0.001001 -0.018034 1353.000000
0.002002 -0.018030 1353.000000
0.003003 -0.018026 1353.000000
0.004003 -0.018009 1353.000000
0.005004 -0.017972 1353.000000
0.006004 -0.017940 1353.000000
0.007004 -0.017899 1353.000000
0.007998 -0.017780 1353.000000
0.008964 -0.017521 1353.000000
0.009872 -0.017099 1353.000000
0.010691 -0.016524 1353.000000
0.011399 -0.015816 1353.000000
0.011999 -0.015015 1353.000000
0.012535 -0.014170 1353.000000
0.013063 -0.013319 1353.000000
0.013594 -0.012471 1353.000000
0.014110 -0.011613 1353.000000
0.014614 -0.010749 1353.000000
0.015118 -0.009884 1353.000000
0.015619 -0.009018 1353.000000
0.016119 -0.008150 1353.000000
0.016616 -0.007282 1353.000000
0.017112 -0.006413 1353.000000
0.017598 -0.005537 1353.000000
0.018066 -0.004653 1353.000000
0.018539 -0.003771 1353.000000
0.019003 -0.002884 1353.000000
0.019397 -0.001964 1353.000000
0.019656 -0.000997 1353.000000
0.019745 0.000000 1353.000000

