0.005589 0.000000 1.161458
0.005582 0.000141 1.161458
0.005557 0.000280 1.161458
0.005504 0.000411 1.161458
0.005439 0.000535 1.161458
0.005376 0.000661 1.161458
0.005313 0.000788 1.161458
0.005247 0.000912 1.161458
0.005179 0.001036 1.161458
0.005109 0.001158 1.161458
0.005039 0.001281 1.161458
0.004968 0.001403 1.161458
0.004897 0.001525 1.161458
0.004827 0.001647 1.161458
0.004756 0.001769 1.161458
0.004686 0.001891 1.161458
0.004615 0.002013 1.161458
0.004544 0.002135 1.161458
0.004474 0.002257 1.161458
0.004403 0.002379 1.161458
0.004332 0.002501 1.161458
0.004262 0.002624 1.161458
0.004192 0.002746 1.161458
0.004121 0.002868 1.161458
0.004051 0.002990 1.161458
0.003980 0.003112 1.161458
0.003910 0.003235 1.161458
0.003840 0.003357 1.161458
0.003769 0.003479 1.161458
0.003699 0.003601 1.161458
0.003628 0.003723 1.161458
0.003558 0.003845 1.161458
0.003486 0.003967 1.161458
0.003414 0.004088 1.161458
0.003339 0.004207 1.161458
0.003261 0.004325 1.161458
0.003183 0.004442 1.161458
0.003108 0.004562 1.161458
0.003020 0.004672 1.161458
0.002913 0.004764 1.161458
0.002794 0.004840 1.161458
0.002669 0.004905 1.161458
0.002536 0.004952 1.161458
0.002397 0.004972 1.161458
0.002256 0.004978 1.161458
0.002115 0.004986 1.161458
0.001974 0.004995 1.161458
0.001833 0.005000 1.161458
0.001692 0.005003 1.161458
0.001551 0.005004 1.161458
0.001410 0.005004 1.161458
0.001269 0.005004 1.161458
0.001128 0.005004 1.161458
0.000987 0.005004 1.161458
0.000846 0.005003 1.161458
0.000705 0.005003 1.161458
0.000564 0.005003 1.161458
0.000423 0.005003 1.161458
0.000282 0.005003 1.161458
0.000141 0.005003 1.161458
-0.000000 0.005003 1.161458
-0.000141 0.005003 1.161458
-0.000282 0.005003 1.161458
-0.000423 0.005003 1.161458
-0.000564 0.005003 1.161458
-0.000705 0.005003 1.161458
-0.000846 0.005003 1.161458
-0.000987 0.005004 1.161458
-0.001128 0.005004 1.161458
-0.001269 0.005004 1.161458
-0.001410 0.005004 1.161458
-0.001551 0.005004 1.161458
-0.001692 0.005003 1.161458
-0.001833 0.005000 1.161458
-0.001974 0.004995 1.161458
-0.002115 0.004986 1.161458
-0.002256 0.004978 1.161458
-0.002397 0.004972 1.161458
-0.002536 0.004952 1.161458
-0.002669 0.004905 1.161458
-0.002794 0.004840 1.161458
-0.002913 0.004764 1.161458
-0.003020 0.004672 1.161458
-0.003108 0.004562 1.161458
-0.003183 0.004442 1.161458
-0.003261 0.004325 1.161458
-0.003339 0.004207 1.161458
-0.003414 0.004088 1.161458
-0.003486 0.003967 1.161458
-0.003558 0.003845 1.161458
-0.003628 0.003723 1.161458
-0.003699 0.003601 1.161458
-0.003769 0.003479 1.161458
-0.003840 0.003357 1.161458
-0.003910 0.003235 1.161458
-0.003980 0.003112 1.161458
-0.004051 0.002990 1.161458
-0.004121 0.002868 1.161458
-0.004192 0.002746 1.161458
-0.004262 0.002624 1.161458
-0.004332 0.002501 1.161458
-0.004403 0.002379 1.161458
-0.004474 0.002257 1.161458
-0.004544 0.002135 1.161458
-0.004615 0.002013 1.161458
-0.004686 0.001891 1.161458
-0.004756 0.001769 1.161458
-0.004827 0.001647 1.161458
-0.004897 0.001525 1.161458
-0.004968 0.001403 1.161458
-0.005039 0.001281 1.161458
-0.005109 0.001158 1.161458
-0.005179 0.001036 1.161458
-0.005247 0.000912 1.161458
-0.005313 0.000788 1.161458
-0.005376 0.000661 1.161458
-0.005439 0.000535 1.161458
-0.005504 0.000411 1.161458
-0.005557 0.000280 1.161458
-0.005582 0.000141 1.161458
-0.005589 -0.000000 1.161458
-0.005582 -0.000141 1.161458
-0.005557 -0.000280 1.161458
-0.005504 -0.000411 1.161458
-0.005439 -0.000535 1.161458
-0.005376 -0.000661 1.161458
-0.005313 -0.000788 1.161458
-0.005247 -0.000912 1.161458
-0.005179 -0.001036 1.161458
-0.005109 -0.001158 1.161458
-0.005039 -0.001281 1.161458
-0.004968 -0.001403 1.161458
-0.004897 -0.001525 1.161458
-0.004827 -0.001647 1.161458
-0.004756 -0.001769 1.161458
-0.004686 -0.001891 1.161458
-0.004615 -0.002013 1.161458
-0.004544 -0.002135 1.161458
-0.004474 -0.002257 1.161458
-0.004403 -0.002379 1.161458
-0.004332 -0.002501 1.161458
-0.004262 -0.002624 1.161458
-0.004192 -0.002746 1.161458
-0.004121 -0.002868 1.161458
-0.004051 -0.002990 1.161458
-0.003980 -0.003112 1.161458
-0.003910 -0.003235 1.161458
-0.003840 -0.003357 1.161458
-0.003769 -0.003479 1.161458
-0.003699 -0.003601 1.161458
-0.003628 -0.003723 1.161458
-0.003558 -0.003845 1.161458
-0.003486 -0.003967 1.161458
-0.003414 -0.004088 1.161458
-0.003339 -0.004207 1.161458
-0.003261 -0.004325 1.161458
-0.003183 -0.004442 1.161458
-0.003108 -0.004562 1.161458
-0.003020 -0.004672 1.161458
-0.002913 -0.004764 1.161458
-0.002794 -0.004840 1.161458
-0.002669 -0.004905 1.161458
-0.002536 -0.004952 1.161458
-0.002397 -0.004972 1.161458
-0.002256 -0.004978 1.161458
-0.002115 -0.004986 1.161458
-0.001974 -0.004995 1.161458
-0.001833 -0.005000 1.161458
-0.001692 -0.005003 1.161458
-0.001551 -0.005004 1.161458
-0.001410 -0.005004 1.161458
-0.001269 -0.005004 1.161458
-0.001128 -0.005004 1.161458
-0.000987 -0.005004 1.161458
-0.000846 -0.005003 1.161458
-0.000705 -0.005003 1.161458
-0.000564 -0.005003 1.161458
-0.000423 -0.005003 1.161458
-0.000282 -0.005003 1.161458
-0.000141 -0.005003 1.161458
-0.000000 -0.005003 1.161458
0.000141 -0.005003 1.161458
0.000282 -0.005003 1.161458
0.000423 -0.005003 1.161458
0.000564 -0.005003 1.161458
0.000705 -0.005003 1.161458
0.000846 -0.005003 1.161458
0.000987 -0.005004 1.161458
0.001128 -0.005004 1.161458
0.001269 -0.005004 1.161458
0.001410 -0.005004 1.161458
0.001551 -0.005004 1.161458
0.001692 -0.005003 1.161458
0.001833 -0.005000 1.161458
0.001974 -0.004995 1.161458
0.002115 -0.004986 1.161458
0.002256 -0.004978 1.161458
0.002397 -0.004972 1.161458
0.002536 -0.004952 1.161458
0.002669 -0.004905 1.161458
0.002794 -0.004840 1.161458
0.002913 -0.004764 1.161458
0.003020 -0.004672 1.161458
0.003108 -0.004562 1.161458
0.003183 -0.004442 1.161458
0.003261 -0.004325 1.161458
0.003339 -0.004207 1.161458
0.003414 -0.004088 1.161458
0.003486 -0.003967 1.161458
0.003558 -0.003845 1.161458
0.003628 -0.003723 1.161458
0.003699 -0.003601 1.161458
0.003769 -0.003479 1.161458
0.003840 -0.003357 1.161458
0.003910 -0.003235 1.161458
0.003980 -0.003112 1.161458
0.004051 -0.002990 1.161458
0.004121 -0.002868 1.161458
0.004192 -0.002746 1.161458
0.004262 -0.002624 1.161458
0.004332 -0.002501 1.161458
0.004403 -0.002379 1.161458
0.004474 -0.002257 1.161458
0.004544 -0.002135 1.161458
0.004615 -0.002013 1.161458
0.004686 -0.001891 1.161458
0.004756 -0.001769 1.161458
0.004827 -0.001647 1.161458
0.004897 -0.001525 1.161458
0.004968 -0.001403 1.161458
0.005039 -0.001281 1.161458
0.005109 -0.001158 1.161458
0.005179 -0.001036 1.161458
0.005247 -0.000912 1.161458
0.005313 -0.000788 1.161458
0.005376 -0.000661 1.161458
0.005439 -0.000535 1.161458
0.005504 -0.000411 1.161458
0.005557 -0.000280 1.161458
0.005582 -0.000141 1.161458
0.005589 0.000000 1.161458

