0.019030 0.000000 1163.000000
0.018946 0.000961 1163.000000
0.018702 0.001895 1163.000000
0.018327 0.002784 1163.000000
0.017879 0.003639 1163.000000
0.017420 0.004487 1163.000000
0.016966 0.005339 1163.000000
0.016499 0.006183 1163.000000
0.016020 0.007021 1163.000000
0.015540 0.007858 1163.000000
0.015059 0.008694 1163.000000
0.014576 0.009529 1163.000000
0.014090 0.010364 1163.000000
0.013604 0.011197 1163.000000
0.013107 0.012024 1163.000000
0.012596 0.012843 1163.000000
0.012091 0.013665 1163.000000
0.011574 0.014480 1163.000000
0.010992 0.015249 1163.000000
0.010305 0.015927 1163.000000
0.009515 0.016480 1163.000000
0.008640 0.016888 1163.000000
0.007710 0.017144 1163.000000
0.006753 0.017263 1163.000000
0.005788 0.017303 1163.000000
0.004824 0.017330 1163.000000
0.003860 0.017363 1163.000000
0.002895 0.017380 1163.000000
0.001930 0.017384 1163.000000
0.000965 0.017387 1163.000000
0.000000 0.017389 1163.000000
-0.000965 0.017387 1163.000000
-0.001930 0.017384 1163.000000
-0.002895 0.017380 1163.000000
-0.003860 0.017363 1163.000000
-0.004824 0.017330 1163.000000
-0.005788 0.017303 1163.000000
-0.006753 0.017263 1163.000000
-0.007710 0.017144 1163.000000
-0.008640 0.016888 1163.000000
-0.009515 0.016480 1163.000000
-0.010305 0.015927 1163.000000
-0.010992 0.015249 1163.000000
-0.011574 0.014480 1163.000000
-0.012091 0.013665 1163.000000
-0.012596 0.012843 1163.000000
-0.013107 0.012024 1163.000000
-0.013604 0.011197 1163.000000
-0.014090 0.010364 1163.000000
-0.014576 0.009529 1163.000000
-0.015059 0.008694 1163.000000
-0.015540 0.007858 1163.000000
-0.016020 0.007021 1163.000000
-0.016499 0.006183 1163.000000
-0.016966 0.005339 1163.000000
-0.017420 0.004487 1163.000000
-0.017879 0.003639 1163.000000
-0.018327 0.002784 1163.000000
-0.018702 0.001895 1163.000000
-0.018946 0.000961 1163.000000
-0.019030 0.000000 1163.000000
-0.018946 -0.000961 1163.000000
-0.018702 -0.001895 1163.000000
-0.018327 -0.002784 1163.000000
-0.017879 -0.003639 1163.000000
-0.017420 -0.004487 1163.000000
-0.016966 -0.005339 1163.000000
-0.016499 -0.006183 1163.000000
-0.016020 -0.007021 1163.000000
-0.015540 -0.007858 1163.000000
-0.015059 -0.008694 1163.000000
-0.014576 -0.009529 1163.000000
-0.014090 -0.010364 1163.000000
-0.013604 -0.011197 1163.000000
-0.013107 -0.012024 1163.000000
-0.012596 -0.012843 1163.000000
-0.012091 -0.013665 1163.000000
-0.011574 -0.014480 1163.000000
-0.010992 -0.015249 1163.000000
-0.010305 -0.015927 1163.000000
-0.009515 -0.016480 1163.000000
-0.008640 -0.016888 1163.000000
-0.007710 -0.017144 1163.000000
-0.006753 -0.017263 1163.000000
-0.005788 -0.017303 1163.000000
-0.004824 -0.017330 1163.000000
-0.003860 -0.017363 1163.000000
-0.002895 -0.017380 1163.000000
-0.001930 -0.017384 1163.000000
-0.000965 -0.017387 1163.000000
0.000000 -0.017389 1163.000000
0.000965 -0.017387 1163.000000
0.001930 -0.017384 1163.000000
0.002895 -0.017380 1163.000000
0.003860 -0.017363 1163.000000
0.004824 -0.017330 1163.000000
0.005788 -0.017303 1163.000000
0.006753 -0.017263 1163.000000
0.007710 -0.017144 1163.000000
0.008640 -0.016888 1163.000000
0.009515 -0.016480 1163.000000
0.010305 -0.015927 1163.000000
0.010992 -0.015249 1163.000000
0.011574 -0.014480 1163.000000
0.012091 -0.013665 1163.000000
0.012596 -0.012843 1163.000000
0.013107 -0.012024 1163.000000
0.013604 -0.011197 1163.000000
0.014090 -0.010364 1163.000000
0.014576 -0.009529 1163.000000
0.015059 -0.008694 1163.000000
0.015540 -0.007858 1163.000000
0.016020 -0.007021 1163.000000
0.016499 -0.006183 1163.000000
0.016966 -0.005339 1163.000000
0.017420 -0.004487 1163.000000
0.017879 -0.003639 1163.000000
0.018327 -0.002784 1163.000000
0.018702 -0.001895 1163.000000
0.018946 -0.000961 1163.000000
0.019030 0.000000 1163.000000

