0.018418 0.000000 1024.000000
0.018339 0.000931 1024.000000
0.018107 0.001836 1024.000000
0.017748 0.002698 1024.000000
0.017316 0.003526 1024.000000
0.016869 0.004346 1024.000000
0.016427 0.005170 1024.000000
0.015975 0.005987 1024.000000
0.015512 0.006798 1024.000000
0.015047 0.007609 1024.000000
0.014581 0.008418 1024.000000
0.014113 0.009227 1024.000000
0.013644 0.010034 1024.000000
0.013173 0.010841 1024.000000
0.012691 0.011642 1024.000000
0.012198 0.012435 1024.000000
0.011712 0.013233 1024.000000
0.011211 0.014021 1024.000000
0.010643 0.014763 1024.000000
0.009975 0.015416 1024.000000
0.009209 0.015951 1024.000000
0.008363 0.016347 1024.000000
0.007464 0.016599 1024.000000
0.006537 0.016720 1024.000000
0.005604 0.016759 1024.000000
0.004670 0.016782 1024.000000
0.003736 0.016811 1024.000000
0.002802 0.016829 1024.000000
0.001868 0.016833 1024.000000
0.000934 0.016835 1024.000000
0.000000 0.016836 1024.000000
-0.000934 0.016835 1024.000000
-0.001868 0.016833 1024.000000
-0.002802 0.016829 1024.000000
-0.003736 0.016811 1024.000000
-0.004670 0.016782 1024.000000
-0.005604 0.016759 1024.000000
-0.006537 0.016720 1024.000000
-0.007464 0.016599 1024.000000
-0.008363 0.016347 1024.000000
-0.009209 0.015951 1024.000000
-0.009975 0.015416 1024.000000
-0.010643 0.014763 1024.000000
-0.011211 0.014021 1024.000000
-0.011712 0.013233 1024.000000
-0.012198 0.012435 1024.000000
-0.012691 0.011642 1024.000000
-0.013173 0.010841 1024.000000
-0.013644 0.010034 1024.000000
-0.014113 0.009227 1024.000000
-0.014581 0.008418 1024.000000
-0.015047 0.007609 1024.000000
-0.015512 0.006798 1024.000000
-0.015975 0.005987 1024.000000
-0.016427 0.005170 1024.000000
-0.016869 0.004346 1024.000000
-0.017316 0.003526 1024.000000
-0.017748 0.002698 1024.000000
-0.018107 0.001836 1024.000000
-0.018339 0.000931 1024.000000
-0.018418 0.000000 1024.000000
-0.018339 -0.000931 1024.000000
-0.018107 -0.001836 1024.000000
-0.017748 -0.002698 1024.000000
-0.017316 -0.003526 1024.000000
-0.016869 -0.004346 1024.000000
-0.016427 -0.005170 1024.000000
-0.015975 -0.005987 1024.000000
-0.015512 -0.006798 1024.000000
-0.015047 -0.007609 1024.000000
-0.014581 -0.008418 1024.000000
-0.014113 -0.009227 1024.000000
-0.013644 -0.010034 1024.000000
-0.013173 -0.010841 1024.000000
-0.012691 -0.011642 1024.000000
-0.012198 -0.012435 1024.000000
-0.011712 -0.013233 1024.000000
-0.011211 -0.014021 1024.000000
-0.010643 -0.014763 1024.000000
-0.009975 -0.015416 1024.000000
-0.009209 -0.015951 1024.000000
-0.008363 -0.016347 1024.000000
-0.007464 -0.016599 1024.000000
-0.006537 -0.016720 1024.000000
-0.005604 -0.016759 1024.000000
-0.004670 -0.016782 1024.000000
-0.003736 -0.016811 1024.000000
-0.002802 -0.016829 1024.000000
-0.001868 -0.016833 1024.000000
-0.000934 -0.016835 1024.000000
0.000000 -0.016836 1024.000000
0.000934 -0.016835 1024.000000
0.001868 -0.016833 1024.000000
0.002802 -0.016829 1024.000000
0.003736 -0.016811 1024.000000
0.004670 -0.016782 1024.000000
0.005604 -0.016759 1024.000000
0.006537 -0.016720 1024.000000
0.007464 -0.016599 1024.000000
0.008363 -0.016347 1024.000000
0.009209 -0.015951 1024.000000
0.009975 -0.015416 1024.000000
0.010643 -0.014763 1024.000000
0.011211 -0.014021 1024.000000
0.011712 -0.013233 1024.000000
0.012198 -0.012435 1024.000000
0.012691 -0.011642 1024.000000
0.013173 -0.010841 1024.000000
0.013644 -0.010034 1024.000000
0.014113 -0.009227 1024.000000
0.014581 -0.008418 1024.000000
0.015047 -0.007609 1024.000000
0.015512 -0.006798 1024.000000
0.015975 -0.005987 1024.000000
0.016427 -0.005170 1024.000000
0.016869 -0.004346 1024.000000
0.017316 -0.003526 1024.000000
0.017748 -0.002698 1024.000000
0.018107 -0.001836 1024.000000
0.018339 -0.000931 1024.000000
0.018418 0.000000 1024.000000

