0.007259 -0.000000 0.045589
0.007251 0.000356 0.045589
0.007225 0.000711 0.045589
0.007182 0.001065 0.045589
0.007120 0.001416 0.045589
0.007042 0.001763 0.045589
0.006947 0.002106 0.045589
0.006835 0.002444 0.045589
0.006706 0.002776 0.045589
0.006567 0.003104 0.045589
0.006408 0.003423 0.045589
0.006229 0.003731 0.045589
0.006035 0.004030 0.045589
0.005822 0.004315 0.045589
0.005595 0.004590 0.045589
0.005358 0.004855 0.045589
0.005112 0.005113 0.045589
0.004857 0.005362 0.045589
0.004592 0.005600 0.045589
0.004317 0.005825 0.045589
0.004030 0.006036 0.045589
0.003731 0.006231 0.045589
0.003423 0.006408 0.045589
0.003105 0.006569 0.045589
0.002779 0.006712 0.045589
0.002446 0.006839 0.045589
0.002107 0.006949 0.045589
0.001763 0.007042 0.045589
0.001415 0.007119 0.045589
0.001064 0.007179 0.045589
0.000711 0.007223 0.045589
0.000356 0.007249 0.045589
-0.000000 0.007257 0.045589
-0.000356 0.007248 0.045589
-0.000712 0.007221 0.045589
-0.001065 0.007177 0.045589
-0.001416 0.007116 0.045589
-0.001763 0.007038 0.045589
-0.002107 0.006943 0.045589
-0.002445 0.006832 0.045589
-0.002778 0.006704 0.045589
-0.003103 0.006561 0.045589
-0.003422 0.006401 0.045589
-0.003732 0.006226 0.045589
-0.004033 0.006035 0.045589
-0.004324 0.005830 0.045589
-0.004605 0.005611 0.045589
-0.004874 0.005378 0.045589
-0.005132 0.005133 0.045589
-0.005378 0.004875 0.045589
-0.005611 0.004605 0.045589
-0.005830 0.004324 0.045589
-0.006036 0.004034 0.045589
-0.006227 0.003733 0.045589
-0.006401 0.003423 0.045589
-0.006560 0.003104 0.045589
-0.006702 0.002777 0.045589
-0.006829 0.002444 0.045589
-0.006939 0.002106 0.045589
-0.007034 0.001762 0.045589
-0.007113 0.001415 0.045589
-0.007175 0.001064 0.045589
-0.007221 0.000711 0.045589
-0.007249 0.000356 0.045589
-0.007259 0.000000 0.045589
-0.007251 -0.000356 0.045589
-0.007225 -0.000711 0.045589
-0.007182 -0.001065 0.045589
-0.007120 -0.001416 0.045589
-0.007042 -0.001763 0.045589
-0.006947 -0.002106 0.045589
-0.006835 -0.002444 0.045589
-0.006706 -0.002776 0.045589
-0.006567 -0.003104 0.045589
-0.006408 -0.003423 0.045589
-0.006229 -0.003731 0.045589
-0.006035 -0.004030 0.045589
-0.005822 -0.004315 0.045589
-0.005595 -0.004590 0.045589
-0.005358 -0.004855 0.045589
-0.005112 -0.005113 0.045589
-0.004857 -0.005362 0.045589
-0.004592 -0.005600 0.045589
-0.004317 -0.005825 0.045589
-0.004030 -0.006036 0.045589
-0.003731 -0.006231 0.045589
-0.003423 -0.006408 0.045589
-0.003105 -0.006569 0.045589
-0.002779 -0.006712 0.045589
-0.002446 -0.006839 0.045589
-0.002107 -0.006949 0.045589
-0.001763 -0.007042 0.045589
-0.001415 -0.007119 0.045589
-0.001064 -0.007179 0.045589
-0.000711 -0.007223 0.045589
-0.000356 -0.007249 0.045589
0.000000 -0.007257 0.045589
0.000356 -0.007248 0.045589
0.000712 -0.007221 0.045589
0.001065 -0.007177 0.045589
0.001416 -0.007116 0.045589
0.001763 -0.007038 0.045589
0.002107 -0.006943 0.045589
0.002445 -0.006832 0.045589
0.002778 -0.006704 0.045589
0.003103 -0.006561 0.045589
0.003422 -0.006401 0.045589
0.003732 -0.006226 0.045589
0.004033 -0.006035 0.045589
0.004324 -0.005830 0.045589
0.004605 -0.005611 0.045589
0.004874 -0.005378 0.045589
0.005132 -0.005133 0.045589
0.005378 -0.004875 0.045589
0.005611 -0.004605 0.045589
0.005830 -0.004324 0.045589
0.006036 -0.004034 0.045589
0.006227 -0.003733 0.045589
0.006401 -0.003423 0.045589
0.006560 -0.003104 0.045589
0.006702 -0.002777 0.045589
0.006829 -0.002444 0.045589
0.006939 -0.002106 0.045589
0.007034 -0.001762 0.045589
0.007113 -0.001415 0.045589
0.007175 -0.001064 0.045589
0.007221 -0.000711 0.045589
0.007249 -0.000356 0.045589
0.007259 -0.000000 0.045589
