0.020585 0.000000 1626.000000
0.020489 0.001039 1626.000000
0.020214 0.002045 1626.000000
0.019798 0.003002 1626.000000
0.019315 0.003926 1626.000000
0.018828 0.004849 1626.000000
0.018341 0.005771 1626.000000
0.017834 0.006683 1626.000000
0.017317 0.007589 1626.000000
0.016800 0.008495 1626.000000
0.016279 0.009399 1626.000000
0.015757 0.010302 1626.000000
0.015231 0.011203 1626.000000
0.014705 0.012103 1626.000000
0.014169 0.012998 1626.000000
0.013613 0.013881 1626.000000
0.013058 0.014764 1626.000000
0.012499 0.015645 1626.000000
0.011878 0.016483 1626.000000
0.011144 0.017225 1626.000000
0.010292 0.017827 1626.000000
0.009345 0.018264 1626.000000
0.008336 0.018528 1626.000000
0.007300 0.018646 1626.000000
0.006257 0.018690 1626.000000
0.005215 0.018730 1626.000000
0.004172 0.018769 1626.000000
0.003129 0.018786 1626.000000
0.002086 0.018792 1626.000000
0.001043 0.018797 1626.000000
-0.000000 0.018798 1626.000000
-0.001043 0.018797 1626.000000
-0.002086 0.018792 1626.000000
-0.003129 0.018786 1626.000000
-0.004172 0.018769 1626.000000
-0.005215 0.018730 1626.000000
-0.006257 0.018690 1626.000000
-0.007300 0.018646 1626.000000
-0.008336 0.018528 1626.000000
-0.009345 0.018264 1626.000000
-0.010292 0.017827 1626.000000
-0.011144 0.017225 1626.000000
-0.011878 0.016483 1626.000000
-0.012499 0.015645 1626.000000
-0.013058 0.014764 1626.000000
-0.013613 0.013881 1626.000000
-0.014169 0.012998 1626.000000
-0.014705 0.012103 1626.000000
-0.015231 0.011203 1626.000000
-0.015757 0.010302 1626.000000
-0.016279 0.009399 1626.000000
-0.016800 0.008495 1626.000000
-0.017317 0.007589 1626.000000
-0.017834 0.006683 1626.000000
-0.018341 0.005771 1626.000000
-0.018828 0.004849 1626.000000
-0.019315 0.003926 1626.000000
-0.019798 0.003002 1626.000000
-0.020214 0.002045 1626.000000
-0.020489 0.001039 1626.000000
-0.020585 0.000000 1626.000000
-0.020489 -0.001039 1626.000000
-0.020214 -0.002045 1626.000000
-0.019798 -0.003002 1626.000000
-0.019315 -0.003926 1626.000000
-0.018828 -0.004849 1626.000000
-0.018341 -0.005771 1626.000000
-0.017834 -0.006683 1626.000000
-0.017317 -0.007589 1626.000000
-0.016800 -0.008495 1626.000000
-0.016279 -0.009399 1626.000000
-0.015757 -0.010302 1626.000000
-0.015231 -0.011203 1626.000000
-0.014705 -0.012103 1626.000000
-0.014169 -0.012998 1626.000000
-0.013613 -0.013881 1626.000000
-0.013058 -0.014764 1626.000000
-0.012499 -0.015645 1626.000000
-0.011878 -0.016483 1626.000000
-0.011144 -0.017225 1626.000000
-0.010292 -0.017827 1626.000000
-0.009345 -0.018264 1626.000000
-0.008336 -0.018528 1626.000000
-0.007300 -0.018646 1626.000000
-0.006257 -0.018690 1626.000000
-0.005215 -0.018730 1626.000000
-0.004172 -0.018769 1626.000000
-0.003129 -0.018786 1626.000000
-0.002086 -0.018792 1626.000000
-0.001043 -0.018797 1626.000000
-0.000000 -0.018798 1626.000000
0.001043 -0.018797 1626.000000
0.002086 -0.018792 1626.000000
0.003129 -0.018786 1626.000000
0.004172 -0.018769 1626.000000
0.005215 -0.018730 1626.000000
0.006257 -0.018690 1626.000000
0.007300 -0.018646 1626.000000
0.008336 -0.018528 1626.000000
0.009345 -0.018264 1626.000000
0.010292 -0.017827 1626.000000
0.011144 -0.017225 1626.000000
0.011878 -0.016483 1626.000000
0.012499 -0.015645 1626.000000
0.013058 -0.014764 1626.000000
0.013613 -0.013881 1626.000000
0.014169 -0.012998 1626.000000
0.014705 -0.012103 1626.000000
0.015231 -0.011203 1626.000000
0.015757 -0.010302 1626.000000
0.016279 -0.009399 1626.000000
0.016800 -0.008495 1626.000000
0.017317 -0.007589 1626.000000
0.017834 -0.006683 1626.000000
0.018341 -0.005771 1626.000000
0.018828 -0.004849 1626.000000
0.019315 -0.003926 1626.000000
0.019798 -0.003002 1626.000000
0.020214 -0.002045 1626.000000
0.020489 -0.001039 1626.000000
0.020585 0.000000 1626.000000

