0.005133 -0.000000 0.385417
0.005131 0.000133 0.385417
0.005125 0.000266 0.385417
0.005114 0.000399 0.385417
0.005100 0.000531 0.385417
0.005081 0.000663 0.385417
0.005058 0.000794 0.385417
0.005030 0.000925 0.385417
0.004998 0.001054 0.385417
0.004961 0.001182 0.385417
0.004920 0.001308 0.385417
0.004874 0.001434 0.385417
0.004825 0.001557 0.385417
0.004772 0.001679 0.385417
0.004716 0.001800 0.385417
0.004657 0.001920 0.385417
0.004595 0.002038 0.385417
0.004531 0.002154 0.385417
0.004465 0.002270 0.385417
0.004398 0.002385 0.385417
0.004331 0.002501 0.385417
0.004265 0.002616 0.385417
0.004198 0.002731 0.385417
0.004131 0.002846 0.385417
0.004062 0.002960 0.385417
0.003991 0.003073 0.385417
0.003917 0.003184 0.385417
0.003840 0.003293 0.385417
0.003761 0.003400 0.385417
0.003679 0.003504 0.385417
0.003593 0.003606 0.385417
0.003504 0.003705 0.385417
0.003412 0.003801 0.385417
0.003316 0.003894 0.385417
0.003217 0.003983 0.385417
0.003115 0.004069 0.385417
0.003010 0.004151 0.385417
0.002903 0.004230 0.385417
0.002793 0.004305 0.385417
0.002681 0.004377 0.385417
0.002567 0.004445 0.385417
0.002450 0.004510 0.385417
0.002332 0.004571 0.385417
0.002212 0.004629 0.385417
0.002090 0.004682 0.385417
0.001966 0.004732 0.385417
0.001841 0.004777 0.385417
0.001714 0.004819 0.385417
0.001586 0.004855 0.385417
0.001457 0.004887 0.385417
0.001327 0.004915 0.385417
0.001196 0.004938 0.385417
0.001064 0.004957 0.385417
0.000931 0.004972 0.385417
0.000799 0.004984 0.385417
0.000666 0.004993 0.385417
0.000533 0.004998 0.385417
0.000400 0.005001 0.385417
0.000266 0.005002 0.385417
0.000133 0.005001 0.385417
0.000000 0.005001 0.385417
-0.000133 0.005001 0.385417
-0.000266 0.005002 0.385417
-0.000400 0.005001 0.385417
-0.000533 0.004998 0.385417
-0.000666 0.004993 0.385417
-0.000799 0.004984 0.385417
-0.000931 0.004972 0.385417
-0.001064 0.004957 0.385417
-0.001196 0.004938 0.385417
-0.001327 0.004915 0.385417
-0.001457 0.004887 0.385417
-0.001586 0.004855 0.385417
-0.001714 0.004819 0.385417
-0.001841 0.004777 0.385417
-0.001966 0.004732 0.385417
-0.002090 0.004682 0.385417
-0.002212 0.004629 0.385417
-0.002332 0.004571 0.385417
-0.002450 0.004510 0.385417
-0.002567 0.004445 0.385417
-0.002681 0.004377 0.385417
-0.002793 0.004305 0.385417
-0.002903 0.004230 0.385417
-0.003010 0.004151 0.385417
-0.003115 0.004069 0.385417
-0.003217 0.003983 0.385417
-0.003316 0.003894 0.385417
-0.003412 0.003801 0.385417
-0.003504 0.003705 0.385417
-0.003593 0.003606 0.385417
-0.003679 0.003504 0.385417
-0.003761 0.003400 0.385417
-0.003840 0.003293 0.385417
-0.003917 0.003184 0.385417
-0.003991 0.003073 0.385417
-0.004062 0.002960 0.385417
-0.004131 0.002846 0.385417
-0.004198 0.002731 0.385417
-0.004265 0.002616 0.385417
-0.004331 0.002501 0.385417
-0.004398 0.002385 0.385417
-0.004465 0.002270 0.385417
-0.004531 0.002154 0.385417
-0.004595 0.002038 0.385417
-0.004657 0.001920 0.385417
-0.004716 0.001800 0.385417
-0.004772 0.001679 0.385417
-0.004825 0.001557 0.385417
-0.004874 0.001434 0.385417
-0.004920 0.001308 0.385417
-0.004961 0.001182 0.385417
-0.004998 0.001054 0.385417
-0.005030 0.000925 0.385417
-0.005058 0.000794 0.385417
-0.005081 0.000663 0.385417
-0.005100 0.000531 0.385417
-0.005114 0.000399 0.385417
-0.005125 0.000266 0.385417
-0.005131 0.000133 0.385417
-0.005133 0.000000 0.385417
-0.005131 -0.000133 0.385417
-0.005125 -0.000266 0.385417
-0.005114 -0.000399 0.385417
-0.005100 -0.000531 0.385417
-0.005081 -0.000663 0.385417
-0.005058 -0.000794 0.385417
-0.005030 -0.000925 0.385417
-0.004998 -0.001054 0.385417
-0.004961 -0.001182 0.385417
-0.004920 -0.001308 0.385417
-0.004874 -0.001434 0.385417
-0.004825 -0.001557 0.385417
-0.004772 -0.001679 0.385417
-0.004716 -0.001800 0.385417
-0.004657 -0.001920 0.385417
-0.004595 -0.002038 0.385417
-0.004531 -0.002154 0.385417
-0.004465 -0.002270 0.385417
-0.004398 -0.002385 0.385417
-0.004331 -0.002501 0.385417
-0.004265 -0.002616 0.385417
-0.004198 -0.002731 0.385417
-0.004131 -0.002846 0.385417
-0.004062 -0.002960 0.385417
-0.003991 -0.003073 0.385417
-0.003917 -0.003184 0.385417
-0.003840 -0.003293 0.385417
-0.003761 -0.003400 0.385417
-0.003679 -0.003504 0.385417
-0.003593 -0.003606 0.385417
-0.003504 -0.003705 0.385417
-0.003412 -0.003801 0.385417
-0.003316 -0.003894 0.385417
-0.003217 -0.003983 0.385417
-0.003115 -0.004069 0.385417
-0.003010 -0.004151 0.385417
-0.002903 -0.004230 0.385417
-0.002793 -0.004305 0.385417
-0.002681 -0.004377 0.385417
-0.002567 -0.004445 0.385417
-0.002450 -0.004510 0.385417
-0.002332 -0.004571 0.385417
-0.002212 -0.004629 0.385417
-0.002090 -0.004682 0.385417
-0.001966 -0.004732 0.385417
-0.001841 -0.004777 0.385417
-0.001714 -0.004819 0.385417
-0.001586 -0.004855 0.385417
-0.001457 -0.004887 0.385417
-0.001327 -0.004915 0.385417
-0.001196 -0.004938 0.385417
-0.001064 -0.004957 0.385417
-0.000931 -0.004972 0.385417
-0.000799 -0.004984 0.385417
-0.000666 -0.004993 0.385417
-0.000533 -0.004998 0.385417
-0.000400 -0.005001 0.385417
-0.000266 -0.005002 0.385417
-0.000133 -0.005001 0.385417
0.000000 -0.005001 0.385417
0.000133 -0.005001 0.385417
0.000266 -0.005002 0.385417
0.000400 -0.005001 0.385417
0.000533 -0.004998 0.385417
0.000666 -0.004993 0.385417
0.000799 -0.004984 0.385417
0.000931 -0.004972 0.385417
0.001064 -0.004957 0.385417
0.001196 -0.004938 0.385417
0.001327 -0.004915 0.385417
0.001457 -0.004887 0.385417
0.001586 -0.004855 0.385417
0.001714 -0.004819 0.385417
0.001841 -0.004777 0.385417
0.001966 -0.004732 0.385417
0.002090 -0.004682 0.385417
0.002212 -0.004629 0.385417
0.002332 -0.004571 0.385417
0.002450 -0.004510 0.385417
0.002567 -0.004445 0.385417
0.002681 -0.004377 0.385417
0.002793 -0.004305 0.385417
0.002903 -0.004230 0.385417
0.003010 -0.004151 0.385417
0.003115 -0.004069 0.385417
0.003217 -0.003983 0.385417
0.003316 -0.003894 0.385417
0.003412 -0.003801 0.385417
0.003504 -0.003705 0.385417
0.003593 -0.003606 0.385417
0.003679 -0.003504 0.385417
0.003761 -0.003400 0.385417
0.003840 -0.003293 0.385417
0.003917 -0.003184 0.385417
0.003991 -0.003073 0.385417
0.004062 -0.002960 0.385417
0.004131 -0.002846 0.385417
0.004198 -0.002731 0.385417
0.004265 -0.002616 0.385417
0.004331 -0.002501 0.385417
0.004398 -0.002385 0.385417
0.004465 -0.002270 0.385417
0.004531 -0.002154 0.385417
0.004595 -0.002038 0.385417
0.004657 -0.001920 0.385417
0.004716 -0.001800 0.385417
0.004772 -0.001679 0.385417
0.004825 -0.001557 0.385417
0.004874 -0.001434 0.385417
0.004920 -0.001308 0.385417
0.004961 -0.001182 0.385417
0.004998 -0.001054 0.385417
0.005030 -0.000925 0.385417
0.005058 -0.000794 0.385417
0.005081 -0.000663 0.385417
0.005100 -0.000531 0.385417
0.005114 -0.000399 0.385417
0.005125 -0.000266 0.385417
0.005131 -0.000133 0.385417
0.005133 -0.000000 0.385417

