0.013856 0.000000 390.000000
0.013808 0.000703 390.000000
0.013665 0.001394 390.000000
0.013434 0.002060 390.000000
0.013132 0.002697 390.000000
0.012790 0.003314 390.000000
0.012442 0.003927 390.000000
0.012097 0.004542 390.000000
0.011749 0.005155 390.000000
0.011398 0.005766 390.000000
0.011045 0.006377 390.000000
0.010693 0.006988 390.000000
0.010339 0.007598 390.000000
0.009981 0.008205 390.000000
0.009621 0.008811 390.000000
0.009265 0.009420 390.000000
0.008902 0.010024 390.000000
0.008501 0.010604 390.000000
0.008039 0.011137 390.000000
0.007513 0.011606 390.000000
0.006928 0.012000 390.000000
0.006295 0.012310 390.000000
0.005625 0.012531 390.000000
0.004933 0.012664 390.000000
0.004230 0.012721 390.000000
0.003525 0.012734 390.000000
0.002820 0.012738 390.000000
0.002115 0.012747 390.000000
0.001410 0.012753 390.000000
0.000705 0.012754 390.000000
0.000000 0.012753 390.000000
-0.000705 0.012754 390.000000
-0.001410 0.012753 390.000000
-0.002115 0.012747 390.000000
-0.002820 0.012738 390.000000
-0.003525 0.012734 390.000000
-0.004230 0.012721 390.000000
-0.004933 0.012664 390.000000
-0.005625 0.012531 390.000000
-0.006295 0.012310 390.000000
-0.006928 0.012000 390.000000
-0.007513 0.011606 390.000000
-0.008039 0.011137 390.000000
-0.008501 0.010604 390.000000
-0.008902 0.010024 390.000000
-0.009265 0.009420 390.000000
-0.009621 0.008811 390.000000
-0.009981 0.008205 390.000000
-0.010339 0.007598 390.000000
-0.010693 0.006988 390.000000
-0.011045 0.006377 390.000000
-0.011398 0.005766 390.000000
-0.011749 0.005155 390.000000
-0.012097 0.004542 390.000000
-0.012442 0.003927 390.000000
-0.012790 0.003314 390.000000
-0.013132 0.002697 390.000000
-0.013434 0.002060 390.000000
-0.013665 0.001394 390.000000
-0.013808 0.000703 390.000000
-0.013856 0.000000 390.000000
-0.013808 -0.000703 390.000000
-0.013665 -0.001394 390.000000
-0.013434 -0.002060 390.000000
-0.013132 -0.002697 390.000000
-0.012790 -0.003314 390.000000
-0.012442 -0.003927 390.000000
-0.012097 -0.004542 390.000000
-0.011749 -0.005155 390.000000
-0.011398 -0.005766 390.000000
-0.011045 -0.006377 390.000000
-0.010693 -0.006988 390.000000
-0.010339 -0.007598 390.000000
-0.009981 -0.008205 390.000000
-0.009621 -0.008811 390.000000
-0.009265 -0.009420 390.000000
-0.008902 -0.010024 390.000000
-0.008501 -0.010604 390.000000
-0.008039 -0.011137 390.000000
-0.007513 -0.011606 390.000000
-0.006928 -0.012000 390.000000
-0.006295 -0.012310 390.000000
-0.005625 -0.012531 390.000000
-0.004933 -0.012664 390.000000
-0.004230 -0.012721 390.000000
-0.003525 -0.012734 390.000000
-0.002820 -0.012738 390.000000
-0.002115 -0.012747 390.000000
-0.001410 -0.012753 390.000000
-0.000705 -0.012754 390.000000
0.000000 -0.012753 390.000000
0.000705 -0.012754 390.000000
0.001410 -0.012753 390.000000
0.002115 -0.012747 390.000000
0.002820 -0.012738 390.000000
0.003525 -0.012734 390.000000
0.004230 -0.012721 390.000000
0.004933 -0.012664 390.000000
0.005625 -0.012531 390.000000
0.006295 -0.012310 390.000000
0.006928 -0.012000 390.000000
0.007513 -0.011606 390.000000
0.008039 -0.011137 390.000000
0.008501 -0.010604 390.000000
0.008902 -0.010024 390.000000
0.009265 -0.009420 390.000000
0.009621 -0.008811 390.000000
0.009981 -0.008205 390.000000
0.010339 -0.007598 390.000000
0.010693 -0.006988 390.000000
0.011045 -0.006377 390.000000
0.011398 -0.005766 390.000000
0.011749 -0.005155 390.000000
0.012097 -0.004542 390.000000
0.012442 -0.003927 390.000000
0.012790 -0.003314 390.000000
0.013132 -0.002697 390.000000
0.013434 -0.002060 390.000000
0.013665 -0.001394 390.000000
0.013808 -0.000703 390.000000
0.013856 0.000000 390.000000

