0.017464 0.000000 841.000000
0.017391 0.000883 841.000000
0.017178 0.001743 841.000000
0.016846 0.002565 841.000000
0.016438 0.003352 841.000000
0.016010 0.004128 841.000000
0.015588 0.004907 841.000000
0.015160 0.005683 841.000000
0.014720 0.006452 841.000000
0.014279 0.007220 841.000000
0.013836 0.007988 841.000000
0.013392 0.008755 841.000000
0.012948 0.009522 841.000000
0.012501 0.010287 841.000000
0.012043 0.011046 841.000000
0.011580 0.011801 841.000000
0.011122 0.012560 841.000000
0.010644 0.013307 841.000000
0.010099 0.014005 841.000000
0.009460 0.014619 841.000000
0.008732 0.015124 841.000000
0.007931 0.015503 841.000000
0.007079 0.015748 841.000000
0.006202 0.015872 841.000000
0.005316 0.015912 841.000000
0.004430 0.015929 841.000000
0.003545 0.015953 841.000000
0.002659 0.015970 841.000000
0.001772 0.015974 841.000000
0.000886 0.015976 841.000000
0.000000 0.015976 841.000000
-0.000886 0.015976 841.000000
-0.001772 0.015974 841.000000
-0.002659 0.015970 841.000000
-0.003545 0.015953 841.000000
-0.004430 0.015929 841.000000
-0.005316 0.015912 841.000000
-0.006202 0.015872 841.000000
-0.007079 0.015748 841.000000
-0.007931 0.015503 841.000000
-0.008732 0.015124 841.000000
-0.009460 0.014619 841.000000
-0.010099 0.014005 841.000000
-0.010644 0.013307 841.000000
-0.011122 0.012560 841.000000
-0.011580 0.011801 841.000000
-0.012043 0.011046 841.000000
-0.012501 0.010287 841.000000
-0.012948 0.009522 841.000000
-0.013392 0.008755 841.000000
-0.013836 0.007988 841.000000
-0.014279 0.007220 841.000000
-0.014720 0.006452 841.000000
-0.015160 0.005683 841.000000
-0.015588 0.004907 841.000000
-0.016010 0.004128 841.000000
-0.016438 0.003352 841.000000
-0.016846 0.002565 841.000000
-0.017178 0.001743 841.000000
-0.017391 0.000883 841.000000
-0.017464 0.000000 841.000000
-0.017391 -0.000883 841.000000
-0.017178 -0.001743 841.000000
-0.016846 -0.002565 841.000000
-0.016438 -0.003352 841.000000
-0.016010 -0.004128 841.000000
-0.015588 -0.004907 841.000000
-0.015160 -0.005683 841.000000
-0.014720 -0.006452 841.000000
-0.014279 -0.007220 841.000000
-0.013836 -0.007988 841.000000
-0.013392 -0.008755 841.000000
-0.012948 -0.009522 841.000000
-0.012501 -0.010287 841.000000
-0.012043 -0.011046 841.000000
-0.011580 -0.011801 841.000000
-0.011122 -0.012560 841.000000
-0.010644 -0.013307 841.000000
-0.010099 -0.014005 841.000000
-0.009460 -0.014619 841.000000
-0.008732 -0.015124 841.000000
-0.007931 -0.015503 841.000000
-0.007079 -0.015748 841.000000
-0.006202 -0.015872 841.000000
-0.005316 -0.015912 841.000000
-0.004430 -0.015929 841.000000
-0.003545 -0.015953 841.000000
-0.002659 -0.015970 841.000000
-0.001772 -0.015974 841.000000
-0.000886 -0.015976 841.000000
0.000000 -0.015976 841.000000
0.000886 -0.015976 841.000000
0.001772 -0.015974 841.000000
0.002659 -0.015970 841.000000
0.003545 -0.015953 841.000000
0.004430 -0.015929 841.000000
0.005316 -0.015912 841.000000
0.006202 -0.015872 841.000000
0.007079 -0.015748 841.000000
0.007931 -0.015503 841.000000
0.008732 -0.015124 841.000000
0.009460 -0.014619 841.000000
0.010099 -0.014005 841.000000
0.010644 -0.013307 841.000000
0.011122 -0.012560 841.000000
0.011580 -0.011801 841.000000
0.012043 -0.011046 841.000000
0.012501 -0.010287 841.000000
0.012948 -0.009522 841.000000
0.013392 -0.008755 841.000000
0.013836 -0.007988 841.000000
0.014279 -0.007220 841.000000
0.014720 -0.006452 841.000000
0.015160 -0.005683 841.000000
0.015588 -0.004907 841.000000
0.016010 -0.004128 841.000000
0.016438 -0.003352 841.000000
0.016846 -0.002565 841.000000
0.017178 -0.001743 841.000000
0.017391 -0.000883 841.000000
0.017464 0.000000 841.000000

