0.018035 0.000000 946.000000
0.017958 0.000912 946.000000
0.017734 0.001799 946.000000
0.017386 0.002645 946.000000
0.016963 0.003456 946.000000
0.016523 0.004258 946.000000
0.016090 0.005064 946.000000
0.015648 0.005865 946.000000
0.015194 0.006659 946.000000
0.014738 0.007452 946.000000
0.014281 0.008245 946.000000
0.013823 0.009037 946.000000
0.013364 0.009828 946.000000
0.012903 0.010619 946.000000
0.012430 0.011402 946.000000
0.011950 0.012180 946.000000
0.011475 0.012962 946.000000
0.010983 0.013734 946.000000
0.010425 0.014459 946.000000
0.009768 0.015096 946.000000
0.009017 0.015619 946.000000
0.008189 0.016008 946.000000
0.007309 0.016257 946.000000
0.006402 0.016379 946.000000
0.005488 0.016419 946.000000
0.004574 0.016439 946.000000
0.003659 0.016466 946.000000
0.002745 0.016484 946.000000
0.001830 0.016488 946.000000
0.000915 0.016490 946.000000
0.000000 0.016490 946.000000
-0.000915 0.016490 946.000000
-0.001830 0.016488 946.000000
-0.002745 0.016484 946.000000
-0.003659 0.016466 946.000000
-0.004574 0.016439 946.000000
-0.005488 0.016419 946.000000
-0.006402 0.016379 946.000000
-0.007309 0.016257 946.000000
-0.008189 0.016008 946.000000
-0.009017 0.015619 946.000000
-0.009768 0.015096 946.000000
-0.010425 0.014459 946.000000
-0.010983 0.013734 946.000000
-0.011475 0.012962 946.000000
-0.011950 0.012180 946.000000
-0.012430 0.011402 946.000000
-0.012903 0.010619 946.000000
-0.013364 0.009828 946.000000
-0.013823 0.009037 946.000000
-0.014281 0.008245 946.000000
-0.014738 0.007452 946.000000
-0.015194 0.006659 946.000000
-0.015648 0.005865 946.000000
-0.016090 0.005064 946.000000
-0.016523 0.004258 946.000000
-0.016963 0.003456 946.000000
-0.017386 0.002645 946.000000
-0.017734 0.001799 946.000000
-0.017958 0.000912 946.000000
-0.018035 0.000000 946.000000
-0.017958 -0.000912 946.000000
-0.017734 -0.001799 946.000000
-0.017386 -0.002645 946.000000
-0.016963 -0.003456 946.000000
-0.016523 -0.004258 946.000000
-0.016090 -0.005064 946.000000
-0.015648 -0.005865 946.000000
-0.015194 -0.006659 946.000000
-0.014738 -0.007452 946.000000
-0.014281 -0.008245 946.000000
-0.013823 -0.009037 946.000000
-0.013364 -0.009828 946.000000
-0.012903 -0.010619 946.000000
-0.012430 -0.011402 946.000000
-0.011950 -0.012180 946.000000
-0.011475 -0.012962 946.000000
-0.010983 -0.013734 946.000000
-0.010425 -0.014459 946.000000
-0.009768 -0.015096 946.000000
-0.009017 -0.015619 946.000000
-0.008189 -0.016008 946.000000
-0.007309 -0.016257 946.000000
-0.006402 -0.016379 946.000000
-0.005488 -0.016419 946.000000
-0.004574 -0.016439 946.000000
-0.003659 -0.016466 946.000000
-0.002745 -0.016484 946.000000
-0.001830 -0.016488 946.000000
-0.000915 -0.016490 946.000000
0.000000 -0.016490 946.000000
0.000915 -0.016490 946.000000
0.001830 -0.016488 946.000000
0.002745 -0.016484 946.000000
0.003659 -0.016466 946.000000
0.004574 -0.016439 946.000000
0.005488 -0.016419 946.000000
0.006402 -0.016379 946.000000
0.007309 -0.016257 946.000000
0.008189 -0.016008 946.000000
0.009017 -0.015619 946.000000
0.009768 -0.015096 946.000000
0.010425 -0.014459 946.000000
0.010983 -0.013734 946.000000
0.011475 -0.012962 946.000000
0.011950 -0.012180 946.000000
0.012430 -0.011402 946.000000
0.012903 -0.010619 946.000000
0.013364 -0.009828 946.000000
0.013823 -0.009037 946.000000
0.014281 -0.008245 946.000000
0.014738 -0.007452 946.000000
0.015194 -0.006659 946.000000
0.015648 -0.005865 946.000000
0.016090 -0.005064 946.000000
0.016523 -0.004258 946.000000
0.016963 -0.003456 946.000000
0.017386 -0.002645 946.000000
0.017734 -0.001799 946.000000
0.017958 -0.000912 946.000000
0.018035 0.000000 946.000000

