0.005545 0.000000 1.123264
0.005540 0.000140 1.123264
0.005522 0.000279 1.123264
0.005484 0.000414 1.123264
0.005426 0.000542 1.123264
0.005363 0.000668 1.123264
0.005302 0.000794 1.123264
0.005238 0.000919 1.123264
0.005172 0.001042 1.123264
0.005104 0.001165 1.123264
0.005035 0.001287 1.123264
0.004965 0.001408 1.123264
0.004894 0.001530 1.123264
0.004824 0.001651 1.123264
0.004754 0.001773 1.123264
0.004684 0.001894 1.123264
0.004613 0.002016 1.123264
0.004543 0.002137 1.123264
0.004473 0.002258 1.123264
0.004403 0.002380 1.123264
0.004332 0.002501 1.123264
0.004262 0.002623 1.123264
0.004192 0.002744 1.123264
0.004122 0.002866 1.123264
0.004052 0.002987 1.123264
0.003982 0.003109 1.123264
0.003912 0.003231 1.123264
0.003842 0.003352 1.123264
0.003772 0.003474 1.123264
0.003702 0.003595 1.123264
0.003632 0.003717 1.123264
0.003561 0.003838 1.123264
0.003489 0.003958 1.123264
0.003415 0.004077 1.123264
0.003338 0.004195 1.123264
0.003260 0.004311 1.123264
0.003183 0.004428 1.123264
0.003101 0.004542 1.123264
0.003003 0.004643 1.123264
0.002891 0.004728 1.123264
0.002773 0.004802 1.123264
0.002649 0.004868 1.123264
0.002519 0.004922 1.123264
0.002383 0.004956 1.123264
0.002244 0.004970 1.123264
0.002104 0.004979 1.123264
0.001964 0.004988 1.123264
0.001824 0.004996 1.123264
0.001683 0.005001 1.123264
0.001543 0.005003 1.123264
0.001403 0.005004 1.123264
0.001263 0.005004 1.123264
0.001122 0.005004 1.123264
0.000982 0.005003 1.123264
0.000842 0.005003 1.123264
0.000701 0.005003 1.123264
0.000561 0.005003 1.123264
0.000421 0.005003 1.123264
0.000281 0.005003 1.123264
0.000140 0.005003 1.123264
0.000000 0.005003 1.123264
-0.000140 0.005003 1.123264
-0.000281 0.005003 1.123264
-0.000421 0.005003 1.123264
-0.000561 0.005003 1.123264
-0.000701 0.005003 1.123264
-0.000842 0.005003 1.123264
-0.000982 0.005003 1.123264
-0.001122 0.005004 1.123264
-0.001263 0.005004 1.123264
-0.001403 0.005004 1.123264
-0.001543 0.005003 1.123264
-0.001683 0.005001 1.123264
-0.001824 0.004996 1.123264
-0.001964 0.004988 1.123264
-0.002104 0.004979 1.123264
-0.002244 0.004970 1.123264
-0.002383 0.004956 1.123264
-0.002519 0.004922 1.123264
-0.002649 0.004868 1.123264
-0.002773 0.004802 1.123264
-0.002891 0.004728 1.123264
-0.003003 0.004643 1.123264
-0.003101 0.004542 1.123264
-0.003183 0.004428 1.123264
-0.003260 0.004311 1.123264
-0.003338 0.004195 1.123264
-0.003415 0.004077 1.123264
-0.003489 0.003958 1.123264
-0.003561 0.003838 1.123264
-0.003632 0.003717 1.123264
-0.003702 0.003595 1.123264
-0.003772 0.003474 1.123264
-0.003842 0.003352 1.123264
-0.003912 0.003231 1.123264
-0.003982 0.003109 1.123264
-0.004052 0.002987 1.123264
-0.004122 0.002866 1.123264
-0.004192 0.002744 1.123264
-0.004262 0.002623 1.123264
-0.004332 0.002501 1.123264
-0.004403 0.002380 1.123264
-0.004473 0.002258 1.123264
-0.004543 0.002137 1.123264
-0.004613 0.002016 1.123264
-0.004684 0.001894 1.123264
-0.004754 0.001773 1.123264
-0.004824 0.001651 1.123264
-0.004894 0.001530 1.123264
-0.004965 0.001408 1.123264
-0.005035 0.001287 1.123264
-0.005104 0.001165 1.123264
-0.005172 0.001042 1.123264
-0.005238 0.000919 1.123264
-0.005302 0.000794 1.123264
-0.005363 0.000668 1.123264
-0.005426 0.000542 1.123264
-0.005484 0.000414 1.123264
-0.005522 0.000279 1.123264
-0.005540 0.000140 1.123264
-0.005545 -0.000000 1.123264
-0.005540 -0.000140 1.123264
-0.005522 -0.000279 1.123264
-0.005484 -0.000414 1.123264
-0.005426 -0.000542 1.123264
-0.005363 -0.000668 1.123264
-0.005302 -0.000794 1.123264
-0.005238 -0.000919 1.123264
-0.005172 -0.001042 1.123264
-0.005104 -0.001165 1.123264
-0.005035 -0.001287 1.123264
-0.004965 -0.001408 1.123264
-0.004894 -0.001530 1.123264
-0.004824 -0.001651 1.123264
-0.004754 -0.001773 1.123264
-0.004684 -0.001894 1.123264
-0.004613 -0.002016 1.123264
-0.004543 -0.002137 1.123264
-0.004473 -0.002258 1.123264
-0.004403 -0.002380 1.123264
-0.004332 -0.002501 1.123264
-0.004262 -0.002623 1.123264
-0.004192 -0.002744 1.123264
-0.004122 -0.002866 1.123264
-0.004052 -0.002987 1.123264
-0.003982 -0.003109 1.123264
-0.003912 -0.003231 1.123264
-0.003842 -0.003352 1.123264
-0.003772 -0.003474 1.123264
-0.003702 -0.003595 1.123264
-0.003632 -0.003717 1.123264
-0.003561 -0.003838 1.123264
-0.003489 -0.003958 1.123264
-0.003415 -0.004077 1.123264
-0.003338 -0.004195 1.123264
-0.003260 -0.004311 1.123264
-0.003183 -0.004428 1.123264
-0.003101 -0.004542 1.123264
-0.003003 -0.004643 1.123264
-0.002891 -0.004728 1.123264
-0.002773 -0.004802 1.123264
-0.002649 -0.004868 1.123264
-0.002519 -0.004922 1.123264
-0.002383 -0.004956 1.123264
-0.002244 -0.004970 1.123264
-0.002104 -0.004979 1.123264
-0.001964 -0.004988 1.123264
-0.001824 -0.004996 1.123264
-0.001683 -0.005001 1.123264
-0.001543 -0.005003 1.123264
-0.001403 -0.005004 1.123264
-0.001263 -0.005004 1.123264
-0.001122 -0.005004 1.123264
-0.000982 -0.005003 1.123264
-0.000842 -0.005003 1.123264
-0.000701 -0.005003 1.123264
-0.000561 -0.005003 1.123264
-0.000421 -0.005003 1.123264
-0.000281 -0.005003 1.123264
-0.000140 -0.005003 1.123264
-0.000000 -0.005003 1.123264
0.000140 -0.005003 1.123264
0.000281 -0.005003 1.123264
0.000421 -0.005003 1.123264
0.000561 -0.005003 1.123264
0.000701 -0.005003 1.123264
0.000842 -0.005003 1.123264
0.000982 -0.005003 1.123264
0.001122 -0.005004 1.123264
0.001263 -0.005004 1.123264
0.001403 -0.005004 1.123264
0.001543 -0.005003 1.123264
0.001683 -0.005001 1.123264
0.001824 -0.004996 1.123264
0.001964 -0.004988 1.123264
0.002104 -0.004979 1.123264
0.002244 -0.004970 1.123264
0.002383 -0.004956 1.123264
0.002519 -0.004922 1.123264
0.002649 -0.004868 1.123264
0.002773 -0.004802 1.123264
0.002891 -0.004728 1.123264
0.003003 -0.004643 1.123264
0.003101 -0.004542 1.123264
0.003183 -0.004428 1.123264
0.003260 -0.004311 1.123264
0.003338 -0.004195 1.123264
0.003415 -0.004077 1.123264
0.003489 -0.003958 1.123264
0.003561 -0.003838 1.123264
0.003632 -0.003717 1.123264
0.003702 -0.003595 1.123264
0.003772 -0.003474 1.123264
0.003842 -0.003352 1.123264
0.003912 -0.003231 1.123264
0.003982 -0.003109 1.123264
0.004052 -0.002987 1.123264
0.004122 -0.002866 1.123264
0.004192 -0.002744 1.123264
0.004262 -0.002623 1.123264
0.004332 -0.002501 1.123264
0.004403 -0.002380 1.123264
0.004473 -0.002258 1.123264
0.004543 -0.002137 1.123264
0.004613 -0.002016 1.123264
0.004684 -0.001894 1.123264
0.004754 -0.001773 1.123264
0.004824 -0.001651 1.123264
0.004894 -0.001530 1.123264
0.004965 -0.001408 1.123264
0.005035 -0.001287 1.123264
0.005104 -0.001165 1.123264
0.005172 -0.001042 1.123264
0.005238 -0.000919 1.123264
0.005302 -0.000794 1.123264
0.005363 -0.000668 1.123264
0.005426 -0.000542 1.123264
0.005484 -0.000414 1.123264
0.005522 -0.000279 1.123264
0.005540 -0.000140 1.123264
0.005545 0.000000 1.123264

