0.018544 0.000000 1051.000000
0.018463 0.000937 1051.000000
0.018229 0.001848 1051.000000
0.017867 0.002716 1051.000000
0.017432 0.003549 1051.000000
0.016982 0.004375 1051.000000
0.016538 0.005204 1051.000000
0.016083 0.006028 1051.000000
0.015616 0.006844 1051.000000
0.015148 0.007660 1051.000000
0.014679 0.008475 1051.000000
0.014208 0.009289 1051.000000
0.013735 0.010102 1051.000000
0.013262 0.010914 1051.000000
0.012776 0.011720 1051.000000
0.012280 0.012519 1051.000000
0.011790 0.013322 1051.000000
0.011286 0.014115 1051.000000
0.010715 0.014863 1051.000000
0.010043 0.015521 1051.000000
0.009272 0.016059 1051.000000
0.008420 0.016458 1051.000000
0.007514 0.016711 1051.000000
0.006582 0.016831 1051.000000
0.005642 0.016871 1051.000000
0.004702 0.016894 1051.000000
0.003762 0.016924 1051.000000
0.002821 0.016942 1051.000000
0.001881 0.016946 1051.000000
0.000940 0.016949 1051.000000
0.000000 0.016950 1051.000000
-0.000940 0.016949 1051.000000
-0.001881 0.016946 1051.000000
-0.002821 0.016942 1051.000000
-0.003762 0.016924 1051.000000
-0.004702 0.016894 1051.000000
-0.005642 0.016871 1051.000000
-0.006582 0.016831 1051.000000
-0.007514 0.016711 1051.000000
-0.008420 0.016458 1051.000000
-0.009272 0.016059 1051.000000
-0.010043 0.015521 1051.000000
-0.010715 0.014863 1051.000000
-0.011286 0.014115 1051.000000
-0.011790 0.013322 1051.000000
-0.012280 0.012519 1051.000000
-0.012776 0.011720 1051.000000
-0.013262 0.010914 1051.000000
-0.013735 0.010102 1051.000000
-0.014208 0.009289 1051.000000
-0.014679 0.008475 1051.000000
-0.015148 0.007660 1051.000000
-0.015616 0.006844 1051.000000
-0.016083 0.006028 1051.000000
-0.016538 0.005204 1051.000000
-0.016982 0.004375 1051.000000
-0.017432 0.003549 1051.000000
-0.017867 0.002716 1051.000000
-0.018229 0.001848 1051.000000
-0.018463 0.000937 1051.000000
-0.018544 0.000000 1051.000000
-0.018463 -0.000937 1051.000000
-0.018229 -0.001848 1051.000000
-0.017867 -0.002716 1051.000000
-0.017432 -0.003549 1051.000000
-0.016982 -0.004375 1051.000000
-0.016538 -0.005204 1051.000000
-0.016083 -0.006028 1051.000000
-0.015616 -0.006844 1051.000000
-0.015148 -0.007660 1051.000000
-0.014679 -0.008475 1051.000000
-0.014208 -0.009289 1051.000000
-0.013735 -0.010102 1051.000000
-0.013262 -0.010914 1051.000000
-0.012776 -0.011720 1051.000000
-0.012280 -0.012519 1051.000000
-0.011790 -0.013322 1051.000000
-0.011286 -0.014115 1051.000000
-0.010715 -0.014863 1051.000000
-0.010043 -0.015521 1051.000000
-0.009272 -0.016059 1051.000000
-0.008420 -0.016458 1051.000000
-0.007514 -0.016711 1051.000000
-0.006582 -0.016831 1051.000000
-0.005642 -0.016871 1051.000000
-0.004702 -0.016894 1051.000000
-0.003762 -0.016924 1051.000000
-0.002821 -0.016942 1051.000000
-0.001881 -0.016946 1051.000000
-0.000940 -0.016949 1051.000000
0.000000 -0.016950 1051.000000
0.000940 -0.016949 1051.000000
0.001881 -0.016946 1051.000000
0.002821 -0.016942 1051.000000
0.003762 -0.016924 1051.000000
0.004702 -0.016894 1051.000000
0.005642 -0.016871 1051.000000
0.006582 -0.016831 1051.000000
0.007514 -0.016711 1051.000000
0.008420 -0.016458 1051.000000
0.009272 -0.016059 1051.000000
0.010043 -0.015521 1051.000000
0.010715 -0.014863 1051.000000
0.011286 -0.014115 1051.000000
0.011790 -0.013322 1051.000000
0.012280 -0.012519 1051.000000
0.012776 -0.011720 1051.000000
0.013262 -0.010914 1051.000000
0.013735 -0.010102 1051.000000
0.014208 -0.009289 1051.000000
0.014679 -0.008475 1051.000000
0.015148 -0.007660 1051.000000
0.015616 -0.006844 1051.000000
0.016083 -0.006028 1051.000000
0.016538 -0.005204 1051.000000
0.016982 -0.004375 1051.000000
0.017432 -0.003549 1051.000000
0.017867 -0.002716 1051.000000
0.018229 -0.001848 1051.000000
0.018463 -0.000937 1051.000000
0.018544 0.000000 1051.000000

