0.020966 0.000000 1773.000000
0.020868 0.001058 1773.000000
0.020584 0.002082 1773.000000
0.020159 0.003055 1773.000000
0.019667 0.003997 1773.000000
0.019174 0.004938 1773.000000
0.018679 0.005878 1773.000000
0.018162 0.006806 1773.000000
0.017636 0.007729 1773.000000
0.017109 0.008651 1773.000000
0.016579 0.009572 1773.000000
0.016047 0.010491 1773.000000
0.015511 0.011409 1773.000000
0.014975 0.012326 1773.000000
0.014430 0.013237 1773.000000
0.013863 0.014136 1773.000000
0.013295 0.015034 1773.000000
0.012725 0.015931 1773.000000
0.012095 0.016786 1773.000000
0.011350 0.017543 1773.000000
0.010483 0.018157 1773.000000
0.009518 0.018601 1773.000000
0.008489 0.018867 1773.000000
0.007434 0.018986 1773.000000
0.006372 0.019031 1773.000000
0.005311 0.019074 1773.000000
0.004249 0.019115 1773.000000
0.003187 0.019132 1773.000000
0.002125 0.019138 1773.000000
0.001062 0.019143 1773.000000
-0.000000 0.019144 1773.000000
-0.001062 0.019143 1773.000000
-0.002125 0.019138 1773.000000
-0.003187 0.019132 1773.000000
-0.004249 0.019115 1773.000000
-0.005311 0.019074 1773.000000
-0.006372 0.019031 1773.000000
-0.007434 0.018986 1773.000000
-0.008489 0.018867 1773.000000
-0.009518 0.018601 1773.000000
-0.010483 0.018157 1773.000000
-0.011350 0.017543 1773.000000
-0.012095 0.016786 1773.000000
-0.012725 0.015931 1773.000000
-0.013295 0.015034 1773.000000
-0.013863 0.014136 1773.000000
-0.014430 0.013237 1773.000000
-0.014975 0.012326 1773.000000
-0.015511 0.011409 1773.000000
-0.016047 0.010491 1773.000000
-0.016579 0.009572 1773.000000
-0.017109 0.008651 1773.000000
-0.017636 0.007729 1773.000000
-0.018162 0.006806 1773.000000
-0.018679 0.005878 1773.000000
-0.019174 0.004938 1773.000000
-0.019667 0.003997 1773.000000
-0.020159 0.003055 1773.000000
-0.020584 0.002082 1773.000000
-0.020868 0.001058 1773.000000
-0.020966 0.000000 1773.000000
-0.020868 -0.001058 1773.000000
-0.020584 -0.002082 1773.000000
-0.020159 -0.003055 1773.000000
-0.019667 -0.003997 1773.000000
-0.019174 -0.004938 1773.000000
-0.018679 -0.005878 1773.000000
-0.018162 -0.006806 1773.000000
-0.017636 -0.007729 1773.000000
-0.017109 -0.008651 1773.000000
-0.016579 -0.009572 1773.000000
-0.016047 -0.010491 1773.000000
-0.015511 -0.011409 1773.000000
-0.014975 -0.012326 1773.000000
-0.014430 -0.013237 1773.000000
-0.013863 -0.014136 1773.000000
-0.013295 -0.015034 1773.000000
-0.012725 -0.015931 1773.000000
-0.012095 -0.016786 1773.000000
-0.011350 -0.017543 1773.000000
-0.010483 -0.018157 1773.000000
-0.009518 -0.018601 1773.000000
-0.008489 -0.018867 1773.000000
-0.007434 -0.018986 1773.000000
-0.006372 -0.019031 1773.000000
-0.005311 -0.019074 1773.000000
-0.004249 -0.019115 1773.000000
-0.003187 -0.019132 1773.000000
-0.002125 -0.019138 1773.000000
-0.001062 -0.019143 1773.000000
-0.000000 -0.019144 1773.000000
0.001062 -0.019143 1773.000000
0.002125 -0.019138 1773.000000
0.003187 -0.019132 1773.000000
0.004249 -0.019115 1773.000000
0.005311 -0.019074 1773.000000
0.006372 -0.019031 1773.000000
0.007434 -0.018986 1773.000000
0.008489 -0.018867 1773.000000
0.009518 -0.018601 1773.000000
0.010483 -0.018157 1773.000000
0.011350 -0.017543 1773.000000
0.012095 -0.016786 1773.000000
0.012725 -0.015931 1773.000000
0.013295 -0.015034 1773.000000
0.013863 -0.014136 1773.000000
0.014430 -0.013237 1773.000000
0.014975 -0.012326 1773.000000
0.015511 -0.011409 1773.000000
0.016047 -0.010491 1773.000000
0.016579 -0.009572 1773.000000
0.017109 -0.008651 1773.000000
0.017636 -0.007729 1773.000000
0.018162 -0.006806 1773.000000
0.018679 -0.005878 1773.000000
0.019174 -0.004938 1773.000000
0.019667 -0.003997 1773.000000
0.020159 -0.003055 1773.000000
0.020584 -0.002082 1773.000000
0.020868 -0.001058 1773.000000
0.020966 0.000000 1773.000000

