0.018951 0.000000 1144.000000
0.018868 0.000957 1144.000000
0.018625 0.001887 1144.000000
0.018252 0.002773 1144.000000
0.017807 0.003624 1144.000000
0.017349 0.004469 1144.000000
0.016897 0.005317 1144.000000
0.016432 0.006158 1144.000000
0.015955 0.006992 1144.000000
0.015477 0.007826 1144.000000
0.014997 0.008659 1144.000000
0.014516 0.009490 1144.000000
0.014033 0.010321 1144.000000
0.013549 0.011151 1144.000000
0.013053 0.011975 1144.000000
0.012545 0.012790 1144.000000
0.012042 0.013609 1144.000000
0.011528 0.014421 1144.000000
0.010947 0.015186 1144.000000
0.010263 0.015861 1144.000000
0.009476 0.016412 1144.000000
0.008605 0.016819 1144.000000
0.007678 0.017073 1144.000000
0.006725 0.017193 1144.000000
0.005765 0.017233 1144.000000
0.004804 0.017259 1144.000000
0.003844 0.017292 1144.000000
0.002883 0.017309 1144.000000
0.001922 0.017313 1144.000000
0.000961 0.017316 1144.000000
0.000000 0.017317 1144.000000
-0.000961 0.017316 1144.000000
-0.001922 0.017313 1144.000000
-0.002883 0.017309 1144.000000
-0.003844 0.017292 1144.000000
-0.004804 0.017259 1144.000000
-0.005765 0.017233 1144.000000
-0.006725 0.017193 1144.000000
-0.007678 0.017073 1144.000000
-0.008605 0.016819 1144.000000
-0.009476 0.016412 1144.000000
-0.010263 0.015861 1144.000000
-0.010947 0.015186 1144.000000
-0.011528 0.014421 1144.000000
-0.012042 0.013609 1144.000000
-0.012545 0.012790 1144.000000
-0.013053 0.011975 1144.000000
-0.013549 0.011151 1144.000000
-0.014033 0.010321 1144.000000
-0.014516 0.009490 1144.000000
-0.014997 0.008659 1144.000000
-0.015477 0.007826 1144.000000
-0.015955 0.006992 1144.000000
-0.016432 0.006158 1144.000000
-0.016897 0.005317 1144.000000
-0.017349 0.004469 1144.000000
-0.017807 0.003624 1144.000000
-0.018252 0.002773 1144.000000
-0.018625 0.001887 1144.000000
-0.018868 0.000957 1144.000000
-0.018951 0.000000 1144.000000
-0.018868 -0.000957 1144.000000
-0.018625 -0.001887 1144.000000
-0.018252 -0.002773 1144.000000
-0.017807 -0.003624 1144.000000
-0.017349 -0.004469 1144.000000
-0.016897 -0.005317 1144.000000
-0.016432 -0.006158 1144.000000
-0.015955 -0.006992 1144.000000
-0.015477 -0.007826 1144.000000
-0.014997 -0.008659 1144.000000
-0.014516 -0.009490 1144.000000
-0.014033 -0.010321 1144.000000
-0.013549 -0.011151 1144.000000
-0.013053 -0.011975 1144.000000
-0.012545 -0.012790 1144.000000
-0.012042 -0.013609 1144.000000
-0.011528 -0.014421 1144.000000
-0.010947 -0.015186 1144.000000
-0.010263 -0.015861 1144.000000
-0.009476 -0.016412 1144.000000
-0.008605 -0.016819 1144.000000
-0.007678 -0.017073 1144.000000
-0.006725 -0.017193 1144.000000
-0.005765 -0.017233 1144.000000
-0.004804 -0.017259 1144.000000
-0.003844 -0.017292 1144.000000
-0.002883 -0.017309 1144.000000
-0.001922 -0.017313 1144.000000
-0.000961 -0.017316 1144.000000
0.000000 -0.017317 1144.000000
0.000961 -0.017316 1144.000000
0.001922 -0.017313 1144.000000
0.002883 -0.017309 1144.000000
0.003844 -0.017292 1144.000000
0.004804 -0.017259 1144.000000
0.005765 -0.017233 1144.000000
0.006725 -0.017193 1144.000000
0.007678 -0.017073 1144.000000
0.008605 -0.016819 1144.000000
0.009476 -0.016412 1144.000000
0.010263 -0.015861 1144.000000
0.010947 -0.015186 1144.000000
0.011528 -0.014421 1144.000000
0.012042 -0.013609 1144.000000
0.012545 -0.012790 1144.000000
0.013053 -0.011975 1144.000000
0.013549 -0.011151 1144.000000
0.014033 -0.010321 1144.000000
0.014516 -0.009490 1144.000000
0.014997 -0.008659 1144.000000
0.015477 -0.007826 1144.000000
0.015955 -0.006992 1144.000000
0.016432 -0.006158 1144.000000
0.016897 -0.005317 1144.000000
0.017349 -0.004469 1144.000000
0.017807 -0.003624 1144.000000
0.018252 -0.002773 1144.000000
0.018625 -0.001887 1144.000000
0.018868 -0.000957 1144.000000
0.018951 0.000000 1144.000000

