0.008040 0.000000 0.050511
0.008034 0.000395 0.050511
0.008008 0.000788 0.050511
0.007961 0.001180 0.050511
0.007894 0.001569 0.050511
0.007807 0.001954 0.050511
0.007701 0.002334 0.050511
0.007577 0.002709 0.050511
0.007431 0.003076 0.050511
0.007277 0.003439 0.050511
0.007098 0.003790 0.050511
0.006899 0.004131 0.050511
0.006692 0.004467 0.050511
0.006460 0.004787 0.050511
0.006209 0.005091 0.050511
0.005939 0.005379 0.050511
0.005657 0.005655 0.050511
0.005366 0.005921 0.050511
0.005069 0.006181 0.050511
0.004764 0.006431 0.050511
0.004450 0.006671 0.050511
0.004125 0.006895 0.050511
0.003789 0.007101 0.050511
0.003440 0.007286 0.050511
0.003081 0.007449 0.050511
0.002712 0.007590 0.050511
0.002337 0.007711 0.050511
0.001955 0.007812 0.050511
0.001569 0.007894 0.050511
0.001180 0.007958 0.050511
0.000788 0.008003 0.050511
0.000394 0.008031 0.050511
-0.000000 0.008040 0.050511
-0.000395 0.008030 0.050511
-0.000788 0.008000 0.050511
-0.001180 0.007951 0.050511
-0.001569 0.007883 0.050511
-0.001954 0.007796 0.050511
-0.002334 0.007691 0.050511
-0.002709 0.007567 0.050511
-0.003077 0.007426 0.050511
-0.003438 0.007268 0.050511
-0.003792 0.007091 0.050511
-0.004136 0.006898 0.050511
-0.004469 0.006688 0.050511
-0.004792 0.006461 0.050511
-0.005104 0.006218 0.050511
-0.005402 0.005961 0.050511
-0.005688 0.005688 0.050511
-0.005960 0.005402 0.050511
-0.006218 0.005103 0.050511
-0.006460 0.004792 0.050511
-0.006688 0.004470 0.050511
-0.006899 0.004137 0.050511
-0.007094 0.003793 0.050511
-0.007272 0.003441 0.050511
-0.007430 0.003080 0.050511
-0.007570 0.002710 0.050511
-0.007690 0.002334 0.050511
-0.007791 0.001953 0.050511
-0.007876 0.001568 0.050511
-0.007944 0.001179 0.050511
-0.007994 0.000788 0.050511
-0.008027 0.000394 0.050511
-0.008040 -0.000000 0.050511
-0.008034 -0.000395 0.050511
-0.008008 -0.000788 0.050511
-0.007961 -0.001180 0.050511
-0.007894 -0.001569 0.050511
-0.007807 -0.001954 0.050511
-0.007701 -0.002334 0.050511
-0.007577 -0.002709 0.050511
-0.007431 -0.003076 0.050511
-0.007277 -0.003439 0.050511
-0.007098 -0.003790 0.050511
-0.006899 -0.004131 0.050511
-0.006692 -0.004467 0.050511
-0.006460 -0.004787 0.050511
-0.006209 -0.005091 0.050511
-0.005939 -0.005379 0.050511
-0.005657 -0.005655 0.050511
-0.005366 -0.005921 0.050511
-0.005069 -0.006181 0.050511
-0.004764 -0.006431 0.050511
-0.004450 -0.006671 0.050511
-0.004125 -0.006895 0.050511
-0.003789 -0.007101 0.050511
-0.003440 -0.007286 0.050511
-0.003081 -0.007449 0.050511
-0.002712 -0.007590 0.050511
-0.002337 -0.007711 0.050511
-0.001955 -0.007812 0.050511
-0.001569 -0.007894 0.050511
-0.001180 -0.007958 0.050511
-0.000788 -0.008003 0.050511
-0.000394 -0.008031 0.050511
0.000000 -0.008040 0.050511
0.000395 -0.008030 0.050511
0.000788 -0.008000 0.050511
0.001180 -0.007951 0.050511
0.001569 -0.007883 0.050511
0.001954 -0.007796 0.050511
0.002334 -0.007691 0.050511
0.002709 -0.007567 0.050511
0.003077 -0.007426 0.050511
0.003438 -0.007268 0.050511
0.003792 -0.007091 0.050511
0.004136 -0.006898 0.050511
0.004469 -0.006688 0.050511
0.004792 -0.006461 0.050511
0.005104 -0.006218 0.050511
0.005402 -0.005961 0.050511
0.005688 -0.005688 0.050511
0.005960 -0.005402 0.050511
0.006218 -0.005103 0.050511
0.006460 -0.004792 0.050511
0.006688 -0.004470 0.050511
0.006899 -0.004137 0.050511
0.007094 -0.003793 0.050511
0.007272 -0.003441 0.050511
0.007430 -0.003080 0.050511
0.007570 -0.002710 0.050511
0.007690 -0.002334 0.050511
0.007791 -0.001953 0.050511
0.007876 -0.001568 0.050511
0.007944 -0.001179 0.050511
0.007994 -0.000788 0.050511
0.008027 -0.000394 0.050511
0.008040 0.000000 0.050511
