2.288870 1.761654 0.000000
0.858416 2.587527 0.000000
0.858416 2.677602 0.000000
-0.203734 3.290835 0.000000
-1.829320 2.352302 0.000000
-1.840993 2.359041 0.000000
-3.090912 1.637400 0.000000
-3.090912 -0.146477 0.000000
-3.101820 -0.152775 0.000000
-3.101820 -1.420287 0.000000
-1.160114 -2.541332 0.000000
-1.160114 -2.577246 0.000000
0.546578 -3.562605 0.000000
1.730554 -2.879036 0.000000
1.730554 -1.427895 0.000000
2.164875 -1.177139 0.000000
2.164875 0.593899 0.000000
2.288870 0.665488 0.000000
2.288870 1.761654 0.000000
