0.005499 -0.000000 1.074653
0.005495 0.000139 1.074653
0.005481 0.000278 1.074653
0.005453 0.000415 1.074653
0.005407 0.000547 1.074653
0.005349 0.000674 1.074653
0.005289 0.000799 1.074653
0.005227 0.000924 1.074653
0.005164 0.001049 1.074653
0.005098 0.001172 1.074653
0.005030 0.001293 1.074653
0.004961 0.001415 1.074653
0.004891 0.001535 1.074653
0.004821 0.001656 1.074653
0.004751 0.001777 1.074653
0.004682 0.001898 1.074653
0.004612 0.002018 1.074653
0.004542 0.002139 1.074653
0.004472 0.002260 1.074653
0.004402 0.002381 1.074653
0.004332 0.002501 1.074653
0.004263 0.002622 1.074653
0.004193 0.002743 1.074653
0.004123 0.002864 1.074653
0.004054 0.002985 1.074653
0.003984 0.003106 1.074653
0.003914 0.003226 1.074653
0.003845 0.003347 1.074653
0.003775 0.003468 1.074653
0.003705 0.003589 1.074653
0.003635 0.003709 1.074653
0.003564 0.003829 1.074653
0.003490 0.003948 1.074653
0.003414 0.004065 1.074653
0.003336 0.004180 1.074653
0.003258 0.004296 1.074653
0.003177 0.004409 1.074653
0.003086 0.004515 1.074653
0.002981 0.004607 1.074653
0.002868 0.004689 1.074653
0.002749 0.004762 1.074653
0.002627 0.004828 1.074653
0.002499 0.004885 1.074653
0.002367 0.004930 1.074653
0.002230 0.004956 1.074653
0.002091 0.004969 1.074653
0.001952 0.004980 1.074653
0.001813 0.004989 1.074653
0.001674 0.004996 1.074653
0.001534 0.005001 1.074653
0.001395 0.005003 1.074653
0.001255 0.005004 1.074653
0.001116 0.005003 1.074653
0.000976 0.005003 1.074653
0.000837 0.005003 1.074653
0.000697 0.005003 1.074653
0.000558 0.005003 1.074653
0.000418 0.005003 1.074653
0.000279 0.005003 1.074653
0.000139 0.005003 1.074653
0.000000 0.005002 1.074653
-0.000139 0.005003 1.074653
-0.000279 0.005003 1.074653
-0.000418 0.005003 1.074653
-0.000558 0.005003 1.074653
-0.000697 0.005003 1.074653
-0.000837 0.005003 1.074653
-0.000976 0.005003 1.074653
-0.001116 0.005003 1.074653
-0.001255 0.005004 1.074653
-0.001395 0.005003 1.074653
-0.001534 0.005001 1.074653
-0.001674 0.004996 1.074653
-0.001813 0.004989 1.074653
-0.001952 0.004980 1.074653
-0.002091 0.004969 1.074653
-0.002230 0.004956 1.074653
-0.002367 0.004930 1.074653
-0.002499 0.004885 1.074653
-0.002627 0.004828 1.074653
-0.002749 0.004762 1.074653
-0.002868 0.004689 1.074653
-0.002981 0.004607 1.074653
-0.003086 0.004515 1.074653
-0.003177 0.004409 1.074653
-0.003258 0.004296 1.074653
-0.003336 0.004180 1.074653
-0.003414 0.004065 1.074653
-0.003490 0.003948 1.074653
-0.003564 0.003829 1.074653
-0.003635 0.003709 1.074653
-0.003705 0.003589 1.074653
-0.003775 0.003468 1.074653
-0.003845 0.003347 1.074653
-0.003914 0.003226 1.074653
-0.003984 0.003106 1.074653
-0.004054 0.002985 1.074653
-0.004123 0.002864 1.074653
-0.004193 0.002743 1.074653
-0.004263 0.002622 1.074653
-0.004332 0.002501 1.074653
-0.004402 0.002381 1.074653
-0.004472 0.002260 1.074653
-0.004542 0.002139 1.074653
-0.004612 0.002018 1.074653
-0.004682 0.001898 1.074653
-0.004751 0.001777 1.074653
-0.004821 0.001656 1.074653
-0.004891 0.001535 1.074653
-0.004961 0.001415 1.074653
-0.005030 0.001293 1.074653
-0.005098 0.001172 1.074653
-0.005164 0.001049 1.074653
-0.005227 0.000924 1.074653
-0.005289 0.000799 1.074653
-0.005349 0.000674 1.074653
-0.005407 0.000547 1.074653
-0.005453 0.000415 1.074653
-0.005481 0.000278 1.074653
-0.005495 0.000139 1.074653
-0.005499 -0.000000 1.074653
-0.005495 -0.000139 1.074653
-0.005481 -0.000278 1.074653
-0.005453 -0.000415 1.074653
-0.005407 -0.000547 1.074653
-0.005349 -0.000674 1.074653
-0.005289 -0.000799 1.074653
-0.005227 -0.000924 1.074653
-0.005164 -0.001049 1.074653
-0.005098 -0.001172 1.074653
-0.005030 -0.001293 1.074653
-0.004961 -0.001415 1.074653
-0.004891 -0.001535 1.074653
-0.004821 -0.001656 1.074653
-0.004751 -0.001777 1.074653
-0.004682 -0.001898 1.074653
-0.004612 -0.002018 1.074653
-0.004542 -0.002139 1.074653
-0.004472 -0.002260 1.074653
-0.004402 -0.002381 1.074653
-0.004332 -0.002501 1.074653
-0.004263 -0.002622 1.074653
-0.004193 -0.002743 1.074653
-0.004123 -0.002864 1.074653
-0.004054 -0.002985 1.074653
-0.003984 -0.003106 1.074653
-0.003914 -0.003226 1.074653
-0.003845 -0.003347 1.074653
-0.003775 -0.003468 1.074653
-0.003705 -0.003589 1.074653
-0.003635 -0.003709 1.074653
-0.003564 -0.003829 1.074653
-0.003490 -0.003948 1.074653
-0.003414 -0.004065 1.074653
-0.003336 -0.004180 1.074653
-0.003258 -0.004296 1.074653
-0.003177 -0.004409 1.074653
-0.003086 -0.004515 1.074653
-0.002981 -0.004607 1.074653
-0.002868 -0.004689 1.074653
-0.002749 -0.004762 1.074653
-0.002627 -0.004828 1.074653
-0.002499 -0.004885 1.074653
-0.002367 -0.004930 1.074653
-0.002230 -0.004956 1.074653
-0.002091 -0.004969 1.074653
-0.001952 -0.004980 1.074653
-0.001813 -0.004989 1.074653
-0.001674 -0.004996 1.074653
-0.001534 -0.005001 1.074653
-0.001395 -0.005003 1.074653
-0.001255 -0.005004 1.074653
-0.001116 -0.005003 1.074653
-0.000976 -0.005003 1.074653
-0.000837 -0.005003 1.074653
-0.000697 -0.005003 1.074653
-0.000558 -0.005003 1.074653
-0.000418 -0.005003 1.074653
-0.000279 -0.005003 1.074653
-0.000139 -0.005003 1.074653
-0.000000 -0.005002 1.074653
0.000139 -0.005003 1.074653
0.000279 -0.005003 1.074653
0.000418 -0.005003 1.074653
0.000558 -0.005003 1.074653
0.000697 -0.005003 1.074653
0.000837 -0.005003 1.074653
0.000976 -0.005003 1.074653
0.001116 -0.005003 1.074653
0.001255 -0.005004 1.074653
0.001395 -0.005003 1.074653
0.001534 -0.005001 1.074653
0.001674 -0.004996 1.074653
0.001813 -0.004989 1.074653
0.001952 -0.004980 1.074653
0.002091 -0.004969 1.074653
0.002230 -0.004956 1.074653
0.002367 -0.004930 1.074653
0.002499 -0.004885 1.074653
0.002627 -0.004828 1.074653
0.002749 -0.004762 1.074653
0.002868 -0.004689 1.074653
0.002981 -0.004607 1.074653
0.003086 -0.004515 1.074653
0.003177 -0.004409 1.074653
0.003258 -0.004296 1.074653
0.003336 -0.004180 1.074653
0.003414 -0.004065 1.074653
0.003490 -0.003948 1.074653
0.003564 -0.003829 1.074653
0.003635 -0.003709 1.074653
0.003705 -0.003589 1.074653
0.003775 -0.003468 1.074653
0.003845 -0.003347 1.074653
0.003914 -0.003226 1.074653
0.003984 -0.003106 1.074653
0.004054 -0.002985 1.074653
0.004123 -0.002864 1.074653
0.004193 -0.002743 1.074653
0.004263 -0.002622 1.074653
0.004332 -0.002501 1.074653
0.004402 -0.002381 1.074653
0.004472 -0.002260 1.074653
0.004542 -0.002139 1.074653
0.004612 -0.002018 1.074653
0.004682 -0.001898 1.074653
0.004751 -0.001777 1.074653
0.004821 -0.001656 1.074653
0.004891 -0.001535 1.074653
0.004961 -0.001415 1.074653
0.005030 -0.001293 1.074653
0.005098 -0.001172 1.074653
0.005164 -0.001049 1.074653
0.005227 -0.000924 1.074653
0.005289 -0.000799 1.074653
0.005349 -0.000674 1.074653
0.005407 -0.000547 1.074653
0.005453 -0.000415 1.074653
0.005481 -0.000278 1.074653
0.005495 -0.000139 1.074653
0.005499 -0.000000 1.074653

