0.018065 0.000000 952.000000
0.017988 0.000913 952.000000
0.017764 0.001802 952.000000
0.017415 0.002649 952.000000
0.016991 0.003462 952.000000
0.016551 0.004265 952.000000
0.016117 0.005072 952.000000
0.015674 0.005875 952.000000
0.015219 0.006670 952.000000
0.014763 0.007465 952.000000
0.014305 0.008259 952.000000
0.013846 0.009052 952.000000
0.013386 0.009845 952.000000
0.012924 0.010637 952.000000
0.012451 0.011421 952.000000
0.011969 0.012201 952.000000
0.011494 0.012984 952.000000
0.011002 0.013757 952.000000
0.010442 0.014483 952.000000
0.009785 0.015122 952.000000
0.009033 0.015645 952.000000
0.008203 0.016035 952.000000
0.007322 0.016285 952.000000
0.006413 0.016406 952.000000
0.005498 0.016446 952.000000
0.004582 0.016466 952.000000
0.003665 0.016494 952.000000
0.002749 0.016511 952.000000
0.001833 0.016515 952.000000
0.000916 0.016517 952.000000
0.000000 0.016518 952.000000
-0.000916 0.016517 952.000000
-0.001833 0.016515 952.000000
-0.002749 0.016511 952.000000
-0.003665 0.016494 952.000000
-0.004582 0.016466 952.000000
-0.005498 0.016446 952.000000
-0.006413 0.016406 952.000000
-0.007322 0.016285 952.000000
-0.008203 0.016035 952.000000
-0.009033 0.015645 952.000000
-0.009785 0.015122 952.000000
-0.010442 0.014483 952.000000
-0.011002 0.013757 952.000000
-0.011494 0.012984 952.000000
-0.011969 0.012201 952.000000
-0.012451 0.011421 952.000000
-0.012924 0.010637 952.000000
-0.013386 0.009845 952.000000
-0.013846 0.009052 952.000000
-0.014305 0.008259 952.000000
-0.014763 0.007465 952.000000
-0.015219 0.006670 952.000000
-0.015674 0.005875 952.000000
-0.016117 0.005072 952.000000
-0.016551 0.004265 952.000000
-0.016991 0.003462 952.000000
-0.017415 0.002649 952.000000
-0.017764 0.001802 952.000000
-0.017988 0.000913 952.000000
-0.018065 0.000000 952.000000
-0.017988 -0.000913 952.000000
-0.017764 -0.001802 952.000000
-0.017415 -0.002649 952.000000
-0.016991 -0.003462 952.000000
-0.016551 -0.004265 952.000000
-0.016117 -0.005072 952.000000
-0.015674 -0.005875 952.000000
-0.015219 -0.006670 952.000000
-0.014763 -0.007465 952.000000
-0.014305 -0.008259 952.000000
-0.013846 -0.009052 952.000000
-0.013386 -0.009845 952.000000
-0.012924 -0.010637 952.000000
-0.012451 -0.011421 952.000000
-0.011969 -0.012201 952.000000
-0.011494 -0.012984 952.000000
-0.011002 -0.013757 952.000000
-0.010442 -0.014483 952.000000
-0.009785 -0.015122 952.000000
-0.009033 -0.015645 952.000000
-0.008203 -0.016035 952.000000
-0.007322 -0.016285 952.000000
-0.006413 -0.016406 952.000000
-0.005498 -0.016446 952.000000
-0.004582 -0.016466 952.000000
-0.003665 -0.016494 952.000000
-0.002749 -0.016511 952.000000
-0.001833 -0.016515 952.000000
-0.000916 -0.016517 952.000000
0.000000 -0.016518 952.000000
0.000916 -0.016517 952.000000
0.001833 -0.016515 952.000000
0.002749 -0.016511 952.000000
0.003665 -0.016494 952.000000
0.004582 -0.016466 952.000000
0.005498 -0.016446 952.000000
0.006413 -0.016406 952.000000
0.007322 -0.016285 952.000000
0.008203 -0.016035 952.000000
0.009033 -0.015645 952.000000
0.009785 -0.015122 952.000000
0.010442 -0.014483 952.000000
0.011002 -0.013757 952.000000
0.011494 -0.012984 952.000000
0.011969 -0.012201 952.000000
0.012451 -0.011421 952.000000
0.012924 -0.010637 952.000000
0.013386 -0.009845 952.000000
0.013846 -0.009052 952.000000
0.014305 -0.008259 952.000000
0.014763 -0.007465 952.000000
0.015219 -0.006670 952.000000
0.015674 -0.005875 952.000000
0.016117 -0.005072 952.000000
0.016551 -0.004265 952.000000
0.016991 -0.003462 952.000000
0.017415 -0.002649 952.000000
0.017764 -0.001802 952.000000
0.017988 -0.000913 952.000000
0.018065 0.000000 952.000000

