0.020661 0.000000 1654.000000
0.020565 0.001043 1654.000000
0.020288 0.002052 1654.000000
0.019870 0.003012 1654.000000
0.019385 0.003940 1654.000000
0.018897 0.004866 1654.000000
0.018408 0.005792 1654.000000
0.017900 0.006707 1654.000000
0.017381 0.007617 1654.000000
0.016862 0.008526 1654.000000
0.016339 0.009433 1654.000000
0.015815 0.010340 1654.000000
0.015287 0.011244 1654.000000
0.014759 0.012148 1654.000000
0.014221 0.013046 1654.000000
0.013663 0.013932 1654.000000
0.013105 0.014818 1654.000000
0.012544 0.015702 1654.000000
0.011921 0.016543 1654.000000
0.011185 0.017288 1654.000000
0.010330 0.017893 1654.000000
0.009380 0.018331 1654.000000
0.008367 0.018596 1654.000000
0.007326 0.018714 1654.000000
0.006280 0.018758 1654.000000
0.005234 0.018798 1654.000000
0.004188 0.018838 1654.000000
0.003141 0.018855 1654.000000
0.002094 0.018861 1654.000000
0.001047 0.018866 1654.000000
-0.000000 0.018867 1654.000000
-0.001047 0.018866 1654.000000
-0.002094 0.018861 1654.000000
-0.003141 0.018855 1654.000000
-0.004188 0.018838 1654.000000
-0.005234 0.018798 1654.000000
-0.006280 0.018758 1654.000000
-0.007326 0.018714 1654.000000
-0.008367 0.018596 1654.000000
-0.009380 0.018331 1654.000000
-0.010330 0.017893 1654.000000
-0.011185 0.017288 1654.000000
-0.011921 0.016543 1654.000000
-0.012544 0.015702 1654.000000
-0.013105 0.014818 1654.000000
-0.013663 0.013932 1654.000000
-0.014221 0.013046 1654.000000
-0.014759 0.012148 1654.000000
-0.015287 0.011244 1654.000000
-0.015815 0.010340 1654.000000
-0.016339 0.009433 1654.000000
-0.016862 0.008526 1654.000000
-0.017381 0.007617 1654.000000
-0.017900 0.006707 1654.000000
-0.018408 0.005792 1654.000000
-0.018897 0.004866 1654.000000
-0.019385 0.003940 1654.000000
-0.019870 0.003012 1654.000000
-0.020288 0.002052 1654.000000
-0.020565 0.001043 1654.000000
-0.020661 0.000000 1654.000000
-0.020565 -0.001043 1654.000000
-0.020288 -0.002052 1654.000000
-0.019870 -0.003012 1654.000000
-0.019385 -0.003940 1654.000000
-0.018897 -0.004866 1654.000000
-0.018408 -0.005792 1654.000000
-0.017900 -0.006707 1654.000000
-0.017381 -0.007617 1654.000000
-0.016862 -0.008526 1654.000000
-0.016339 -0.009433 1654.000000
-0.015815 -0.010340 1654.000000
-0.015287 -0.011244 1654.000000
-0.014759 -0.012148 1654.000000
-0.014221 -0.013046 1654.000000
-0.013663 -0.013932 1654.000000
-0.013105 -0.014818 1654.000000
-0.012544 -0.015702 1654.000000
-0.011921 -0.016543 1654.000000
-0.011185 -0.017288 1654.000000
-0.010330 -0.017893 1654.000000
-0.009380 -0.018331 1654.000000
-0.008367 -0.018596 1654.000000
-0.007326 -0.018714 1654.000000
-0.006280 -0.018758 1654.000000
-0.005234 -0.018798 1654.000000
-0.004188 -0.018838 1654.000000
-0.003141 -0.018855 1654.000000
-0.002094 -0.018861 1654.000000
-0.001047 -0.018866 1654.000000
-0.000000 -0.018867 1654.000000
0.001047 -0.018866 1654.000000
0.002094 -0.018861 1654.000000
0.003141 -0.018855 1654.000000
0.004188 -0.018838 1654.000000
0.005234 -0.018798 1654.000000
0.006280 -0.018758 1654.000000
0.007326 -0.018714 1654.000000
0.008367 -0.018596 1654.000000
0.009380 -0.018331 1654.000000
0.010330 -0.017893 1654.000000
0.011185 -0.017288 1654.000000
0.011921 -0.016543 1654.000000
0.012544 -0.015702 1654.000000
0.013105 -0.014818 1654.000000
0.013663 -0.013932 1654.000000
0.014221 -0.013046 1654.000000
0.014759 -0.012148 1654.000000
0.015287 -0.011244 1654.000000
0.015815 -0.010340 1654.000000
0.016339 -0.009433 1654.000000
0.016862 -0.008526 1654.000000
0.017381 -0.007617 1654.000000
0.017900 -0.006707 1654.000000
0.018408 -0.005792 1654.000000
0.018897 -0.004866 1654.000000
0.019385 -0.003940 1654.000000
0.019870 -0.003012 1654.000000
0.020288 -0.002052 1654.000000
0.020565 -0.001043 1654.000000
0.020661 0.000000 1654.000000

