0.005519 -0.000000 1.097222
0.005515 0.000140 1.097222
0.005499 0.000279 1.097222
0.005468 0.000415 1.097222
0.005417 0.000545 1.097222
0.005356 0.000671 1.097222
0.005295 0.000797 1.097222
0.005232 0.000922 1.097222
0.005168 0.001046 1.097222
0.005101 0.001169 1.097222
0.005032 0.001291 1.097222
0.004963 0.001412 1.097222
0.004893 0.001533 1.097222
0.004822 0.001654 1.097222
0.004752 0.001775 1.097222
0.004682 0.001896 1.097222
0.004612 0.002017 1.097222
0.004542 0.002138 1.097222
0.004472 0.002259 1.097222
0.004402 0.002380 1.097222
0.004332 0.002501 1.097222
0.004263 0.002622 1.097222
0.004193 0.002744 1.097222
0.004123 0.002865 1.097222
0.004053 0.002986 1.097222
0.003983 0.003107 1.097222
0.003913 0.003228 1.097222
0.003844 0.003349 1.097222
0.003774 0.003471 1.097222
0.003704 0.003592 1.097222
0.003634 0.003713 1.097222
0.003563 0.003833 1.097222
0.003490 0.003952 1.097222
0.003415 0.004070 1.097222
0.003337 0.004187 1.097222
0.003259 0.004303 1.097222
0.003180 0.004418 1.097222
0.003093 0.004528 1.097222
0.002991 0.004623 1.097222
0.002878 0.004706 1.097222
0.002760 0.004780 1.097222
0.002636 0.004846 1.097222
0.002508 0.004902 1.097222
0.002374 0.004943 1.097222
0.002236 0.004964 1.097222
0.002097 0.004974 1.097222
0.001957 0.004984 1.097222
0.001818 0.004992 1.097222
0.001678 0.004999 1.097222
0.001538 0.005002 1.097222
0.001398 0.005003 1.097222
0.001259 0.005004 1.097222
0.001119 0.005004 1.097222
0.000979 0.005003 1.097222
0.000839 0.005003 1.097222
0.000699 0.005003 1.097222
0.000559 0.005003 1.097222
0.000420 0.005003 1.097222
0.000280 0.005003 1.097222
0.000140 0.005003 1.097222
0.000000 0.005003 1.097222
-0.000140 0.005003 1.097222
-0.000280 0.005003 1.097222
-0.000420 0.005003 1.097222
-0.000559 0.005003 1.097222
-0.000699 0.005003 1.097222
-0.000839 0.005003 1.097222
-0.000979 0.005003 1.097222
-0.001119 0.005004 1.097222
-0.001259 0.005004 1.097222
-0.001398 0.005003 1.097222
-0.001538 0.005002 1.097222
-0.001678 0.004999 1.097222
-0.001818 0.004992 1.097222
-0.001957 0.004984 1.097222
-0.002097 0.004974 1.097222
-0.002236 0.004964 1.097222
-0.002374 0.004943 1.097222
-0.002508 0.004902 1.097222
-0.002636 0.004846 1.097222
-0.002760 0.004780 1.097222
-0.002878 0.004706 1.097222
-0.002991 0.004623 1.097222
-0.003093 0.004528 1.097222
-0.003180 0.004418 1.097222
-0.003259 0.004303 1.097222
-0.003337 0.004187 1.097222
-0.003415 0.004070 1.097222
-0.003490 0.003952 1.097222
-0.003563 0.003833 1.097222
-0.003634 0.003713 1.097222
-0.003704 0.003592 1.097222
-0.003774 0.003471 1.097222
-0.003844 0.003349 1.097222
-0.003913 0.003228 1.097222
-0.003983 0.003107 1.097222
-0.004053 0.002986 1.097222
-0.004123 0.002865 1.097222
-0.004193 0.002744 1.097222
-0.004263 0.002622 1.097222
-0.004332 0.002501 1.097222
-0.004402 0.002380 1.097222
-0.004472 0.002259 1.097222
-0.004542 0.002138 1.097222
-0.004612 0.002017 1.097222
-0.004682 0.001896 1.097222
-0.004752 0.001775 1.097222
-0.004822 0.001654 1.097222
-0.004893 0.001533 1.097222
-0.004963 0.001412 1.097222
-0.005032 0.001291 1.097222
-0.005101 0.001169 1.097222
-0.005168 0.001046 1.097222
-0.005232 0.000922 1.097222
-0.005295 0.000797 1.097222
-0.005356 0.000671 1.097222
-0.005417 0.000545 1.097222
-0.005468 0.000415 1.097222
-0.005499 0.000279 1.097222
-0.005515 0.000140 1.097222
-0.005519 -0.000000 1.097222
-0.005515 -0.000140 1.097222
-0.005499 -0.000279 1.097222
-0.005468 -0.000415 1.097222
-0.005417 -0.000545 1.097222
-0.005356 -0.000671 1.097222
-0.005295 -0.000797 1.097222
-0.005232 -0.000922 1.097222
-0.005168 -0.001046 1.097222
-0.005101 -0.001169 1.097222
-0.005032 -0.001291 1.097222
-0.004963 -0.001412 1.097222
-0.004893 -0.001533 1.097222
-0.004822 -0.001654 1.097222
-0.004752 -0.001775 1.097222
-0.004682 -0.001896 1.097222
-0.004612 -0.002017 1.097222
-0.004542 -0.002138 1.097222
-0.004472 -0.002259 1.097222
-0.004402 -0.002380 1.097222
-0.004332 -0.002501 1.097222
-0.004263 -0.002622 1.097222
-0.004193 -0.002744 1.097222
-0.004123 -0.002865 1.097222
-0.004053 -0.002986 1.097222
-0.003983 -0.003107 1.097222
-0.003913 -0.003228 1.097222
-0.003844 -0.003349 1.097222
-0.003774 -0.003471 1.097222
-0.003704 -0.003592 1.097222
-0.003634 -0.003713 1.097222
-0.003563 -0.003833 1.097222
-0.003490 -0.003952 1.097222
-0.003415 -0.004070 1.097222
-0.003337 -0.004187 1.097222
-0.003259 -0.004303 1.097222
-0.003180 -0.004418 1.097222
-0.003093 -0.004528 1.097222
-0.002991 -0.004623 1.097222
-0.002878 -0.004706 1.097222
-0.002760 -0.004780 1.097222
-0.002636 -0.004846 1.097222
-0.002508 -0.004902 1.097222
-0.002374 -0.004943 1.097222
-0.002236 -0.004964 1.097222
-0.002097 -0.004974 1.097222
-0.001957 -0.004984 1.097222
-0.001818 -0.004992 1.097222
-0.001678 -0.004999 1.097222
-0.001538 -0.005002 1.097222
-0.001398 -0.005003 1.097222
-0.001259 -0.005004 1.097222
-0.001119 -0.005004 1.097222
-0.000979 -0.005003 1.097222
-0.000839 -0.005003 1.097222
-0.000699 -0.005003 1.097222
-0.000559 -0.005003 1.097222
-0.000420 -0.005003 1.097222
-0.000280 -0.005003 1.097222
-0.000140 -0.005003 1.097222
-0.000000 -0.005003 1.097222
0.000140 -0.005003 1.097222
0.000280 -0.005003 1.097222
0.000420 -0.005003 1.097222
0.000559 -0.005003 1.097222
0.000699 -0.005003 1.097222
0.000839 -0.005003 1.097222
0.000979 -0.005003 1.097222
0.001119 -0.005004 1.097222
0.001259 -0.005004 1.097222
0.001398 -0.005003 1.097222
0.001538 -0.005002 1.097222
0.001678 -0.004999 1.097222
0.001818 -0.004992 1.097222
0.001957 -0.004984 1.097222
0.002097 -0.004974 1.097222
0.002236 -0.004964 1.097222
0.002374 -0.004943 1.097222
0.002508 -0.004902 1.097222
0.002636 -0.004846 1.097222
0.002760 -0.004780 1.097222
0.002878 -0.004706 1.097222
0.002991 -0.004623 1.097222
0.003093 -0.004528 1.097222
0.003180 -0.004418 1.097222
0.003259 -0.004303 1.097222
0.003337 -0.004187 1.097222
0.003415 -0.004070 1.097222
0.003490 -0.003952 1.097222
0.003563 -0.003833 1.097222
0.003634 -0.003713 1.097222
0.003704 -0.003592 1.097222
0.003774 -0.003471 1.097222
0.003844 -0.003349 1.097222
0.003913 -0.003228 1.097222
0.003983 -0.003107 1.097222
0.004053 -0.002986 1.097222
0.004123 -0.002865 1.097222
0.004193 -0.002744 1.097222
0.004263 -0.002622 1.097222
0.004332 -0.002501 1.097222
0.004402 -0.002380 1.097222
0.004472 -0.002259 1.097222
0.004542 -0.002138 1.097222
0.004612 -0.002017 1.097222
0.004682 -0.001896 1.097222
0.004752 -0.001775 1.097222
0.004822 -0.001654 1.097222
0.004893 -0.001533 1.097222
0.004963 -0.001412 1.097222
0.005032 -0.001291 1.097222
0.005101 -0.001169 1.097222
0.005168 -0.001046 1.097222
0.005232 -0.000922 1.097222
0.005295 -0.000797 1.097222
0.005356 -0.000671 1.097222
0.005417 -0.000545 1.097222
0.005468 -0.000415 1.097222
0.005499 -0.000279 1.097222
0.005515 -0.000140 1.097222
0.005519 -0.000000 1.097222

