0.005193 -0.000000 0.536458
0.005191 0.000134 0.536458
0.005184 0.000268 0.536458
0.005173 0.000402 0.536458
0.005157 0.000535 0.536458
0.005136 0.000668 0.536458
0.005110 0.000799 0.536458
0.005078 0.000930 0.536458
0.005041 0.001059 0.536458
0.004999 0.001186 0.536458
0.004952 0.001312 0.536458
0.004901 0.001436 0.536458
0.004846 0.001559 0.536458
0.004788 0.001680 0.536458
0.004728 0.001800 0.536458
0.004665 0.001918 0.536458
0.004600 0.002036 0.536458
0.004533 0.002152 0.536458
0.004466 0.002268 0.536458
0.004399 0.002385 0.536458
0.004331 0.002501 0.536458
0.004264 0.002617 0.536458
0.004197 0.002733 0.536458
0.004130 0.002850 0.536458
0.004063 0.002966 0.536458
0.003994 0.003081 0.536458
0.003923 0.003195 0.536458
0.003849 0.003307 0.536458
0.003773 0.003417 0.536458
0.003694 0.003526 0.536458
0.003612 0.003632 0.536458
0.003527 0.003736 0.536458
0.003438 0.003836 0.536458
0.003344 0.003933 0.536458
0.003247 0.004025 0.536458
0.003146 0.004114 0.536458
0.003042 0.004198 0.536458
0.002935 0.004279 0.536458
0.002824 0.004356 0.536458
0.002712 0.004429 0.536458
0.002597 0.004498 0.536458
0.002479 0.004563 0.536458
0.002360 0.004624 0.536458
0.002238 0.004681 0.536458
0.002115 0.004733 0.536458
0.001990 0.004782 0.536458
0.001862 0.004825 0.536458
0.001734 0.004863 0.536458
0.001603 0.004895 0.536458
0.001472 0.004922 0.536458
0.001340 0.004944 0.536458
0.001207 0.004962 0.536458
0.001073 0.004976 0.536458
0.000939 0.004987 0.536458
0.000805 0.004995 0.536458
0.000671 0.004999 0.536458
0.000537 0.005002 0.536458
0.000403 0.005002 0.536458
0.000268 0.005002 0.536458
0.000134 0.005002 0.536458
0.000000 0.005001 0.536458
-0.000134 0.005002 0.536458
-0.000268 0.005002 0.536458
-0.000403 0.005002 0.536458
-0.000537 0.005002 0.536458
-0.000671 0.004999 0.536458
-0.000805 0.004995 0.536458
-0.000939 0.004987 0.536458
-0.001073 0.004976 0.536458
-0.001207 0.004962 0.536458
-0.001340 0.004944 0.536458
-0.001472 0.004922 0.536458
-0.001603 0.004895 0.536458
-0.001734 0.004863 0.536458
-0.001862 0.004825 0.536458
-0.001990 0.004782 0.536458
-0.002115 0.004733 0.536458
-0.002238 0.004681 0.536458
-0.002360 0.004624 0.536458
-0.002479 0.004563 0.536458
-0.002597 0.004498 0.536458
-0.002712 0.004429 0.536458
-0.002824 0.004356 0.536458
-0.002935 0.004279 0.536458
-0.003042 0.004198 0.536458
-0.003146 0.004114 0.536458
-0.003247 0.004025 0.536458
-0.003344 0.003933 0.536458
-0.003438 0.003836 0.536458
-0.003527 0.003736 0.536458
-0.003612 0.003632 0.536458
-0.003694 0.003526 0.536458
-0.003773 0.003417 0.536458
-0.003849 0.003307 0.536458
-0.003923 0.003195 0.536458
-0.003994 0.003081 0.536458
-0.004063 0.002966 0.536458
-0.004130 0.002850 0.536458
-0.004197 0.002733 0.536458
-0.004264 0.002617 0.536458
-0.004331 0.002501 0.536458
-0.004399 0.002385 0.536458
-0.004466 0.002268 0.536458
-0.004533 0.002152 0.536458
-0.004600 0.002036 0.536458
-0.004665 0.001918 0.536458
-0.004728 0.001800 0.536458
-0.004788 0.001680 0.536458
-0.004846 0.001559 0.536458
-0.004901 0.001436 0.536458
-0.004952 0.001312 0.536458
-0.004999 0.001186 0.536458
-0.005041 0.001059 0.536458
-0.005078 0.000930 0.536458
-0.005110 0.000799 0.536458
-0.005136 0.000668 0.536458
-0.005157 0.000535 0.536458
-0.005173 0.000402 0.536458
-0.005184 0.000268 0.536458
-0.005191 0.000134 0.536458
-0.005193 0.000000 0.536458
-0.005191 -0.000134 0.536458
-0.005184 -0.000268 0.536458
-0.005173 -0.000402 0.536458
-0.005157 -0.000535 0.536458
-0.005136 -0.000668 0.536458
-0.005110 -0.000799 0.536458
-0.005078 -0.000930 0.536458
-0.005041 -0.001059 0.536458
-0.004999 -0.001186 0.536458
-0.004952 -0.001312 0.536458
-0.004901 -0.001436 0.536458
-0.004846 -0.001559 0.536458
-0.004788 -0.001680 0.536458
-0.004728 -0.001800 0.536458
-0.004665 -0.001918 0.536458
-0.004600 -0.002036 0.536458
-0.004533 -0.002152 0.536458
-0.004466 -0.002268 0.536458
-0.004399 -0.002385 0.536458
-0.004331 -0.002501 0.536458
-0.004264 -0.002617 0.536458
-0.004197 -0.002733 0.536458
-0.004130 -0.002850 0.536458
-0.004063 -0.002966 0.536458
-0.003994 -0.003081 0.536458
-0.003923 -0.003195 0.536458
-0.003849 -0.003307 0.536458
-0.003773 -0.003417 0.536458
-0.003694 -0.003526 0.536458
-0.003612 -0.003632 0.536458
-0.003527 -0.003736 0.536458
-0.003438 -0.003836 0.536458
-0.003344 -0.003933 0.536458
-0.003247 -0.004025 0.536458
-0.003146 -0.004114 0.536458
-0.003042 -0.004198 0.536458
-0.002935 -0.004279 0.536458
-0.002824 -0.004356 0.536458
-0.002712 -0.004429 0.536458
-0.002597 -0.004498 0.536458
-0.002479 -0.004563 0.536458
-0.002360 -0.004624 0.536458
-0.002238 -0.004681 0.536458
-0.002115 -0.004733 0.536458
-0.001990 -0.004782 0.536458
-0.001862 -0.004825 0.536458
-0.001734 -0.004863 0.536458
-0.001603 -0.004895 0.536458
-0.001472 -0.004922 0.536458
-0.001340 -0.004944 0.536458
-0.001207 -0.004962 0.536458
-0.001073 -0.004976 0.536458
-0.000939 -0.004987 0.536458
-0.000805 -0.004995 0.536458
-0.000671 -0.004999 0.536458
-0.000537 -0.005002 0.536458
-0.000403 -0.005002 0.536458
-0.000268 -0.005002 0.536458
-0.000134 -0.005002 0.536458
0.000000 -0.005001 0.536458
0.000134 -0.005002 0.536458
0.000268 -0.005002 0.536458
0.000403 -0.005002 0.536458
0.000537 -0.005002 0.536458
0.000671 -0.004999 0.536458
0.000805 -0.004995 0.536458
0.000939 -0.004987 0.536458
0.001073 -0.004976 0.536458
0.001207 -0.004962 0.536458
0.001340 -0.004944 0.536458
0.001472 -0.004922 0.536458
0.001603 -0.004895 0.536458
0.001734 -0.004863 0.536458
0.001862 -0.004825 0.536458
0.001990 -0.004782 0.536458
0.002115 -0.004733 0.536458
0.002238 -0.004681 0.536458
0.002360 -0.004624 0.536458
0.002479 -0.004563 0.536458
0.002597 -0.004498 0.536458
0.002712 -0.004429 0.536458
0.002824 -0.004356 0.536458
0.002935 -0.004279 0.536458
0.003042 -0.004198 0.536458
0.003146 -0.004114 0.536458
0.003247 -0.004025 0.536458
0.003344 -0.003933 0.536458
0.003438 -0.003836 0.536458
0.003527 -0.003736 0.536458
0.003612 -0.003632 0.536458
0.003694 -0.003526 0.536458
0.003773 -0.003417 0.536458
0.003849 -0.003307 0.536458
0.003923 -0.003195 0.536458
0.003994 -0.003081 0.536458
0.004063 -0.002966 0.536458
0.004130 -0.002850 0.536458
0.004197 -0.002733 0.536458
0.004264 -0.002617 0.536458
0.004331 -0.002501 0.536458
0.004399 -0.002385 0.536458
0.004466 -0.002268 0.536458
0.004533 -0.002152 0.536458
0.004600 -0.002036 0.536458
0.004665 -0.001918 0.536458
0.004728 -0.001800 0.536458
0.004788 -0.001680 0.536458
0.004846 -0.001559 0.536458
0.004901 -0.001436 0.536458
0.004952 -0.001312 0.536458
0.004999 -0.001186 0.536458
0.005041 -0.001059 0.536458
0.005078 -0.000930 0.536458
0.005110 -0.000799 0.536458
0.005136 -0.000668 0.536458
0.005157 -0.000535 0.536458
0.005173 -0.000402 0.536458
0.005184 -0.000268 0.536458
0.005191 -0.000134 0.536458
0.005193 -0.000000 0.536458

