0.020841 0.000000 1723.000000
0.020744 0.001052 1723.000000
0.020463 0.002070 1723.000000
0.020041 0.003038 1723.000000
0.019552 0.003974 1723.000000
0.019060 0.004908 1723.000000
0.018568 0.005843 1723.000000
0.018055 0.006766 1723.000000
0.017532 0.007683 1723.000000
0.017008 0.008600 1723.000000
0.016481 0.009515 1723.000000
0.015952 0.010429 1723.000000
0.015419 0.011341 1723.000000
0.014887 0.012253 1723.000000
0.014344 0.013159 1723.000000
0.013781 0.014053 1723.000000
0.013217 0.014946 1723.000000
0.012651 0.015837 1723.000000
0.012024 0.016687 1723.000000
0.011283 0.017439 1723.000000
0.010421 0.018049 1723.000000
0.009461 0.018490 1723.000000
0.008439 0.018756 1723.000000
0.007390 0.018875 1723.000000
0.006335 0.018919 1723.000000
0.005279 0.018961 1723.000000
0.004224 0.019002 1723.000000
0.003168 0.019019 1723.000000
0.002112 0.019024 1723.000000
0.001056 0.019029 1723.000000
-0.000000 0.019031 1723.000000
-0.001056 0.019029 1723.000000
-0.002112 0.019024 1723.000000
-0.003168 0.019019 1723.000000
-0.004224 0.019002 1723.000000
-0.005279 0.018961 1723.000000
-0.006335 0.018919 1723.000000
-0.007390 0.018875 1723.000000
-0.008439 0.018756 1723.000000
-0.009461 0.018490 1723.000000
-0.010421 0.018049 1723.000000
-0.011283 0.017439 1723.000000
-0.012024 0.016687 1723.000000
-0.012651 0.015837 1723.000000
-0.013217 0.014946 1723.000000
-0.013781 0.014053 1723.000000
-0.014344 0.013159 1723.000000
-0.014887 0.012253 1723.000000
-0.015419 0.011341 1723.000000
-0.015952 0.010429 1723.000000
-0.016481 0.009515 1723.000000
-0.017008 0.008600 1723.000000
-0.017532 0.007683 1723.000000
-0.018055 0.006766 1723.000000
-0.018568 0.005843 1723.000000
-0.019060 0.004908 1723.000000
-0.019552 0.003974 1723.000000
-0.020041 0.003038 1723.000000
-0.020463 0.002070 1723.000000
-0.020744 0.001052 1723.000000
-0.020841 0.000000 1723.000000
-0.020744 -0.001052 1723.000000
-0.020463 -0.002070 1723.000000
-0.020041 -0.003038 1723.000000
-0.019552 -0.003974 1723.000000
-0.019060 -0.004908 1723.000000
-0.018568 -0.005843 1723.000000
-0.018055 -0.006766 1723.000000
-0.017532 -0.007683 1723.000000
-0.017008 -0.008600 1723.000000
-0.016481 -0.009515 1723.000000
-0.015952 -0.010429 1723.000000
-0.015419 -0.011341 1723.000000
-0.014887 -0.012253 1723.000000
-0.014344 -0.013159 1723.000000
-0.013781 -0.014053 1723.000000
-0.013217 -0.014946 1723.000000
-0.012651 -0.015837 1723.000000
-0.012024 -0.016687 1723.000000
-0.011283 -0.017439 1723.000000
-0.010421 -0.018049 1723.000000
-0.009461 -0.018490 1723.000000
-0.008439 -0.018756 1723.000000
-0.007390 -0.018875 1723.000000
-0.006335 -0.018919 1723.000000
-0.005279 -0.018961 1723.000000
-0.004224 -0.019002 1723.000000
-0.003168 -0.019019 1723.000000
-0.002112 -0.019024 1723.000000
-0.001056 -0.019029 1723.000000
-0.000000 -0.019031 1723.000000
0.001056 -0.019029 1723.000000
0.002112 -0.019024 1723.000000
0.003168 -0.019019 1723.000000
0.004224 -0.019002 1723.000000
0.005279 -0.018961 1723.000000
0.006335 -0.018919 1723.000000
0.007390 -0.018875 1723.000000
0.008439 -0.018756 1723.000000
0.009461 -0.018490 1723.000000
0.010421 -0.018049 1723.000000
0.011283 -0.017439 1723.000000
0.012024 -0.016687 1723.000000
0.012651 -0.015837 1723.000000
0.013217 -0.014946 1723.000000
0.013781 -0.014053 1723.000000
0.014344 -0.013159 1723.000000
0.014887 -0.012253 1723.000000
0.015419 -0.011341 1723.000000
0.015952 -0.010429 1723.000000
0.016481 -0.009515 1723.000000
0.017008 -0.008600 1723.000000
0.017532 -0.007683 1723.000000
0.018055 -0.006766 1723.000000
0.018568 -0.005843 1723.000000
0.019060 -0.004908 1723.000000
0.019552 -0.003974 1723.000000
0.020041 -0.003038 1723.000000
0.020463 -0.002070 1723.000000
0.020744 -0.001052 1723.000000
0.020841 0.000000 1723.000000

