0.016499 0.000000 689.000000
0.016433 0.000835 689.000000
0.016239 0.001650 689.000000
0.015934 0.002430 689.000000
0.015553 0.003176 689.000000
0.015145 0.003908 689.000000
0.014742 0.004642 689.000000
0.014337 0.005376 689.000000
0.013923 0.006104 689.000000
0.013505 0.006830 689.000000
0.013086 0.007555 689.000000
0.012667 0.008281 689.000000
0.012247 0.009006 689.000000
0.011824 0.009729 689.000000
0.011391 0.010446 689.000000
0.010957 0.011162 689.000000
0.010527 0.011881 689.000000
0.010072 0.012584 689.000000
0.009549 0.013239 689.000000
0.008940 0.013814 689.000000
0.008249 0.014288 689.000000
0.007493 0.014649 689.000000
0.006691 0.014889 689.000000
0.005862 0.015014 689.000000
0.005026 0.015057 689.000000
0.004188 0.015070 689.000000
0.003351 0.015088 689.000000
0.002513 0.015104 689.000000
0.001675 0.015109 689.000000
0.000838 0.015110 689.000000
0.000000 0.015111 689.000000
-0.000838 0.015110 689.000000
-0.001675 0.015109 689.000000
-0.002513 0.015104 689.000000
-0.003351 0.015088 689.000000
-0.004188 0.015070 689.000000
-0.005026 0.015057 689.000000
-0.005862 0.015014 689.000000
-0.006691 0.014889 689.000000
-0.007493 0.014649 689.000000
-0.008249 0.014288 689.000000
-0.008940 0.013814 689.000000
-0.009549 0.013239 689.000000
-0.010072 0.012584 689.000000
-0.010527 0.011881 689.000000
-0.010957 0.011162 689.000000
-0.011391 0.010446 689.000000
-0.011824 0.009729 689.000000
-0.012247 0.009006 689.000000
-0.012667 0.008281 689.000000
-0.013086 0.007555 689.000000
-0.013505 0.006830 689.000000
-0.013923 0.006104 689.000000
-0.014337 0.005376 689.000000
-0.014742 0.004642 689.000000
-0.015145 0.003908 689.000000
-0.015553 0.003176 689.000000
-0.015934 0.002430 689.000000
-0.016239 0.001650 689.000000
-0.016433 0.000835 689.000000
-0.016499 0.000000 689.000000
-0.016433 -0.000835 689.000000
-0.016239 -0.001650 689.000000
-0.015934 -0.002430 689.000000
-0.015553 -0.003176 689.000000
-0.015145 -0.003908 689.000000
-0.014742 -0.004642 689.000000
-0.014337 -0.005376 689.000000
-0.013923 -0.006104 689.000000
-0.013505 -0.006830 689.000000
-0.013086 -0.007555 689.000000
-0.012667 -0.008281 689.000000
-0.012247 -0.009006 689.000000
-0.011824 -0.009729 689.000000
-0.011391 -0.010446 689.000000
-0.010957 -0.011162 689.000000
-0.010527 -0.011881 689.000000
-0.010072 -0.012584 689.000000
-0.009549 -0.013239 689.000000
-0.008940 -0.013814 689.000000
-0.008249 -0.014288 689.000000
-0.007493 -0.014649 689.000000
-0.006691 -0.014889 689.000000
-0.005862 -0.015014 689.000000
-0.005026 -0.015057 689.000000
-0.004188 -0.015070 689.000000
-0.003351 -0.015088 689.000000
-0.002513 -0.015104 689.000000
-0.001675 -0.015109 689.000000
-0.000838 -0.015110 689.000000
0.000000 -0.015111 689.000000
0.000838 -0.015110 689.000000
0.001675 -0.015109 689.000000
0.002513 -0.015104 689.000000
0.003351 -0.015088 689.000000
0.004188 -0.015070 689.000000
0.005026 -0.015057 689.000000
0.005862 -0.015014 689.000000
0.006691 -0.014889 689.000000
0.007493 -0.014649 689.000000
0.008249 -0.014288 689.000000
0.008940 -0.013814 689.000000
0.009549 -0.013239 689.000000
0.010072 -0.012584 689.000000
0.010527 -0.011881 689.000000
0.010957 -0.011162 689.000000
0.011391 -0.010446 689.000000
0.011824 -0.009729 689.000000
0.012247 -0.009006 689.000000
0.012667 -0.008281 689.000000
0.013086 -0.007555 689.000000
0.013505 -0.006830 689.000000
0.013923 -0.006104 689.000000
0.014337 -0.005376 689.000000
0.014742 -0.004642 689.000000
0.015145 -0.003908 689.000000
0.015553 -0.003176 689.000000
0.015934 -0.002430 689.000000
0.016239 -0.001650 689.000000
0.016433 -0.000835 689.000000
0.016499 0.000000 689.000000

