0.017572 0.000000 860.000000
0.017499 0.000889 860.000000
0.017284 0.001754 860.000000
0.016949 0.002580 860.000000
0.016538 0.003372 860.000000
0.016108 0.004152 860.000000
0.015683 0.004937 860.000000
0.015252 0.005717 860.000000
0.014810 0.006492 860.000000
0.014366 0.007264 860.000000
0.013920 0.008037 860.000000
0.013474 0.008809 860.000000
0.013027 0.009580 860.000000
0.012577 0.010350 860.000000
0.012117 0.011114 860.000000
0.011650 0.011873 860.000000
0.011189 0.012637 860.000000
0.010709 0.013388 860.000000
0.010161 0.014091 860.000000
0.009519 0.014710 860.000000
0.008786 0.015218 860.000000
0.007980 0.015599 860.000000
0.007123 0.015845 860.000000
0.006240 0.015968 860.000000
0.005349 0.016008 860.000000
0.004458 0.016026 860.000000
0.003566 0.016050 860.000000
0.002675 0.016068 860.000000
0.001783 0.016072 860.000000
0.000892 0.016073 860.000000
0.000000 0.016074 860.000000
-0.000892 0.016073 860.000000
-0.001783 0.016072 860.000000
-0.002675 0.016068 860.000000
-0.003566 0.016050 860.000000
-0.004458 0.016026 860.000000
-0.005349 0.016008 860.000000
-0.006240 0.015968 860.000000
-0.007123 0.015845 860.000000
-0.007980 0.015599 860.000000
-0.008786 0.015218 860.000000
-0.009519 0.014710 860.000000
-0.010161 0.014091 860.000000
-0.010709 0.013388 860.000000
-0.011189 0.012637 860.000000
-0.011650 0.011873 860.000000
-0.012117 0.011114 860.000000
-0.012577 0.010350 860.000000
-0.013027 0.009580 860.000000
-0.013474 0.008809 860.000000
-0.013920 0.008037 860.000000
-0.014366 0.007264 860.000000
-0.014810 0.006492 860.000000
-0.015252 0.005717 860.000000
-0.015683 0.004937 860.000000
-0.016108 0.004152 860.000000
-0.016538 0.003372 860.000000
-0.016949 0.002580 860.000000
-0.017284 0.001754 860.000000
-0.017499 0.000889 860.000000
-0.017572 0.000000 860.000000
-0.017499 -0.000889 860.000000
-0.017284 -0.001754 860.000000
-0.016949 -0.002580 860.000000
-0.016538 -0.003372 860.000000
-0.016108 -0.004152 860.000000
-0.015683 -0.004937 860.000000
-0.015252 -0.005717 860.000000
-0.014810 -0.006492 860.000000
-0.014366 -0.007264 860.000000
-0.013920 -0.008037 860.000000
-0.013474 -0.008809 860.000000
-0.013027 -0.009580 860.000000
-0.012577 -0.010350 860.000000
-0.012117 -0.011114 860.000000
-0.011650 -0.011873 860.000000
-0.011189 -0.012637 860.000000
-0.010709 -0.013388 860.000000
-0.010161 -0.014091 860.000000
-0.009519 -0.014710 860.000000
-0.008786 -0.015218 860.000000
-0.007980 -0.015599 860.000000
-0.007123 -0.015845 860.000000
-0.006240 -0.015968 860.000000
-0.005349 -0.016008 860.000000
-0.004458 -0.016026 860.000000
-0.003566 -0.016050 860.000000
-0.002675 -0.016068 860.000000
-0.001783 -0.016072 860.000000
-0.000892 -0.016073 860.000000
0.000000 -0.016074 860.000000
0.000892 -0.016073 860.000000
0.001783 -0.016072 860.000000
0.002675 -0.016068 860.000000
0.003566 -0.016050 860.000000
0.004458 -0.016026 860.000000
0.005349 -0.016008 860.000000
0.006240 -0.015968 860.000000
0.007123 -0.015845 860.000000
0.007980 -0.015599 860.000000
0.008786 -0.015218 860.000000
0.009519 -0.014710 860.000000
0.010161 -0.014091 860.000000
0.010709 -0.013388 860.000000
0.011189 -0.012637 860.000000
0.011650 -0.011873 860.000000
0.012117 -0.011114 860.000000
0.012577 -0.010350 860.000000
0.013027 -0.009580 860.000000
0.013474 -0.008809 860.000000
0.013920 -0.008037 860.000000
0.014366 -0.007264 860.000000
0.014810 -0.006492 860.000000
0.015252 -0.005717 860.000000
0.015683 -0.004937 860.000000
0.016108 -0.004152 860.000000
0.016538 -0.003372 860.000000
0.016949 -0.002580 860.000000
0.017284 -0.001754 860.000000
0.017499 -0.000889 860.000000
0.017572 0.000000 860.000000

