0.006018 -0.000000 0.037801
0.006010 0.000295 0.037801
0.005989 0.000589 0.037801
0.005953 0.000883 0.037801
0.005902 0.001173 0.037801
0.005837 0.001462 0.037801
0.005759 0.001746 0.037801
0.005666 0.002027 0.037801
0.005560 0.002302 0.037801
0.005443 0.002573 0.037801
0.005306 0.002835 0.037801
0.005154 0.003088 0.037801
0.004995 0.003337 0.037801
0.004826 0.003579 0.037801
0.004646 0.003813 0.037801
0.004455 0.004038 0.037801
0.004253 0.004254 0.037801
0.004040 0.004458 0.037801
0.003817 0.004652 0.037801
0.003584 0.004834 0.037801
0.003343 0.005004 0.037801
0.003093 0.005162 0.037801
0.002836 0.005307 0.037801
0.002572 0.005440 0.037801
0.002302 0.005560 0.037801
0.002027 0.005666 0.037801
0.001746 0.005758 0.037801
0.001462 0.005837 0.037801
0.001174 0.005902 0.037801
0.000883 0.005952 0.037801
0.000590 0.005989 0.037801
0.000295 0.006010 0.037801
-0.000000 0.006017 0.037801
-0.000295 0.006009 0.037801
-0.000590 0.005988 0.037801
-0.000883 0.005952 0.037801
-0.001174 0.005901 0.037801
-0.001462 0.005837 0.037801
-0.001747 0.005758 0.037801
-0.002027 0.005666 0.037801
-0.002303 0.005559 0.037801
-0.002573 0.005440 0.037801
-0.002837 0.005307 0.037801
-0.003094 0.005161 0.037801
-0.003343 0.005003 0.037801
-0.003585 0.004833 0.037801
-0.003817 0.004652 0.037801
-0.004041 0.004459 0.037801
-0.004255 0.004255 0.037801
-0.004459 0.004041 0.037801
-0.004652 0.003818 0.037801
-0.004833 0.003585 0.037801
-0.005004 0.003344 0.037801
-0.005161 0.003094 0.037801
-0.005305 0.002836 0.037801
-0.005438 0.002572 0.037801
-0.005557 0.002302 0.037801
-0.005664 0.002027 0.037801
-0.005757 0.001747 0.037801
-0.005836 0.001462 0.037801
-0.005902 0.001174 0.037801
-0.005952 0.000883 0.037801
-0.005989 0.000590 0.037801
-0.006010 0.000296 0.037801
-0.006018 0.000000 0.037801
-0.006010 -0.000295 0.037801
-0.005989 -0.000589 0.037801
-0.005953 -0.000883 0.037801
-0.005902 -0.001173 0.037801
-0.005837 -0.001462 0.037801
-0.005759 -0.001746 0.037801
-0.005666 -0.002027 0.037801
-0.005560 -0.002302 0.037801
-0.005443 -0.002573 0.037801
-0.005306 -0.002835 0.037801
-0.005154 -0.003088 0.037801
-0.004995 -0.003337 0.037801
-0.004826 -0.003579 0.037801
-0.004646 -0.003813 0.037801
-0.004455 -0.004038 0.037801
-0.004253 -0.004254 0.037801
-0.004040 -0.004458 0.037801
-0.003817 -0.004652 0.037801
-0.003584 -0.004834 0.037801
-0.003343 -0.005004 0.037801
-0.003093 -0.005162 0.037801
-0.002836 -0.005307 0.037801
-0.002572 -0.005440 0.037801
-0.002302 -0.005560 0.037801
-0.002027 -0.005666 0.037801
-0.001746 -0.005758 0.037801
-0.001462 -0.005837 0.037801
-0.001174 -0.005902 0.037801
-0.000883 -0.005952 0.037801
-0.000590 -0.005989 0.037801
-0.000295 -0.006010 0.037801
0.000000 -0.006017 0.037801
0.000295 -0.006009 0.037801
0.000590 -0.005988 0.037801
0.000883 -0.005952 0.037801
0.001174 -0.005901 0.037801
0.001462 -0.005837 0.037801
0.001747 -0.005758 0.037801
0.002027 -0.005666 0.037801
0.002303 -0.005559 0.037801
0.002573 -0.005440 0.037801
0.002837 -0.005307 0.037801
0.003094 -0.005161 0.037801
0.003343 -0.005003 0.037801
0.003585 -0.004833 0.037801
0.003817 -0.004652 0.037801
0.004041 -0.004459 0.037801
0.004255 -0.004255 0.037801
0.004459 -0.004041 0.037801
0.004652 -0.003818 0.037801
0.004833 -0.003585 0.037801
0.005004 -0.003344 0.037801
0.005161 -0.003094 0.037801
0.005305 -0.002836 0.037801
0.005438 -0.002572 0.037801
0.005557 -0.002302 0.037801
0.005664 -0.002027 0.037801
0.005757 -0.001747 0.037801
0.005836 -0.001462 0.037801
0.005902 -0.001174 0.037801
0.005952 -0.000883 0.037801
0.005989 -0.000590 0.037801
0.006010 -0.000296 0.037801
0.006018 -0.000000 0.037801
