0.014821 0.000000 483.000000
0.014767 0.000752 483.000000
0.014606 0.001488 483.000000
0.014348 0.002196 483.000000
0.014016 0.002872 483.000000
0.013649 0.003530 483.000000
0.013279 0.004187 483.000000
0.012913 0.004845 483.000000
0.012541 0.005501 483.000000
0.012165 0.006154 483.000000
0.011788 0.006806 483.000000
0.011412 0.007459 483.000000
0.011034 0.008111 483.000000
0.010652 0.008760 483.000000
0.010265 0.009407 483.000000
0.009881 0.010055 483.000000
0.009495 0.010702 483.000000
0.009075 0.011328 483.000000
0.008591 0.011905 483.000000
0.008034 0.012413 483.000000
0.007411 0.012836 483.000000
0.006733 0.013164 483.000000
0.006015 0.013393 483.000000
0.005272 0.013523 483.000000
0.004521 0.013574 483.000000
0.003767 0.013585 483.000000
0.003014 0.013593 483.000000
0.002260 0.013605 483.000000
0.001507 0.013611 483.000000
0.000753 0.013612 483.000000
0.000000 0.013612 483.000000
-0.000753 0.013612 483.000000
-0.001507 0.013611 483.000000
-0.002260 0.013605 483.000000
-0.003014 0.013593 483.000000
-0.003767 0.013585 483.000000
-0.004521 0.013574 483.000000
-0.005272 0.013523 483.000000
-0.006015 0.013393 483.000000
-0.006733 0.013164 483.000000
-0.007411 0.012836 483.000000
-0.008034 0.012413 483.000000
-0.008591 0.011905 483.000000
-0.009075 0.011328 483.000000
-0.009495 0.010702 483.000000
-0.009881 0.010055 483.000000
-0.010265 0.009407 483.000000
-0.010652 0.008760 483.000000
-0.011034 0.008111 483.000000
-0.011412 0.007459 483.000000
-0.011788 0.006806 483.000000
-0.012165 0.006154 483.000000
-0.012541 0.005501 483.000000
-0.012913 0.004845 483.000000
-0.013279 0.004187 483.000000
-0.013649 0.003530 483.000000
-0.014016 0.002872 483.000000
-0.014348 0.002196 483.000000
-0.014606 0.001488 483.000000
-0.014767 0.000752 483.000000
-0.014821 0.000000 483.000000
-0.014767 -0.000752 483.000000
-0.014606 -0.001488 483.000000
-0.014348 -0.002196 483.000000
-0.014016 -0.002872 483.000000
-0.013649 -0.003530 483.000000
-0.013279 -0.004187 483.000000
-0.012913 -0.004845 483.000000
-0.012541 -0.005501 483.000000
-0.012165 -0.006154 483.000000
-0.011788 -0.006806 483.000000
-0.011412 -0.007459 483.000000
-0.011034 -0.008111 483.000000
-0.010652 -0.008760 483.000000
-0.010265 -0.009407 483.000000
-0.009881 -0.010055 483.000000
-0.009495 -0.010702 483.000000
-0.009075 -0.011328 483.000000
-0.008591 -0.011905 483.000000
-0.008034 -0.012413 483.000000
-0.007411 -0.012836 483.000000
-0.006733 -0.013164 483.000000
-0.006015 -0.013393 483.000000
-0.005272 -0.013523 483.000000
-0.004521 -0.013574 483.000000
-0.003767 -0.013585 483.000000
-0.003014 -0.013593 483.000000
-0.002260 -0.013605 483.000000
-0.001507 -0.013611 483.000000
-0.000753 -0.013612 483.000000
0.000000 -0.013612 483.000000
0.000753 -0.013612 483.000000
0.001507 -0.013611 483.000000
0.002260 -0.013605 483.000000
0.003014 -0.013593 483.000000
0.003767 -0.013585 483.000000
0.004521 -0.013574 483.000000
0.005272 -0.013523 483.000000
0.006015 -0.013393 483.000000
0.006733 -0.013164 483.000000
0.007411 -0.012836 483.000000
0.008034 -0.012413 483.000000
0.008591 -0.011905 483.000000
0.009075 -0.011328 483.000000
0.009495 -0.010702 483.000000
0.009881 -0.010055 483.000000
0.010265 -0.009407 483.000000
0.010652 -0.008760 483.000000
0.011034 -0.008111 483.000000
0.011412 -0.007459 483.000000
0.011788 -0.006806 483.000000
0.012165 -0.006154 483.000000
0.012541 -0.005501 483.000000
0.012913 -0.004845 483.000000
0.013279 -0.004187 483.000000
0.013649 -0.003530 483.000000
0.014016 -0.002872 483.000000
0.014348 -0.002196 483.000000
0.014606 -0.001488 483.000000
0.014767 -0.000752 483.000000
0.014821 0.000000 483.000000

