0.019388 0.000000 1254.000000
0.019301 0.000979 1254.000000
0.019050 0.001929 1254.000000
0.018665 0.002834 1254.000000
0.018209 0.003705 1254.000000
0.017744 0.004570 1254.000000
0.017282 0.005438 1254.000000
0.016806 0.006298 1254.000000
0.016318 0.007151 1254.000000
0.015830 0.008004 1254.000000
0.015339 0.008856 1254.000000
0.014847 0.009707 1254.000000
0.014352 0.010556 1254.000000
0.013857 0.011405 1254.000000
0.013351 0.012248 1254.000000
0.012830 0.013081 1254.000000
0.012313 0.013917 1254.000000
0.011787 0.014748 1254.000000
0.011196 0.015533 1254.000000
0.010499 0.016226 1254.000000
0.009694 0.016790 1254.000000
0.008803 0.017205 1254.000000
0.007854 0.017462 1254.000000
0.006878 0.017582 1254.000000
0.005896 0.017622 1254.000000
0.004914 0.017652 1254.000000
0.003932 0.017686 1254.000000
0.002949 0.017704 1254.000000
0.001966 0.017708 1254.000000
0.000983 0.017711 1254.000000
0.000000 0.017712 1254.000000
-0.000983 0.017711 1254.000000
-0.001966 0.017708 1254.000000
-0.002949 0.017704 1254.000000
-0.003932 0.017686 1254.000000
-0.004914 0.017652 1254.000000
-0.005896 0.017622 1254.000000
-0.006878 0.017582 1254.000000
-0.007854 0.017462 1254.000000
-0.008803 0.017205 1254.000000
-0.009694 0.016790 1254.000000
-0.010499 0.016226 1254.000000
-0.011196 0.015533 1254.000000
-0.011787 0.014748 1254.000000
-0.012313 0.013917 1254.000000
-0.012830 0.013081 1254.000000
-0.013351 0.012248 1254.000000
-0.013857 0.011405 1254.000000
-0.014352 0.010556 1254.000000
-0.014847 0.009707 1254.000000
-0.015339 0.008856 1254.000000
-0.015830 0.008004 1254.000000
-0.016318 0.007151 1254.000000
-0.016806 0.006298 1254.000000
-0.017282 0.005438 1254.000000
-0.017744 0.004570 1254.000000
-0.018209 0.003705 1254.000000
-0.018665 0.002834 1254.000000
-0.019050 0.001929 1254.000000
-0.019301 0.000979 1254.000000
-0.019388 0.000000 1254.000000
-0.019301 -0.000979 1254.000000
-0.019050 -0.001929 1254.000000
-0.018665 -0.002834 1254.000000
-0.018209 -0.003705 1254.000000
-0.017744 -0.004570 1254.000000
-0.017282 -0.005438 1254.000000
-0.016806 -0.006298 1254.000000
-0.016318 -0.007151 1254.000000
-0.015830 -0.008004 1254.000000
-0.015339 -0.008856 1254.000000
-0.014847 -0.009707 1254.000000
-0.014352 -0.010556 1254.000000
-0.013857 -0.011405 1254.000000
-0.013351 -0.012248 1254.000000
-0.012830 -0.013081 1254.000000
-0.012313 -0.013917 1254.000000
-0.011787 -0.014748 1254.000000
-0.011196 -0.015533 1254.000000
-0.010499 -0.016226 1254.000000
-0.009694 -0.016790 1254.000000
-0.008803 -0.017205 1254.000000
-0.007854 -0.017462 1254.000000
-0.006878 -0.017582 1254.000000
-0.005896 -0.017622 1254.000000
-0.004914 -0.017652 1254.000000
-0.003932 -0.017686 1254.000000
-0.002949 -0.017704 1254.000000
-0.001966 -0.017708 1254.000000
-0.000983 -0.017711 1254.000000
0.000000 -0.017712 1254.000000
0.000983 -0.017711 1254.000000
0.001966 -0.017708 1254.000000
0.002949 -0.017704 1254.000000
0.003932 -0.017686 1254.000000
0.004914 -0.017652 1254.000000
0.005896 -0.017622 1254.000000
0.006878 -0.017582 1254.000000
0.007854 -0.017462 1254.000000
0.008803 -0.017205 1254.000000
0.009694 -0.016790 1254.000000
0.010499 -0.016226 1254.000000
0.011196 -0.015533 1254.000000
0.011787 -0.014748 1254.000000
0.012313 -0.013917 1254.000000
0.012830 -0.013081 1254.000000
0.013351 -0.012248 1254.000000
0.013857 -0.011405 1254.000000
0.014352 -0.010556 1254.000000
0.014847 -0.009707 1254.000000
0.015339 -0.008856 1254.000000
0.015830 -0.008004 1254.000000
0.016318 -0.007151 1254.000000
0.016806 -0.006298 1254.000000
0.017282 -0.005438 1254.000000
0.017744 -0.004570 1254.000000
0.018209 -0.003705 1254.000000
0.018665 -0.002834 1254.000000
0.019050 -0.001929 1254.000000
0.019301 -0.000979 1254.000000
0.019388 0.000000 1254.000000

