0.005598 0.000000 1.168403
0.005591 0.000141 1.168403
0.005563 0.000279 1.168403
0.005508 0.000409 1.168403
0.005441 0.000534 1.168403
0.005378 0.000660 1.168403
0.005315 0.000786 1.168403
0.005249 0.000911 1.168403
0.005180 0.001034 1.168403
0.005110 0.001157 1.168403
0.005039 0.001279 1.168403
0.004969 0.001401 1.168403
0.004898 0.001524 1.168403
0.004827 0.001646 1.168403
0.004757 0.001768 1.168403
0.004686 0.001890 1.168403
0.004615 0.002013 1.168403
0.004545 0.002135 1.168403
0.004474 0.002257 1.168403
0.004403 0.002379 1.168403
0.004333 0.002501 1.168403
0.004262 0.002624 1.168403
0.004192 0.002746 1.168403
0.004121 0.002868 1.168403
0.004051 0.002991 1.168403
0.003980 0.003113 1.168403
0.003910 0.003235 1.168403
0.003839 0.003358 1.168403
0.003769 0.003480 1.168403
0.003698 0.003602 1.168403
0.003628 0.003725 1.168403
0.003557 0.003847 1.168403
0.003486 0.003969 1.168403
0.003413 0.004090 1.168403
0.003339 0.004210 1.168403
0.003261 0.004327 1.168403
0.003183 0.004445 1.168403
0.003108 0.004565 1.168403
0.003023 0.004678 1.168403
0.002918 0.004771 1.168403
0.002799 0.004848 1.168403
0.002673 0.004912 1.168403
0.002540 0.004957 1.168403
0.002399 0.004974 1.168403
0.002258 0.004979 1.168403
0.002117 0.004988 1.168403
0.001976 0.004996 1.168403
0.001835 0.005001 1.168403
0.001694 0.005003 1.168403
0.001553 0.005004 1.168403
0.001412 0.005004 1.168403
0.001271 0.005004 1.168403
0.001129 0.005004 1.168403
0.000988 0.005004 1.168403
0.000847 0.005003 1.168403
0.000706 0.005003 1.168403
0.000565 0.005003 1.168403
0.000424 0.005003 1.168403
0.000282 0.005003 1.168403
0.000141 0.005003 1.168403
-0.000000 0.005003 1.168403
-0.000141 0.005003 1.168403
-0.000282 0.005003 1.168403
-0.000424 0.005003 1.168403
-0.000565 0.005003 1.168403
-0.000706 0.005003 1.168403
-0.000847 0.005003 1.168403
-0.000988 0.005004 1.168403
-0.001129 0.005004 1.168403
-0.001271 0.005004 1.168403
-0.001412 0.005004 1.168403
-0.001553 0.005004 1.168403
-0.001694 0.005003 1.168403
-0.001835 0.005001 1.168403
-0.001976 0.004996 1.168403
-0.002117 0.004988 1.168403
-0.002258 0.004979 1.168403
-0.002399 0.004974 1.168403
-0.002540 0.004957 1.168403
-0.002673 0.004912 1.168403
-0.002799 0.004848 1.168403
-0.002918 0.004771 1.168403
-0.003023 0.004678 1.168403
-0.003108 0.004565 1.168403
-0.003183 0.004445 1.168403
-0.003261 0.004327 1.168403
-0.003339 0.004210 1.168403
-0.003413 0.004090 1.168403
-0.003486 0.003969 1.168403
-0.003557 0.003847 1.168403
-0.003628 0.003725 1.168403
-0.003698 0.003602 1.168403
-0.003769 0.003480 1.168403
-0.003839 0.003358 1.168403
-0.003910 0.003235 1.168403
-0.003980 0.003113 1.168403
-0.004051 0.002991 1.168403
-0.004121 0.002868 1.168403
-0.004192 0.002746 1.168403
-0.004262 0.002624 1.168403
-0.004333 0.002501 1.168403
-0.004403 0.002379 1.168403
-0.004474 0.002257 1.168403
-0.004545 0.002135 1.168403
-0.004615 0.002013 1.168403
-0.004686 0.001890 1.168403
-0.004757 0.001768 1.168403
-0.004827 0.001646 1.168403
-0.004898 0.001524 1.168403
-0.004969 0.001401 1.168403
-0.005039 0.001279 1.168403
-0.005110 0.001157 1.168403
-0.005180 0.001034 1.168403
-0.005249 0.000911 1.168403
-0.005315 0.000786 1.168403
-0.005378 0.000660 1.168403
-0.005441 0.000534 1.168403
-0.005508 0.000409 1.168403
-0.005563 0.000279 1.168403
-0.005591 0.000141 1.168403
-0.005598 -0.000000 1.168403
-0.005591 -0.000141 1.168403
-0.005563 -0.000279 1.168403
-0.005508 -0.000409 1.168403
-0.005441 -0.000534 1.168403
-0.005378 -0.000660 1.168403
-0.005315 -0.000786 1.168403
-0.005249 -0.000911 1.168403
-0.005180 -0.001034 1.168403
-0.005110 -0.001157 1.168403
-0.005039 -0.001279 1.168403
-0.004969 -0.001401 1.168403
-0.004898 -0.001524 1.168403
-0.004827 -0.001646 1.168403
-0.004757 -0.001768 1.168403
-0.004686 -0.001890 1.168403
-0.004615 -0.002013 1.168403
-0.004545 -0.002135 1.168403
-0.004474 -0.002257 1.168403
-0.004403 -0.002379 1.168403
-0.004333 -0.002501 1.168403
-0.004262 -0.002624 1.168403
-0.004192 -0.002746 1.168403
-0.004121 -0.002868 1.168403
-0.004051 -0.002991 1.168403
-0.003980 -0.003113 1.168403
-0.003910 -0.003235 1.168403
-0.003839 -0.003358 1.168403
-0.003769 -0.003480 1.168403
-0.003698 -0.003602 1.168403
-0.003628 -0.003725 1.168403
-0.003557 -0.003847 1.168403
-0.003486 -0.003969 1.168403
-0.003413 -0.004090 1.168403
-0.003339 -0.004210 1.168403
-0.003261 -0.004327 1.168403
-0.003183 -0.004445 1.168403
-0.003108 -0.004565 1.168403
-0.003023 -0.004678 1.168403
-0.002918 -0.004771 1.168403
-0.002799 -0.004848 1.168403
-0.002673 -0.004912 1.168403
-0.002540 -0.004957 1.168403
-0.002399 -0.004974 1.168403
-0.002258 -0.004979 1.168403
-0.002117 -0.004988 1.168403
-0.001976 -0.004996 1.168403
-0.001835 -0.005001 1.168403
-0.001694 -0.005003 1.168403
-0.001553 -0.005004 1.168403
-0.001412 -0.005004 1.168403
-0.001271 -0.005004 1.168403
-0.001129 -0.005004 1.168403
-0.000988 -0.005004 1.168403
-0.000847 -0.005003 1.168403
-0.000706 -0.005003 1.168403
-0.000565 -0.005003 1.168403
-0.000424 -0.005003 1.168403
-0.000282 -0.005003 1.168403
-0.000141 -0.005003 1.168403
-0.000000 -0.005003 1.168403
0.000141 -0.005003 1.168403
0.000282 -0.005003 1.168403
0.000424 -0.005003 1.168403
0.000565 -0.005003 1.168403
0.000706 -0.005003 1.168403
0.000847 -0.005003 1.168403
0.000988 -0.005004 1.168403
0.001129 -0.005004 1.168403
0.001271 -0.005004 1.168403
0.001412 -0.005004 1.168403
0.001553 -0.005004 1.168403
0.001694 -0.005003 1.168403
0.001835 -0.005001 1.168403
0.001976 -0.004996 1.168403
0.002117 -0.004988 1.168403
0.002258 -0.004979 1.168403
0.002399 -0.004974 1.168403
0.002540 -0.004957 1.168403
0.002673 -0.004912 1.168403
0.002799 -0.004848 1.168403
0.002918 -0.004771 1.168403
0.003023 -0.004678 1.168403
0.003108 -0.004565 1.168403
0.003183 -0.004445 1.168403
0.003261 -0.004327 1.168403
0.003339 -0.004210 1.168403
0.003413 -0.004090 1.168403
0.003486 -0.003969 1.168403
0.003557 -0.003847 1.168403
0.003628 -0.003725 1.168403
0.003698 -0.003602 1.168403
0.003769 -0.003480 1.168403
0.003839 -0.003358 1.168403
0.003910 -0.003235 1.168403
0.003980 -0.003113 1.168403
0.004051 -0.002991 1.168403
0.004121 -0.002868 1.168403
0.004192 -0.002746 1.168403
0.004262 -0.002624 1.168403
0.004333 -0.002501 1.168403
0.004403 -0.002379 1.168403
0.004474 -0.002257 1.168403
0.004545 -0.002135 1.168403
0.004615 -0.002013 1.168403
0.004686 -0.001890 1.168403
0.004757 -0.001768 1.168403
0.004827 -0.001646 1.168403
0.004898 -0.001524 1.168403
0.004969 -0.001401 1.168403
0.005039 -0.001279 1.168403
0.005110 -0.001157 1.168403
0.005180 -0.001034 1.168403
0.005249 -0.000911 1.168403
0.005315 -0.000786 1.168403
0.005378 -0.000660 1.168403
0.005441 -0.000534 1.168403
0.005508 -0.000409 1.168403
0.005563 -0.000279 1.168403
0.005591 -0.000141 1.168403
0.005598 0.000000 1.168403

