0.005002 -0.000000 0.006944
0.005000 0.000131 0.006944
0.004995 0.000262 0.006944
0.004987 0.000392 0.006944
0.004975 0.000523 0.006944
0.004959 0.000653 0.006944
0.004940 0.000782 0.006944
0.004918 0.000911 0.006944
0.004893 0.001040 0.006944
0.004864 0.001167 0.006944
0.004831 0.001294 0.006944
0.004796 0.001420 0.006944
0.004757 0.001545 0.006944
0.004714 0.001669 0.006944
0.004669 0.001792 0.006944
0.004620 0.001914 0.006944
0.004568 0.002034 0.006944
0.004513 0.002153 0.006944
0.004455 0.002270 0.006944
0.004394 0.002386 0.006944
0.004330 0.002500 0.006944
0.004263 0.002613 0.006944
0.004194 0.002723 0.006944
0.004121 0.002832 0.006944
0.004046 0.002939 0.006944
0.003967 0.003044 0.006944
0.003886 0.003147 0.006944
0.003803 0.003248 0.006944
0.003717 0.003347 0.006944
0.003628 0.003443 0.006944
0.003537 0.003537 0.006944
0.003443 0.003628 0.006944
0.003347 0.003717 0.006944
0.003248 0.003804 0.006944
0.003148 0.003887 0.006944
0.003045 0.003968 0.006944
0.002940 0.004047 0.006944
0.002833 0.004122 0.006944
0.002724 0.004195 0.006944
0.002614 0.004265 0.006944
0.002501 0.004332 0.006944
0.002387 0.004396 0.006944
0.002271 0.004457 0.006944
0.002154 0.004515 0.006944
0.002035 0.004570 0.006944
0.001914 0.004621 0.006944
0.001793 0.004670 0.006944
0.001670 0.004715 0.006944
0.001546 0.004757 0.006944
0.001421 0.004796 0.006944
0.001295 0.004831 0.006944
0.001168 0.004863 0.006944
0.001040 0.004892 0.006944
0.000912 0.004917 0.006944
0.000782 0.004939 0.006944
0.000653 0.004958 0.006944
0.000523 0.004973 0.006944
0.000392 0.004985 0.006944
0.000262 0.004993 0.006944
0.000131 0.004998 0.006944
0.000000 0.005000 0.006944
-0.000131 0.004998 0.006944
-0.000262 0.004993 0.006944
-0.000392 0.004985 0.006944
-0.000523 0.004973 0.006944
-0.000653 0.004958 0.006944
-0.000782 0.004939 0.006944
-0.000912 0.004917 0.006944
-0.001040 0.004892 0.006944
-0.001168 0.004863 0.006944
-0.001295 0.004831 0.006944
-0.001421 0.004796 0.006944
-0.001546 0.004757 0.006944
-0.001670 0.004715 0.006944
-0.001793 0.004670 0.006944
-0.001914 0.004621 0.006944
-0.002035 0.004570 0.006944
-0.002154 0.004515 0.006944
-0.002271 0.004457 0.006944
-0.002387 0.004396 0.006944
-0.002501 0.004332 0.006944
-0.002614 0.004265 0.006944
-0.002724 0.004195 0.006944
-0.002833 0.004122 0.006944
-0.002940 0.004047 0.006944
-0.003045 0.003968 0.006944
-0.003148 0.003887 0.006944
-0.003248 0.003804 0.006944
-0.003347 0.003717 0.006944
-0.003443 0.003628 0.006944
-0.003537 0.003537 0.006944
-0.003628 0.003443 0.006944
-0.003717 0.003347 0.006944
-0.003803 0.003248 0.006944
-0.003886 0.003147 0.006944
-0.003967 0.003044 0.006944
-0.004046 0.002939 0.006944
-0.004121 0.002832 0.006944
-0.004194 0.002723 0.006944
-0.004263 0.002613 0.006944
-0.004330 0.002500 0.006944
-0.004394 0.002386 0.006944
-0.004455 0.002270 0.006944
-0.004513 0.002153 0.006944
-0.004568 0.002034 0.006944
-0.004620 0.001914 0.006944
-0.004669 0.001792 0.006944
-0.004714 0.001669 0.006944
-0.004757 0.001545 0.006944
-0.004796 0.001420 0.006944
-0.004831 0.001294 0.006944
-0.004864 0.001167 0.006944
-0.004893 0.001040 0.006944
-0.004918 0.000911 0.006944
-0.004940 0.000782 0.006944
-0.004959 0.000653 0.006944
-0.004975 0.000523 0.006944
-0.004987 0.000392 0.006944
-0.004995 0.000262 0.006944
-0.005000 0.000131 0.006944
-0.005002 0.000000 0.006944
-0.005000 -0.000131 0.006944
-0.004995 -0.000262 0.006944
-0.004987 -0.000392 0.006944
-0.004975 -0.000523 0.006944
-0.004959 -0.000653 0.006944
-0.004940 -0.000782 0.006944
-0.004918 -0.000911 0.006944
-0.004893 -0.001040 0.006944
-0.004864 -0.001167 0.006944
-0.004831 -0.001294 0.006944
-0.004796 -0.001420 0.006944
-0.004757 -0.001545 0.006944
-0.004714 -0.001669 0.006944
-0.004669 -0.001792 0.006944
-0.004620 -0.001914 0.006944
-0.004568 -0.002034 0.006944
-0.004513 -0.002153 0.006944
-0.004455 -0.002270 0.006944
-0.004394 -0.002386 0.006944
-0.004330 -0.002500 0.006944
-0.004263 -0.002613 0.006944
-0.004194 -0.002723 0.006944
-0.004121 -0.002832 0.006944
-0.004046 -0.002939 0.006944
-0.003967 -0.003044 0.006944
-0.003886 -0.003147 0.006944
-0.003803 -0.003248 0.006944
-0.003717 -0.003347 0.006944
-0.003628 -0.003443 0.006944
-0.003537 -0.003537 0.006944
-0.003443 -0.003628 0.006944
-0.003347 -0.003717 0.006944
-0.003248 -0.003804 0.006944
-0.003148 -0.003887 0.006944
-0.003045 -0.003968 0.006944
-0.002940 -0.004047 0.006944
-0.002833 -0.004122 0.006944
-0.002724 -0.004195 0.006944
-0.002614 -0.004265 0.006944
-0.002501 -0.004332 0.006944
-0.002387 -0.004396 0.006944
-0.002271 -0.004457 0.006944
-0.002154 -0.004515 0.006944
-0.002035 -0.004570 0.006944
-0.001914 -0.004621 0.006944
-0.001793 -0.004670 0.006944
-0.001670 -0.004715 0.006944
-0.001546 -0.004757 0.006944
-0.001421 -0.004796 0.006944
-0.001295 -0.004831 0.006944
-0.001168 -0.004863 0.006944
-0.001040 -0.004892 0.006944
-0.000912 -0.004917 0.006944
-0.000782 -0.004939 0.006944
-0.000653 -0.004958 0.006944
-0.000523 -0.004973 0.006944
-0.000392 -0.004985 0.006944
-0.000262 -0.004993 0.006944
-0.000131 -0.004998 0.006944
-0.000000 -0.005000 0.006944
0.000131 -0.004998 0.006944
0.000262 -0.004993 0.006944
0.000392 -0.004985 0.006944
0.000523 -0.004973 0.006944
0.000653 -0.004958 0.006944
0.000782 -0.004939 0.006944
0.000912 -0.004917 0.006944
0.001040 -0.004892 0.006944
0.001168 -0.004863 0.006944
0.001295 -0.004831 0.006944
0.001421 -0.004796 0.006944
0.001546 -0.004757 0.006944
0.001670 -0.004715 0.006944
0.001793 -0.004670 0.006944
0.001914 -0.004621 0.006944
0.002035 -0.004570 0.006944
0.002154 -0.004515 0.006944
0.002271 -0.004457 0.006944
0.002387 -0.004396 0.006944
0.002501 -0.004332 0.006944
0.002614 -0.004265 0.006944
0.002724 -0.004195 0.006944
0.002833 -0.004122 0.006944
0.002940 -0.004047 0.006944
0.003045 -0.003968 0.006944
0.003148 -0.003887 0.006944
0.003248 -0.003804 0.006944
0.003347 -0.003717 0.006944
0.003443 -0.003628 0.006944
0.003537 -0.003537 0.006944
0.003628 -0.003443 0.006944
0.003717 -0.003347 0.006944
0.003803 -0.003248 0.006944
0.003886 -0.003147 0.006944
0.003967 -0.003044 0.006944
0.004046 -0.002939 0.006944
0.004121 -0.002832 0.006944
0.004194 -0.002723 0.006944
0.004263 -0.002613 0.006944
0.004330 -0.002500 0.006944
0.004394 -0.002386 0.006944
0.004455 -0.002270 0.006944
0.004513 -0.002153 0.006944
0.004568 -0.002034 0.006944
0.004620 -0.001914 0.006944
0.004669 -0.001792 0.006944
0.004714 -0.001669 0.006944
0.004757 -0.001545 0.006944
0.004796 -0.001420 0.006944
0.004831 -0.001294 0.006944
0.004864 -0.001167 0.006944
0.004893 -0.001040 0.006944
0.004918 -0.000911 0.006944
0.004940 -0.000782 0.006944
0.004959 -0.000653 0.006944
0.004975 -0.000523 0.006944
0.004987 -0.000392 0.006944
0.004995 -0.000262 0.006944
0.005000 -0.000131 0.006944
0.005002 -0.000000 0.006944

