0.013120 -0.000000 329.000000
0.013076 0.000667 329.000000
0.012946 0.001322 329.000000
0.012736 0.001956 329.000000
0.012458 0.002564 329.000000
0.012137 0.003150 329.000000
0.011805 0.003730 329.000000
0.011476 0.004311 329.000000
0.011147 0.004893 329.000000
0.010814 0.005472 329.000000
0.010479 0.006050 329.000000
0.010146 0.006629 329.000000
0.009810 0.007207 329.000000
0.009472 0.007783 329.000000
0.009133 0.008359 329.000000
0.008796 0.008936 329.000000
0.008449 0.009507 329.000000
0.008062 0.010051 329.000000
0.007618 0.010551 329.000000
0.007115 0.010991 329.000000
0.006560 0.011362 329.000000
0.005961 0.011657 329.000000
0.005328 0.011873 329.000000
0.004674 0.012008 329.000000
0.004009 0.012070 329.000000
0.003341 0.012086 329.000000
0.002672 0.012088 329.000000
0.002004 0.012094 329.000000
0.001336 0.012100 329.000000
0.000668 0.012101 329.000000
0.000000 0.012100 329.000000
-0.000668 0.012101 329.000000
-0.001336 0.012100 329.000000
-0.002004 0.012094 329.000000
-0.002672 0.012088 329.000000
-0.003341 0.012086 329.000000
-0.004009 0.012070 329.000000
-0.004674 0.012008 329.000000
-0.005328 0.011873 329.000000
-0.005961 0.011657 329.000000
-0.006560 0.011362 329.000000
-0.007115 0.010991 329.000000
-0.007618 0.010551 329.000000
-0.008062 0.010051 329.000000
-0.008449 0.009507 329.000000
-0.008796 0.008936 329.000000
-0.009133 0.008359 329.000000
-0.009472 0.007783 329.000000
-0.009810 0.007207 329.000000
-0.010146 0.006629 329.000000
-0.010479 0.006050 329.000000
-0.010814 0.005472 329.000000
-0.011147 0.004893 329.000000
-0.011476 0.004311 329.000000
-0.011805 0.003730 329.000000
-0.012137 0.003150 329.000000
-0.012458 0.002564 329.000000
-0.012736 0.001956 329.000000
-0.012946 0.001322 329.000000
-0.013076 0.000667 329.000000
-0.013120 0.000000 329.000000
-0.013076 -0.000667 329.000000
-0.012946 -0.001322 329.000000
-0.012736 -0.001956 329.000000
-0.012458 -0.002564 329.000000
-0.012137 -0.003150 329.000000
-0.011805 -0.003730 329.000000
-0.011476 -0.004311 329.000000
-0.011147 -0.004893 329.000000
-0.010814 -0.005472 329.000000
-0.010479 -0.006050 329.000000
-0.010146 -0.006629 329.000000
-0.009810 -0.007207 329.000000
-0.009472 -0.007783 329.000000
-0.009133 -0.008359 329.000000
-0.008796 -0.008936 329.000000
-0.008449 -0.009507 329.000000
-0.008062 -0.010051 329.000000
-0.007618 -0.010551 329.000000
-0.007115 -0.010991 329.000000
-0.006560 -0.011362 329.000000
-0.005961 -0.011657 329.000000
-0.005328 -0.011873 329.000000
-0.004674 -0.012008 329.000000
-0.004009 -0.012070 329.000000
-0.003341 -0.012086 329.000000
-0.002672 -0.012088 329.000000
-0.002004 -0.012094 329.000000
-0.001336 -0.012100 329.000000
-0.000668 -0.012101 329.000000
0.000000 -0.012100 329.000000
0.000668 -0.012101 329.000000
0.001336 -0.012100 329.000000
0.002004 -0.012094 329.000000
0.002672 -0.012088 329.000000
0.003341 -0.012086 329.000000
0.004009 -0.012070 329.000000
0.004674 -0.012008 329.000000
0.005328 -0.011873 329.000000
0.005961 -0.011657 329.000000
0.006560 -0.011362 329.000000
0.007115 -0.010991 329.000000
0.007618 -0.010551 329.000000
0.008062 -0.010051 329.000000
0.008449 -0.009507 329.000000
0.008796 -0.008936 329.000000
0.009133 -0.008359 329.000000
0.009472 -0.007783 329.000000
0.009810 -0.007207 329.000000
0.010146 -0.006629 329.000000
0.010479 -0.006050 329.000000
0.010814 -0.005472 329.000000
0.011147 -0.004893 329.000000
0.011476 -0.004311 329.000000
0.011805 -0.003730 329.000000
0.012137 -0.003150 329.000000
0.012458 -0.002564 329.000000
0.012736 -0.001956 329.000000
0.012946 -0.001322 329.000000
0.013076 -0.000667 329.000000
0.013120 -0.000000 329.000000

