0.017962 0.000000 932.000000
0.017886 0.000908 932.000000
0.017663 0.001792 932.000000
0.017318 0.002635 932.000000
0.016897 0.003443 932.000000
0.016458 0.004242 932.000000
0.016026 0.005044 932.000000
0.015586 0.005842 932.000000
0.015134 0.006633 932.000000
0.014680 0.007423 932.000000
0.014225 0.008213 932.000000
0.013768 0.009001 932.000000
0.013311 0.009790 932.000000
0.012852 0.010577 932.000000
0.012381 0.011357 932.000000
0.011903 0.012132 932.000000
0.011430 0.012912 932.000000
0.010940 0.013680 932.000000
0.010383 0.014401 932.000000
0.009729 0.015036 932.000000
0.008981 0.015556 932.000000
0.008157 0.015944 932.000000
0.007280 0.016193 932.000000
0.006377 0.016315 932.000000
0.005467 0.016355 932.000000
0.004556 0.016374 932.000000
0.003645 0.016401 932.000000
0.002734 0.016419 932.000000
0.001822 0.016423 932.000000
0.000911 0.016424 932.000000
0.000000 0.016425 932.000000
-0.000911 0.016424 932.000000
-0.001822 0.016423 932.000000
-0.002734 0.016419 932.000000
-0.003645 0.016401 932.000000
-0.004556 0.016374 932.000000
-0.005467 0.016355 932.000000
-0.006377 0.016315 932.000000
-0.007280 0.016193 932.000000
-0.008157 0.015944 932.000000
-0.008981 0.015556 932.000000
-0.009729 0.015036 932.000000
-0.010383 0.014401 932.000000
-0.010940 0.013680 932.000000
-0.011430 0.012912 932.000000
-0.011903 0.012132 932.000000
-0.012381 0.011357 932.000000
-0.012852 0.010577 932.000000
-0.013311 0.009790 932.000000
-0.013768 0.009001 932.000000
-0.014225 0.008213 932.000000
-0.014680 0.007423 932.000000
-0.015134 0.006633 932.000000
-0.015586 0.005842 932.000000
-0.016026 0.005044 932.000000
-0.016458 0.004242 932.000000
-0.016897 0.003443 932.000000
-0.017318 0.002635 932.000000
-0.017663 0.001792 932.000000
-0.017886 0.000908 932.000000
-0.017962 0.000000 932.000000
-0.017886 -0.000908 932.000000
-0.017663 -0.001792 932.000000
-0.017318 -0.002635 932.000000
-0.016897 -0.003443 932.000000
-0.016458 -0.004242 932.000000
-0.016026 -0.005044 932.000000
-0.015586 -0.005842 932.000000
-0.015134 -0.006633 932.000000
-0.014680 -0.007423 932.000000
-0.014225 -0.008213 932.000000
-0.013768 -0.009001 932.000000
-0.013311 -0.009790 932.000000
-0.012852 -0.010577 932.000000
-0.012381 -0.011357 932.000000
-0.011903 -0.012132 932.000000
-0.011430 -0.012912 932.000000
-0.010940 -0.013680 932.000000
-0.010383 -0.014401 932.000000
-0.009729 -0.015036 932.000000
-0.008981 -0.015556 932.000000
-0.008157 -0.015944 932.000000
-0.007280 -0.016193 932.000000
-0.006377 -0.016315 932.000000
-0.005467 -0.016355 932.000000
-0.004556 -0.016374 932.000000
-0.003645 -0.016401 932.000000
-0.002734 -0.016419 932.000000
-0.001822 -0.016423 932.000000
-0.000911 -0.016424 932.000000
0.000000 -0.016425 932.000000
0.000911 -0.016424 932.000000
0.001822 -0.016423 932.000000
0.002734 -0.016419 932.000000
0.003645 -0.016401 932.000000
0.004556 -0.016374 932.000000
0.005467 -0.016355 932.000000
0.006377 -0.016315 932.000000
0.007280 -0.016193 932.000000
0.008157 -0.015944 932.000000
0.008981 -0.015556 932.000000
0.009729 -0.015036 932.000000
0.010383 -0.014401 932.000000
0.010940 -0.013680 932.000000
0.011430 -0.012912 932.000000
0.011903 -0.012132 932.000000
0.012381 -0.011357 932.000000
0.012852 -0.010577 932.000000
0.013311 -0.009790 932.000000
0.013768 -0.009001 932.000000
0.014225 -0.008213 932.000000
0.014680 -0.007423 932.000000
0.015134 -0.006633 932.000000
0.015586 -0.005842 932.000000
0.016026 -0.005044 932.000000
0.016458 -0.004242 932.000000
0.016897 -0.003443 932.000000
0.017318 -0.002635 932.000000
0.017663 -0.001792 932.000000
0.017886 -0.000908 932.000000
0.017962 0.000000 932.000000

