0.018141 0.000000 967.000000
0.018064 0.000917 967.000000
0.017837 0.001809 967.000000
0.017486 0.002660 967.000000
0.017061 0.003476 967.000000
0.016619 0.004283 967.000000
0.016183 0.005093 967.000000
0.015738 0.005899 967.000000
0.015282 0.006698 967.000000
0.014824 0.007496 967.000000
0.014364 0.008293 967.000000
0.013903 0.009090 967.000000
0.013441 0.009886 967.000000
0.012978 0.010681 967.000000
0.012503 0.011468 967.000000
0.012019 0.012251 967.000000
0.011541 0.013038 967.000000
0.011047 0.013814 967.000000
0.010485 0.014543 967.000000
0.009826 0.015185 967.000000
0.009071 0.015711 967.000000
0.008238 0.016102 967.000000
0.007352 0.016352 967.000000
0.006440 0.016474 967.000000
0.005521 0.016513 967.000000
0.004601 0.016534 967.000000
0.003681 0.016562 967.000000
0.002761 0.016579 967.000000
0.001840 0.016583 967.000000
0.000920 0.016585 967.000000
0.000000 0.016586 967.000000
-0.000920 0.016585 967.000000
-0.001840 0.016583 967.000000
-0.002761 0.016579 967.000000
-0.003681 0.016562 967.000000
-0.004601 0.016534 967.000000
-0.005521 0.016513 967.000000
-0.006440 0.016474 967.000000
-0.007352 0.016352 967.000000
-0.008238 0.016102 967.000000
-0.009071 0.015711 967.000000
-0.009826 0.015185 967.000000
-0.010485 0.014543 967.000000
-0.011047 0.013814 967.000000
-0.011541 0.013038 967.000000
-0.012019 0.012251 967.000000
-0.012503 0.011468 967.000000
-0.012978 0.010681 967.000000
-0.013441 0.009886 967.000000
-0.013903 0.009090 967.000000
-0.014364 0.008293 967.000000
-0.014824 0.007496 967.000000
-0.015282 0.006698 967.000000
-0.015738 0.005899 967.000000
-0.016183 0.005093 967.000000
-0.016619 0.004283 967.000000
-0.017061 0.003476 967.000000
-0.017486 0.002660 967.000000
-0.017837 0.001809 967.000000
-0.018064 0.000917 967.000000
-0.018141 0.000000 967.000000
-0.018064 -0.000917 967.000000
-0.017837 -0.001809 967.000000
-0.017486 -0.002660 967.000000
-0.017061 -0.003476 967.000000
-0.016619 -0.004283 967.000000
-0.016183 -0.005093 967.000000
-0.015738 -0.005899 967.000000
-0.015282 -0.006698 967.000000
-0.014824 -0.007496 967.000000
-0.014364 -0.008293 967.000000
-0.013903 -0.009090 967.000000
-0.013441 -0.009886 967.000000
-0.012978 -0.010681 967.000000
-0.012503 -0.011468 967.000000
-0.012019 -0.012251 967.000000
-0.011541 -0.013038 967.000000
-0.011047 -0.013814 967.000000
-0.010485 -0.014543 967.000000
-0.009826 -0.015185 967.000000
-0.009071 -0.015711 967.000000
-0.008238 -0.016102 967.000000
-0.007352 -0.016352 967.000000
-0.006440 -0.016474 967.000000
-0.005521 -0.016513 967.000000
-0.004601 -0.016534 967.000000
-0.003681 -0.016562 967.000000
-0.002761 -0.016579 967.000000
-0.001840 -0.016583 967.000000
-0.000920 -0.016585 967.000000
0.000000 -0.016586 967.000000
0.000920 -0.016585 967.000000
0.001840 -0.016583 967.000000
0.002761 -0.016579 967.000000
0.003681 -0.016562 967.000000
0.004601 -0.016534 967.000000
0.005521 -0.016513 967.000000
0.006440 -0.016474 967.000000
0.007352 -0.016352 967.000000
0.008238 -0.016102 967.000000
0.009071 -0.015711 967.000000
0.009826 -0.015185 967.000000
0.010485 -0.014543 967.000000
0.011047 -0.013814 967.000000
0.011541 -0.013038 967.000000
0.012019 -0.012251 967.000000
0.012503 -0.011468 967.000000
0.012978 -0.010681 967.000000
0.013441 -0.009886 967.000000
0.013903 -0.009090 967.000000
0.014364 -0.008293 967.000000
0.014824 -0.007496 967.000000
0.015282 -0.006698 967.000000
0.015738 -0.005899 967.000000
0.016183 -0.005093 967.000000
0.016619 -0.004283 967.000000
0.017061 -0.003476 967.000000
0.017486 -0.002660 967.000000
0.017837 -0.001809 967.000000
0.018064 -0.000917 967.000000
0.018141 0.000000 967.000000

