0.019543 0.000000 1296.000000
0.019455 0.000987 1296.000000
0.019201 0.001944 1296.000000
0.018812 0.002856 1296.000000
0.018353 0.003733 1296.000000
0.017884 0.004606 1296.000000
0.017420 0.005481 1296.000000
0.016939 0.006348 1296.000000
0.016448 0.007208 1296.000000
0.015955 0.008068 1296.000000
0.015461 0.008926 1296.000000
0.014965 0.009784 1296.000000
0.014466 0.010640 1296.000000
0.013967 0.011496 1296.000000
0.013457 0.012345 1296.000000
0.012931 0.013185 1296.000000
0.012409 0.014027 1296.000000
0.011879 0.014864 1296.000000
0.011284 0.015656 1296.000000
0.010582 0.016356 1296.000000
0.009772 0.016925 1296.000000
0.008873 0.017342 1296.000000
0.007917 0.017601 1296.000000
0.006933 0.017720 1296.000000
0.005943 0.017760 1296.000000
0.004953 0.017791 1296.000000
0.003963 0.017826 1296.000000
0.002972 0.017844 1296.000000
0.001981 0.017848 1296.000000
0.000991 0.017852 1296.000000
0.000000 0.017853 1296.000000
-0.000991 0.017852 1296.000000
-0.001981 0.017848 1296.000000
-0.002972 0.017844 1296.000000
-0.003963 0.017826 1296.000000
-0.004953 0.017791 1296.000000
-0.005943 0.017760 1296.000000
-0.006933 0.017720 1296.000000
-0.007917 0.017601 1296.000000
-0.008873 0.017342 1296.000000
-0.009772 0.016925 1296.000000
-0.010582 0.016356 1296.000000
-0.011284 0.015656 1296.000000
-0.011879 0.014864 1296.000000
-0.012409 0.014027 1296.000000
-0.012931 0.013185 1296.000000
-0.013457 0.012345 1296.000000
-0.013967 0.011496 1296.000000
-0.014466 0.010640 1296.000000
-0.014965 0.009784 1296.000000
-0.015461 0.008926 1296.000000
-0.015955 0.008068 1296.000000
-0.016448 0.007208 1296.000000
-0.016939 0.006348 1296.000000
-0.017420 0.005481 1296.000000
-0.017884 0.004606 1296.000000
-0.018353 0.003733 1296.000000
-0.018812 0.002856 1296.000000
-0.019201 0.001944 1296.000000
-0.019455 0.000987 1296.000000
-0.019543 0.000000 1296.000000
-0.019455 -0.000987 1296.000000
-0.019201 -0.001944 1296.000000
-0.018812 -0.002856 1296.000000
-0.018353 -0.003733 1296.000000
-0.017884 -0.004606 1296.000000
-0.017420 -0.005481 1296.000000
-0.016939 -0.006348 1296.000000
-0.016448 -0.007208 1296.000000
-0.015955 -0.008068 1296.000000
-0.015461 -0.008926 1296.000000
-0.014965 -0.009784 1296.000000
-0.014466 -0.010640 1296.000000
-0.013967 -0.011496 1296.000000
-0.013457 -0.012345 1296.000000
-0.012931 -0.013185 1296.000000
-0.012409 -0.014027 1296.000000
-0.011879 -0.014864 1296.000000
-0.011284 -0.015656 1296.000000
-0.010582 -0.016356 1296.000000
-0.009772 -0.016925 1296.000000
-0.008873 -0.017342 1296.000000
-0.007917 -0.017601 1296.000000
-0.006933 -0.017720 1296.000000
-0.005943 -0.017760 1296.000000
-0.004953 -0.017791 1296.000000
-0.003963 -0.017826 1296.000000
-0.002972 -0.017844 1296.000000
-0.001981 -0.017848 1296.000000
-0.000991 -0.017852 1296.000000
0.000000 -0.017853 1296.000000
0.000991 -0.017852 1296.000000
0.001981 -0.017848 1296.000000
0.002972 -0.017844 1296.000000
0.003963 -0.017826 1296.000000
0.004953 -0.017791 1296.000000
0.005943 -0.017760 1296.000000
0.006933 -0.017720 1296.000000
0.007917 -0.017601 1296.000000
0.008873 -0.017342 1296.000000
0.009772 -0.016925 1296.000000
0.010582 -0.016356 1296.000000
0.011284 -0.015656 1296.000000
0.011879 -0.014864 1296.000000
0.012409 -0.014027 1296.000000
0.012931 -0.013185 1296.000000
0.013457 -0.012345 1296.000000
0.013967 -0.011496 1296.000000
0.014466 -0.010640 1296.000000
0.014965 -0.009784 1296.000000
0.015461 -0.008926 1296.000000
0.015955 -0.008068 1296.000000
0.016448 -0.007208 1296.000000
0.016939 -0.006348 1296.000000
0.017420 -0.005481 1296.000000
0.017884 -0.004606 1296.000000
0.018353 -0.003733 1296.000000
0.018812 -0.002856 1296.000000
0.019201 -0.001944 1296.000000
0.019455 -0.000987 1296.000000
0.019543 0.000000 1296.000000

