0.005943 -0.000000 1.449653
0.005894 0.000141 1.449653
0.005804 0.000261 1.449653
0.005711 0.000377 1.449653
0.005608 0.000486 1.449653
0.005504 0.000593 1.449653
0.005408 0.000707 1.449653
0.005321 0.000829 1.449653
0.005240 0.000954 1.449653
0.005161 0.001082 1.449653
0.005084 0.001210 1.449653
0.005008 0.001338 1.449653
0.004933 0.001467 1.449653
0.004857 0.001596 1.449653
0.004782 0.001726 1.449653
0.004708 0.001855 1.449653
0.004633 0.001984 1.449653
0.004558 0.002114 1.449653
0.004483 0.002243 1.449653
0.004408 0.002373 1.449653
0.004333 0.002502 1.449653
0.004259 0.002631 1.449653
0.004184 0.002761 1.449653
0.004110 0.002890 1.449653
0.004035 0.003020 1.449653
0.003960 0.003149 1.449653
0.003886 0.003279 1.449653
0.003811 0.003408 1.449653
0.003737 0.003538 1.449653
0.003663 0.003668 1.449653
0.003590 0.003798 1.449653
0.003517 0.003929 1.449653
0.003446 0.004060 1.449653
0.003378 0.004193 1.449653
0.003316 0.004330 1.449653
0.003266 0.004470 1.449653
0.003225 0.004614 1.449653
0.003182 0.004757 1.449653
0.003128 0.004896 1.449653
0.003070 0.005034 1.449653
0.002972 0.005147 1.449653
0.002825 0.005175 1.449653
0.002676 0.005157 1.449653
0.002529 0.005134 1.449653
0.002383 0.005100 1.449653
0.002238 0.005064 1.449653
0.002091 0.005037 1.449653
0.001943 0.005022 1.449653
0.001793 0.005015 1.449653
0.001644 0.005011 1.449653
0.001494 0.005008 1.449653
0.001345 0.005006 1.449653
0.001196 0.005005 1.449653
0.001046 0.005005 1.449653
0.000897 0.005005 1.449653
0.000747 0.005004 1.449653
0.000598 0.005004 1.449653
0.000448 0.005004 1.449653
0.000299 0.005004 1.449653
0.000149 0.005004 1.449653
0.000000 0.005004 1.449653
-0.000149 0.005004 1.449653
-0.000299 0.005004 1.449653
-0.000448 0.005004 1.449653
-0.000598 0.005004 1.449653
-0.000747 0.005004 1.449653
-0.000897 0.005005 1.449653
-0.001046 0.005005 1.449653
-0.001196 0.005005 1.449653
-0.001345 0.005006 1.449653
-0.001494 0.005008 1.449653
-0.001644 0.005011 1.449653
-0.001793 0.005015 1.449653
-0.001943 0.005022 1.449653
-0.002091 0.005037 1.449653
-0.002238 0.005064 1.449653
-0.002383 0.005100 1.449653
-0.002529 0.005134 1.449653
-0.002676 0.005157 1.449653
-0.002825 0.005175 1.449653
-0.002972 0.005147 1.449653
-0.003070 0.005034 1.449653
-0.003128 0.004896 1.449653
-0.003182 0.004757 1.449653
-0.003225 0.004614 1.449653
-0.003266 0.004470 1.449653
-0.003316 0.004330 1.449653
-0.003378 0.004193 1.449653
-0.003446 0.004060 1.449653
-0.003517 0.003929 1.449653
-0.003590 0.003798 1.449653
-0.003663 0.003668 1.449653
-0.003737 0.003538 1.449653
-0.003811 0.003408 1.449653
-0.003886 0.003279 1.449653
-0.003960 0.003149 1.449653
-0.004035 0.003020 1.449653
-0.004110 0.002890 1.449653
-0.004184 0.002761 1.449653
-0.004259 0.002631 1.449653
-0.004333 0.002502 1.449653
-0.004408 0.002373 1.449653
-0.004483 0.002243 1.449653
-0.004558 0.002114 1.449653
-0.004633 0.001984 1.449653
-0.004708 0.001855 1.449653
-0.004782 0.001726 1.449653
-0.004857 0.001596 1.449653
-0.004933 0.001467 1.449653
-0.005008 0.001338 1.449653
-0.005084 0.001210 1.449653
-0.005161 0.001082 1.449653
-0.005240 0.000954 1.449653
-0.005321 0.000829 1.449653
-0.005408 0.000707 1.449653
-0.005504 0.000593 1.449653
-0.005608 0.000486 1.449653
-0.005711 0.000377 1.449653
-0.005804 0.000261 1.449653
-0.005894 0.000141 1.449653
-0.005943 0.000000 1.449653
-0.005894 -0.000141 1.449653
-0.005804 -0.000261 1.449653
-0.005711 -0.000377 1.449653
-0.005608 -0.000486 1.449653
-0.005504 -0.000593 1.449653
-0.005408 -0.000707 1.449653
-0.005321 -0.000829 1.449653
-0.005240 -0.000954 1.449653
-0.005161 -0.001082 1.449653
-0.005084 -0.001210 1.449653
-0.005008 -0.001338 1.449653
-0.004933 -0.001467 1.449653
-0.004857 -0.001596 1.449653
-0.004782 -0.001726 1.449653
-0.004708 -0.001855 1.449653
-0.004633 -0.001984 1.449653
-0.004558 -0.002114 1.449653
-0.004483 -0.002243 1.449653
-0.004408 -0.002373 1.449653
-0.004333 -0.002502 1.449653
-0.004259 -0.002631 1.449653
-0.004184 -0.002761 1.449653
-0.004110 -0.002890 1.449653
-0.004035 -0.003020 1.449653
-0.003960 -0.003149 1.449653
-0.003886 -0.003279 1.449653
-0.003811 -0.003408 1.449653
-0.003737 -0.003538 1.449653
-0.003663 -0.003668 1.449653
-0.003590 -0.003798 1.449653
-0.003517 -0.003929 1.449653
-0.003446 -0.004060 1.449653
-0.003378 -0.004193 1.449653
-0.003316 -0.004330 1.449653
-0.003266 -0.004470 1.449653
-0.003225 -0.004614 1.449653
-0.003182 -0.004757 1.449653
-0.003128 -0.004896 1.449653
-0.003070 -0.005034 1.449653
-0.002972 -0.005147 1.449653
-0.002825 -0.005175 1.449653
-0.002676 -0.005157 1.449653
-0.002529 -0.005134 1.449653
-0.002383 -0.005100 1.449653
-0.002238 -0.005064 1.449653
-0.002091 -0.005037 1.449653
-0.001943 -0.005022 1.449653
-0.001793 -0.005015 1.449653
-0.001644 -0.005011 1.449653
-0.001494 -0.005008 1.449653
-0.001345 -0.005006 1.449653
-0.001196 -0.005005 1.449653
-0.001046 -0.005005 1.449653
-0.000897 -0.005005 1.449653
-0.000747 -0.005004 1.449653
-0.000598 -0.005004 1.449653
-0.000448 -0.005004 1.449653
-0.000299 -0.005004 1.449653
-0.000149 -0.005004 1.449653
0.000000 -0.005004 1.449653
0.000149 -0.005004 1.449653
0.000299 -0.005004 1.449653
0.000448 -0.005004 1.449653
0.000598 -0.005004 1.449653
0.000747 -0.005004 1.449653
0.000897 -0.005005 1.449653
0.001046 -0.005005 1.449653
0.001196 -0.005005 1.449653
0.001345 -0.005006 1.449653
0.001494 -0.005008 1.449653
0.001644 -0.005011 1.449653
0.001793 -0.005015 1.449653
0.001943 -0.005022 1.449653
0.002091 -0.005037 1.449653
0.002238 -0.005064 1.449653
0.002383 -0.005100 1.449653
0.002529 -0.005134 1.449653
0.002676 -0.005157 1.449653
0.002825 -0.005175 1.449653
0.002972 -0.005147 1.449653
0.003070 -0.005034 1.449653
0.003128 -0.004896 1.449653
0.003182 -0.004757 1.449653
0.003225 -0.004614 1.449653
0.003266 -0.004470 1.449653
0.003316 -0.004330 1.449653
0.003378 -0.004193 1.449653
0.003446 -0.004060 1.449653
0.003517 -0.003929 1.449653
0.003590 -0.003798 1.449653
0.003663 -0.003668 1.449653
0.003737 -0.003538 1.449653
0.003811 -0.003408 1.449653
0.003886 -0.003279 1.449653
0.003960 -0.003149 1.449653
0.004035 -0.003020 1.449653
0.004110 -0.002890 1.449653
0.004184 -0.002761 1.449653
0.004259 -0.002631 1.449653
0.004333 -0.002502 1.449653
0.004408 -0.002373 1.449653
0.004483 -0.002243 1.449653
0.004558 -0.002114 1.449653
0.004633 -0.001984 1.449653
0.004708 -0.001855 1.449653
0.004782 -0.001726 1.449653
0.004857 -0.001596 1.449653
0.004933 -0.001467 1.449653
0.005008 -0.001338 1.449653
0.005084 -0.001210 1.449653
0.005161 -0.001082 1.449653
0.005240 -0.000954 1.449653
0.005321 -0.000829 1.449653
0.005408 -0.000707 1.449653
0.005504 -0.000593 1.449653
0.005608 -0.000486 1.449653
0.005711 -0.000377 1.449653
0.005804 -0.000261 1.449653
0.005894 -0.000141 1.449653
0.005943 -0.000000 1.449653

