0.006028 -0.000000 1.638889
0.005978 0.000143 1.638889
0.005881 0.000260 1.638889
0.005787 0.000379 1.638889
0.005698 0.000502 1.638889
0.005606 0.000623 1.638889
0.005504 0.000736 1.638889
0.005399 0.000846 1.638889
0.005297 0.000958 1.638889
0.005200 0.001075 1.638889
0.005111 0.001198 1.638889
0.005028 0.001325 1.638889
0.004947 0.001454 1.638889
0.004869 0.001584 1.638889
0.004791 0.001714 1.638889
0.004715 0.001845 1.638889
0.004638 0.001976 1.638889
0.004562 0.002108 1.638889
0.004486 0.002239 1.638889
0.004410 0.002371 1.638889
0.004334 0.002502 1.638889
0.004258 0.002634 1.638889
0.004182 0.002765 1.638889
0.004106 0.002897 1.638889
0.004031 0.003028 1.638889
0.003955 0.003160 1.638889
0.003880 0.003292 1.638889
0.003806 0.003425 1.638889
0.003733 0.003558 1.638889
0.003661 0.003692 1.638889
0.003593 0.003827 1.638889
0.003531 0.003966 1.638889
0.003478 0.004108 1.638889
0.003432 0.004253 1.638889
0.003390 0.004399 1.638889
0.003342 0.004543 1.638889
0.003284 0.004683 1.638889
0.003222 0.004822 1.638889
0.003166 0.004963 1.638889
0.003113 0.005105 1.638889
0.003014 0.005221 1.638889
0.002865 0.005248 1.638889
0.002715 0.005223 1.638889
0.002565 0.005201 1.638889
0.002414 0.005185 1.638889
0.002263 0.005166 1.638889
0.002115 0.005135 1.638889
0.001967 0.005099 1.638889
0.001819 0.005066 1.638889
0.001669 0.005041 1.638889
0.001518 0.005025 1.638889
0.001366 0.005016 1.638889
0.001215 0.005011 1.638889
0.001063 0.005008 1.638889
0.000911 0.005007 1.638889
0.000759 0.005006 1.638889
0.000607 0.005005 1.638889
0.000456 0.005005 1.638889
0.000304 0.005004 1.638889
0.000152 0.005004 1.638889
0.000000 0.005004 1.638889
-0.000152 0.005004 1.638889
-0.000304 0.005004 1.638889
-0.000456 0.005005 1.638889
-0.000607 0.005005 1.638889
-0.000759 0.005006 1.638889
-0.000911 0.005007 1.638889
-0.001063 0.005008 1.638889
-0.001215 0.005011 1.638889
-0.001366 0.005016 1.638889
-0.001518 0.005025 1.638889
-0.001669 0.005041 1.638889
-0.001819 0.005066 1.638889
-0.001967 0.005099 1.638889
-0.002115 0.005135 1.638889
-0.002263 0.005166 1.638889
-0.002414 0.005185 1.638889
-0.002565 0.005201 1.638889
-0.002715 0.005223 1.638889
-0.002865 0.005248 1.638889
-0.003014 0.005221 1.638889
-0.003113 0.005105 1.638889
-0.003166 0.004963 1.638889
-0.003222 0.004822 1.638889
-0.003284 0.004683 1.638889
-0.003342 0.004543 1.638889
-0.003390 0.004399 1.638889
-0.003432 0.004253 1.638889
-0.003478 0.004108 1.638889
-0.003531 0.003966 1.638889
-0.003593 0.003827 1.638889
-0.003661 0.003692 1.638889
-0.003733 0.003558 1.638889
-0.003806 0.003425 1.638889
-0.003880 0.003292 1.638889
-0.003955 0.003160 1.638889
-0.004031 0.003028 1.638889
-0.004106 0.002897 1.638889
-0.004182 0.002765 1.638889
-0.004258 0.002634 1.638889
-0.004334 0.002502 1.638889
-0.004410 0.002371 1.638889
-0.004486 0.002239 1.638889
-0.004562 0.002108 1.638889
-0.004638 0.001976 1.638889
-0.004715 0.001845 1.638889
-0.004791 0.001714 1.638889
-0.004869 0.001584 1.638889
-0.004947 0.001454 1.638889
-0.005028 0.001325 1.638889
-0.005111 0.001198 1.638889
-0.005200 0.001075 1.638889
-0.005297 0.000958 1.638889
-0.005399 0.000846 1.638889
-0.005504 0.000736 1.638889
-0.005606 0.000623 1.638889
-0.005698 0.000502 1.638889
-0.005787 0.000379 1.638889
-0.005881 0.000260 1.638889
-0.005978 0.000143 1.638889
-0.006028 0.000000 1.638889
-0.005978 -0.000143 1.638889
-0.005881 -0.000260 1.638889
-0.005787 -0.000379 1.638889
-0.005698 -0.000502 1.638889
-0.005606 -0.000623 1.638889
-0.005504 -0.000736 1.638889
-0.005399 -0.000846 1.638889
-0.005297 -0.000958 1.638889
-0.005200 -0.001075 1.638889
-0.005111 -0.001198 1.638889
-0.005028 -0.001325 1.638889
-0.004947 -0.001454 1.638889
-0.004869 -0.001584 1.638889
-0.004791 -0.001714 1.638889
-0.004715 -0.001845 1.638889
-0.004638 -0.001976 1.638889
-0.004562 -0.002108 1.638889
-0.004486 -0.002239 1.638889
-0.004410 -0.002371 1.638889
-0.004334 -0.002502 1.638889
-0.004258 -0.002634 1.638889
-0.004182 -0.002765 1.638889
-0.004106 -0.002897 1.638889
-0.004031 -0.003028 1.638889
-0.003955 -0.003160 1.638889
-0.003880 -0.003292 1.638889
-0.003806 -0.003425 1.638889
-0.003733 -0.003558 1.638889
-0.003661 -0.003692 1.638889
-0.003593 -0.003827 1.638889
-0.003531 -0.003966 1.638889
-0.003478 -0.004108 1.638889
-0.003432 -0.004253 1.638889
-0.003390 -0.004399 1.638889
-0.003342 -0.004543 1.638889
-0.003284 -0.004683 1.638889
-0.003222 -0.004822 1.638889
-0.003166 -0.004963 1.638889
-0.003113 -0.005105 1.638889
-0.003014 -0.005221 1.638889
-0.002865 -0.005248 1.638889
-0.002715 -0.005223 1.638889
-0.002565 -0.005201 1.638889
-0.002414 -0.005185 1.638889
-0.002263 -0.005166 1.638889
-0.002115 -0.005135 1.638889
-0.001967 -0.005099 1.638889
-0.001819 -0.005066 1.638889
-0.001669 -0.005041 1.638889
-0.001518 -0.005025 1.638889
-0.001366 -0.005016 1.638889
-0.001215 -0.005011 1.638889
-0.001063 -0.005008 1.638889
-0.000911 -0.005007 1.638889
-0.000759 -0.005006 1.638889
-0.000607 -0.005005 1.638889
-0.000456 -0.005005 1.638889
-0.000304 -0.005004 1.638889
-0.000152 -0.005004 1.638889
0.000000 -0.005004 1.638889
0.000152 -0.005004 1.638889
0.000304 -0.005004 1.638889
0.000456 -0.005005 1.638889
0.000607 -0.005005 1.638889
0.000759 -0.005006 1.638889
0.000911 -0.005007 1.638889
0.001063 -0.005008 1.638889
0.001215 -0.005011 1.638889
0.001366 -0.005016 1.638889
0.001518 -0.005025 1.638889
0.001669 -0.005041 1.638889
0.001819 -0.005066 1.638889
0.001967 -0.005099 1.638889
0.002115 -0.005135 1.638889
0.002263 -0.005166 1.638889
0.002414 -0.005185 1.638889
0.002565 -0.005201 1.638889
0.002715 -0.005223 1.638889
0.002865 -0.005248 1.638889
0.003014 -0.005221 1.638889
0.003113 -0.005105 1.638889
0.003166 -0.004963 1.638889
0.003222 -0.004822 1.638889
0.003284 -0.004683 1.638889
0.003342 -0.004543 1.638889
0.003390 -0.004399 1.638889
0.003432 -0.004253 1.638889
0.003478 -0.004108 1.638889
0.003531 -0.003966 1.638889
0.003593 -0.003827 1.638889
0.003661 -0.003692 1.638889
0.003733 -0.003558 1.638889
0.003806 -0.003425 1.638889
0.003880 -0.003292 1.638889
0.003955 -0.003160 1.638889
0.004031 -0.003028 1.638889
0.004106 -0.002897 1.638889
0.004182 -0.002765 1.638889
0.004258 -0.002634 1.638889
0.004334 -0.002502 1.638889
0.004410 -0.002371 1.638889
0.004486 -0.002239 1.638889
0.004562 -0.002108 1.638889
0.004638 -0.001976 1.638889
0.004715 -0.001845 1.638889
0.004791 -0.001714 1.638889
0.004869 -0.001584 1.638889
0.004947 -0.001454 1.638889
0.005028 -0.001325 1.638889
0.005111 -0.001198 1.638889
0.005200 -0.001075 1.638889
0.005297 -0.000958 1.638889
0.005399 -0.000846 1.638889
0.005504 -0.000736 1.638889
0.005606 -0.000623 1.638889
0.005698 -0.000502 1.638889
0.005787 -0.000379 1.638889
0.005881 -0.000260 1.638889
0.005978 -0.000143 1.638889
0.006028 -0.000000 1.638889

