0.016070 0.000000 630.000000
0.016007 0.000814 630.000000
0.015821 0.001609 630.000000
0.015528 0.002370 630.000000
0.015159 0.003098 630.000000
0.014762 0.003811 630.000000
0.014367 0.004525 630.000000
0.013972 0.005240 630.000000
0.013569 0.005949 630.000000
0.013161 0.006656 630.000000
0.012753 0.007363 630.000000
0.012345 0.008070 630.000000
0.011936 0.008776 630.000000
0.011524 0.009480 630.000000
0.011102 0.010179 630.000000
0.010681 0.010878 630.000000
0.010263 0.011579 630.000000
0.009817 0.012263 630.000000
0.009304 0.012897 630.000000
0.008708 0.013455 630.000000
0.008035 0.013917 630.000000
0.007299 0.014269 630.000000
0.006518 0.014506 630.000000
0.005711 0.014633 630.000000
0.004896 0.014678 630.000000
0.004080 0.014689 630.000000
0.003264 0.014705 630.000000
0.002448 0.014720 630.000000
0.001632 0.014725 630.000000
0.000816 0.014726 630.000000
0.000000 0.014726 630.000000
-0.000816 0.014726 630.000000
-0.001632 0.014725 630.000000
-0.002448 0.014720 630.000000
-0.003264 0.014705 630.000000
-0.004080 0.014689 630.000000
-0.004896 0.014678 630.000000
-0.005711 0.014633 630.000000
-0.006518 0.014506 630.000000
-0.007299 0.014269 630.000000
-0.008035 0.013917 630.000000
-0.008708 0.013455 630.000000
-0.009304 0.012897 630.000000
-0.009817 0.012263 630.000000
-0.010263 0.011579 630.000000
-0.010681 0.010878 630.000000
-0.011102 0.010179 630.000000
-0.011524 0.009480 630.000000
-0.011936 0.008776 630.000000
-0.012345 0.008070 630.000000
-0.012753 0.007363 630.000000
-0.013161 0.006656 630.000000
-0.013569 0.005949 630.000000
-0.013972 0.005240 630.000000
-0.014367 0.004525 630.000000
-0.014762 0.003811 630.000000
-0.015159 0.003098 630.000000
-0.015528 0.002370 630.000000
-0.015821 0.001609 630.000000
-0.016007 0.000814 630.000000
-0.016070 0.000000 630.000000
-0.016007 -0.000814 630.000000
-0.015821 -0.001609 630.000000
-0.015528 -0.002370 630.000000
-0.015159 -0.003098 630.000000
-0.014762 -0.003811 630.000000
-0.014367 -0.004525 630.000000
-0.013972 -0.005240 630.000000
-0.013569 -0.005949 630.000000
-0.013161 -0.006656 630.000000
-0.012753 -0.007363 630.000000
-0.012345 -0.008070 630.000000
-0.011936 -0.008776 630.000000
-0.011524 -0.009480 630.000000
-0.011102 -0.010179 630.000000
-0.010681 -0.010878 630.000000
-0.010263 -0.011579 630.000000
-0.009817 -0.012263 630.000000
-0.009304 -0.012897 630.000000
-0.008708 -0.013455 630.000000
-0.008035 -0.013917 630.000000
-0.007299 -0.014269 630.000000
-0.006518 -0.014506 630.000000
-0.005711 -0.014633 630.000000
-0.004896 -0.014678 630.000000
-0.004080 -0.014689 630.000000
-0.003264 -0.014705 630.000000
-0.002448 -0.014720 630.000000
-0.001632 -0.014725 630.000000
-0.000816 -0.014726 630.000000
0.000000 -0.014726 630.000000
0.000816 -0.014726 630.000000
0.001632 -0.014725 630.000000
0.002448 -0.014720 630.000000
0.003264 -0.014705 630.000000
0.004080 -0.014689 630.000000
0.004896 -0.014678 630.000000
0.005711 -0.014633 630.000000
0.006518 -0.014506 630.000000
0.007299 -0.014269 630.000000
0.008035 -0.013917 630.000000
0.008708 -0.013455 630.000000
0.009304 -0.012897 630.000000
0.009817 -0.012263 630.000000
0.010263 -0.011579 630.000000
0.010681 -0.010878 630.000000
0.011102 -0.010179 630.000000
0.011524 -0.009480 630.000000
0.011936 -0.008776 630.000000
0.012345 -0.008070 630.000000
0.012753 -0.007363 630.000000
0.013161 -0.006656 630.000000
0.013569 -0.005949 630.000000
0.013972 -0.005240 630.000000
0.014367 -0.004525 630.000000
0.014762 -0.003811 630.000000
0.015159 -0.003098 630.000000
0.015528 -0.002370 630.000000
0.015821 -0.001609 630.000000
0.016007 -0.000814 630.000000
0.016070 0.000000 630.000000

