0.005126 -0.000000 0.366319
0.005124 0.000133 0.366319
0.005118 0.000266 0.366319
0.005107 0.000399 0.366319
0.005093 0.000531 0.366319
0.005074 0.000663 0.366319
0.005051 0.000794 0.366319
0.005024 0.000924 0.366319
0.004992 0.001053 0.366319
0.004956 0.001181 0.366319
0.004915 0.001308 0.366319
0.004870 0.001433 0.366319
0.004822 0.001557 0.366319
0.004769 0.001679 0.366319
0.004714 0.001800 0.366319
0.004655 0.001920 0.366319
0.004594 0.002038 0.366319
0.004530 0.002155 0.366319
0.004464 0.002270 0.366319
0.004398 0.002385 0.366319
0.004331 0.002501 0.366319
0.004265 0.002616 0.366319
0.004198 0.002731 0.366319
0.004131 0.002846 0.366319
0.004062 0.002960 0.366319
0.003990 0.003072 0.366319
0.003916 0.003182 0.366319
0.003839 0.003291 0.366319
0.003759 0.003397 0.366319
0.003676 0.003501 0.366319
0.003590 0.003603 0.366319
0.003501 0.003702 0.366319
0.003408 0.003797 0.366319
0.003312 0.003889 0.366319
0.003213 0.003978 0.366319
0.003111 0.004063 0.366319
0.003006 0.004145 0.366319
0.002899 0.004224 0.366319
0.002789 0.004299 0.366319
0.002677 0.004371 0.366319
0.002563 0.004439 0.366319
0.002447 0.004504 0.366319
0.002329 0.004565 0.366319
0.002208 0.004623 0.366319
0.002087 0.004676 0.366319
0.001963 0.004726 0.366319
0.001838 0.004772 0.366319
0.001712 0.004813 0.366319
0.001584 0.004850 0.366319
0.001455 0.004883 0.366319
0.001325 0.004911 0.366319
0.001194 0.004935 0.366319
0.001062 0.004954 0.366319
0.000930 0.004970 0.366319
0.000798 0.004982 0.366319
0.000665 0.004991 0.366319
0.000532 0.004998 0.366319
0.000399 0.005001 0.366319
0.000266 0.005001 0.366319
0.000133 0.005001 0.366319
0.000000 0.005001 0.366319
-0.000133 0.005001 0.366319
-0.000266 0.005001 0.366319
-0.000399 0.005001 0.366319
-0.000532 0.004998 0.366319
-0.000665 0.004991 0.366319
-0.000798 0.004982 0.366319
-0.000930 0.004970 0.366319
-0.001062 0.004954 0.366319
-0.001194 0.004935 0.366319
-0.001325 0.004911 0.366319
-0.001455 0.004883 0.366319
-0.001584 0.004850 0.366319
-0.001712 0.004813 0.366319
-0.001838 0.004772 0.366319
-0.001963 0.004726 0.366319
-0.002087 0.004676 0.366319
-0.002208 0.004623 0.366319
-0.002329 0.004565 0.366319
-0.002447 0.004504 0.366319
-0.002563 0.004439 0.366319
-0.002677 0.004371 0.366319
-0.002789 0.004299 0.366319
-0.002899 0.004224 0.366319
-0.003006 0.004145 0.366319
-0.003111 0.004063 0.366319
-0.003213 0.003978 0.366319
-0.003312 0.003889 0.366319
-0.003408 0.003797 0.366319
-0.003501 0.003702 0.366319
-0.003590 0.003603 0.366319
-0.003676 0.003501 0.366319
-0.003759 0.003397 0.366319
-0.003839 0.003291 0.366319
-0.003916 0.003182 0.366319
-0.003990 0.003072 0.366319
-0.004062 0.002960 0.366319
-0.004131 0.002846 0.366319
-0.004198 0.002731 0.366319
-0.004265 0.002616 0.366319
-0.004331 0.002501 0.366319
-0.004398 0.002385 0.366319
-0.004464 0.002270 0.366319
-0.004530 0.002155 0.366319
-0.004594 0.002038 0.366319
-0.004655 0.001920 0.366319
-0.004714 0.001800 0.366319
-0.004769 0.001679 0.366319
-0.004822 0.001557 0.366319
-0.004870 0.001433 0.366319
-0.004915 0.001308 0.366319
-0.004956 0.001181 0.366319
-0.004992 0.001053 0.366319
-0.005024 0.000924 0.366319
-0.005051 0.000794 0.366319
-0.005074 0.000663 0.366319
-0.005093 0.000531 0.366319
-0.005107 0.000399 0.366319
-0.005118 0.000266 0.366319
-0.005124 0.000133 0.366319
-0.005126 0.000000 0.366319
-0.005124 -0.000133 0.366319
-0.005118 -0.000266 0.366319
-0.005107 -0.000399 0.366319
-0.005093 -0.000531 0.366319
-0.005074 -0.000663 0.366319
-0.005051 -0.000794 0.366319
-0.005024 -0.000924 0.366319
-0.004992 -0.001053 0.366319
-0.004956 -0.001181 0.366319
-0.004915 -0.001308 0.366319
-0.004870 -0.001433 0.366319
-0.004822 -0.001557 0.366319
-0.004769 -0.001679 0.366319
-0.004714 -0.001800 0.366319
-0.004655 -0.001920 0.366319
-0.004594 -0.002038 0.366319
-0.004530 -0.002155 0.366319
-0.004464 -0.002270 0.366319
-0.004398 -0.002385 0.366319
-0.004331 -0.002501 0.366319
-0.004265 -0.002616 0.366319
-0.004198 -0.002731 0.366319
-0.004131 -0.002846 0.366319
-0.004062 -0.002960 0.366319
-0.003990 -0.003072 0.366319
-0.003916 -0.003182 0.366319
-0.003839 -0.003291 0.366319
-0.003759 -0.003397 0.366319
-0.003676 -0.003501 0.366319
-0.003590 -0.003603 0.366319
-0.003501 -0.003702 0.366319
-0.003408 -0.003797 0.366319
-0.003312 -0.003889 0.366319
-0.003213 -0.003978 0.366319
-0.003111 -0.004063 0.366319
-0.003006 -0.004145 0.366319
-0.002899 -0.004224 0.366319
-0.002789 -0.004299 0.366319
-0.002677 -0.004371 0.366319
-0.002563 -0.004439 0.366319
-0.002447 -0.004504 0.366319
-0.002329 -0.004565 0.366319
-0.002208 -0.004623 0.366319
-0.002087 -0.004676 0.366319
-0.001963 -0.004726 0.366319
-0.001838 -0.004772 0.366319
-0.001712 -0.004813 0.366319
-0.001584 -0.004850 0.366319
-0.001455 -0.004883 0.366319
-0.001325 -0.004911 0.366319
-0.001194 -0.004935 0.366319
-0.001062 -0.004954 0.366319
-0.000930 -0.004970 0.366319
-0.000798 -0.004982 0.366319
-0.000665 -0.004991 0.366319
-0.000532 -0.004998 0.366319
-0.000399 -0.005001 0.366319
-0.000266 -0.005001 0.366319
-0.000133 -0.005001 0.366319
0.000000 -0.005001 0.366319
0.000133 -0.005001 0.366319
0.000266 -0.005001 0.366319
0.000399 -0.005001 0.366319
0.000532 -0.004998 0.366319
0.000665 -0.004991 0.366319
0.000798 -0.004982 0.366319
0.000930 -0.004970 0.366319
0.001062 -0.004954 0.366319
0.001194 -0.004935 0.366319
0.001325 -0.004911 0.366319
0.001455 -0.004883 0.366319
0.001584 -0.004850 0.366319
0.001712 -0.004813 0.366319
0.001838 -0.004772 0.366319
0.001963 -0.004726 0.366319
0.002087 -0.004676 0.366319
0.002208 -0.004623 0.366319
0.002329 -0.004565 0.366319
0.002447 -0.004504 0.366319
0.002563 -0.004439 0.366319
0.002677 -0.004371 0.366319
0.002789 -0.004299 0.366319
0.002899 -0.004224 0.366319
0.003006 -0.004145 0.366319
0.003111 -0.004063 0.366319
0.003213 -0.003978 0.366319
0.003312 -0.003889 0.366319
0.003408 -0.003797 0.366319
0.003501 -0.003702 0.366319
0.003590 -0.003603 0.366319
0.003676 -0.003501 0.366319
0.003759 -0.003397 0.366319
0.003839 -0.003291 0.366319
0.003916 -0.003182 0.366319
0.003990 -0.003072 0.366319
0.004062 -0.002960 0.366319
0.004131 -0.002846 0.366319
0.004198 -0.002731 0.366319
0.004265 -0.002616 0.366319
0.004331 -0.002501 0.366319
0.004398 -0.002385 0.366319
0.004464 -0.002270 0.366319
0.004530 -0.002155 0.366319
0.004594 -0.002038 0.366319
0.004655 -0.001920 0.366319
0.004714 -0.001800 0.366319
0.004769 -0.001679 0.366319
0.004822 -0.001557 0.366319
0.004870 -0.001433 0.366319
0.004915 -0.001308 0.366319
0.004956 -0.001181 0.366319
0.004992 -0.001053 0.366319
0.005024 -0.000924 0.366319
0.005051 -0.000794 0.366319
0.005074 -0.000663 0.366319
0.005093 -0.000531 0.366319
0.005107 -0.000399 0.366319
0.005118 -0.000266 0.366319
0.005124 -0.000133 0.366319
0.005126 -0.000000 0.366319

