0.005997 -0.000000 1.562500
0.005946 0.000142 1.562500
0.005851 0.000259 1.562500
0.005761 0.000381 1.562500
0.005670 0.000501 1.562500
0.005571 0.000615 1.562500
0.005466 0.000723 1.562500
0.005363 0.000834 1.562500
0.005268 0.000951 1.562500
0.005180 0.001074 1.562500
0.005098 0.001201 1.562500
0.005019 0.001329 1.562500
0.004941 0.001458 1.562500
0.004864 0.001588 1.562500
0.004788 0.001718 1.562500
0.004712 0.001849 1.562500
0.004636 0.001979 1.562500
0.004560 0.002110 1.562500
0.004485 0.002241 1.562500
0.004409 0.002371 1.562500
0.004334 0.002502 1.562500
0.004258 0.002633 1.562500
0.004183 0.002764 1.562500
0.004107 0.002894 1.562500
0.004032 0.003025 1.562500
0.003957 0.003156 1.562500
0.003882 0.003287 1.562500
0.003807 0.003418 1.562500
0.003733 0.003550 1.562500
0.003660 0.003682 1.562500
0.003589 0.003815 1.562500
0.003520 0.003949 1.562500
0.003458 0.004087 1.562500
0.003404 0.004228 1.562500
0.003359 0.004372 1.562500
0.003318 0.004517 1.562500
0.003270 0.004660 1.562500
0.003210 0.004799 1.562500
0.003150 0.004937 1.562500
0.003096 0.005078 1.562500
0.002999 0.005194 1.562500
0.002850 0.005220 1.562500
0.002701 0.005197 1.562500
0.002551 0.005180 1.562500
0.002401 0.005162 1.562500
0.002253 0.005132 1.562500
0.002107 0.005095 1.562500
0.001959 0.005062 1.562500
0.001810 0.005038 1.562500
0.001660 0.005023 1.562500
0.001509 0.005015 1.562500
0.001358 0.005011 1.562500
0.001208 0.005008 1.562500
0.001057 0.005006 1.562500
0.000906 0.005005 1.562500
0.000755 0.005005 1.562500
0.000604 0.005005 1.562500
0.000453 0.005004 1.562500
0.000302 0.005004 1.562500
0.000151 0.005004 1.562500
0.000000 0.005004 1.562500
-0.000151 0.005004 1.562500
-0.000302 0.005004 1.562500
-0.000453 0.005004 1.562500
-0.000604 0.005005 1.562500
-0.000755 0.005005 1.562500
-0.000906 0.005005 1.562500
-0.001057 0.005006 1.562500
-0.001208 0.005008 1.562500
-0.001358 0.005011 1.562500
-0.001509 0.005015 1.562500
-0.001660 0.005023 1.562500
-0.001810 0.005038 1.562500
-0.001959 0.005062 1.562500
-0.002107 0.005095 1.562500
-0.002253 0.005132 1.562500
-0.002401 0.005162 1.562500
-0.002551 0.005180 1.562500
-0.002701 0.005197 1.562500
-0.002850 0.005220 1.562500
-0.002999 0.005194 1.562500
-0.003096 0.005078 1.562500
-0.003150 0.004937 1.562500
-0.003210 0.004799 1.562500
-0.003270 0.004660 1.562500
-0.003318 0.004517 1.562500
-0.003359 0.004372 1.562500
-0.003404 0.004228 1.562500
-0.003458 0.004087 1.562500
-0.003520 0.003949 1.562500
-0.003589 0.003815 1.562500
-0.003660 0.003682 1.562500
-0.003733 0.003550 1.562500
-0.003807 0.003418 1.562500
-0.003882 0.003287 1.562500
-0.003957 0.003156 1.562500
-0.004032 0.003025 1.562500
-0.004107 0.002894 1.562500
-0.004183 0.002764 1.562500
-0.004258 0.002633 1.562500
-0.004334 0.002502 1.562500
-0.004409 0.002371 1.562500
-0.004485 0.002241 1.562500
-0.004560 0.002110 1.562500
-0.004636 0.001979 1.562500
-0.004712 0.001849 1.562500
-0.004788 0.001718 1.562500
-0.004864 0.001588 1.562500
-0.004941 0.001458 1.562500
-0.005019 0.001329 1.562500
-0.005098 0.001201 1.562500
-0.005180 0.001074 1.562500
-0.005268 0.000951 1.562500
-0.005363 0.000834 1.562500
-0.005466 0.000723 1.562500
-0.005571 0.000615 1.562500
-0.005670 0.000501 1.562500
-0.005761 0.000381 1.562500
-0.005851 0.000259 1.562500
-0.005946 0.000142 1.562500
-0.005997 0.000000 1.562500
-0.005946 -0.000142 1.562500
-0.005851 -0.000259 1.562500
-0.005761 -0.000381 1.562500
-0.005670 -0.000501 1.562500
-0.005571 -0.000615 1.562500
-0.005466 -0.000723 1.562500
-0.005363 -0.000834 1.562500
-0.005268 -0.000951 1.562500
-0.005180 -0.001074 1.562500
-0.005098 -0.001201 1.562500
-0.005019 -0.001329 1.562500
-0.004941 -0.001458 1.562500
-0.004864 -0.001588 1.562500
-0.004788 -0.001718 1.562500
-0.004712 -0.001849 1.562500
-0.004636 -0.001979 1.562500
-0.004560 -0.002110 1.562500
-0.004485 -0.002241 1.562500
-0.004409 -0.002371 1.562500
-0.004334 -0.002502 1.562500
-0.004258 -0.002633 1.562500
-0.004183 -0.002764 1.562500
-0.004107 -0.002894 1.562500
-0.004032 -0.003025 1.562500
-0.003957 -0.003156 1.562500
-0.003882 -0.003287 1.562500
-0.003807 -0.003418 1.562500
-0.003733 -0.003550 1.562500
-0.003660 -0.003682 1.562500
-0.003589 -0.003815 1.562500
-0.003520 -0.003949 1.562500
-0.003458 -0.004087 1.562500
-0.003404 -0.004228 1.562500
-0.003359 -0.004372 1.562500
-0.003318 -0.004517 1.562500
-0.003270 -0.004660 1.562500
-0.003210 -0.004799 1.562500
-0.003150 -0.004937 1.562500
-0.003096 -0.005078 1.562500
-0.002999 -0.005194 1.562500
-0.002850 -0.005220 1.562500
-0.002701 -0.005197 1.562500
-0.002551 -0.005180 1.562500
-0.002401 -0.005162 1.562500
-0.002253 -0.005132 1.562500
-0.002107 -0.005095 1.562500
-0.001959 -0.005062 1.562500
-0.001810 -0.005038 1.562500
-0.001660 -0.005023 1.562500
-0.001509 -0.005015 1.562500
-0.001358 -0.005011 1.562500
-0.001208 -0.005008 1.562500
-0.001057 -0.005006 1.562500
-0.000906 -0.005005 1.562500
-0.000755 -0.005005 1.562500
-0.000604 -0.005005 1.562500
-0.000453 -0.005004 1.562500
-0.000302 -0.005004 1.562500
-0.000151 -0.005004 1.562500
0.000000 -0.005004 1.562500
0.000151 -0.005004 1.562500
0.000302 -0.005004 1.562500
0.000453 -0.005004 1.562500
0.000604 -0.005005 1.562500
0.000755 -0.005005 1.562500
0.000906 -0.005005 1.562500
0.001057 -0.005006 1.562500
0.001208 -0.005008 1.562500
0.001358 -0.005011 1.562500
0.001509 -0.005015 1.562500
0.001660 -0.005023 1.562500
0.001810 -0.005038 1.562500
0.001959 -0.005062 1.562500
0.002107 -0.005095 1.562500
0.002253 -0.005132 1.562500
0.002401 -0.005162 1.562500
0.002551 -0.005180 1.562500
0.002701 -0.005197 1.562500
0.002850 -0.005220 1.562500
0.002999 -0.005194 1.562500
0.003096 -0.005078 1.562500
0.003150 -0.004937 1.562500
0.003210 -0.004799 1.562500
0.003270 -0.004660 1.562500
0.003318 -0.004517 1.562500
0.003359 -0.004372 1.562500
0.003404 -0.004228 1.562500
0.003458 -0.004087 1.562500
0.003520 -0.003949 1.562500
0.003589 -0.003815 1.562500
0.003660 -0.003682 1.562500
0.003733 -0.003550 1.562500
0.003807 -0.003418 1.562500
0.003882 -0.003287 1.562500
0.003957 -0.003156 1.562500
0.004032 -0.003025 1.562500
0.004107 -0.002894 1.562500
0.004183 -0.002764 1.562500
0.004258 -0.002633 1.562500
0.004334 -0.002502 1.562500
0.004409 -0.002371 1.562500
0.004485 -0.002241 1.562500
0.004560 -0.002110 1.562500
0.004636 -0.001979 1.562500
0.004712 -0.001849 1.562500
0.004788 -0.001718 1.562500
0.004864 -0.001588 1.562500
0.004941 -0.001458 1.562500
0.005019 -0.001329 1.562500
0.005098 -0.001201 1.562500
0.005180 -0.001074 1.562500
0.005268 -0.000951 1.562500
0.005363 -0.000834 1.562500
0.005466 -0.000723 1.562500
0.005571 -0.000615 1.562500
0.005670 -0.000501 1.562500
0.005761 -0.000381 1.562500
0.005851 -0.000259 1.562500
0.005946 -0.000142 1.562500
0.005997 -0.000000 1.562500

