0.020934 0.000000 1760.000000
0.020836 0.001056 1760.000000
0.020553 0.002079 1760.000000
0.020129 0.003051 1760.000000
0.019638 0.003991 1760.000000
0.019145 0.004930 1760.000000
0.018650 0.005869 1760.000000
0.018135 0.006796 1760.000000
0.017609 0.007717 1760.000000
0.017083 0.008638 1760.000000
0.016554 0.009557 1760.000000
0.016023 0.010476 1760.000000
0.015488 0.011391 1760.000000
0.014952 0.012307 1760.000000
0.014408 0.013217 1760.000000
0.013842 0.014115 1760.000000
0.013275 0.015011 1760.000000
0.012706 0.015907 1760.000000
0.012077 0.016760 1760.000000
0.011333 0.017516 1760.000000
0.010467 0.018129 1760.000000
0.009503 0.018572 1760.000000
0.008476 0.018839 1760.000000
0.007422 0.018957 1760.000000
0.006363 0.019002 1760.000000
0.005303 0.019045 1760.000000
0.004243 0.019086 1760.000000
0.003182 0.019103 1760.000000
0.002121 0.019108 1760.000000
0.001061 0.019114 1760.000000
-0.000000 0.019115 1760.000000
-0.001061 0.019114 1760.000000
-0.002121 0.019108 1760.000000
-0.003182 0.019103 1760.000000
-0.004243 0.019086 1760.000000
-0.005303 0.019045 1760.000000
-0.006363 0.019002 1760.000000
-0.007422 0.018957 1760.000000
-0.008476 0.018839 1760.000000
-0.009503 0.018572 1760.000000
-0.010467 0.018129 1760.000000
-0.011333 0.017516 1760.000000
-0.012077 0.016760 1760.000000
-0.012706 0.015907 1760.000000
-0.013275 0.015011 1760.000000
-0.013842 0.014115 1760.000000
-0.014408 0.013217 1760.000000
-0.014952 0.012307 1760.000000
-0.015488 0.011391 1760.000000
-0.016023 0.010476 1760.000000
-0.016554 0.009557 1760.000000
-0.017083 0.008638 1760.000000
-0.017609 0.007717 1760.000000
-0.018135 0.006796 1760.000000
-0.018650 0.005869 1760.000000
-0.019145 0.004930 1760.000000
-0.019638 0.003991 1760.000000
-0.020129 0.003051 1760.000000
-0.020553 0.002079 1760.000000
-0.020836 0.001056 1760.000000
-0.020934 0.000000 1760.000000
-0.020836 -0.001056 1760.000000
-0.020553 -0.002079 1760.000000
-0.020129 -0.003051 1760.000000
-0.019638 -0.003991 1760.000000
-0.019145 -0.004930 1760.000000
-0.018650 -0.005869 1760.000000
-0.018135 -0.006796 1760.000000
-0.017609 -0.007717 1760.000000
-0.017083 -0.008638 1760.000000
-0.016554 -0.009557 1760.000000
-0.016023 -0.010476 1760.000000
-0.015488 -0.011391 1760.000000
-0.014952 -0.012307 1760.000000
-0.014408 -0.013217 1760.000000
-0.013842 -0.014115 1760.000000
-0.013275 -0.015011 1760.000000
-0.012706 -0.015907 1760.000000
-0.012077 -0.016760 1760.000000
-0.011333 -0.017516 1760.000000
-0.010467 -0.018129 1760.000000
-0.009503 -0.018572 1760.000000
-0.008476 -0.018839 1760.000000
-0.007422 -0.018957 1760.000000
-0.006363 -0.019002 1760.000000
-0.005303 -0.019045 1760.000000
-0.004243 -0.019086 1760.000000
-0.003182 -0.019103 1760.000000
-0.002121 -0.019108 1760.000000
-0.001061 -0.019114 1760.000000
-0.000000 -0.019115 1760.000000
0.001061 -0.019114 1760.000000
0.002121 -0.019108 1760.000000
0.003182 -0.019103 1760.000000
0.004243 -0.019086 1760.000000
0.005303 -0.019045 1760.000000
0.006363 -0.019002 1760.000000
0.007422 -0.018957 1760.000000
0.008476 -0.018839 1760.000000
0.009503 -0.018572 1760.000000
0.010467 -0.018129 1760.000000
0.011333 -0.017516 1760.000000
0.012077 -0.016760 1760.000000
0.012706 -0.015907 1760.000000
0.013275 -0.015011 1760.000000
0.013842 -0.014115 1760.000000
0.014408 -0.013217 1760.000000
0.014952 -0.012307 1760.000000
0.015488 -0.011391 1760.000000
0.016023 -0.010476 1760.000000
0.016554 -0.009557 1760.000000
0.017083 -0.008638 1760.000000
0.017609 -0.007717 1760.000000
0.018135 -0.006796 1760.000000
0.018650 -0.005869 1760.000000
0.019145 -0.004930 1760.000000
0.019638 -0.003991 1760.000000
0.020129 -0.003051 1760.000000
0.020553 -0.002079 1760.000000
0.020836 -0.001056 1760.000000
0.020934 0.000000 1760.000000

