0.016336 0.000000 666.000000
0.016271 0.000827 666.000000
0.016080 0.001634 666.000000
0.015780 0.002407 666.000000
0.015403 0.003147 666.000000
0.014999 0.003871 666.000000
0.014599 0.004598 666.000000
0.014198 0.005324 666.000000
0.013788 0.006045 666.000000
0.013374 0.006764 666.000000
0.012959 0.007482 666.000000
0.012545 0.008200 666.000000
0.012129 0.008918 666.000000
0.011710 0.009634 666.000000
0.011281 0.010345 666.000000
0.010852 0.011054 666.000000
0.010427 0.011766 666.000000
0.009975 0.012462 666.000000
0.009456 0.013109 666.000000
0.008852 0.013677 666.000000
0.008168 0.014147 666.000000
0.007419 0.014504 666.000000
0.006625 0.014743 666.000000
0.005805 0.014869 666.000000
0.004977 0.014913 666.000000
0.004147 0.014925 666.000000
0.003318 0.014942 666.000000
0.002489 0.014958 666.000000
0.001659 0.014963 666.000000
0.000830 0.014964 666.000000
0.000000 0.014964 666.000000
-0.000830 0.014964 666.000000
-0.001659 0.014963 666.000000
-0.002489 0.014958 666.000000
-0.003318 0.014942 666.000000
-0.004147 0.014925 666.000000
-0.004977 0.014913 666.000000
-0.005805 0.014869 666.000000
-0.006625 0.014743 666.000000
-0.007419 0.014504 666.000000
-0.008168 0.014147 666.000000
-0.008852 0.013677 666.000000
-0.009456 0.013109 666.000000
-0.009975 0.012462 666.000000
-0.010427 0.011766 666.000000
-0.010852 0.011054 666.000000
-0.011281 0.010345 666.000000
-0.011710 0.009634 666.000000
-0.012129 0.008918 666.000000
-0.012545 0.008200 666.000000
-0.012959 0.007482 666.000000
-0.013374 0.006764 666.000000
-0.013788 0.006045 666.000000
-0.014198 0.005324 666.000000
-0.014599 0.004598 666.000000
-0.014999 0.003871 666.000000
-0.015403 0.003147 666.000000
-0.015780 0.002407 666.000000
-0.016080 0.001634 666.000000
-0.016271 0.000827 666.000000
-0.016336 0.000000 666.000000
-0.016271 -0.000827 666.000000
-0.016080 -0.001634 666.000000
-0.015780 -0.002407 666.000000
-0.015403 -0.003147 666.000000
-0.014999 -0.003871 666.000000
-0.014599 -0.004598 666.000000
-0.014198 -0.005324 666.000000
-0.013788 -0.006045 666.000000
-0.013374 -0.006764 666.000000
-0.012959 -0.007482 666.000000
-0.012545 -0.008200 666.000000
-0.012129 -0.008918 666.000000
-0.011710 -0.009634 666.000000
-0.011281 -0.010345 666.000000
-0.010852 -0.011054 666.000000
-0.010427 -0.011766 666.000000
-0.009975 -0.012462 666.000000
-0.009456 -0.013109 666.000000
-0.008852 -0.013677 666.000000
-0.008168 -0.014147 666.000000
-0.007419 -0.014504 666.000000
-0.006625 -0.014743 666.000000
-0.005805 -0.014869 666.000000
-0.004977 -0.014913 666.000000
-0.004147 -0.014925 666.000000
-0.003318 -0.014942 666.000000
-0.002489 -0.014958 666.000000
-0.001659 -0.014963 666.000000
-0.000830 -0.014964 666.000000
0.000000 -0.014964 666.000000
0.000830 -0.014964 666.000000
0.001659 -0.014963 666.000000
0.002489 -0.014958 666.000000
0.003318 -0.014942 666.000000
0.004147 -0.014925 666.000000
0.004977 -0.014913 666.000000
0.005805 -0.014869 666.000000
0.006625 -0.014743 666.000000
0.007419 -0.014504 666.000000
0.008168 -0.014147 666.000000
0.008852 -0.013677 666.000000
0.009456 -0.013109 666.000000
0.009975 -0.012462 666.000000
0.010427 -0.011766 666.000000
0.010852 -0.011054 666.000000
0.011281 -0.010345 666.000000
0.011710 -0.009634 666.000000
0.012129 -0.008918 666.000000
0.012545 -0.008200 666.000000
0.012959 -0.007482 666.000000
0.013374 -0.006764 666.000000
0.013788 -0.006045 666.000000
0.014198 -0.005324 666.000000
0.014599 -0.004598 666.000000
0.014999 -0.003871 666.000000
0.015403 -0.003147 666.000000
0.015780 -0.002407 666.000000
0.016080 -0.001634 666.000000
0.016271 -0.000827 666.000000
0.016336 0.000000 666.000000

