0.016372 0.000000 671.000000
0.016307 0.000829 671.000000
0.016115 0.001638 671.000000
0.015814 0.002412 671.000000
0.015436 0.003153 671.000000
0.015032 0.003879 671.000000
0.014631 0.004608 671.000000
0.014229 0.005335 671.000000
0.013818 0.006058 671.000000
0.013403 0.006778 671.000000
0.012987 0.007498 671.000000
0.012571 0.008218 671.000000
0.012155 0.008938 671.000000
0.011735 0.009655 671.000000
0.011306 0.010367 671.000000
0.010875 0.011078 671.000000
0.010449 0.011792 671.000000
0.009996 0.012489 671.000000
0.009476 0.013137 671.000000
0.008871 0.013707 671.000000
0.008186 0.014178 671.000000
0.007436 0.014536 671.000000
0.006639 0.014775 671.000000
0.005818 0.014901 671.000000
0.004987 0.014945 671.000000
0.004156 0.014957 671.000000
0.003325 0.014974 671.000000
0.002494 0.014990 671.000000
0.001663 0.014995 671.000000
0.000831 0.014996 671.000000
0.000000 0.014996 671.000000
-0.000831 0.014996 671.000000
-0.001663 0.014995 671.000000
-0.002494 0.014990 671.000000
-0.003325 0.014974 671.000000
-0.004156 0.014957 671.000000
-0.004987 0.014945 671.000000
-0.005818 0.014901 671.000000
-0.006639 0.014775 671.000000
-0.007436 0.014536 671.000000
-0.008186 0.014178 671.000000
-0.008871 0.013707 671.000000
-0.009476 0.013137 671.000000
-0.009996 0.012489 671.000000
-0.010449 0.011792 671.000000
-0.010875 0.011078 671.000000
-0.011306 0.010367 671.000000
-0.011735 0.009655 671.000000
-0.012155 0.008938 671.000000
-0.012571 0.008218 671.000000
-0.012987 0.007498 671.000000
-0.013403 0.006778 671.000000
-0.013818 0.006058 671.000000
-0.014229 0.005335 671.000000
-0.014631 0.004608 671.000000
-0.015032 0.003879 671.000000
-0.015436 0.003153 671.000000
-0.015814 0.002412 671.000000
-0.016115 0.001638 671.000000
-0.016307 0.000829 671.000000
-0.016372 0.000000 671.000000
-0.016307 -0.000829 671.000000
-0.016115 -0.001638 671.000000
-0.015814 -0.002412 671.000000
-0.015436 -0.003153 671.000000
-0.015032 -0.003879 671.000000
-0.014631 -0.004608 671.000000
-0.014229 -0.005335 671.000000
-0.013818 -0.006058 671.000000
-0.013403 -0.006778 671.000000
-0.012987 -0.007498 671.000000
-0.012571 -0.008218 671.000000
-0.012155 -0.008938 671.000000
-0.011735 -0.009655 671.000000
-0.011306 -0.010367 671.000000
-0.010875 -0.011078 671.000000
-0.010449 -0.011792 671.000000
-0.009996 -0.012489 671.000000
-0.009476 -0.013137 671.000000
-0.008871 -0.013707 671.000000
-0.008186 -0.014178 671.000000
-0.007436 -0.014536 671.000000
-0.006639 -0.014775 671.000000
-0.005818 -0.014901 671.000000
-0.004987 -0.014945 671.000000
-0.004156 -0.014957 671.000000
-0.003325 -0.014974 671.000000
-0.002494 -0.014990 671.000000
-0.001663 -0.014995 671.000000
-0.000831 -0.014996 671.000000
0.000000 -0.014996 671.000000
0.000831 -0.014996 671.000000
0.001663 -0.014995 671.000000
0.002494 -0.014990 671.000000
0.003325 -0.014974 671.000000
0.004156 -0.014957 671.000000
0.004987 -0.014945 671.000000
0.005818 -0.014901 671.000000
0.006639 -0.014775 671.000000
0.007436 -0.014536 671.000000
0.008186 -0.014178 671.000000
0.008871 -0.013707 671.000000
0.009476 -0.013137 671.000000
0.009996 -0.012489 671.000000
0.010449 -0.011792 671.000000
0.010875 -0.011078 671.000000
0.011306 -0.010367 671.000000
0.011735 -0.009655 671.000000
0.012155 -0.008938 671.000000
0.012571 -0.008218 671.000000
0.012987 -0.007498 671.000000
0.013403 -0.006778 671.000000
0.013818 -0.006058 671.000000
0.014229 -0.005335 671.000000
0.014631 -0.004608 671.000000
0.015032 -0.003879 671.000000
0.015436 -0.003153 671.000000
0.015814 -0.002412 671.000000
0.016115 -0.001638 671.000000
0.016307 -0.000829 671.000000
0.016372 0.000000 671.000000

