1.001931 0.000462 6.282287
0.996092 0.098448 6.282287
0.981847 0.195570 6.282287
0.958886 0.291008 6.282287
0.925880 0.383453 6.282287
0.883956 0.472210 6.282287
0.833533 0.556431 6.282287
0.775094 0.635300 6.282287
0.709195 0.708052 6.282287
0.636483 0.773996 6.282287
0.557657 0.832493 6.282287
0.473470 0.882972 6.282287
0.384742 0.924958 6.282287
0.292325 0.958043 6.282287
0.197109 0.981907 6.282287
0.100013 0.996329 6.282287
0.001971 1.001153 6.282287
-0.096071 0.996340 6.282287
-0.193171 0.981944 6.282287
-0.288391 0.958098 6.282287
-0.380813 0.925027 6.282287
-0.469548 0.883054 6.282287
-0.553742 0.832589 6.282287
-0.632581 0.774107 6.282287
-0.705311 0.708184 6.282287
-0.771226 0.635447 6.282287
-0.829694 0.556599 6.282287
-0.880149 0.472398 6.282287
-0.922107 0.383656 6.282287
-0.955166 0.291230 6.282287
-0.979007 0.196008 6.282287
-0.993398 0.098908 6.282287
-0.998197 0.000865 6.282287
-0.993367 -0.097177 6.282287
-0.978946 -0.194273 6.282287
-0.955075 -0.289487 6.282287
-0.921995 -0.381905 6.282287
-0.880010 -0.470634 6.282287
-0.829527 -0.554818 6.282287
-0.771045 -0.633656 6.282287
-0.705115 -0.706380 6.282287
-0.632373 -0.772290 6.282287
-0.553523 -0.830756 6.282287
-0.469325 -0.881216 6.282287
-0.380588 -0.923182 6.282287
-0.288164 -0.956250 6.282287
-0.192947 -0.980107 6.282287
-0.095850 -0.994517 6.282287
0.002192 -0.999351 6.282287
0.100236 -0.994568 6.282287
0.197341 -0.980211 6.282287
0.292579 -0.956437 6.282287
0.385050 -0.923501 6.282287
0.473732 -0.881419 6.282287
0.557858 -0.830839 6.282287
0.636800 -0.772497 6.282287
0.709656 -0.706713 6.282287
0.775735 -0.634125 6.282287
0.834458 -0.555466 6.282287
0.884904 -0.471260 6.282287
0.926683 -0.382434 6.282287
0.959700 -0.289992 6.282287
0.983397 -0.194735 6.282287
0.997561 -0.097601 6.282287
1.001931 0.000462 6.282287
