0.012348 -0.000000 273.000000
0.012309 0.000628 273.000000
0.012193 0.001247 273.000000
0.012003 0.001847 273.000000
0.011750 0.002423 273.000000
0.011453 0.002978 273.000000
0.011140 0.003524 273.000000
0.010828 0.004071 273.000000
0.010517 0.004618 273.000000
0.010204 0.005164 273.000000
0.009888 0.005709 273.000000
0.009574 0.006254 273.000000
0.009258 0.006799 273.000000
0.008939 0.007342 273.000000
0.008622 0.007885 273.000000
0.008306 0.008430 273.000000
0.007974 0.008964 273.000000
0.007601 0.009472 273.000000
0.007176 0.009936 273.000000
0.006699 0.010346 273.000000
0.006174 0.010694 273.000000
0.005611 0.010974 273.000000
0.005017 0.011183 273.000000
0.004402 0.011319 273.000000
0.003776 0.011388 273.000000
0.003147 0.011408 273.000000
0.002518 0.011410 273.000000
0.001888 0.011413 273.000000
0.001259 0.011417 273.000000
0.000629 0.011419 273.000000
0.000000 0.011418 273.000000
-0.000629 0.011419 273.000000
-0.001259 0.011417 273.000000
-0.001888 0.011413 273.000000
-0.002518 0.011410 273.000000
-0.003147 0.011408 273.000000
-0.003776 0.011388 273.000000
-0.004402 0.011319 273.000000
-0.005017 0.011183 273.000000
-0.005611 0.010974 273.000000
-0.006174 0.010694 273.000000
-0.006699 0.010346 273.000000
-0.007176 0.009936 273.000000
-0.007601 0.009472 273.000000
-0.007974 0.008964 273.000000
-0.008306 0.008430 273.000000
-0.008622 0.007885 273.000000
-0.008939 0.007342 273.000000
-0.009258 0.006799 273.000000
-0.009574 0.006254 273.000000
-0.009888 0.005709 273.000000
-0.010204 0.005164 273.000000
-0.010517 0.004618 273.000000
-0.010828 0.004071 273.000000
-0.011140 0.003524 273.000000
-0.011453 0.002978 273.000000
-0.011750 0.002423 273.000000
-0.012003 0.001847 273.000000
-0.012193 0.001247 273.000000
-0.012309 0.000628 273.000000
-0.012348 0.000000 273.000000
-0.012309 -0.000628 273.000000
-0.012193 -0.001247 273.000000
-0.012003 -0.001847 273.000000
-0.011750 -0.002423 273.000000
-0.011453 -0.002978 273.000000
-0.011140 -0.003524 273.000000
-0.010828 -0.004071 273.000000
-0.010517 -0.004618 273.000000
-0.010204 -0.005164 273.000000
-0.009888 -0.005709 273.000000
-0.009574 -0.006254 273.000000
-0.009258 -0.006799 273.000000
-0.008939 -0.007342 273.000000
-0.008622 -0.007885 273.000000
-0.008306 -0.008430 273.000000
-0.007974 -0.008964 273.000000
-0.007601 -0.009472 273.000000
-0.007176 -0.009936 273.000000
-0.006699 -0.010346 273.000000
-0.006174 -0.010694 273.000000
-0.005611 -0.010974 273.000000
-0.005017 -0.011183 273.000000
-0.004402 -0.011319 273.000000
-0.003776 -0.011388 273.000000
-0.003147 -0.011408 273.000000
-0.002518 -0.011410 273.000000
-0.001888 -0.011413 273.000000
-0.001259 -0.011417 273.000000
-0.000629 -0.011419 273.000000
0.000000 -0.011418 273.000000
0.000629 -0.011419 273.000000
0.001259 -0.011417 273.000000
0.001888 -0.011413 273.000000
0.002518 -0.011410 273.000000
0.003147 -0.011408 273.000000
0.003776 -0.011388 273.000000
0.004402 -0.011319 273.000000
0.005017 -0.011183 273.000000
0.005611 -0.010974 273.000000
0.006174 -0.010694 273.000000
0.006699 -0.010346 273.000000
0.007176 -0.009936 273.000000
0.007601 -0.009472 273.000000
0.007974 -0.008964 273.000000
0.008306 -0.008430 273.000000
0.008622 -0.007885 273.000000
0.008939 -0.007342 273.000000
0.009258 -0.006799 273.000000
0.009574 -0.006254 273.000000
0.009888 -0.005709 273.000000
0.010204 -0.005164 273.000000
0.010517 -0.004618 273.000000
0.010828 -0.004071 273.000000
0.011140 -0.003524 273.000000
0.011453 -0.002978 273.000000
0.011750 -0.002423 273.000000
0.012003 -0.001847 273.000000
0.012193 -0.001247 273.000000
0.012309 -0.000628 273.000000
0.012348 -0.000000 273.000000

