0.007165 0.000000 0.045000
0.007157 0.000351 0.045000
0.007132 0.000702 0.045000
0.007089 0.001051 0.045000
0.007028 0.001397 0.045000
0.006951 0.001740 0.045000
0.006857 0.002079 0.045000
0.006747 0.002413 0.045000
0.006619 0.002741 0.045000
0.006482 0.003064 0.045000
0.006326 0.003379 0.045000
0.006149 0.003683 0.045000
0.005957 0.003978 0.045000
0.005746 0.004259 0.045000
0.005523 0.004530 0.045000
0.005290 0.004793 0.045000
0.005048 0.005048 0.045000
0.004796 0.005294 0.045000
0.004535 0.005530 0.045000
0.004262 0.005752 0.045000
0.003978 0.005959 0.045000
0.003683 0.006150 0.045000
0.003378 0.006325 0.045000
0.003064 0.006483 0.045000
0.002743 0.006624 0.045000
0.002414 0.006749 0.045000
0.002080 0.006858 0.045000
0.001740 0.006951 0.045000
0.001397 0.007027 0.045000
0.001051 0.007086 0.045000
0.000702 0.007129 0.045000
0.000351 0.007155 0.045000
-0.000000 0.007163 0.045000
-0.000352 0.007154 0.045000
-0.000702 0.007128 0.045000
-0.001051 0.007084 0.045000
-0.001397 0.007024 0.045000
-0.001741 0.006947 0.045000
-0.002079 0.006853 0.045000
-0.002413 0.006744 0.045000
-0.002742 0.006618 0.045000
-0.003063 0.006476 0.045000
-0.003378 0.006318 0.045000
-0.003684 0.006145 0.045000
-0.003981 0.005957 0.045000
-0.004268 0.005755 0.045000
-0.004545 0.005538 0.045000
-0.004811 0.005309 0.045000
-0.005066 0.005066 0.045000
-0.005308 0.004812 0.045000
-0.005538 0.004545 0.045000
-0.005754 0.004268 0.045000
-0.005958 0.003981 0.045000
-0.006146 0.003685 0.045000
-0.006318 0.003378 0.045000
-0.006475 0.003064 0.045000
-0.006616 0.002741 0.045000
-0.006740 0.002412 0.045000
-0.006849 0.002078 0.045000
-0.006943 0.001739 0.045000
-0.007021 0.001397 0.045000
-0.007083 0.001051 0.045000
-0.007128 0.000702 0.045000
-0.007156 0.000351 0.045000
-0.007165 -0.000000 0.045000
-0.007157 -0.000351 0.045000
-0.007132 -0.000702 0.045000
-0.007089 -0.001051 0.045000
-0.007028 -0.001397 0.045000
-0.006951 -0.001740 0.045000
-0.006857 -0.002079 0.045000
-0.006747 -0.002413 0.045000
-0.006619 -0.002741 0.045000
-0.006482 -0.003064 0.045000
-0.006326 -0.003379 0.045000
-0.006149 -0.003683 0.045000
-0.005957 -0.003978 0.045000
-0.005746 -0.004259 0.045000
-0.005523 -0.004530 0.045000
-0.005290 -0.004793 0.045000
-0.005048 -0.005048 0.045000
-0.004796 -0.005294 0.045000
-0.004535 -0.005530 0.045000
-0.004262 -0.005752 0.045000
-0.003978 -0.005959 0.045000
-0.003683 -0.006150 0.045000
-0.003378 -0.006325 0.045000
-0.003064 -0.006483 0.045000
-0.002743 -0.006624 0.045000
-0.002414 -0.006749 0.045000
-0.002080 -0.006858 0.045000
-0.001740 -0.006951 0.045000
-0.001397 -0.007027 0.045000
-0.001051 -0.007086 0.045000
-0.000702 -0.007129 0.045000
-0.000351 -0.007155 0.045000
0.000000 -0.007163 0.045000
0.000352 -0.007154 0.045000
0.000702 -0.007128 0.045000
0.001051 -0.007084 0.045000
0.001397 -0.007024 0.045000
0.001741 -0.006947 0.045000
0.002079 -0.006853 0.045000
0.002413 -0.006744 0.045000
0.002742 -0.006618 0.045000
0.003063 -0.006476 0.045000
0.003378 -0.006318 0.045000
0.003684 -0.006145 0.045000
0.003981 -0.005957 0.045000
0.004268 -0.005755 0.045000
0.004545 -0.005538 0.045000
0.004811 -0.005309 0.045000
0.005066 -0.005066 0.045000
0.005308 -0.004812 0.045000
0.005538 -0.004545 0.045000
0.005754 -0.004268 0.045000
0.005958 -0.003981 0.045000
0.006146 -0.003685 0.045000
0.006318 -0.003378 0.045000
0.006475 -0.003064 0.045000
0.006616 -0.002741 0.045000
0.006740 -0.002412 0.045000
0.006849 -0.002078 0.045000
0.006943 -0.001739 0.045000
0.007021 -0.001397 0.045000
0.007083 -0.001051 0.045000
0.007128 -0.000702 0.045000
0.007156 -0.000351 0.045000
0.007165 0.000000 0.045000
