0.005785 -0.000000 1.270833
0.005739 0.000138 1.270833
0.005645 0.000248 1.270833
0.005563 0.000367 1.270833
0.005498 0.000497 1.270833
0.005425 0.000622 1.270833
0.005350 0.000746 1.270833
0.005276 0.000871 1.270833
0.005204 0.000996 1.270833
0.005131 0.001122 1.270833
0.005058 0.001247 1.270833
0.004986 0.001373 1.270833
0.004913 0.001498 1.270833
0.004841 0.001624 1.270833
0.004768 0.001749 1.270833
0.004696 0.001874 1.270833
0.004623 0.002000 1.270833
0.004551 0.002125 1.270833
0.004478 0.002251 1.270833
0.004406 0.002376 1.270833
0.004333 0.002502 1.270833
0.004261 0.002627 1.270833
0.004188 0.002753 1.270833
0.004116 0.002878 1.270833
0.004044 0.003004 1.270833
0.003971 0.003129 1.270833
0.003899 0.003255 1.270833
0.003826 0.003381 1.270833
0.003754 0.003506 1.270833
0.003682 0.003632 1.270833
0.003609 0.003757 1.270833
0.003537 0.003883 1.270833
0.003465 0.004008 1.270833
0.003392 0.004134 1.270833
0.003321 0.004260 1.270833
0.003251 0.004387 1.270833
0.003179 0.004513 1.270833
0.003100 0.004634 1.270833
0.003037 0.004765 1.270833
0.002988 0.004901 1.270833
0.002892 0.005010 1.270833
0.002750 0.005039 1.270833
0.002608 0.005012 1.270833
0.002463 0.005001 1.270833
0.002319 0.005009 1.270833
0.002174 0.005009 1.270833
0.002029 0.005007 1.270833
0.001884 0.005005 1.270833
0.001739 0.005005 1.270833
0.001594 0.005005 1.270833
0.001449 0.005004 1.270833
0.001304 0.005004 1.270833
0.001159 0.005004 1.270833
0.001014 0.005004 1.270833
0.000869 0.005004 1.270833
0.000725 0.005004 1.270833
0.000580 0.005004 1.270833
0.000435 0.005004 1.270833
0.000290 0.005004 1.270833
0.000145 0.005003 1.270833
0.000000 0.005003 1.270833
-0.000145 0.005003 1.270833
-0.000290 0.005004 1.270833
-0.000435 0.005004 1.270833
-0.000580 0.005004 1.270833
-0.000725 0.005004 1.270833
-0.000869 0.005004 1.270833
-0.001014 0.005004 1.270833
-0.001159 0.005004 1.270833
-0.001304 0.005004 1.270833
-0.001449 0.005004 1.270833
-0.001594 0.005005 1.270833
-0.001739 0.005005 1.270833
-0.001884 0.005005 1.270833
-0.002029 0.005007 1.270833
-0.002174 0.005009 1.270833
-0.002319 0.005009 1.270833
-0.002463 0.005001 1.270833
-0.002608 0.005012 1.270833
-0.002750 0.005039 1.270833
-0.002892 0.005010 1.270833
-0.002988 0.004901 1.270833
-0.003037 0.004765 1.270833
-0.003100 0.004634 1.270833
-0.003179 0.004513 1.270833
-0.003251 0.004387 1.270833
-0.003321 0.004260 1.270833
-0.003392 0.004134 1.270833
-0.003465 0.004008 1.270833
-0.003537 0.003883 1.270833
-0.003609 0.003757 1.270833
-0.003682 0.003632 1.270833
-0.003754 0.003506 1.270833
-0.003826 0.003381 1.270833
-0.003899 0.003255 1.270833
-0.003971 0.003129 1.270833
-0.004044 0.003004 1.270833
-0.004116 0.002878 1.270833
-0.004188 0.002753 1.270833
-0.004261 0.002627 1.270833
-0.004333 0.002502 1.270833
-0.004406 0.002376 1.270833
-0.004478 0.002251 1.270833
-0.004551 0.002125 1.270833
-0.004623 0.002000 1.270833
-0.004696 0.001874 1.270833
-0.004768 0.001749 1.270833
-0.004841 0.001624 1.270833
-0.004913 0.001498 1.270833
-0.004986 0.001373 1.270833
-0.005058 0.001247 1.270833
-0.005131 0.001122 1.270833
-0.005204 0.000996 1.270833
-0.005276 0.000871 1.270833
-0.005350 0.000746 1.270833
-0.005425 0.000622 1.270833
-0.005498 0.000497 1.270833
-0.005563 0.000367 1.270833
-0.005645 0.000248 1.270833
-0.005739 0.000138 1.270833
-0.005785 0.000000 1.270833
-0.005739 -0.000138 1.270833
-0.005645 -0.000248 1.270833
-0.005563 -0.000367 1.270833
-0.005498 -0.000497 1.270833
-0.005425 -0.000622 1.270833
-0.005350 -0.000746 1.270833
-0.005276 -0.000871 1.270833
-0.005204 -0.000996 1.270833
-0.005131 -0.001122 1.270833
-0.005058 -0.001247 1.270833
-0.004986 -0.001373 1.270833
-0.004913 -0.001498 1.270833
-0.004841 -0.001624 1.270833
-0.004768 -0.001749 1.270833
-0.004696 -0.001874 1.270833
-0.004623 -0.002000 1.270833
-0.004551 -0.002125 1.270833
-0.004478 -0.002251 1.270833
-0.004406 -0.002376 1.270833
-0.004333 -0.002502 1.270833
-0.004261 -0.002627 1.270833
-0.004188 -0.002753 1.270833
-0.004116 -0.002878 1.270833
-0.004044 -0.003004 1.270833
-0.003971 -0.003129 1.270833
-0.003899 -0.003255 1.270833
-0.003826 -0.003381 1.270833
-0.003754 -0.003506 1.270833
-0.003682 -0.003632 1.270833
-0.003609 -0.003757 1.270833
-0.003537 -0.003883 1.270833
-0.003465 -0.004008 1.270833
-0.003392 -0.004134 1.270833
-0.003321 -0.004260 1.270833
-0.003251 -0.004387 1.270833
-0.003179 -0.004513 1.270833
-0.003100 -0.004634 1.270833
-0.003037 -0.004765 1.270833
-0.002988 -0.004901 1.270833
-0.002892 -0.005010 1.270833
-0.002750 -0.005039 1.270833
-0.002608 -0.005012 1.270833
-0.002463 -0.005001 1.270833
-0.002319 -0.005009 1.270833
-0.002174 -0.005009 1.270833
-0.002029 -0.005007 1.270833
-0.001884 -0.005005 1.270833
-0.001739 -0.005005 1.270833
-0.001594 -0.005005 1.270833
-0.001449 -0.005004 1.270833
-0.001304 -0.005004 1.270833
-0.001159 -0.005004 1.270833
-0.001014 -0.005004 1.270833
-0.000869 -0.005004 1.270833
-0.000725 -0.005004 1.270833
-0.000580 -0.005004 1.270833
-0.000435 -0.005004 1.270833
-0.000290 -0.005004 1.270833
-0.000145 -0.005003 1.270833
0.000000 -0.005003 1.270833
0.000145 -0.005003 1.270833
0.000290 -0.005004 1.270833
0.000435 -0.005004 1.270833
0.000580 -0.005004 1.270833
0.000725 -0.005004 1.270833
0.000869 -0.005004 1.270833
0.001014 -0.005004 1.270833
0.001159 -0.005004 1.270833
0.001304 -0.005004 1.270833
0.001449 -0.005004 1.270833
0.001594 -0.005005 1.270833
0.001739 -0.005005 1.270833
0.001884 -0.005005 1.270833
0.002029 -0.005007 1.270833
0.002174 -0.005009 1.270833
0.002319 -0.005009 1.270833
0.002463 -0.005001 1.270833
0.002608 -0.005012 1.270833
0.002750 -0.005039 1.270833
0.002892 -0.005010 1.270833
0.002988 -0.004901 1.270833
0.003037 -0.004765 1.270833
0.003100 -0.004634 1.270833
0.003179 -0.004513 1.270833
0.003251 -0.004387 1.270833
0.003321 -0.004260 1.270833
0.003392 -0.004134 1.270833
0.003465 -0.004008 1.270833
0.003537 -0.003883 1.270833
0.003609 -0.003757 1.270833
0.003682 -0.003632 1.270833
0.003754 -0.003506 1.270833
0.003826 -0.003381 1.270833
0.003899 -0.003255 1.270833
0.003971 -0.003129 1.270833
0.004044 -0.003004 1.270833
0.004116 -0.002878 1.270833
0.004188 -0.002753 1.270833
0.004261 -0.002627 1.270833
0.004333 -0.002502 1.270833
0.004406 -0.002376 1.270833
0.004478 -0.002251 1.270833
0.004551 -0.002125 1.270833
0.004623 -0.002000 1.270833
0.004696 -0.001874 1.270833
0.004768 -0.001749 1.270833
0.004841 -0.001624 1.270833
0.004913 -0.001498 1.270833
0.004986 -0.001373 1.270833
0.005058 -0.001247 1.270833
0.005131 -0.001122 1.270833
0.005204 -0.000996 1.270833
0.005276 -0.000871 1.270833
0.005350 -0.000746 1.270833
0.005425 -0.000622 1.270833
0.005498 -0.000497 1.270833
0.005563 -0.000367 1.270833
0.005645 -0.000248 1.270833
0.005739 -0.000138 1.270833
0.005785 -0.000000 1.270833

