0.005074 -0.000000 0.222222
0.005072 0.000132 0.222222
0.005066 0.000264 0.222222
0.005057 0.000396 0.222222
0.005043 0.000528 0.222222
0.005026 0.000659 0.222222
0.005005 0.000789 0.222222
0.004980 0.000919 0.222222
0.004952 0.001048 0.222222
0.004919 0.001176 0.222222
0.004882 0.001303 0.222222
0.004842 0.001429 0.222222
0.004797 0.001553 0.222222
0.004749 0.001676 0.222222
0.004698 0.001798 0.222222
0.004644 0.001919 0.222222
0.004586 0.002038 0.222222
0.004526 0.002155 0.222222
0.004462 0.002271 0.222222
0.004397 0.002386 0.222222
0.004331 0.002501 0.222222
0.004265 0.002615 0.222222
0.004198 0.002729 0.222222
0.004129 0.002842 0.222222
0.004058 0.002953 0.222222
0.003983 0.003062 0.222222
0.003906 0.003170 0.222222
0.003826 0.003275 0.222222
0.003744 0.003378 0.222222
0.003658 0.003479 0.222222
0.003569 0.003577 0.222222
0.003478 0.003672 0.222222
0.003383 0.003764 0.222222
0.003286 0.003854 0.222222
0.003186 0.003940 0.222222
0.003083 0.004024 0.222222
0.002978 0.004104 0.222222
0.002871 0.004181 0.222222
0.002762 0.004255 0.222222
0.002650 0.004326 0.222222
0.002537 0.004394 0.222222
0.002421 0.004458 0.222222
0.002304 0.004519 0.222222
0.002185 0.004577 0.222222
0.002065 0.004631 0.222222
0.001943 0.004682 0.222222
0.001819 0.004729 0.222222
0.001694 0.004772 0.222222
0.001568 0.004812 0.222222
0.001441 0.004848 0.222222
0.001313 0.004879 0.222222
0.001184 0.004907 0.222222
0.001054 0.004931 0.222222
0.000923 0.004951 0.222222
0.000792 0.004968 0.222222
0.000660 0.004981 0.222222
0.000528 0.004990 0.222222
0.000396 0.004997 0.222222
0.000264 0.005000 0.222222
0.000132 0.005001 0.222222
0.000000 0.005001 0.222222
-0.000132 0.005001 0.222222
-0.000264 0.005000 0.222222
-0.000396 0.004997 0.222222
-0.000528 0.004990 0.222222
-0.000660 0.004981 0.222222
-0.000792 0.004968 0.222222
-0.000923 0.004951 0.222222
-0.001054 0.004931 0.222222
-0.001184 0.004907 0.222222
-0.001313 0.004879 0.222222
-0.001441 0.004848 0.222222
-0.001568 0.004812 0.222222
-0.001694 0.004772 0.222222
-0.001819 0.004729 0.222222
-0.001943 0.004682 0.222222
-0.002065 0.004631 0.222222
-0.002185 0.004577 0.222222
-0.002304 0.004519 0.222222
-0.002421 0.004458 0.222222
-0.002537 0.004394 0.222222
-0.002650 0.004326 0.222222
-0.002762 0.004255 0.222222
-0.002871 0.004181 0.222222
-0.002978 0.004104 0.222222
-0.003083 0.004024 0.222222
-0.003186 0.003940 0.222222
-0.003286 0.003854 0.222222
-0.003383 0.003764 0.222222
-0.003478 0.003672 0.222222
-0.003569 0.003577 0.222222
-0.003658 0.003479 0.222222
-0.003744 0.003378 0.222222
-0.003826 0.003275 0.222222
-0.003906 0.003170 0.222222
-0.003983 0.003062 0.222222
-0.004058 0.002953 0.222222
-0.004129 0.002842 0.222222
-0.004198 0.002729 0.222222
-0.004265 0.002615 0.222222
-0.004331 0.002501 0.222222
-0.004397 0.002386 0.222222
-0.004462 0.002271 0.222222
-0.004526 0.002155 0.222222
-0.004586 0.002038 0.222222
-0.004644 0.001919 0.222222
-0.004698 0.001798 0.222222
-0.004749 0.001676 0.222222
-0.004797 0.001553 0.222222
-0.004842 0.001429 0.222222
-0.004882 0.001303 0.222222
-0.004919 0.001176 0.222222
-0.004952 0.001048 0.222222
-0.004980 0.000919 0.222222
-0.005005 0.000789 0.222222
-0.005026 0.000659 0.222222
-0.005043 0.000528 0.222222
-0.005057 0.000396 0.222222
-0.005066 0.000264 0.222222
-0.005072 0.000132 0.222222
-0.005074 0.000000 0.222222
-0.005072 -0.000132 0.222222
-0.005066 -0.000264 0.222222
-0.005057 -0.000396 0.222222
-0.005043 -0.000528 0.222222
-0.005026 -0.000659 0.222222
-0.005005 -0.000789 0.222222
-0.004980 -0.000919 0.222222
-0.004952 -0.001048 0.222222
-0.004919 -0.001176 0.222222
-0.004882 -0.001303 0.222222
-0.004842 -0.001429 0.222222
-0.004797 -0.001553 0.222222
-0.004749 -0.001676 0.222222
-0.004698 -0.001798 0.222222
-0.004644 -0.001919 0.222222
-0.004586 -0.002038 0.222222
-0.004526 -0.002155 0.222222
-0.004462 -0.002271 0.222222
-0.004397 -0.002386 0.222222
-0.004331 -0.002501 0.222222
-0.004265 -0.002615 0.222222
-0.004198 -0.002729 0.222222
-0.004129 -0.002842 0.222222
-0.004058 -0.002953 0.222222
-0.003983 -0.003062 0.222222
-0.003906 -0.003170 0.222222
-0.003826 -0.003275 0.222222
-0.003744 -0.003378 0.222222
-0.003658 -0.003479 0.222222
-0.003569 -0.003577 0.222222
-0.003478 -0.003672 0.222222
-0.003383 -0.003764 0.222222
-0.003286 -0.003854 0.222222
-0.003186 -0.003940 0.222222
-0.003083 -0.004024 0.222222
-0.002978 -0.004104 0.222222
-0.002871 -0.004181 0.222222
-0.002762 -0.004255 0.222222
-0.002650 -0.004326 0.222222
-0.002537 -0.004394 0.222222
-0.002421 -0.004458 0.222222
-0.002304 -0.004519 0.222222
-0.002185 -0.004577 0.222222
-0.002065 -0.004631 0.222222
-0.001943 -0.004682 0.222222
-0.001819 -0.004729 0.222222
-0.001694 -0.004772 0.222222
-0.001568 -0.004812 0.222222
-0.001441 -0.004848 0.222222
-0.001313 -0.004879 0.222222
-0.001184 -0.004907 0.222222
-0.001054 -0.004931 0.222222
-0.000923 -0.004951 0.222222
-0.000792 -0.004968 0.222222
-0.000660 -0.004981 0.222222
-0.000528 -0.004990 0.222222
-0.000396 -0.004997 0.222222
-0.000264 -0.005000 0.222222
-0.000132 -0.005001 0.222222
0.000000 -0.005001 0.222222
0.000132 -0.005001 0.222222
0.000264 -0.005000 0.222222
0.000396 -0.004997 0.222222
0.000528 -0.004990 0.222222
0.000660 -0.004981 0.222222
0.000792 -0.004968 0.222222
0.000923 -0.004951 0.222222
0.001054 -0.004931 0.222222
0.001184 -0.004907 0.222222
0.001313 -0.004879 0.222222
0.001441 -0.004848 0.222222
0.001568 -0.004812 0.222222
0.001694 -0.004772 0.222222
0.001819 -0.004729 0.222222
0.001943 -0.004682 0.222222
0.002065 -0.004631 0.222222
0.002185 -0.004577 0.222222
0.002304 -0.004519 0.222222
0.002421 -0.004458 0.222222
0.002537 -0.004394 0.222222
0.002650 -0.004326 0.222222
0.002762 -0.004255 0.222222
0.002871 -0.004181 0.222222
0.002978 -0.004104 0.222222
0.003083 -0.004024 0.222222
0.003186 -0.003940 0.222222
0.003286 -0.003854 0.222222
0.003383 -0.003764 0.222222
0.003478 -0.003672 0.222222
0.003569 -0.003577 0.222222
0.003658 -0.003479 0.222222
0.003744 -0.003378 0.222222
0.003826 -0.003275 0.222222
0.003906 -0.003170 0.222222
0.003983 -0.003062 0.222222
0.004058 -0.002953 0.222222
0.004129 -0.002842 0.222222
0.004198 -0.002729 0.222222
0.004265 -0.002615 0.222222
0.004331 -0.002501 0.222222
0.004397 -0.002386 0.222222
0.004462 -0.002271 0.222222
0.004526 -0.002155 0.222222
0.004586 -0.002038 0.222222
0.004644 -0.001919 0.222222
0.004698 -0.001798 0.222222
0.004749 -0.001676 0.222222
0.004797 -0.001553 0.222222
0.004842 -0.001429 0.222222
0.004882 -0.001303 0.222222
0.004919 -0.001176 0.222222
0.004952 -0.001048 0.222222
0.004980 -0.000919 0.222222
0.005005 -0.000789 0.222222
0.005026 -0.000659 0.222222
0.005043 -0.000528 0.222222
0.005057 -0.000396 0.222222
0.005066 -0.000264 0.222222
0.005072 -0.000132 0.222222
0.005074 -0.000000 0.222222

