0.005860 0.000000 15.000000
0.005851 0.000305 15.000000
0.005823 0.000608 15.000000
0.005776 0.000909 15.000000
0.005711 0.001207 15.000000
0.005628 0.001500 15.000000
0.005528 0.001788 15.000000
0.005410 0.002069 15.000000
0.005276 0.002342 15.000000
0.005129 0.002610 15.000000
0.004977 0.002874 15.000000
0.004825 0.003137 15.000000
0.004667 0.003398 15.000000
0.004497 0.003651 15.000000
0.004312 0.003893 15.000000
0.004113 0.004124 15.000000
0.003901 0.004343 15.000000
0.003675 0.004548 15.000000
0.003438 0.004739 15.000000
0.003189 0.004914 15.000000
0.002930 0.005075 15.000000
0.002662 0.005219 15.000000
0.002385 0.005347 15.000000
0.002101 0.005457 15.000000
0.001810 0.005549 15.000000
0.001515 0.005624 15.000000
0.001216 0.005681 15.000000
0.000913 0.005719 15.000000
0.000609 0.005740 15.000000
0.000305 0.005747 15.000000
0.000000 0.005747 15.000000
-0.000305 0.005747 15.000000
-0.000609 0.005740 15.000000
-0.000913 0.005719 15.000000
-0.001216 0.005681 15.000000
-0.001515 0.005624 15.000000
-0.001810 0.005549 15.000000
-0.002101 0.005457 15.000000
-0.002385 0.005347 15.000000
-0.002662 0.005219 15.000000
-0.002930 0.005075 15.000000
-0.003189 0.004914 15.000000
-0.003438 0.004739 15.000000
-0.003675 0.004548 15.000000
-0.003901 0.004343 15.000000
-0.004113 0.004124 15.000000
-0.004312 0.003893 15.000000
-0.004497 0.003651 15.000000
-0.004667 0.003398 15.000000
-0.004825 0.003137 15.000000
-0.004977 0.002874 15.000000
-0.005129 0.002610 15.000000
-0.005276 0.002342 15.000000
-0.005410 0.002069 15.000000
-0.005528 0.001788 15.000000
-0.005628 0.001500 15.000000
-0.005711 0.001207 15.000000
-0.005776 0.000909 15.000000
-0.005823 0.000608 15.000000
-0.005851 0.000305 15.000000
-0.005860 -0.000000 15.000000
-0.005851 -0.000305 15.000000
-0.005823 -0.000608 15.000000
-0.005776 -0.000909 15.000000
-0.005711 -0.001207 15.000000
-0.005628 -0.001500 15.000000
-0.005528 -0.001788 15.000000
-0.005410 -0.002069 15.000000
-0.005276 -0.002342 15.000000
-0.005129 -0.002610 15.000000
-0.004977 -0.002874 15.000000
-0.004825 -0.003137 15.000000
-0.004667 -0.003398 15.000000
-0.004497 -0.003651 15.000000
-0.004312 -0.003893 15.000000
-0.004113 -0.004124 15.000000
-0.003901 -0.004343 15.000000
-0.003675 -0.004548 15.000000
-0.003438 -0.004739 15.000000
-0.003189 -0.004914 15.000000
-0.002930 -0.005075 15.000000
-0.002662 -0.005219 15.000000
-0.002385 -0.005347 15.000000
-0.002101 -0.005457 15.000000
-0.001810 -0.005549 15.000000
-0.001515 -0.005624 15.000000
-0.001216 -0.005681 15.000000
-0.000913 -0.005719 15.000000
-0.000609 -0.005740 15.000000
-0.000305 -0.005747 15.000000
0.000000 -0.005747 15.000000
0.000305 -0.005747 15.000000
0.000609 -0.005740 15.000000
0.000913 -0.005719 15.000000
0.001216 -0.005681 15.000000
0.001515 -0.005624 15.000000
0.001810 -0.005549 15.000000
0.002101 -0.005457 15.000000
0.002385 -0.005347 15.000000
0.002662 -0.005219 15.000000
0.002930 -0.005075 15.000000
0.003189 -0.004914 15.000000
0.003438 -0.004739 15.000000
0.003675 -0.004548 15.000000
0.003901 -0.004343 15.000000
0.004113 -0.004124 15.000000
0.004312 -0.003893 15.000000
0.004497 -0.003651 15.000000
0.004667 -0.003398 15.000000
0.004825 -0.003137 15.000000
0.004977 -0.002874 15.000000
0.005129 -0.002610 15.000000
0.005276 -0.002342 15.000000
0.005410 -0.002069 15.000000
0.005528 -0.001788 15.000000
0.005628 -0.001500 15.000000
0.005711 -0.001207 15.000000
0.005776 -0.000909 15.000000
0.005823 -0.000608 15.000000
0.005851 -0.000305 15.000000
0.005860 0.000000 15.000000

