0.005838 -0.000000 1.312500
0.005796 0.000140 1.312500
0.005698 0.000250 1.312500
0.005598 0.000356 1.312500
0.005515 0.000477 1.312500
0.005439 0.000603 1.312500
0.005365 0.000729 1.312500
0.005289 0.000854 1.312500
0.005214 0.000980 1.312500
0.005140 0.001107 1.312500
0.005067 0.001234 1.312500
0.004993 0.001360 1.312500
0.004920 0.001487 1.312500
0.004847 0.001614 1.312500
0.004773 0.001741 1.312500
0.004700 0.001868 1.312500
0.004627 0.001994 1.312500
0.004553 0.002121 1.312500
0.004480 0.002248 1.312500
0.004407 0.002375 1.312500
0.004333 0.002502 1.312500
0.004260 0.002629 1.312500
0.004187 0.002756 1.312500
0.004114 0.002883 1.312500
0.004040 0.003009 1.312500
0.003967 0.003136 1.312500
0.003894 0.003263 1.312500
0.003821 0.003390 1.312500
0.003748 0.003517 1.312500
0.003675 0.003644 1.312500
0.003602 0.003771 1.312500
0.003529 0.003898 1.312500
0.003456 0.004026 1.312500
0.003384 0.004153 1.312500
0.003314 0.004282 1.312500
0.003241 0.004409 1.312500
0.003170 0.004537 1.312500
0.003107 0.004670 1.312500
0.003066 0.004810 1.312500
0.003019 0.004949 1.312500
0.002919 0.005056 1.312500
0.002776 0.005089 1.312500
0.002633 0.005060 1.312500
0.002490 0.005026 1.312500
0.002344 0.005014 1.312500
0.002198 0.005012 1.312500
0.002051 0.005010 1.312500
0.001905 0.005008 1.312500
0.001758 0.005006 1.312500
0.001612 0.005005 1.312500
0.001465 0.005005 1.312500
0.001319 0.005004 1.312500
0.001172 0.005004 1.312500
0.001026 0.005004 1.312500
0.000879 0.005004 1.312500
0.000733 0.005004 1.312500
0.000586 0.005004 1.312500
0.000440 0.005004 1.312500
0.000293 0.005004 1.312500
0.000147 0.005004 1.312500
0.000000 0.005003 1.312500
-0.000147 0.005004 1.312500
-0.000293 0.005004 1.312500
-0.000440 0.005004 1.312500
-0.000586 0.005004 1.312500
-0.000733 0.005004 1.312500
-0.000879 0.005004 1.312500
-0.001026 0.005004 1.312500
-0.001172 0.005004 1.312500
-0.001319 0.005004 1.312500
-0.001465 0.005005 1.312500
-0.001612 0.005005 1.312500
-0.001758 0.005006 1.312500
-0.001905 0.005008 1.312500
-0.002051 0.005010 1.312500
-0.002198 0.005012 1.312500
-0.002344 0.005014 1.312500
-0.002490 0.005026 1.312500
-0.002633 0.005060 1.312500
-0.002776 0.005089 1.312500
-0.002919 0.005056 1.312500
-0.003019 0.004949 1.312500
-0.003066 0.004810 1.312500
-0.003107 0.004670 1.312500
-0.003170 0.004537 1.312500
-0.003241 0.004409 1.312500
-0.003314 0.004282 1.312500
-0.003384 0.004153 1.312500
-0.003456 0.004026 1.312500
-0.003529 0.003898 1.312500
-0.003602 0.003771 1.312500
-0.003675 0.003644 1.312500
-0.003748 0.003517 1.312500
-0.003821 0.003390 1.312500
-0.003894 0.003263 1.312500
-0.003967 0.003136 1.312500
-0.004040 0.003009 1.312500
-0.004114 0.002883 1.312500
-0.004187 0.002756 1.312500
-0.004260 0.002629 1.312500
-0.004333 0.002502 1.312500
-0.004407 0.002375 1.312500
-0.004480 0.002248 1.312500
-0.004553 0.002121 1.312500
-0.004627 0.001994 1.312500
-0.004700 0.001868 1.312500
-0.004773 0.001741 1.312500
-0.004847 0.001614 1.312500
-0.004920 0.001487 1.312500
-0.004993 0.001360 1.312500
-0.005067 0.001234 1.312500
-0.005140 0.001107 1.312500
-0.005214 0.000980 1.312500
-0.005289 0.000854 1.312500
-0.005365 0.000729 1.312500
-0.005439 0.000603 1.312500
-0.005515 0.000477 1.312500
-0.005598 0.000356 1.312500
-0.005698 0.000250 1.312500
-0.005796 0.000140 1.312500
-0.005838 0.000000 1.312500
-0.005796 -0.000140 1.312500
-0.005698 -0.000250 1.312500
-0.005598 -0.000356 1.312500
-0.005515 -0.000477 1.312500
-0.005439 -0.000603 1.312500
-0.005365 -0.000729 1.312500
-0.005289 -0.000854 1.312500
-0.005214 -0.000980 1.312500
-0.005140 -0.001107 1.312500
-0.005067 -0.001234 1.312500
-0.004993 -0.001360 1.312500
-0.004920 -0.001487 1.312500
-0.004847 -0.001614 1.312500
-0.004773 -0.001741 1.312500
-0.004700 -0.001868 1.312500
-0.004627 -0.001994 1.312500
-0.004553 -0.002121 1.312500
-0.004480 -0.002248 1.312500
-0.004407 -0.002375 1.312500
-0.004333 -0.002502 1.312500
-0.004260 -0.002629 1.312500
-0.004187 -0.002756 1.312500
-0.004114 -0.002883 1.312500
-0.004040 -0.003009 1.312500
-0.003967 -0.003136 1.312500
-0.003894 -0.003263 1.312500
-0.003821 -0.003390 1.312500
-0.003748 -0.003517 1.312500
-0.003675 -0.003644 1.312500
-0.003602 -0.003771 1.312500
-0.003529 -0.003898 1.312500
-0.003456 -0.004026 1.312500
-0.003384 -0.004153 1.312500
-0.003314 -0.004282 1.312500
-0.003241 -0.004409 1.312500
-0.003170 -0.004537 1.312500
-0.003107 -0.004670 1.312500
-0.003066 -0.004810 1.312500
-0.003019 -0.004949 1.312500
-0.002919 -0.005056 1.312500
-0.002776 -0.005089 1.312500
-0.002633 -0.005060 1.312500
-0.002490 -0.005026 1.312500
-0.002344 -0.005014 1.312500
-0.002198 -0.005012 1.312500
-0.002051 -0.005010 1.312500
-0.001905 -0.005008 1.312500
-0.001758 -0.005006 1.312500
-0.001612 -0.005005 1.312500
-0.001465 -0.005005 1.312500
-0.001319 -0.005004 1.312500
-0.001172 -0.005004 1.312500
-0.001026 -0.005004 1.312500
-0.000879 -0.005004 1.312500
-0.000733 -0.005004 1.312500
-0.000586 -0.005004 1.312500
-0.000440 -0.005004 1.312500
-0.000293 -0.005004 1.312500
-0.000147 -0.005004 1.312500
0.000000 -0.005003 1.312500
0.000147 -0.005004 1.312500
0.000293 -0.005004 1.312500
0.000440 -0.005004 1.312500
0.000586 -0.005004 1.312500
0.000733 -0.005004 1.312500
0.000879 -0.005004 1.312500
0.001026 -0.005004 1.312500
0.001172 -0.005004 1.312500
0.001319 -0.005004 1.312500
0.001465 -0.005005 1.312500
0.001612 -0.005005 1.312500
0.001758 -0.005006 1.312500
0.001905 -0.005008 1.312500
0.002051 -0.005010 1.312500
0.002198 -0.005012 1.312500
0.002344 -0.005014 1.312500
0.002490 -0.005026 1.312500
0.002633 -0.005060 1.312500
0.002776 -0.005089 1.312500
0.002919 -0.005056 1.312500
0.003019 -0.004949 1.312500
0.003066 -0.004810 1.312500
0.003107 -0.004670 1.312500
0.003170 -0.004537 1.312500
0.003241 -0.004409 1.312500
0.003314 -0.004282 1.312500
0.003384 -0.004153 1.312500
0.003456 -0.004026 1.312500
0.003529 -0.003898 1.312500
0.003602 -0.003771 1.312500
0.003675 -0.003644 1.312500
0.003748 -0.003517 1.312500
0.003821 -0.003390 1.312500
0.003894 -0.003263 1.312500
0.003967 -0.003136 1.312500
0.004040 -0.003009 1.312500
0.004114 -0.002883 1.312500
0.004187 -0.002756 1.312500
0.004260 -0.002629 1.312500
0.004333 -0.002502 1.312500
0.004407 -0.002375 1.312500
0.004480 -0.002248 1.312500
0.004553 -0.002121 1.312500
0.004627 -0.001994 1.312500
0.004700 -0.001868 1.312500
0.004773 -0.001741 1.312500
0.004847 -0.001614 1.312500
0.004920 -0.001487 1.312500
0.004993 -0.001360 1.312500
0.005067 -0.001234 1.312500
0.005140 -0.001107 1.312500
0.005214 -0.000980 1.312500
0.005289 -0.000854 1.312500
0.005365 -0.000729 1.312500
0.005439 -0.000603 1.312500
0.005515 -0.000477 1.312500
0.005598 -0.000356 1.312500
0.005698 -0.000250 1.312500
0.005796 -0.000140 1.312500
0.005838 -0.000000 1.312500

