0.019131 0.000000 1188.000000
0.019047 0.000966 1188.000000
0.018800 0.001905 1188.000000
0.018423 0.002798 1188.000000
0.017973 0.003657 1188.000000
0.017512 0.004511 1188.000000
0.017056 0.005367 1188.000000
0.016586 0.006216 1188.000000
0.016105 0.007058 1188.000000
0.015622 0.007899 1188.000000
0.015138 0.008740 1188.000000
0.014652 0.009580 1188.000000
0.014165 0.010418 1188.000000
0.013676 0.011256 1188.000000
0.013176 0.012087 1188.000000
0.012662 0.012910 1188.000000
0.012154 0.013736 1188.000000
0.011635 0.014556 1188.000000
0.011050 0.015329 1188.000000
0.010360 0.016012 1188.000000
0.009566 0.016568 1188.000000
0.008686 0.016978 1188.000000
0.007751 0.017234 1188.000000
0.006788 0.017354 1188.000000
0.005819 0.017394 1188.000000
0.004849 0.017421 1188.000000
0.003880 0.017454 1188.000000
0.002910 0.017472 1188.000000
0.001940 0.017476 1188.000000
0.000970 0.017479 1188.000000
0.000000 0.017480 1188.000000
-0.000970 0.017479 1188.000000
-0.001940 0.017476 1188.000000
-0.002910 0.017472 1188.000000
-0.003880 0.017454 1188.000000
-0.004849 0.017421 1188.000000
-0.005819 0.017394 1188.000000
-0.006788 0.017354 1188.000000
-0.007751 0.017234 1188.000000
-0.008686 0.016978 1188.000000
-0.009566 0.016568 1188.000000
-0.010360 0.016012 1188.000000
-0.011050 0.015329 1188.000000
-0.011635 0.014556 1188.000000
-0.012154 0.013736 1188.000000
-0.012662 0.012910 1188.000000
-0.013176 0.012087 1188.000000
-0.013676 0.011256 1188.000000
-0.014165 0.010418 1188.000000
-0.014652 0.009580 1188.000000
-0.015138 0.008740 1188.000000
-0.015622 0.007899 1188.000000
-0.016105 0.007058 1188.000000
-0.016586 0.006216 1188.000000
-0.017056 0.005367 1188.000000
-0.017512 0.004511 1188.000000
-0.017973 0.003657 1188.000000
-0.018423 0.002798 1188.000000
-0.018800 0.001905 1188.000000
-0.019047 0.000966 1188.000000
-0.019131 0.000000 1188.000000
-0.019047 -0.000966 1188.000000
-0.018800 -0.001905 1188.000000
-0.018423 -0.002798 1188.000000
-0.017973 -0.003657 1188.000000
-0.017512 -0.004511 1188.000000
-0.017056 -0.005367 1188.000000
-0.016586 -0.006216 1188.000000
-0.016105 -0.007058 1188.000000
-0.015622 -0.007899 1188.000000
-0.015138 -0.008740 1188.000000
-0.014652 -0.009580 1188.000000
-0.014165 -0.010418 1188.000000
-0.013676 -0.011256 1188.000000
-0.013176 -0.012087 1188.000000
-0.012662 -0.012910 1188.000000
-0.012154 -0.013736 1188.000000
-0.011635 -0.014556 1188.000000
-0.011050 -0.015329 1188.000000
-0.010360 -0.016012 1188.000000
-0.009566 -0.016568 1188.000000
-0.008686 -0.016978 1188.000000
-0.007751 -0.017234 1188.000000
-0.006788 -0.017354 1188.000000
-0.005819 -0.017394 1188.000000
-0.004849 -0.017421 1188.000000
-0.003880 -0.017454 1188.000000
-0.002910 -0.017472 1188.000000
-0.001940 -0.017476 1188.000000
-0.000970 -0.017479 1188.000000
0.000000 -0.017480 1188.000000
0.000970 -0.017479 1188.000000
0.001940 -0.017476 1188.000000
0.002910 -0.017472 1188.000000
0.003880 -0.017454 1188.000000
0.004849 -0.017421 1188.000000
0.005819 -0.017394 1188.000000
0.006788 -0.017354 1188.000000
0.007751 -0.017234 1188.000000
0.008686 -0.016978 1188.000000
0.009566 -0.016568 1188.000000
0.010360 -0.016012 1188.000000
0.011050 -0.015329 1188.000000
0.011635 -0.014556 1188.000000
0.012154 -0.013736 1188.000000
0.012662 -0.012910 1188.000000
0.013176 -0.012087 1188.000000
0.013676 -0.011256 1188.000000
0.014165 -0.010418 1188.000000
0.014652 -0.009580 1188.000000
0.015138 -0.008740 1188.000000
0.015622 -0.007899 1188.000000
0.016105 -0.007058 1188.000000
0.016586 -0.006216 1188.000000
0.017056 -0.005367 1188.000000
0.017512 -0.004511 1188.000000
0.017973 -0.003657 1188.000000
0.018423 -0.002798 1188.000000
0.018800 -0.001905 1188.000000
0.019047 -0.000966 1188.000000
0.019131 0.000000 1188.000000

