0.020254 0.000000 1511.000000
0.020161 0.001022 1511.000000
0.019892 0.002013 1511.000000
0.019485 0.002955 1511.000000
0.019009 0.003865 1511.000000
0.018528 0.004771 1511.000000
0.018048 0.005679 1511.000000
0.017550 0.006576 1511.000000
0.017041 0.007468 1511.000000
0.016531 0.008359 1511.000000
0.016019 0.009249 1511.000000
0.015505 0.010137 1511.000000
0.014988 0.011024 1511.000000
0.014470 0.011910 1511.000000
0.013942 0.012791 1511.000000
0.013396 0.013660 1511.000000
0.012852 0.014530 1511.000000
0.012302 0.015397 1511.000000
0.011689 0.016221 1511.000000
0.010966 0.016949 1511.000000
0.010127 0.017541 1511.000000
0.009195 0.017971 1511.000000
0.008203 0.018234 1511.000000
0.007183 0.018352 1511.000000
0.006158 0.018395 1511.000000
0.005132 0.018431 1511.000000
0.004106 0.018470 1511.000000
0.003080 0.018487 1511.000000
0.002053 0.018492 1511.000000
0.001027 0.018496 1511.000000
0.000000 0.018497 1511.000000
-0.001027 0.018496 1511.000000
-0.002053 0.018492 1511.000000
-0.003080 0.018487 1511.000000
-0.004106 0.018470 1511.000000
-0.005132 0.018431 1511.000000
-0.006158 0.018395 1511.000000
-0.007183 0.018352 1511.000000
-0.008203 0.018234 1511.000000
-0.009195 0.017971 1511.000000
-0.010127 0.017541 1511.000000
-0.010966 0.016949 1511.000000
-0.011689 0.016221 1511.000000
-0.012302 0.015397 1511.000000
-0.012852 0.014530 1511.000000
-0.013396 0.013660 1511.000000
-0.013942 0.012791 1511.000000
-0.014470 0.011910 1511.000000
-0.014988 0.011024 1511.000000
-0.015505 0.010137 1511.000000
-0.016019 0.009249 1511.000000
-0.016531 0.008359 1511.000000
-0.017041 0.007468 1511.000000
-0.017550 0.006576 1511.000000
-0.018048 0.005679 1511.000000
-0.018528 0.004771 1511.000000
-0.019009 0.003865 1511.000000
-0.019485 0.002955 1511.000000
-0.019892 0.002013 1511.000000
-0.020161 0.001022 1511.000000
-0.020254 0.000000 1511.000000
-0.020161 -0.001022 1511.000000
-0.019892 -0.002013 1511.000000
-0.019485 -0.002955 1511.000000
-0.019009 -0.003865 1511.000000
-0.018528 -0.004771 1511.000000
-0.018048 -0.005679 1511.000000
-0.017550 -0.006576 1511.000000
-0.017041 -0.007468 1511.000000
-0.016531 -0.008359 1511.000000
-0.016019 -0.009249 1511.000000
-0.015505 -0.010137 1511.000000
-0.014988 -0.011024 1511.000000
-0.014470 -0.011910 1511.000000
-0.013942 -0.012791 1511.000000
-0.013396 -0.013660 1511.000000
-0.012852 -0.014530 1511.000000
-0.012302 -0.015397 1511.000000
-0.011689 -0.016221 1511.000000
-0.010966 -0.016949 1511.000000
-0.010127 -0.017541 1511.000000
-0.009195 -0.017971 1511.000000
-0.008203 -0.018234 1511.000000
-0.007183 -0.018352 1511.000000
-0.006158 -0.018395 1511.000000
-0.005132 -0.018431 1511.000000
-0.004106 -0.018470 1511.000000
-0.003080 -0.018487 1511.000000
-0.002053 -0.018492 1511.000000
-0.001027 -0.018496 1511.000000
0.000000 -0.018497 1511.000000
0.001027 -0.018496 1511.000000
0.002053 -0.018492 1511.000000
0.003080 -0.018487 1511.000000
0.004106 -0.018470 1511.000000
0.005132 -0.018431 1511.000000
0.006158 -0.018395 1511.000000
0.007183 -0.018352 1511.000000
0.008203 -0.018234 1511.000000
0.009195 -0.017971 1511.000000
0.010127 -0.017541 1511.000000
0.010966 -0.016949 1511.000000
0.011689 -0.016221 1511.000000
0.012302 -0.015397 1511.000000
0.012852 -0.014530 1511.000000
0.013396 -0.013660 1511.000000
0.013942 -0.012791 1511.000000
0.014470 -0.011910 1511.000000
0.014988 -0.011024 1511.000000
0.015505 -0.010137 1511.000000
0.016019 -0.009249 1511.000000
0.016531 -0.008359 1511.000000
0.017041 -0.007468 1511.000000
0.017550 -0.006576 1511.000000
0.018048 -0.005679 1511.000000
0.018528 -0.004771 1511.000000
0.019009 -0.003865 1511.000000
0.019485 -0.002955 1511.000000
0.019892 -0.002013 1511.000000
0.020161 -0.001022 1511.000000
0.020254 0.000000 1511.000000

