0.017073 0.000000 776.000000
0.017003 0.000864 776.000000
0.016798 0.001706 776.000000
0.016477 0.002511 776.000000
0.016080 0.003281 776.000000
0.015660 0.004039 776.000000
0.015245 0.004800 776.000000
0.014827 0.005558 776.000000
0.014398 0.006311 776.000000
0.013965 0.007062 776.000000
0.013532 0.007813 776.000000
0.013099 0.008563 776.000000
0.012664 0.009313 776.000000
0.012227 0.010061 776.000000
0.011779 0.010803 776.000000
0.011328 0.011543 776.000000
0.010881 0.012285 776.000000
0.010413 0.013014 776.000000
0.009876 0.013695 776.000000
0.009250 0.014294 776.000000
0.008537 0.014786 776.000000
0.007754 0.015157 776.000000
0.006922 0.015401 776.000000
0.006064 0.015525 776.000000
0.005199 0.015566 776.000000
0.004332 0.015581 776.000000
0.003466 0.015603 776.000000
0.002600 0.015620 776.000000
0.001733 0.015624 776.000000
0.000867 0.015625 776.000000
0.000000 0.015626 776.000000
-0.000867 0.015625 776.000000
-0.001733 0.015624 776.000000
-0.002600 0.015620 776.000000
-0.003466 0.015603 776.000000
-0.004332 0.015581 776.000000
-0.005199 0.015566 776.000000
-0.006064 0.015525 776.000000
-0.006922 0.015401 776.000000
-0.007754 0.015157 776.000000
-0.008537 0.014786 776.000000
-0.009250 0.014294 776.000000
-0.009876 0.013695 776.000000
-0.010413 0.013014 776.000000
-0.010881 0.012285 776.000000
-0.011328 0.011543 776.000000
-0.011779 0.010803 776.000000
-0.012227 0.010061 776.000000
-0.012664 0.009313 776.000000
-0.013099 0.008563 776.000000
-0.013532 0.007813 776.000000
-0.013965 0.007062 776.000000
-0.014398 0.006311 776.000000
-0.014827 0.005558 776.000000
-0.015245 0.004800 776.000000
-0.015660 0.004039 776.000000
-0.016080 0.003281 776.000000
-0.016477 0.002511 776.000000
-0.016798 0.001706 776.000000
-0.017003 0.000864 776.000000
-0.017073 0.000000 776.000000
-0.017003 -0.000864 776.000000
-0.016798 -0.001706 776.000000
-0.016477 -0.002511 776.000000
-0.016080 -0.003281 776.000000
-0.015660 -0.004039 776.000000
-0.015245 -0.004800 776.000000
-0.014827 -0.005558 776.000000
-0.014398 -0.006311 776.000000
-0.013965 -0.007062 776.000000
-0.013532 -0.007813 776.000000
-0.013099 -0.008563 776.000000
-0.012664 -0.009313 776.000000
-0.012227 -0.010061 776.000000
-0.011779 -0.010803 776.000000
-0.011328 -0.011543 776.000000
-0.010881 -0.012285 776.000000
-0.010413 -0.013014 776.000000
-0.009876 -0.013695 776.000000
-0.009250 -0.014294 776.000000
-0.008537 -0.014786 776.000000
-0.007754 -0.015157 776.000000
-0.006922 -0.015401 776.000000
-0.006064 -0.015525 776.000000
-0.005199 -0.015566 776.000000
-0.004332 -0.015581 776.000000
-0.003466 -0.015603 776.000000
-0.002600 -0.015620 776.000000
-0.001733 -0.015624 776.000000
-0.000867 -0.015625 776.000000
0.000000 -0.015626 776.000000
0.000867 -0.015625 776.000000
0.001733 -0.015624 776.000000
0.002600 -0.015620 776.000000
0.003466 -0.015603 776.000000
0.004332 -0.015581 776.000000
0.005199 -0.015566 776.000000
0.006064 -0.015525 776.000000
0.006922 -0.015401 776.000000
0.007754 -0.015157 776.000000
0.008537 -0.014786 776.000000
0.009250 -0.014294 776.000000
0.009876 -0.013695 776.000000
0.010413 -0.013014 776.000000
0.010881 -0.012285 776.000000
0.011328 -0.011543 776.000000
0.011779 -0.010803 776.000000
0.012227 -0.010061 776.000000
0.012664 -0.009313 776.000000
0.013099 -0.008563 776.000000
0.013532 -0.007813 776.000000
0.013965 -0.007062 776.000000
0.014398 -0.006311 776.000000
0.014827 -0.005558 776.000000
0.015245 -0.004800 776.000000
0.015660 -0.004039 776.000000
0.016080 -0.003281 776.000000
0.016477 -0.002511 776.000000
0.016798 -0.001706 776.000000
0.017003 -0.000864 776.000000
0.017073 0.000000 776.000000

