0.005211 -0.000000 0.578125
0.005209 0.000135 0.578125
0.005202 0.000269 0.578125
0.005190 0.000403 0.578125
0.005173 0.000536 0.578125
0.005152 0.000669 0.578125
0.005124 0.000801 0.578125
0.005092 0.000931 0.578125
0.005053 0.001060 0.578125
0.005009 0.001187 0.578125
0.004960 0.001313 0.578125
0.004907 0.001436 0.578125
0.004851 0.001559 0.578125
0.004792 0.001680 0.578125
0.004731 0.001799 0.578125
0.004667 0.001918 0.578125
0.004601 0.002035 0.578125
0.004534 0.002151 0.578125
0.004466 0.002268 0.578125
0.004399 0.002384 0.578125
0.004331 0.002501 0.578125
0.004264 0.002617 0.578125
0.004197 0.002734 0.578125
0.004130 0.002851 0.578125
0.004063 0.002967 0.578125
0.003994 0.003083 0.578125
0.003924 0.003197 0.578125
0.003851 0.003310 0.578125
0.003775 0.003422 0.578125
0.003698 0.003532 0.578125
0.003617 0.003639 0.578125
0.003533 0.003744 0.578125
0.003445 0.003846 0.578125
0.003352 0.003944 0.578125
0.003256 0.004037 0.578125
0.003155 0.004127 0.578125
0.003051 0.004212 0.578125
0.002944 0.004293 0.578125
0.002834 0.004371 0.578125
0.002721 0.004444 0.578125
0.002606 0.004513 0.578125
0.002488 0.004578 0.578125
0.002368 0.004639 0.578125
0.002246 0.004696 0.578125
0.002122 0.004748 0.578125
0.001996 0.004796 0.578125
0.001869 0.004838 0.578125
0.001739 0.004875 0.578125
0.001608 0.004906 0.578125
0.001476 0.004931 0.578125
0.001343 0.004952 0.578125
0.001210 0.004968 0.578125
0.001076 0.004981 0.578125
0.000942 0.004990 0.578125
0.000807 0.004997 0.578125
0.000673 0.005001 0.578125
0.000538 0.005002 0.578125
0.000404 0.005002 0.578125
0.000269 0.005002 0.578125
0.000135 0.005002 0.578125
0.000000 0.005002 0.578125
-0.000135 0.005002 0.578125
-0.000269 0.005002 0.578125
-0.000404 0.005002 0.578125
-0.000538 0.005002 0.578125
-0.000673 0.005001 0.578125
-0.000807 0.004997 0.578125
-0.000942 0.004990 0.578125
-0.001076 0.004981 0.578125
-0.001210 0.004968 0.578125
-0.001343 0.004952 0.578125
-0.001476 0.004931 0.578125
-0.001608 0.004906 0.578125
-0.001739 0.004875 0.578125
-0.001869 0.004838 0.578125
-0.001996 0.004796 0.578125
-0.002122 0.004748 0.578125
-0.002246 0.004696 0.578125
-0.002368 0.004639 0.578125
-0.002488 0.004578 0.578125
-0.002606 0.004513 0.578125
-0.002721 0.004444 0.578125
-0.002834 0.004371 0.578125
-0.002944 0.004293 0.578125
-0.003051 0.004212 0.578125
-0.003155 0.004127 0.578125
-0.003256 0.004037 0.578125
-0.003352 0.003944 0.578125
-0.003445 0.003846 0.578125
-0.003533 0.003744 0.578125
-0.003617 0.003639 0.578125
-0.003698 0.003532 0.578125
-0.003775 0.003422 0.578125
-0.003851 0.003310 0.578125
-0.003924 0.003197 0.578125
-0.003994 0.003083 0.578125
-0.004063 0.002967 0.578125
-0.004130 0.002851 0.578125
-0.004197 0.002734 0.578125
-0.004264 0.002617 0.578125
-0.004331 0.002501 0.578125
-0.004399 0.002384 0.578125
-0.004466 0.002268 0.578125
-0.004534 0.002151 0.578125
-0.004601 0.002035 0.578125
-0.004667 0.001918 0.578125
-0.004731 0.001799 0.578125
-0.004792 0.001680 0.578125
-0.004851 0.001559 0.578125
-0.004907 0.001436 0.578125
-0.004960 0.001313 0.578125
-0.005009 0.001187 0.578125
-0.005053 0.001060 0.578125
-0.005092 0.000931 0.578125
-0.005124 0.000801 0.578125
-0.005152 0.000669 0.578125
-0.005173 0.000536 0.578125
-0.005190 0.000403 0.578125
-0.005202 0.000269 0.578125
-0.005209 0.000135 0.578125
-0.005211 0.000000 0.578125
-0.005209 -0.000135 0.578125
-0.005202 -0.000269 0.578125
-0.005190 -0.000403 0.578125
-0.005173 -0.000536 0.578125
-0.005152 -0.000669 0.578125
-0.005124 -0.000801 0.578125
-0.005092 -0.000931 0.578125
-0.005053 -0.001060 0.578125
-0.005009 -0.001187 0.578125
-0.004960 -0.001313 0.578125
-0.004907 -0.001436 0.578125
-0.004851 -0.001559 0.578125
-0.004792 -0.001680 0.578125
-0.004731 -0.001799 0.578125
-0.004667 -0.001918 0.578125
-0.004601 -0.002035 0.578125
-0.004534 -0.002151 0.578125
-0.004466 -0.002268 0.578125
-0.004399 -0.002384 0.578125
-0.004331 -0.002501 0.578125
-0.004264 -0.002617 0.578125
-0.004197 -0.002734 0.578125
-0.004130 -0.002851 0.578125
-0.004063 -0.002967 0.578125
-0.003994 -0.003083 0.578125
-0.003924 -0.003197 0.578125
-0.003851 -0.003310 0.578125
-0.003775 -0.003422 0.578125
-0.003698 -0.003532 0.578125
-0.003617 -0.003639 0.578125
-0.003533 -0.003744 0.578125
-0.003445 -0.003846 0.578125
-0.003352 -0.003944 0.578125
-0.003256 -0.004037 0.578125
-0.003155 -0.004127 0.578125
-0.003051 -0.004212 0.578125
-0.002944 -0.004293 0.578125
-0.002834 -0.004371 0.578125
-0.002721 -0.004444 0.578125
-0.002606 -0.004513 0.578125
-0.002488 -0.004578 0.578125
-0.002368 -0.004639 0.578125
-0.002246 -0.004696 0.578125
-0.002122 -0.004748 0.578125
-0.001996 -0.004796 0.578125
-0.001869 -0.004838 0.578125
-0.001739 -0.004875 0.578125
-0.001608 -0.004906 0.578125
-0.001476 -0.004931 0.578125
-0.001343 -0.004952 0.578125
-0.001210 -0.004968 0.578125
-0.001076 -0.004981 0.578125
-0.000942 -0.004990 0.578125
-0.000807 -0.004997 0.578125
-0.000673 -0.005001 0.578125
-0.000538 -0.005002 0.578125
-0.000404 -0.005002 0.578125
-0.000269 -0.005002 0.578125
-0.000135 -0.005002 0.578125
0.000000 -0.005002 0.578125
0.000135 -0.005002 0.578125
0.000269 -0.005002 0.578125
0.000404 -0.005002 0.578125
0.000538 -0.005002 0.578125
0.000673 -0.005001 0.578125
0.000807 -0.004997 0.578125
0.000942 -0.004990 0.578125
0.001076 -0.004981 0.578125
0.001210 -0.004968 0.578125
0.001343 -0.004952 0.578125
0.001476 -0.004931 0.578125
0.001608 -0.004906 0.578125
0.001739 -0.004875 0.578125
0.001869 -0.004838 0.578125
0.001996 -0.004796 0.578125
0.002122 -0.004748 0.578125
0.002246 -0.004696 0.578125
0.002368 -0.004639 0.578125
0.002488 -0.004578 0.578125
0.002606 -0.004513 0.578125
0.002721 -0.004444 0.578125
0.002834 -0.004371 0.578125
0.002944 -0.004293 0.578125
0.003051 -0.004212 0.578125
0.003155 -0.004127 0.578125
0.003256 -0.004037 0.578125
0.003352 -0.003944 0.578125
0.003445 -0.003846 0.578125
0.003533 -0.003744 0.578125
0.003617 -0.003639 0.578125
0.003698 -0.003532 0.578125
0.003775 -0.003422 0.578125
0.003851 -0.003310 0.578125
0.003924 -0.003197 0.578125
0.003994 -0.003083 0.578125
0.004063 -0.002967 0.578125
0.004130 -0.002851 0.578125
0.004197 -0.002734 0.578125
0.004264 -0.002617 0.578125
0.004331 -0.002501 0.578125
0.004399 -0.002384 0.578125
0.004466 -0.002268 0.578125
0.004534 -0.002151 0.578125
0.004601 -0.002035 0.578125
0.004667 -0.001918 0.578125
0.004731 -0.001799 0.578125
0.004792 -0.001680 0.578125
0.004851 -0.001559 0.578125
0.004907 -0.001436 0.578125
0.004960 -0.001313 0.578125
0.005009 -0.001187 0.578125
0.005053 -0.001060 0.578125
0.005092 -0.000931 0.578125
0.005124 -0.000801 0.578125
0.005152 -0.000669 0.578125
0.005173 -0.000536 0.578125
0.005190 -0.000403 0.578125
0.005202 -0.000269 0.578125
0.005209 -0.000135 0.578125
0.005211 -0.000000 0.578125

