0.018260 0.000000 991.000000
0.018181 0.000923 991.000000
0.017953 0.001820 991.000000
0.017599 0.002676 991.000000
0.017170 0.003497 991.000000
0.016726 0.004310 991.000000
0.016288 0.005126 991.000000
0.015840 0.005937 991.000000
0.015380 0.006741 991.000000
0.014919 0.007544 991.000000
0.014457 0.008347 991.000000
0.013993 0.009148 991.000000
0.013528 0.009949 991.000000
0.013061 0.010749 991.000000
0.012583 0.011543 991.000000
0.012096 0.012330 991.000000
0.011614 0.013121 991.000000
0.011117 0.013903 991.000000
0.010553 0.014637 991.000000
0.009890 0.015284 991.000000
0.009130 0.015813 991.000000
0.008292 0.016207 991.000000
0.007400 0.016458 991.000000
0.006482 0.016579 991.000000
0.005556 0.016619 991.000000
0.004630 0.016640 991.000000
0.003705 0.016669 991.000000
0.002779 0.016686 991.000000
0.001852 0.016690 991.000000
0.000926 0.016692 991.000000
0.000000 0.016693 991.000000
-0.000926 0.016692 991.000000
-0.001852 0.016690 991.000000
-0.002779 0.016686 991.000000
-0.003705 0.016669 991.000000
-0.004630 0.016640 991.000000
-0.005556 0.016619 991.000000
-0.006482 0.016579 991.000000
-0.007400 0.016458 991.000000
-0.008292 0.016207 991.000000
-0.009130 0.015813 991.000000
-0.009890 0.015284 991.000000
-0.010553 0.014637 991.000000
-0.011117 0.013903 991.000000
-0.011614 0.013121 991.000000
-0.012096 0.012330 991.000000
-0.012583 0.011543 991.000000
-0.013061 0.010749 991.000000
-0.013528 0.009949 991.000000
-0.013993 0.009148 991.000000
-0.014457 0.008347 991.000000
-0.014919 0.007544 991.000000
-0.015380 0.006741 991.000000
-0.015840 0.005937 991.000000
-0.016288 0.005126 991.000000
-0.016726 0.004310 991.000000
-0.017170 0.003497 991.000000
-0.017599 0.002676 991.000000
-0.017953 0.001820 991.000000
-0.018181 0.000923 991.000000
-0.018260 0.000000 991.000000
-0.018181 -0.000923 991.000000
-0.017953 -0.001820 991.000000
-0.017599 -0.002676 991.000000
-0.017170 -0.003497 991.000000
-0.016726 -0.004310 991.000000
-0.016288 -0.005126 991.000000
-0.015840 -0.005937 991.000000
-0.015380 -0.006741 991.000000
-0.014919 -0.007544 991.000000
-0.014457 -0.008347 991.000000
-0.013993 -0.009148 991.000000
-0.013528 -0.009949 991.000000
-0.013061 -0.010749 991.000000
-0.012583 -0.011543 991.000000
-0.012096 -0.012330 991.000000
-0.011614 -0.013121 991.000000
-0.011117 -0.013903 991.000000
-0.010553 -0.014637 991.000000
-0.009890 -0.015284 991.000000
-0.009130 -0.015813 991.000000
-0.008292 -0.016207 991.000000
-0.007400 -0.016458 991.000000
-0.006482 -0.016579 991.000000
-0.005556 -0.016619 991.000000
-0.004630 -0.016640 991.000000
-0.003705 -0.016669 991.000000
-0.002779 -0.016686 991.000000
-0.001852 -0.016690 991.000000
-0.000926 -0.016692 991.000000
0.000000 -0.016693 991.000000
0.000926 -0.016692 991.000000
0.001852 -0.016690 991.000000
0.002779 -0.016686 991.000000
0.003705 -0.016669 991.000000
0.004630 -0.016640 991.000000
0.005556 -0.016619 991.000000
0.006482 -0.016579 991.000000
0.007400 -0.016458 991.000000
0.008292 -0.016207 991.000000
0.009130 -0.015813 991.000000
0.009890 -0.015284 991.000000
0.010553 -0.014637 991.000000
0.011117 -0.013903 991.000000
0.011614 -0.013121 991.000000
0.012096 -0.012330 991.000000
0.012583 -0.011543 991.000000
0.013061 -0.010749 991.000000
0.013528 -0.009949 991.000000
0.013993 -0.009148 991.000000
0.014457 -0.008347 991.000000
0.014919 -0.007544 991.000000
0.015380 -0.006741 991.000000
0.015840 -0.005937 991.000000
0.016288 -0.005126 991.000000
0.016726 -0.004310 991.000000
0.017170 -0.003497 991.000000
0.017599 -0.002676 991.000000
0.017953 -0.001820 991.000000
0.018181 -0.000923 991.000000
0.018260 0.000000 991.000000

