0.019636 0.000000 1322.000000
0.019548 0.000991 1322.000000
0.019292 0.001953 1322.000000
0.018901 0.002869 1322.000000
0.018439 0.003751 1322.000000
0.017968 0.004628 1322.000000
0.017502 0.005507 1322.000000
0.017019 0.006378 1322.000000
0.016525 0.007242 1322.000000
0.016031 0.008106 1322.000000
0.015534 0.008969 1322.000000
0.015035 0.009830 1322.000000
0.014535 0.010690 1322.000000
0.014033 0.011550 1322.000000
0.013520 0.012404 1322.000000
0.012992 0.013247 1322.000000
0.012467 0.014093 1322.000000
0.011935 0.014934 1322.000000
0.011337 0.015730 1322.000000
0.010633 0.016433 1322.000000
0.009818 0.017006 1322.000000
0.008915 0.017425 1322.000000
0.007954 0.017684 1322.000000
0.006966 0.017803 1322.000000
0.005971 0.017844 1322.000000
0.004976 0.017875 1322.000000
0.003982 0.017911 1322.000000
0.002986 0.017928 1322.000000
0.001991 0.017932 1322.000000
0.000995 0.017936 1322.000000
0.000000 0.017937 1322.000000
-0.000995 0.017936 1322.000000
-0.001991 0.017932 1322.000000
-0.002986 0.017928 1322.000000
-0.003982 0.017911 1322.000000
-0.004976 0.017875 1322.000000
-0.005971 0.017844 1322.000000
-0.006966 0.017803 1322.000000
-0.007954 0.017684 1322.000000
-0.008915 0.017425 1322.000000
-0.009818 0.017006 1322.000000
-0.010633 0.016433 1322.000000
-0.011337 0.015730 1322.000000
-0.011935 0.014934 1322.000000
-0.012467 0.014093 1322.000000
-0.012992 0.013247 1322.000000
-0.013520 0.012404 1322.000000
-0.014033 0.011550 1322.000000
-0.014535 0.010690 1322.000000
-0.015035 0.009830 1322.000000
-0.015534 0.008969 1322.000000
-0.016031 0.008106 1322.000000
-0.016525 0.007242 1322.000000
-0.017019 0.006378 1322.000000
-0.017502 0.005507 1322.000000
-0.017968 0.004628 1322.000000
-0.018439 0.003751 1322.000000
-0.018901 0.002869 1322.000000
-0.019292 0.001953 1322.000000
-0.019548 0.000991 1322.000000
-0.019636 0.000000 1322.000000
-0.019548 -0.000991 1322.000000
-0.019292 -0.001953 1322.000000
-0.018901 -0.002869 1322.000000
-0.018439 -0.003751 1322.000000
-0.017968 -0.004628 1322.000000
-0.017502 -0.005507 1322.000000
-0.017019 -0.006378 1322.000000
-0.016525 -0.007242 1322.000000
-0.016031 -0.008106 1322.000000
-0.015534 -0.008969 1322.000000
-0.015035 -0.009830 1322.000000
-0.014535 -0.010690 1322.000000
-0.014033 -0.011550 1322.000000
-0.013520 -0.012404 1322.000000
-0.012992 -0.013247 1322.000000
-0.012467 -0.014093 1322.000000
-0.011935 -0.014934 1322.000000
-0.011337 -0.015730 1322.000000
-0.010633 -0.016433 1322.000000
-0.009818 -0.017006 1322.000000
-0.008915 -0.017425 1322.000000
-0.007954 -0.017684 1322.000000
-0.006966 -0.017803 1322.000000
-0.005971 -0.017844 1322.000000
-0.004976 -0.017875 1322.000000
-0.003982 -0.017911 1322.000000
-0.002986 -0.017928 1322.000000
-0.001991 -0.017932 1322.000000
-0.000995 -0.017936 1322.000000
0.000000 -0.017937 1322.000000
0.000995 -0.017936 1322.000000
0.001991 -0.017932 1322.000000
0.002986 -0.017928 1322.000000
0.003982 -0.017911 1322.000000
0.004976 -0.017875 1322.000000
0.005971 -0.017844 1322.000000
0.006966 -0.017803 1322.000000
0.007954 -0.017684 1322.000000
0.008915 -0.017425 1322.000000
0.009818 -0.017006 1322.000000
0.010633 -0.016433 1322.000000
0.011337 -0.015730 1322.000000
0.011935 -0.014934 1322.000000
0.012467 -0.014093 1322.000000
0.012992 -0.013247 1322.000000
0.013520 -0.012404 1322.000000
0.014033 -0.011550 1322.000000
0.014535 -0.010690 1322.000000
0.015035 -0.009830 1322.000000
0.015534 -0.008969 1322.000000
0.016031 -0.008106 1322.000000
0.016525 -0.007242 1322.000000
0.017019 -0.006378 1322.000000
0.017502 -0.005507 1322.000000
0.017968 -0.004628 1322.000000
0.018439 -0.003751 1322.000000
0.018901 -0.002869 1322.000000
0.019292 -0.001953 1322.000000
0.019548 -0.000991 1322.000000
0.019636 0.000000 1322.000000

