0.020954 0.000000 1768.000000
0.020855 0.001057 1768.000000
0.020572 0.002080 1768.000000
0.020147 0.003053 1768.000000
0.019656 0.003995 1768.000000
0.019163 0.004935 1768.000000
0.018668 0.005874 1768.000000
0.018152 0.006802 1768.000000
0.017626 0.007724 1768.000000
0.017099 0.008646 1768.000000
0.016570 0.009566 1768.000000
0.016038 0.010485 1768.000000
0.015502 0.011402 1768.000000
0.014966 0.012319 1768.000000
0.014421 0.013230 1768.000000
0.013855 0.014128 1768.000000
0.013288 0.015025 1768.000000
0.012718 0.015921 1768.000000
0.012088 0.016776 1768.000000
0.011343 0.017533 1768.000000
0.010477 0.018146 1768.000000
0.009512 0.018590 1768.000000
0.008484 0.018856 1768.000000
0.007429 0.018975 1768.000000
0.006369 0.019020 1768.000000
0.005308 0.019063 1768.000000
0.004247 0.019104 1768.000000
0.003185 0.019121 1768.000000
0.002123 0.019126 1768.000000
0.001062 0.019132 1768.000000
-0.000000 0.019133 1768.000000
-0.001062 0.019132 1768.000000
-0.002123 0.019126 1768.000000
-0.003185 0.019121 1768.000000
-0.004247 0.019104 1768.000000
-0.005308 0.019063 1768.000000
-0.006369 0.019020 1768.000000
-0.007429 0.018975 1768.000000
-0.008484 0.018856 1768.000000
-0.009512 0.018590 1768.000000
-0.010477 0.018146 1768.000000
-0.011343 0.017533 1768.000000
-0.012088 0.016776 1768.000000
-0.012718 0.015921 1768.000000
-0.013288 0.015025 1768.000000
-0.013855 0.014128 1768.000000
-0.014421 0.013230 1768.000000
-0.014966 0.012319 1768.000000
-0.015502 0.011402 1768.000000
-0.016038 0.010485 1768.000000
-0.016570 0.009566 1768.000000
-0.017099 0.008646 1768.000000
-0.017626 0.007724 1768.000000
-0.018152 0.006802 1768.000000
-0.018668 0.005874 1768.000000
-0.019163 0.004935 1768.000000
-0.019656 0.003995 1768.000000
-0.020147 0.003053 1768.000000
-0.020572 0.002080 1768.000000
-0.020855 0.001057 1768.000000
-0.020954 0.000000 1768.000000
-0.020855 -0.001057 1768.000000
-0.020572 -0.002080 1768.000000
-0.020147 -0.003053 1768.000000
-0.019656 -0.003995 1768.000000
-0.019163 -0.004935 1768.000000
-0.018668 -0.005874 1768.000000
-0.018152 -0.006802 1768.000000
-0.017626 -0.007724 1768.000000
-0.017099 -0.008646 1768.000000
-0.016570 -0.009566 1768.000000
-0.016038 -0.010485 1768.000000
-0.015502 -0.011402 1768.000000
-0.014966 -0.012319 1768.000000
-0.014421 -0.013230 1768.000000
-0.013855 -0.014128 1768.000000
-0.013288 -0.015025 1768.000000
-0.012718 -0.015921 1768.000000
-0.012088 -0.016776 1768.000000
-0.011343 -0.017533 1768.000000
-0.010477 -0.018146 1768.000000
-0.009512 -0.018590 1768.000000
-0.008484 -0.018856 1768.000000
-0.007429 -0.018975 1768.000000
-0.006369 -0.019020 1768.000000
-0.005308 -0.019063 1768.000000
-0.004247 -0.019104 1768.000000
-0.003185 -0.019121 1768.000000
-0.002123 -0.019126 1768.000000
-0.001062 -0.019132 1768.000000
-0.000000 -0.019133 1768.000000
0.001062 -0.019132 1768.000000
0.002123 -0.019126 1768.000000
0.003185 -0.019121 1768.000000
0.004247 -0.019104 1768.000000
0.005308 -0.019063 1768.000000
0.006369 -0.019020 1768.000000
0.007429 -0.018975 1768.000000
0.008484 -0.018856 1768.000000
0.009512 -0.018590 1768.000000
0.010477 -0.018146 1768.000000
0.011343 -0.017533 1768.000000
0.012088 -0.016776 1768.000000
0.012718 -0.015921 1768.000000
0.013288 -0.015025 1768.000000
0.013855 -0.014128 1768.000000
0.014421 -0.013230 1768.000000
0.014966 -0.012319 1768.000000
0.015502 -0.011402 1768.000000
0.016038 -0.010485 1768.000000
0.016570 -0.009566 1768.000000
0.017099 -0.008646 1768.000000
0.017626 -0.007724 1768.000000
0.018152 -0.006802 1768.000000
0.018668 -0.005874 1768.000000
0.019163 -0.004935 1768.000000
0.019656 -0.003995 1768.000000
0.020147 -0.003053 1768.000000
0.020572 -0.002080 1768.000000
0.020855 -0.001057 1768.000000
0.020954 0.000000 1768.000000

