0.017029 0.000000 769.000000
0.016960 0.000862 769.000000
0.016756 0.001701 769.000000
0.016436 0.002504 769.000000
0.016040 0.003273 769.000000
0.015621 0.004029 769.000000
0.015207 0.004788 769.000000
0.014789 0.005544 769.000000
0.014361 0.006295 769.000000
0.013930 0.007044 769.000000
0.013498 0.007793 769.000000
0.013066 0.008542 769.000000
0.012633 0.009290 769.000000
0.012196 0.010036 769.000000
0.011750 0.010776 769.000000
0.011299 0.011514 769.000000
0.010854 0.012255 769.000000
0.010387 0.012982 769.000000
0.009851 0.013660 769.000000
0.009226 0.014257 769.000000
0.008515 0.014748 769.000000
0.007734 0.015118 769.000000
0.006904 0.015362 769.000000
0.006049 0.015486 769.000000
0.005186 0.015527 769.000000
0.004321 0.015542 769.000000
0.003457 0.015563 769.000000
0.002593 0.015580 769.000000
0.001729 0.015585 769.000000
0.000864 0.015586 769.000000
0.000000 0.015586 769.000000
-0.000864 0.015586 769.000000
-0.001729 0.015585 769.000000
-0.002593 0.015580 769.000000
-0.003457 0.015563 769.000000
-0.004321 0.015542 769.000000
-0.005186 0.015527 769.000000
-0.006049 0.015486 769.000000
-0.006904 0.015362 769.000000
-0.007734 0.015118 769.000000
-0.008515 0.014748 769.000000
-0.009226 0.014257 769.000000
-0.009851 0.013660 769.000000
-0.010387 0.012982 769.000000
-0.010854 0.012255 769.000000
-0.011299 0.011514 769.000000
-0.011750 0.010776 769.000000
-0.012196 0.010036 769.000000
-0.012633 0.009290 769.000000
-0.013066 0.008542 769.000000
-0.013498 0.007793 769.000000
-0.013930 0.007044 769.000000
-0.014361 0.006295 769.000000
-0.014789 0.005544 769.000000
-0.015207 0.004788 769.000000
-0.015621 0.004029 769.000000
-0.016040 0.003273 769.000000
-0.016436 0.002504 769.000000
-0.016756 0.001701 769.000000
-0.016960 0.000862 769.000000
-0.017029 0.000000 769.000000
-0.016960 -0.000862 769.000000
-0.016756 -0.001701 769.000000
-0.016436 -0.002504 769.000000
-0.016040 -0.003273 769.000000
-0.015621 -0.004029 769.000000
-0.015207 -0.004788 769.000000
-0.014789 -0.005544 769.000000
-0.014361 -0.006295 769.000000
-0.013930 -0.007044 769.000000
-0.013498 -0.007793 769.000000
-0.013066 -0.008542 769.000000
-0.012633 -0.009290 769.000000
-0.012196 -0.010036 769.000000
-0.011750 -0.010776 769.000000
-0.011299 -0.011514 769.000000
-0.010854 -0.012255 769.000000
-0.010387 -0.012982 769.000000
-0.009851 -0.013660 769.000000
-0.009226 -0.014257 769.000000
-0.008515 -0.014748 769.000000
-0.007734 -0.015118 769.000000
-0.006904 -0.015362 769.000000
-0.006049 -0.015486 769.000000
-0.005186 -0.015527 769.000000
-0.004321 -0.015542 769.000000
-0.003457 -0.015563 769.000000
-0.002593 -0.015580 769.000000
-0.001729 -0.015585 769.000000
-0.000864 -0.015586 769.000000
0.000000 -0.015586 769.000000
0.000864 -0.015586 769.000000
0.001729 -0.015585 769.000000
0.002593 -0.015580 769.000000
0.003457 -0.015563 769.000000
0.004321 -0.015542 769.000000
0.005186 -0.015527 769.000000
0.006049 -0.015486 769.000000
0.006904 -0.015362 769.000000
0.007734 -0.015118 769.000000
0.008515 -0.014748 769.000000
0.009226 -0.014257 769.000000
0.009851 -0.013660 769.000000
0.010387 -0.012982 769.000000
0.010854 -0.012255 769.000000
0.011299 -0.011514 769.000000
0.011750 -0.010776 769.000000
0.012196 -0.010036 769.000000
0.012633 -0.009290 769.000000
0.013066 -0.008542 769.000000
0.013498 -0.007793 769.000000
0.013930 -0.007044 769.000000
0.014361 -0.006295 769.000000
0.014789 -0.005544 769.000000
0.015207 -0.004788 769.000000
0.015621 -0.004029 769.000000
0.016040 -0.003273 769.000000
0.016436 -0.002504 769.000000
0.016756 -0.001701 769.000000
0.016960 -0.000862 769.000000
0.017029 0.000000 769.000000

