0.006492 -0.000000 0.040776
0.006484 0.000318 0.040776
0.006461 0.000636 0.040776
0.006422 0.000952 0.040776
0.006367 0.001266 0.040776
0.006297 0.001577 0.040776
0.006212 0.001884 0.040776
0.006113 0.002186 0.040776
0.005998 0.002484 0.040776
0.005873 0.002777 0.040776
0.005729 0.003061 0.040776
0.005565 0.003334 0.040776
0.005390 0.003600 0.040776
0.005203 0.003858 0.040776
0.005007 0.004109 0.040776
0.004800 0.004351 0.040776
0.004583 0.004585 0.040776
0.004355 0.004807 0.040776
0.004116 0.005018 0.040776
0.003866 0.005215 0.040776
0.003606 0.005400 0.040776
0.003337 0.005570 0.040776
0.003060 0.005727 0.040776
0.002775 0.005870 0.040776
0.002484 0.005998 0.040776
0.002187 0.006113 0.040776
0.001884 0.006212 0.040776
0.001577 0.006297 0.040776
0.001266 0.006367 0.040776
0.000952 0.006421 0.040776
0.000636 0.006460 0.040776
0.000318 0.006483 0.040776
-0.000000 0.006491 0.040776
-0.000319 0.006482 0.040776
-0.000636 0.006459 0.040776
-0.000953 0.006420 0.040776
-0.001266 0.006365 0.040776
-0.001577 0.006296 0.040776
-0.001884 0.006211 0.040776
-0.002187 0.006111 0.040776
-0.002484 0.005997 0.040776
-0.002776 0.005868 0.040776
-0.003060 0.005725 0.040776
-0.003337 0.005568 0.040776
-0.003606 0.005397 0.040776
-0.003867 0.005214 0.040776
-0.004118 0.005018 0.040776
-0.004359 0.004810 0.040776
-0.004590 0.004590 0.040776
-0.004810 0.004360 0.040776
-0.005018 0.004118 0.040776
-0.005214 0.003867 0.040776
-0.005398 0.003607 0.040776
-0.005568 0.003338 0.040776
-0.005724 0.003060 0.040776
-0.005866 0.002775 0.040776
-0.005994 0.002483 0.040776
-0.006108 0.002186 0.040776
-0.006209 0.001884 0.040776
-0.006294 0.001577 0.040776
-0.006365 0.001266 0.040776
-0.006421 0.000952 0.040776
-0.006460 0.000636 0.040776
-0.006484 0.000319 0.040776
-0.006492 0.000000 0.040776
-0.006484 -0.000318 0.040776
-0.006461 -0.000636 0.040776
-0.006422 -0.000952 0.040776
-0.006367 -0.001266 0.040776
-0.006297 -0.001577 0.040776
-0.006212 -0.001884 0.040776
-0.006113 -0.002186 0.040776
-0.005998 -0.002484 0.040776
-0.005873 -0.002777 0.040776
-0.005729 -0.003061 0.040776
-0.005565 -0.003334 0.040776
-0.005390 -0.003600 0.040776
-0.005203 -0.003858 0.040776
-0.005007 -0.004109 0.040776
-0.004800 -0.004351 0.040776
-0.004583 -0.004585 0.040776
-0.004355 -0.004807 0.040776
-0.004116 -0.005018 0.040776
-0.003866 -0.005215 0.040776
-0.003606 -0.005400 0.040776
-0.003337 -0.005570 0.040776
-0.003060 -0.005727 0.040776
-0.002775 -0.005870 0.040776
-0.002484 -0.005998 0.040776
-0.002187 -0.006113 0.040776
-0.001884 -0.006212 0.040776
-0.001577 -0.006297 0.040776
-0.001266 -0.006367 0.040776
-0.000952 -0.006421 0.040776
-0.000636 -0.006460 0.040776
-0.000318 -0.006483 0.040776
0.000000 -0.006491 0.040776
0.000319 -0.006482 0.040776
0.000636 -0.006459 0.040776
0.000953 -0.006420 0.040776
0.001266 -0.006365 0.040776
0.001577 -0.006296 0.040776
0.001884 -0.006211 0.040776
0.002187 -0.006111 0.040776
0.002484 -0.005997 0.040776
0.002776 -0.005868 0.040776
0.003060 -0.005725 0.040776
0.003337 -0.005568 0.040776
0.003606 -0.005397 0.040776
0.003867 -0.005214 0.040776
0.004118 -0.005018 0.040776
0.004359 -0.004810 0.040776
0.004590 -0.004590 0.040776
0.004810 -0.004360 0.040776
0.005018 -0.004118 0.040776
0.005214 -0.003867 0.040776
0.005398 -0.003607 0.040776
0.005568 -0.003338 0.040776
0.005724 -0.003060 0.040776
0.005866 -0.002775 0.040776
0.005994 -0.002483 0.040776
0.006108 -0.002186 0.040776
0.006209 -0.001884 0.040776
0.006294 -0.001577 0.040776
0.006365 -0.001266 0.040776
0.006421 -0.000952 0.040776
0.006460 -0.000636 0.040776
0.006484 -0.000319 0.040776
0.006492 -0.000000 0.040776
