0.019499 0.000000 1284.000000
0.019412 0.000985 1284.000000
0.019158 0.001940 1284.000000
0.018771 0.002850 1284.000000
0.018312 0.003725 1284.000000
0.017844 0.004596 1284.000000
0.017381 0.005469 1284.000000
0.016902 0.006334 1284.000000
0.016411 0.007192 1284.000000
0.015920 0.008050 1284.000000
0.015427 0.008907 1284.000000
0.014931 0.009762 1284.000000
0.014434 0.010616 1284.000000
0.013936 0.011470 1284.000000
0.013427 0.012318 1284.000000
0.012903 0.013156 1284.000000
0.012382 0.013996 1284.000000
0.011853 0.014831 1284.000000
0.011259 0.015622 1284.000000
0.010559 0.016319 1284.000000
0.009750 0.016887 1284.000000
0.008853 0.017304 1284.000000
0.007899 0.017562 1284.000000
0.006918 0.017681 1284.000000
0.005930 0.017721 1284.000000
0.004942 0.017752 1284.000000
0.003954 0.017787 1284.000000
0.002966 0.017804 1284.000000
0.001977 0.017809 1284.000000
0.000989 0.017812 1284.000000
0.000000 0.017813 1284.000000
-0.000989 0.017812 1284.000000
-0.001977 0.017809 1284.000000
-0.002966 0.017804 1284.000000
-0.003954 0.017787 1284.000000
-0.004942 0.017752 1284.000000
-0.005930 0.017721 1284.000000
-0.006918 0.017681 1284.000000
-0.007899 0.017562 1284.000000
-0.008853 0.017304 1284.000000
-0.009750 0.016887 1284.000000
-0.010559 0.016319 1284.000000
-0.011259 0.015622 1284.000000
-0.011853 0.014831 1284.000000
-0.012382 0.013996 1284.000000
-0.012903 0.013156 1284.000000
-0.013427 0.012318 1284.000000
-0.013936 0.011470 1284.000000
-0.014434 0.010616 1284.000000
-0.014931 0.009762 1284.000000
-0.015427 0.008907 1284.000000
-0.015920 0.008050 1284.000000
-0.016411 0.007192 1284.000000
-0.016902 0.006334 1284.000000
-0.017381 0.005469 1284.000000
-0.017844 0.004596 1284.000000
-0.018312 0.003725 1284.000000
-0.018771 0.002850 1284.000000
-0.019158 0.001940 1284.000000
-0.019412 0.000985 1284.000000
-0.019499 0.000000 1284.000000
-0.019412 -0.000985 1284.000000
-0.019158 -0.001940 1284.000000
-0.018771 -0.002850 1284.000000
-0.018312 -0.003725 1284.000000
-0.017844 -0.004596 1284.000000
-0.017381 -0.005469 1284.000000
-0.016902 -0.006334 1284.000000
-0.016411 -0.007192 1284.000000
-0.015920 -0.008050 1284.000000
-0.015427 -0.008907 1284.000000
-0.014931 -0.009762 1284.000000
-0.014434 -0.010616 1284.000000
-0.013936 -0.011470 1284.000000
-0.013427 -0.012318 1284.000000
-0.012903 -0.013156 1284.000000
-0.012382 -0.013996 1284.000000
-0.011853 -0.014831 1284.000000
-0.011259 -0.015622 1284.000000
-0.010559 -0.016319 1284.000000
-0.009750 -0.016887 1284.000000
-0.008853 -0.017304 1284.000000
-0.007899 -0.017562 1284.000000
-0.006918 -0.017681 1284.000000
-0.005930 -0.017721 1284.000000
-0.004942 -0.017752 1284.000000
-0.003954 -0.017787 1284.000000
-0.002966 -0.017804 1284.000000
-0.001977 -0.017809 1284.000000
-0.000989 -0.017812 1284.000000
0.000000 -0.017813 1284.000000
0.000989 -0.017812 1284.000000
0.001977 -0.017809 1284.000000
0.002966 -0.017804 1284.000000
0.003954 -0.017787 1284.000000
0.004942 -0.017752 1284.000000
0.005930 -0.017721 1284.000000
0.006918 -0.017681 1284.000000
0.007899 -0.017562 1284.000000
0.008853 -0.017304 1284.000000
0.009750 -0.016887 1284.000000
0.010559 -0.016319 1284.000000
0.011259 -0.015622 1284.000000
0.011853 -0.014831 1284.000000
0.012382 -0.013996 1284.000000
0.012903 -0.013156 1284.000000
0.013427 -0.012318 1284.000000
0.013936 -0.011470 1284.000000
0.014434 -0.010616 1284.000000
0.014931 -0.009762 1284.000000
0.015427 -0.008907 1284.000000
0.015920 -0.008050 1284.000000
0.016411 -0.007192 1284.000000
0.016902 -0.006334 1284.000000
0.017381 -0.005469 1284.000000
0.017844 -0.004596 1284.000000
0.018312 -0.003725 1284.000000
0.018771 -0.002850 1284.000000
0.019158 -0.001940 1284.000000
0.019412 -0.000985 1284.000000
0.019499 0.000000 1284.000000

