0.018670 0.000000 1079.000000
0.018589 0.000943 1079.000000
0.018352 0.001860 1079.000000
0.017987 0.002734 1079.000000
0.017548 0.003573 1079.000000
0.017096 0.004405 1079.000000
0.016649 0.005239 1079.000000
0.016191 0.006068 1079.000000
0.015721 0.006890 1079.000000
0.015250 0.007711 1079.000000
0.014778 0.008532 1079.000000
0.014303 0.009351 1079.000000
0.013828 0.010170 1079.000000
0.013351 0.010988 1079.000000
0.012862 0.011799 1079.000000
0.012362 0.012603 1079.000000
0.011868 0.013411 1079.000000
0.011361 0.014210 1079.000000
0.010787 0.014963 1079.000000
0.010112 0.015627 1079.000000
0.009335 0.016169 1079.000000
0.008478 0.016570 1079.000000
0.007565 0.016823 1079.000000
0.006626 0.016944 1079.000000
0.005680 0.016984 1079.000000
0.004734 0.017008 1079.000000
0.003787 0.017039 1079.000000
0.002841 0.017056 1079.000000
0.001894 0.017060 1079.000000
0.000947 0.017063 1079.000000
0.000000 0.017064 1079.000000
-0.000947 0.017063 1079.000000
-0.001894 0.017060 1079.000000
-0.002841 0.017056 1079.000000
-0.003787 0.017039 1079.000000
-0.004734 0.017008 1079.000000
-0.005680 0.016984 1079.000000
-0.006626 0.016944 1079.000000
-0.007565 0.016823 1079.000000
-0.008478 0.016570 1079.000000
-0.009335 0.016169 1079.000000
-0.010112 0.015627 1079.000000
-0.010787 0.014963 1079.000000
-0.011361 0.014210 1079.000000
-0.011868 0.013411 1079.000000
-0.012362 0.012603 1079.000000
-0.012862 0.011799 1079.000000
-0.013351 0.010988 1079.000000
-0.013828 0.010170 1079.000000
-0.014303 0.009351 1079.000000
-0.014778 0.008532 1079.000000
-0.015250 0.007711 1079.000000
-0.015721 0.006890 1079.000000
-0.016191 0.006068 1079.000000
-0.016649 0.005239 1079.000000
-0.017096 0.004405 1079.000000
-0.017548 0.003573 1079.000000
-0.017987 0.002734 1079.000000
-0.018352 0.001860 1079.000000
-0.018589 0.000943 1079.000000
-0.018670 0.000000 1079.000000
-0.018589 -0.000943 1079.000000
-0.018352 -0.001860 1079.000000
-0.017987 -0.002734 1079.000000
-0.017548 -0.003573 1079.000000
-0.017096 -0.004405 1079.000000
-0.016649 -0.005239 1079.000000
-0.016191 -0.006068 1079.000000
-0.015721 -0.006890 1079.000000
-0.015250 -0.007711 1079.000000
-0.014778 -0.008532 1079.000000
-0.014303 -0.009351 1079.000000
-0.013828 -0.010170 1079.000000
-0.013351 -0.010988 1079.000000
-0.012862 -0.011799 1079.000000
-0.012362 -0.012603 1079.000000
-0.011868 -0.013411 1079.000000
-0.011361 -0.014210 1079.000000
-0.010787 -0.014963 1079.000000
-0.010112 -0.015627 1079.000000
-0.009335 -0.016169 1079.000000
-0.008478 -0.016570 1079.000000
-0.007565 -0.016823 1079.000000
-0.006626 -0.016944 1079.000000
-0.005680 -0.016984 1079.000000
-0.004734 -0.017008 1079.000000
-0.003787 -0.017039 1079.000000
-0.002841 -0.017056 1079.000000
-0.001894 -0.017060 1079.000000
-0.000947 -0.017063 1079.000000
0.000000 -0.017064 1079.000000
0.000947 -0.017063 1079.000000
0.001894 -0.017060 1079.000000
0.002841 -0.017056 1079.000000
0.003787 -0.017039 1079.000000
0.004734 -0.017008 1079.000000
0.005680 -0.016984 1079.000000
0.006626 -0.016944 1079.000000
0.007565 -0.016823 1079.000000
0.008478 -0.016570 1079.000000
0.009335 -0.016169 1079.000000
0.010112 -0.015627 1079.000000
0.010787 -0.014963 1079.000000
0.011361 -0.014210 1079.000000
0.011868 -0.013411 1079.000000
0.012362 -0.012603 1079.000000
0.012862 -0.011799 1079.000000
0.013351 -0.010988 1079.000000
0.013828 -0.010170 1079.000000
0.014303 -0.009351 1079.000000
0.014778 -0.008532 1079.000000
0.015250 -0.007711 1079.000000
0.015721 -0.006890 1079.000000
0.016191 -0.006068 1079.000000
0.016649 -0.005239 1079.000000
0.017096 -0.004405 1079.000000
0.017548 -0.003573 1079.000000
0.017987 -0.002734 1079.000000
0.018352 -0.001860 1079.000000
0.018589 -0.000943 1079.000000
0.018670 0.000000 1079.000000

