0.016130 0.000000 638.000000
0.016066 0.000817 638.000000
0.015880 0.001614 638.000000
0.015585 0.002379 638.000000
0.015215 0.003109 638.000000
0.014815 0.003825 638.000000
0.014419 0.004542 638.000000
0.014023 0.005259 638.000000
0.013618 0.005971 638.000000
0.013209 0.006681 638.000000
0.012800 0.007390 638.000000
0.012390 0.008099 638.000000
0.011980 0.008808 638.000000
0.011566 0.009515 638.000000
0.011143 0.010217 638.000000
0.010720 0.010918 638.000000
0.010300 0.011622 638.000000
0.009853 0.012308 638.000000
0.009338 0.012945 638.000000
0.008741 0.013506 638.000000
0.008065 0.013969 638.000000
0.007326 0.014322 638.000000
0.006542 0.014560 638.000000
0.005733 0.014687 638.000000
0.004915 0.014731 638.000000
0.004096 0.014743 638.000000
0.003277 0.014758 638.000000
0.002458 0.014774 638.000000
0.001638 0.014779 638.000000
0.000819 0.014780 638.000000
0.000000 0.014780 638.000000
-0.000819 0.014780 638.000000
-0.001638 0.014779 638.000000
-0.002458 0.014774 638.000000
-0.003277 0.014758 638.000000
-0.004096 0.014743 638.000000
-0.004915 0.014731 638.000000
-0.005733 0.014687 638.000000
-0.006542 0.014560 638.000000
-0.007326 0.014322 638.000000
-0.008065 0.013969 638.000000
-0.008741 0.013506 638.000000
-0.009338 0.012945 638.000000
-0.009853 0.012308 638.000000
-0.010300 0.011622 638.000000
-0.010720 0.010918 638.000000
-0.011143 0.010217 638.000000
-0.011566 0.009515 638.000000
-0.011980 0.008808 638.000000
-0.012390 0.008099 638.000000
-0.012800 0.007390 638.000000
-0.013209 0.006681 638.000000
-0.013618 0.005971 638.000000
-0.014023 0.005259 638.000000
-0.014419 0.004542 638.000000
-0.014815 0.003825 638.000000
-0.015215 0.003109 638.000000
-0.015585 0.002379 638.000000
-0.015880 0.001614 638.000000
-0.016066 0.000817 638.000000
-0.016130 0.000000 638.000000
-0.016066 -0.000817 638.000000
-0.015880 -0.001614 638.000000
-0.015585 -0.002379 638.000000
-0.015215 -0.003109 638.000000
-0.014815 -0.003825 638.000000
-0.014419 -0.004542 638.000000
-0.014023 -0.005259 638.000000
-0.013618 -0.005971 638.000000
-0.013209 -0.006681 638.000000
-0.012800 -0.007390 638.000000
-0.012390 -0.008099 638.000000
-0.011980 -0.008808 638.000000
-0.011566 -0.009515 638.000000
-0.011143 -0.010217 638.000000
-0.010720 -0.010918 638.000000
-0.010300 -0.011622 638.000000
-0.009853 -0.012308 638.000000
-0.009338 -0.012945 638.000000
-0.008741 -0.013506 638.000000
-0.008065 -0.013969 638.000000
-0.007326 -0.014322 638.000000
-0.006542 -0.014560 638.000000
-0.005733 -0.014687 638.000000
-0.004915 -0.014731 638.000000
-0.004096 -0.014743 638.000000
-0.003277 -0.014758 638.000000
-0.002458 -0.014774 638.000000
-0.001638 -0.014779 638.000000
-0.000819 -0.014780 638.000000
0.000000 -0.014780 638.000000
0.000819 -0.014780 638.000000
0.001638 -0.014779 638.000000
0.002458 -0.014774 638.000000
0.003277 -0.014758 638.000000
0.004096 -0.014743 638.000000
0.004915 -0.014731 638.000000
0.005733 -0.014687 638.000000
0.006542 -0.014560 638.000000
0.007326 -0.014322 638.000000
0.008065 -0.013969 638.000000
0.008741 -0.013506 638.000000
0.009338 -0.012945 638.000000
0.009853 -0.012308 638.000000
0.010300 -0.011622 638.000000
0.010720 -0.010918 638.000000
0.011143 -0.010217 638.000000
0.011566 -0.009515 638.000000
0.011980 -0.008808 638.000000
0.012390 -0.008099 638.000000
0.012800 -0.007390 638.000000
0.013209 -0.006681 638.000000
0.013618 -0.005971 638.000000
0.014023 -0.005259 638.000000
0.014419 -0.004542 638.000000
0.014815 -0.003825 638.000000
0.015215 -0.003109 638.000000
0.015585 -0.002379 638.000000
0.015880 -0.001614 638.000000
0.016066 -0.000817 638.000000
0.016130 0.000000 638.000000

