0.021024 0.000000 1797.000000
0.020925 0.001061 1797.000000
0.020641 0.002087 1797.000000
0.020214 0.003063 1797.000000
0.019721 0.004008 1797.000000
0.019227 0.004951 1797.000000
0.018730 0.005894 1797.000000
0.018212 0.006825 1797.000000
0.017685 0.007750 1797.000000
0.017157 0.008675 1797.000000
0.016625 0.009598 1797.000000
0.016091 0.010521 1797.000000
0.015554 0.011440 1797.000000
0.015016 0.012360 1797.000000
0.014469 0.013274 1797.000000
0.013901 0.014175 1797.000000
0.013332 0.015075 1797.000000
0.012760 0.015974 1797.000000
0.012128 0.016832 1797.000000
0.011381 0.017592 1797.000000
0.010512 0.018207 1797.000000
0.009544 0.018652 1797.000000
0.008513 0.018919 1797.000000
0.007454 0.019038 1797.000000
0.006390 0.019083 1797.000000
0.005325 0.019126 1797.000000
0.004261 0.019168 1797.000000
0.003196 0.019185 1797.000000
0.002131 0.019190 1797.000000
0.001065 0.019196 1797.000000
-0.000000 0.019197 1797.000000
-0.001065 0.019196 1797.000000
-0.002131 0.019190 1797.000000
-0.003196 0.019185 1797.000000
-0.004261 0.019168 1797.000000
-0.005325 0.019126 1797.000000
-0.006390 0.019083 1797.000000
-0.007454 0.019038 1797.000000
-0.008513 0.018919 1797.000000
-0.009544 0.018652 1797.000000
-0.010512 0.018207 1797.000000
-0.011381 0.017592 1797.000000
-0.012128 0.016832 1797.000000
-0.012760 0.015974 1797.000000
-0.013332 0.015075 1797.000000
-0.013901 0.014175 1797.000000
-0.014469 0.013274 1797.000000
-0.015016 0.012360 1797.000000
-0.015554 0.011440 1797.000000
-0.016091 0.010521 1797.000000
-0.016625 0.009598 1797.000000
-0.017157 0.008675 1797.000000
-0.017685 0.007750 1797.000000
-0.018212 0.006825 1797.000000
-0.018730 0.005894 1797.000000
-0.019227 0.004951 1797.000000
-0.019721 0.004008 1797.000000
-0.020214 0.003063 1797.000000
-0.020641 0.002087 1797.000000
-0.020925 0.001061 1797.000000
-0.021024 0.000000 1797.000000
-0.020925 -0.001061 1797.000000
-0.020641 -0.002087 1797.000000
-0.020214 -0.003063 1797.000000
-0.019721 -0.004008 1797.000000
-0.019227 -0.004951 1797.000000
-0.018730 -0.005894 1797.000000
-0.018212 -0.006825 1797.000000
-0.017685 -0.007750 1797.000000
-0.017157 -0.008675 1797.000000
-0.016625 -0.009598 1797.000000
-0.016091 -0.010521 1797.000000
-0.015554 -0.011440 1797.000000
-0.015016 -0.012360 1797.000000
-0.014469 -0.013274 1797.000000
-0.013901 -0.014175 1797.000000
-0.013332 -0.015075 1797.000000
-0.012760 -0.015974 1797.000000
-0.012128 -0.016832 1797.000000
-0.011381 -0.017592 1797.000000
-0.010512 -0.018207 1797.000000
-0.009544 -0.018652 1797.000000
-0.008513 -0.018919 1797.000000
-0.007454 -0.019038 1797.000000
-0.006390 -0.019083 1797.000000
-0.005325 -0.019126 1797.000000
-0.004261 -0.019168 1797.000000
-0.003196 -0.019185 1797.000000
-0.002131 -0.019190 1797.000000
-0.001065 -0.019196 1797.000000
-0.000000 -0.019197 1797.000000
0.001065 -0.019196 1797.000000
0.002131 -0.019190 1797.000000
0.003196 -0.019185 1797.000000
0.004261 -0.019168 1797.000000
0.005325 -0.019126 1797.000000
0.006390 -0.019083 1797.000000
0.007454 -0.019038 1797.000000
0.008513 -0.018919 1797.000000
0.009544 -0.018652 1797.000000
0.010512 -0.018207 1797.000000
0.011381 -0.017592 1797.000000
0.012128 -0.016832 1797.000000
0.012760 -0.015974 1797.000000
0.013332 -0.015075 1797.000000
0.013901 -0.014175 1797.000000
0.014469 -0.013274 1797.000000
0.015016 -0.012360 1797.000000
0.015554 -0.011440 1797.000000
0.016091 -0.010521 1797.000000
0.016625 -0.009598 1797.000000
0.017157 -0.008675 1797.000000
0.017685 -0.007750 1797.000000
0.018212 -0.006825 1797.000000
0.018730 -0.005894 1797.000000
0.019227 -0.004951 1797.000000
0.019721 -0.004008 1797.000000
0.020214 -0.003063 1797.000000
0.020641 -0.002087 1797.000000
0.020925 -0.001061 1797.000000
0.021024 0.000000 1797.000000

