0.019466 0.000000 1275.000000
0.019379 0.000983 1275.000000
0.019126 0.001937 1275.000000
0.018740 0.002845 1275.000000
0.018282 0.003719 1275.000000
0.017814 0.004588 1275.000000
0.017352 0.005460 1275.000000
0.016873 0.006323 1275.000000
0.016384 0.007180 1275.000000
0.015893 0.008036 1275.000000
0.015401 0.008892 1275.000000
0.014906 0.009746 1275.000000
0.014410 0.010599 1275.000000
0.013913 0.011451 1275.000000
0.013404 0.012297 1275.000000
0.012881 0.013134 1275.000000
0.012362 0.013973 1275.000000
0.011834 0.014806 1275.000000
0.011240 0.015595 1275.000000
0.010541 0.016291 1275.000000
0.009733 0.016858 1275.000000
0.008838 0.017274 1275.000000
0.007886 0.017532 1275.000000
0.006906 0.017651 1275.000000
0.005920 0.017692 1275.000000
0.004934 0.017722 1275.000000
0.003947 0.017757 1275.000000
0.002961 0.017774 1275.000000
0.001974 0.017779 1275.000000
0.000987 0.017782 1275.000000
0.000000 0.017783 1275.000000
-0.000987 0.017782 1275.000000
-0.001974 0.017779 1275.000000
-0.002961 0.017774 1275.000000
-0.003947 0.017757 1275.000000
-0.004934 0.017722 1275.000000
-0.005920 0.017692 1275.000000
-0.006906 0.017651 1275.000000
-0.007886 0.017532 1275.000000
-0.008838 0.017274 1275.000000
-0.009733 0.016858 1275.000000
-0.010541 0.016291 1275.000000
-0.011240 0.015595 1275.000000
-0.011834 0.014806 1275.000000
-0.012362 0.013973 1275.000000
-0.012881 0.013134 1275.000000
-0.013404 0.012297 1275.000000
-0.013913 0.011451 1275.000000
-0.014410 0.010599 1275.000000
-0.014906 0.009746 1275.000000
-0.015401 0.008892 1275.000000
-0.015893 0.008036 1275.000000
-0.016384 0.007180 1275.000000
-0.016873 0.006323 1275.000000
-0.017352 0.005460 1275.000000
-0.017814 0.004588 1275.000000
-0.018282 0.003719 1275.000000
-0.018740 0.002845 1275.000000
-0.019126 0.001937 1275.000000
-0.019379 0.000983 1275.000000
-0.019466 0.000000 1275.000000
-0.019379 -0.000983 1275.000000
-0.019126 -0.001937 1275.000000
-0.018740 -0.002845 1275.000000
-0.018282 -0.003719 1275.000000
-0.017814 -0.004588 1275.000000
-0.017352 -0.005460 1275.000000
-0.016873 -0.006323 1275.000000
-0.016384 -0.007180 1275.000000
-0.015893 -0.008036 1275.000000
-0.015401 -0.008892 1275.000000
-0.014906 -0.009746 1275.000000
-0.014410 -0.010599 1275.000000
-0.013913 -0.011451 1275.000000
-0.013404 -0.012297 1275.000000
-0.012881 -0.013134 1275.000000
-0.012362 -0.013973 1275.000000
-0.011834 -0.014806 1275.000000
-0.011240 -0.015595 1275.000000
-0.010541 -0.016291 1275.000000
-0.009733 -0.016858 1275.000000
-0.008838 -0.017274 1275.000000
-0.007886 -0.017532 1275.000000
-0.006906 -0.017651 1275.000000
-0.005920 -0.017692 1275.000000
-0.004934 -0.017722 1275.000000
-0.003947 -0.017757 1275.000000
-0.002961 -0.017774 1275.000000
-0.001974 -0.017779 1275.000000
-0.000987 -0.017782 1275.000000
0.000000 -0.017783 1275.000000
0.000987 -0.017782 1275.000000
0.001974 -0.017779 1275.000000
0.002961 -0.017774 1275.000000
0.003947 -0.017757 1275.000000
0.004934 -0.017722 1275.000000
0.005920 -0.017692 1275.000000
0.006906 -0.017651 1275.000000
0.007886 -0.017532 1275.000000
0.008838 -0.017274 1275.000000
0.009733 -0.016858 1275.000000
0.010541 -0.016291 1275.000000
0.011240 -0.015595 1275.000000
0.011834 -0.014806 1275.000000
0.012362 -0.013973 1275.000000
0.012881 -0.013134 1275.000000
0.013404 -0.012297 1275.000000
0.013913 -0.011451 1275.000000
0.014410 -0.010599 1275.000000
0.014906 -0.009746 1275.000000
0.015401 -0.008892 1275.000000
0.015893 -0.008036 1275.000000
0.016384 -0.007180 1275.000000
0.016873 -0.006323 1275.000000
0.017352 -0.005460 1275.000000
0.017814 -0.004588 1275.000000
0.018282 -0.003719 1275.000000
0.018740 -0.002845 1275.000000
0.019126 -0.001937 1275.000000
0.019379 -0.000983 1275.000000
0.019466 0.000000 1275.000000

