0.018516 0.000000 1045.000000
0.018436 0.000936 1045.000000
0.018202 0.001845 1045.000000
0.017841 0.002712 1045.000000
0.017406 0.003544 1045.000000
0.016957 0.004369 1045.000000
0.016514 0.005197 1045.000000
0.016059 0.006019 1045.000000
0.015593 0.006834 1045.000000
0.015126 0.007649 1045.000000
0.014657 0.008462 1045.000000
0.014187 0.009275 1045.000000
0.013715 0.010087 1045.000000
0.013242 0.010898 1045.000000
0.012757 0.011703 1045.000000
0.012262 0.012501 1045.000000
0.011773 0.013302 1045.000000
0.011269 0.014095 1045.000000
0.010699 0.014841 1045.000000
0.010028 0.015498 1045.000000
0.009258 0.016036 1045.000000
0.008408 0.016434 1045.000000
0.007503 0.016686 1045.000000
0.006572 0.016807 1045.000000
0.005634 0.016846 1045.000000
0.004695 0.016870 1045.000000
0.003756 0.016900 1045.000000
0.002817 0.016917 1045.000000
0.001878 0.016921 1045.000000
0.000939 0.016924 1045.000000
0.000000 0.016925 1045.000000
-0.000939 0.016924 1045.000000
-0.001878 0.016921 1045.000000
-0.002817 0.016917 1045.000000
-0.003756 0.016900 1045.000000
-0.004695 0.016870 1045.000000
-0.005634 0.016846 1045.000000
-0.006572 0.016807 1045.000000
-0.007503 0.016686 1045.000000
-0.008408 0.016434 1045.000000
-0.009258 0.016036 1045.000000
-0.010028 0.015498 1045.000000
-0.010699 0.014841 1045.000000
-0.011269 0.014095 1045.000000
-0.011773 0.013302 1045.000000
-0.012262 0.012501 1045.000000
-0.012757 0.011703 1045.000000
-0.013242 0.010898 1045.000000
-0.013715 0.010087 1045.000000
-0.014187 0.009275 1045.000000
-0.014657 0.008462 1045.000000
-0.015126 0.007649 1045.000000
-0.015593 0.006834 1045.000000
-0.016059 0.006019 1045.000000
-0.016514 0.005197 1045.000000
-0.016957 0.004369 1045.000000
-0.017406 0.003544 1045.000000
-0.017841 0.002712 1045.000000
-0.018202 0.001845 1045.000000
-0.018436 0.000936 1045.000000
-0.018516 0.000000 1045.000000
-0.018436 -0.000936 1045.000000
-0.018202 -0.001845 1045.000000
-0.017841 -0.002712 1045.000000
-0.017406 -0.003544 1045.000000
-0.016957 -0.004369 1045.000000
-0.016514 -0.005197 1045.000000
-0.016059 -0.006019 1045.000000
-0.015593 -0.006834 1045.000000
-0.015126 -0.007649 1045.000000
-0.014657 -0.008462 1045.000000
-0.014187 -0.009275 1045.000000
-0.013715 -0.010087 1045.000000
-0.013242 -0.010898 1045.000000
-0.012757 -0.011703 1045.000000
-0.012262 -0.012501 1045.000000
-0.011773 -0.013302 1045.000000
-0.011269 -0.014095 1045.000000
-0.010699 -0.014841 1045.000000
-0.010028 -0.015498 1045.000000
-0.009258 -0.016036 1045.000000
-0.008408 -0.016434 1045.000000
-0.007503 -0.016686 1045.000000
-0.006572 -0.016807 1045.000000
-0.005634 -0.016846 1045.000000
-0.004695 -0.016870 1045.000000
-0.003756 -0.016900 1045.000000
-0.002817 -0.016917 1045.000000
-0.001878 -0.016921 1045.000000
-0.000939 -0.016924 1045.000000
0.000000 -0.016925 1045.000000
0.000939 -0.016924 1045.000000
0.001878 -0.016921 1045.000000
0.002817 -0.016917 1045.000000
0.003756 -0.016900 1045.000000
0.004695 -0.016870 1045.000000
0.005634 -0.016846 1045.000000
0.006572 -0.016807 1045.000000
0.007503 -0.016686 1045.000000
0.008408 -0.016434 1045.000000
0.009258 -0.016036 1045.000000
0.010028 -0.015498 1045.000000
0.010699 -0.014841 1045.000000
0.011269 -0.014095 1045.000000
0.011773 -0.013302 1045.000000
0.012262 -0.012501 1045.000000
0.012757 -0.011703 1045.000000
0.013242 -0.010898 1045.000000
0.013715 -0.010087 1045.000000
0.014187 -0.009275 1045.000000
0.014657 -0.008462 1045.000000
0.015126 -0.007649 1045.000000
0.015593 -0.006834 1045.000000
0.016059 -0.006019 1045.000000
0.016514 -0.005197 1045.000000
0.016957 -0.004369 1045.000000
0.017406 -0.003544 1045.000000
0.017841 -0.002712 1045.000000
0.018202 -0.001845 1045.000000
0.018436 -0.000936 1045.000000
0.018516 0.000000 1045.000000

