0.019046 0.000000 1167.000000
0.018962 0.000962 1167.000000
0.018718 0.001896 1167.000000
0.018342 0.002786 1167.000000
0.017894 0.003642 1167.000000
0.017435 0.004491 1167.000000
0.016981 0.005344 1167.000000
0.016513 0.006189 1167.000000
0.016034 0.007027 1167.000000
0.015554 0.007865 1167.000000
0.015072 0.008702 1167.000000
0.014588 0.009537 1167.000000
0.014102 0.010372 1167.000000
0.013616 0.011207 1167.000000
0.013118 0.012034 1167.000000
0.012607 0.012854 1167.000000
0.012101 0.013676 1167.000000
0.011584 0.014492 1167.000000
0.011001 0.015262 1167.000000
0.010314 0.015941 1167.000000
0.009523 0.016495 1167.000000
0.008648 0.016903 1167.000000
0.007717 0.017158 1167.000000
0.006758 0.017278 1167.000000
0.005793 0.017318 1167.000000
0.004828 0.017345 1167.000000
0.003863 0.017378 1167.000000
0.002897 0.017395 1167.000000
0.001931 0.017399 1167.000000
0.000966 0.017402 1167.000000
0.000000 0.017403 1167.000000
-0.000966 0.017402 1167.000000
-0.001931 0.017399 1167.000000
-0.002897 0.017395 1167.000000
-0.003863 0.017378 1167.000000
-0.004828 0.017345 1167.000000
-0.005793 0.017318 1167.000000
-0.006758 0.017278 1167.000000
-0.007717 0.017158 1167.000000
-0.008648 0.016903 1167.000000
-0.009523 0.016495 1167.000000
-0.010314 0.015941 1167.000000
-0.011001 0.015262 1167.000000
-0.011584 0.014492 1167.000000
-0.012101 0.013676 1167.000000
-0.012607 0.012854 1167.000000
-0.013118 0.012034 1167.000000
-0.013616 0.011207 1167.000000
-0.014102 0.010372 1167.000000
-0.014588 0.009537 1167.000000
-0.015072 0.008702 1167.000000
-0.015554 0.007865 1167.000000
-0.016034 0.007027 1167.000000
-0.016513 0.006189 1167.000000
-0.016981 0.005344 1167.000000
-0.017435 0.004491 1167.000000
-0.017894 0.003642 1167.000000
-0.018342 0.002786 1167.000000
-0.018718 0.001896 1167.000000
-0.018962 0.000962 1167.000000
-0.019046 0.000000 1167.000000
-0.018962 -0.000962 1167.000000
-0.018718 -0.001896 1167.000000
-0.018342 -0.002786 1167.000000
-0.017894 -0.003642 1167.000000
-0.017435 -0.004491 1167.000000
-0.016981 -0.005344 1167.000000
-0.016513 -0.006189 1167.000000
-0.016034 -0.007027 1167.000000
-0.015554 -0.007865 1167.000000
-0.015072 -0.008702 1167.000000
-0.014588 -0.009537 1167.000000
-0.014102 -0.010372 1167.000000
-0.013616 -0.011207 1167.000000
-0.013118 -0.012034 1167.000000
-0.012607 -0.012854 1167.000000
-0.012101 -0.013676 1167.000000
-0.011584 -0.014492 1167.000000
-0.011001 -0.015262 1167.000000
-0.010314 -0.015941 1167.000000
-0.009523 -0.016495 1167.000000
-0.008648 -0.016903 1167.000000
-0.007717 -0.017158 1167.000000
-0.006758 -0.017278 1167.000000
-0.005793 -0.017318 1167.000000
-0.004828 -0.017345 1167.000000
-0.003863 -0.017378 1167.000000
-0.002897 -0.017395 1167.000000
-0.001931 -0.017399 1167.000000
-0.000966 -0.017402 1167.000000
0.000000 -0.017403 1167.000000
0.000966 -0.017402 1167.000000
0.001931 -0.017399 1167.000000
0.002897 -0.017395 1167.000000
0.003863 -0.017378 1167.000000
0.004828 -0.017345 1167.000000
0.005793 -0.017318 1167.000000
0.006758 -0.017278 1167.000000
0.007717 -0.017158 1167.000000
0.008648 -0.016903 1167.000000
0.009523 -0.016495 1167.000000
0.010314 -0.015941 1167.000000
0.011001 -0.015262 1167.000000
0.011584 -0.014492 1167.000000
0.012101 -0.013676 1167.000000
0.012607 -0.012854 1167.000000
0.013118 -0.012034 1167.000000
0.013616 -0.011207 1167.000000
0.014102 -0.010372 1167.000000
0.014588 -0.009537 1167.000000
0.015072 -0.008702 1167.000000
0.015554 -0.007865 1167.000000
0.016034 -0.007027 1167.000000
0.016513 -0.006189 1167.000000
0.016981 -0.005344 1167.000000
0.017435 -0.004491 1167.000000
0.017894 -0.003642 1167.000000
0.018342 -0.002786 1167.000000
0.018718 -0.001896 1167.000000
0.018962 -0.000962 1167.000000
0.019046 0.000000 1167.000000

