0.020615 0.000000 1637.000000
0.020519 0.001040 1637.000000
0.020243 0.002048 1637.000000
0.019827 0.003006 1637.000000
0.019343 0.003932 1637.000000
0.018855 0.004856 1637.000000
0.018368 0.005780 1637.000000
0.017860 0.006693 1637.000000
0.017342 0.007600 1637.000000
0.016824 0.008507 1637.000000
0.016303 0.009412 1637.000000
0.015780 0.010317 1637.000000
0.015253 0.011219 1637.000000
0.014726 0.012121 1637.000000
0.014189 0.013017 1637.000000
0.013633 0.013901 1637.000000
0.013076 0.014785 1637.000000
0.012516 0.015667 1637.000000
0.011895 0.016507 1637.000000
0.011161 0.017250 1637.000000
0.010307 0.017853 1637.000000
0.009359 0.018290 1637.000000
0.008348 0.018555 1637.000000
0.007310 0.018673 1637.000000
0.006266 0.018717 1637.000000
0.005222 0.018757 1637.000000
0.004179 0.018797 1637.000000
0.003134 0.018814 1637.000000
0.002089 0.018819 1637.000000
0.001045 0.018824 1637.000000
-0.000000 0.018825 1637.000000
-0.001045 0.018824 1637.000000
-0.002089 0.018819 1637.000000
-0.003134 0.018814 1637.000000
-0.004179 0.018797 1637.000000
-0.005222 0.018757 1637.000000
-0.006266 0.018717 1637.000000
-0.007310 0.018673 1637.000000
-0.008348 0.018555 1637.000000
-0.009359 0.018290 1637.000000
-0.010307 0.017853 1637.000000
-0.011161 0.017250 1637.000000
-0.011895 0.016507 1637.000000
-0.012516 0.015667 1637.000000
-0.013076 0.014785 1637.000000
-0.013633 0.013901 1637.000000
-0.014189 0.013017 1637.000000
-0.014726 0.012121 1637.000000
-0.015253 0.011219 1637.000000
-0.015780 0.010317 1637.000000
-0.016303 0.009412 1637.000000
-0.016824 0.008507 1637.000000
-0.017342 0.007600 1637.000000
-0.017860 0.006693 1637.000000
-0.018368 0.005780 1637.000000
-0.018855 0.004856 1637.000000
-0.019343 0.003932 1637.000000
-0.019827 0.003006 1637.000000
-0.020243 0.002048 1637.000000
-0.020519 0.001040 1637.000000
-0.020615 0.000000 1637.000000
-0.020519 -0.001040 1637.000000
-0.020243 -0.002048 1637.000000
-0.019827 -0.003006 1637.000000
-0.019343 -0.003932 1637.000000
-0.018855 -0.004856 1637.000000
-0.018368 -0.005780 1637.000000
-0.017860 -0.006693 1637.000000
-0.017342 -0.007600 1637.000000
-0.016824 -0.008507 1637.000000
-0.016303 -0.009412 1637.000000
-0.015780 -0.010317 1637.000000
-0.015253 -0.011219 1637.000000
-0.014726 -0.012121 1637.000000
-0.014189 -0.013017 1637.000000
-0.013633 -0.013901 1637.000000
-0.013076 -0.014785 1637.000000
-0.012516 -0.015667 1637.000000
-0.011895 -0.016507 1637.000000
-0.011161 -0.017250 1637.000000
-0.010307 -0.017853 1637.000000
-0.009359 -0.018290 1637.000000
-0.008348 -0.018555 1637.000000
-0.007310 -0.018673 1637.000000
-0.006266 -0.018717 1637.000000
-0.005222 -0.018757 1637.000000
-0.004179 -0.018797 1637.000000
-0.003134 -0.018814 1637.000000
-0.002089 -0.018819 1637.000000
-0.001045 -0.018824 1637.000000
-0.000000 -0.018825 1637.000000
0.001045 -0.018824 1637.000000
0.002089 -0.018819 1637.000000
0.003134 -0.018814 1637.000000
0.004179 -0.018797 1637.000000
0.005222 -0.018757 1637.000000
0.006266 -0.018717 1637.000000
0.007310 -0.018673 1637.000000
0.008348 -0.018555 1637.000000
0.009359 -0.018290 1637.000000
0.010307 -0.017853 1637.000000
0.011161 -0.017250 1637.000000
0.011895 -0.016507 1637.000000
0.012516 -0.015667 1637.000000
0.013076 -0.014785 1637.000000
0.013633 -0.013901 1637.000000
0.014189 -0.013017 1637.000000
0.014726 -0.012121 1637.000000
0.015253 -0.011219 1637.000000
0.015780 -0.010317 1637.000000
0.016303 -0.009412 1637.000000
0.016824 -0.008507 1637.000000
0.017342 -0.007600 1637.000000
0.017860 -0.006693 1637.000000
0.018368 -0.005780 1637.000000
0.018855 -0.004856 1637.000000
0.019343 -0.003932 1637.000000
0.019827 -0.003006 1637.000000
0.020243 -0.002048 1637.000000
0.020519 -0.001040 1637.000000
0.020615 0.000000 1637.000000

