0.020647 0.000000 1649.000000
0.020551 0.001042 1649.000000
0.020275 0.002051 1649.000000
0.019857 0.003010 1649.000000
0.019373 0.003938 1649.000000
0.018884 0.004863 1649.000000
0.018396 0.005789 1649.000000
0.017888 0.006703 1649.000000
0.017369 0.007612 1649.000000
0.016851 0.008521 1649.000000
0.016328 0.009427 1649.000000
0.015804 0.010333 1649.000000
0.015277 0.011236 1649.000000
0.014749 0.012140 1649.000000
0.014211 0.013037 1649.000000
0.013654 0.013923 1649.000000
0.013097 0.014808 1649.000000
0.012536 0.015692 1649.000000
0.011913 0.016533 1649.000000
0.011178 0.017277 1649.000000
0.010324 0.017881 1649.000000
0.009373 0.018319 1649.000000
0.008361 0.018584 1649.000000
0.007322 0.018702 1649.000000
0.006276 0.018746 1649.000000
0.005231 0.018786 1649.000000
0.004185 0.018826 1649.000000
0.003139 0.018843 1649.000000
0.002093 0.018848 1649.000000
0.001046 0.018853 1649.000000
-0.000000 0.018854 1649.000000
-0.001046 0.018853 1649.000000
-0.002093 0.018848 1649.000000
-0.003139 0.018843 1649.000000
-0.004185 0.018826 1649.000000
-0.005231 0.018786 1649.000000
-0.006276 0.018746 1649.000000
-0.007322 0.018702 1649.000000
-0.008361 0.018584 1649.000000
-0.009373 0.018319 1649.000000
-0.010324 0.017881 1649.000000
-0.011178 0.017277 1649.000000
-0.011913 0.016533 1649.000000
-0.012536 0.015692 1649.000000
-0.013097 0.014808 1649.000000
-0.013654 0.013923 1649.000000
-0.014211 0.013037 1649.000000
-0.014749 0.012140 1649.000000
-0.015277 0.011236 1649.000000
-0.015804 0.010333 1649.000000
-0.016328 0.009427 1649.000000
-0.016851 0.008521 1649.000000
-0.017369 0.007612 1649.000000
-0.017888 0.006703 1649.000000
-0.018396 0.005789 1649.000000
-0.018884 0.004863 1649.000000
-0.019373 0.003938 1649.000000
-0.019857 0.003010 1649.000000
-0.020275 0.002051 1649.000000
-0.020551 0.001042 1649.000000
-0.020647 0.000000 1649.000000
-0.020551 -0.001042 1649.000000
-0.020275 -0.002051 1649.000000
-0.019857 -0.003010 1649.000000
-0.019373 -0.003938 1649.000000
-0.018884 -0.004863 1649.000000
-0.018396 -0.005789 1649.000000
-0.017888 -0.006703 1649.000000
-0.017369 -0.007612 1649.000000
-0.016851 -0.008521 1649.000000
-0.016328 -0.009427 1649.000000
-0.015804 -0.010333 1649.000000
-0.015277 -0.011236 1649.000000
-0.014749 -0.012140 1649.000000
-0.014211 -0.013037 1649.000000
-0.013654 -0.013923 1649.000000
-0.013097 -0.014808 1649.000000
-0.012536 -0.015692 1649.000000
-0.011913 -0.016533 1649.000000
-0.011178 -0.017277 1649.000000
-0.010324 -0.017881 1649.000000
-0.009373 -0.018319 1649.000000
-0.008361 -0.018584 1649.000000
-0.007322 -0.018702 1649.000000
-0.006276 -0.018746 1649.000000
-0.005231 -0.018786 1649.000000
-0.004185 -0.018826 1649.000000
-0.003139 -0.018843 1649.000000
-0.002093 -0.018848 1649.000000
-0.001046 -0.018853 1649.000000
-0.000000 -0.018854 1649.000000
0.001046 -0.018853 1649.000000
0.002093 -0.018848 1649.000000
0.003139 -0.018843 1649.000000
0.004185 -0.018826 1649.000000
0.005231 -0.018786 1649.000000
0.006276 -0.018746 1649.000000
0.007322 -0.018702 1649.000000
0.008361 -0.018584 1649.000000
0.009373 -0.018319 1649.000000
0.010324 -0.017881 1649.000000
0.011178 -0.017277 1649.000000
0.011913 -0.016533 1649.000000
0.012536 -0.015692 1649.000000
0.013097 -0.014808 1649.000000
0.013654 -0.013923 1649.000000
0.014211 -0.013037 1649.000000
0.014749 -0.012140 1649.000000
0.015277 -0.011236 1649.000000
0.015804 -0.010333 1649.000000
0.016328 -0.009427 1649.000000
0.016851 -0.008521 1649.000000
0.017369 -0.007612 1649.000000
0.017888 -0.006703 1649.000000
0.018396 -0.005789 1649.000000
0.018884 -0.004863 1649.000000
0.019373 -0.003938 1649.000000
0.019857 -0.003010 1649.000000
0.020275 -0.002051 1649.000000
0.020551 -0.001042 1649.000000
0.020647 0.000000 1649.000000

