0.019707 0.000000 1342.000000
0.019618 0.000995 1342.000000
0.019360 0.001960 1342.000000
0.018967 0.002879 1342.000000
0.018503 0.003763 1342.000000
0.018032 0.004644 1342.000000
0.017564 0.005527 1342.000000
0.017080 0.006400 1342.000000
0.016584 0.007268 1342.000000
0.016088 0.008135 1342.000000
0.015589 0.009001 1342.000000
0.015089 0.009865 1342.000000
0.014586 0.010728 1342.000000
0.014083 0.011591 1342.000000
0.013568 0.012448 1342.000000
0.013038 0.013294 1342.000000
0.012511 0.014143 1342.000000
0.011976 0.014987 1342.000000
0.011377 0.015786 1342.000000
0.010671 0.016492 1342.000000
0.009853 0.017066 1342.000000
0.008947 0.017487 1342.000000
0.007982 0.017746 1342.000000
0.006991 0.017865 1342.000000
0.005992 0.017906 1342.000000
0.004994 0.017938 1342.000000
0.003996 0.017974 1342.000000
0.002997 0.017992 1342.000000
0.001998 0.017996 1342.000000
0.000999 0.018000 1342.000000
-0.000000 0.018001 1342.000000
-0.000999 0.018000 1342.000000
-0.001998 0.017996 1342.000000
-0.002997 0.017992 1342.000000
-0.003996 0.017974 1342.000000
-0.004994 0.017938 1342.000000
-0.005992 0.017906 1342.000000
-0.006991 0.017865 1342.000000
-0.007982 0.017746 1342.000000
-0.008947 0.017487 1342.000000
-0.009853 0.017066 1342.000000
-0.010671 0.016492 1342.000000
-0.011377 0.015786 1342.000000
-0.011976 0.014987 1342.000000
-0.012511 0.014143 1342.000000
-0.013038 0.013294 1342.000000
-0.013568 0.012448 1342.000000
-0.014083 0.011591 1342.000000
-0.014586 0.010728 1342.000000
-0.015089 0.009865 1342.000000
-0.015589 0.009001 1342.000000
-0.016088 0.008135 1342.000000
-0.016584 0.007268 1342.000000
-0.017080 0.006400 1342.000000
-0.017564 0.005527 1342.000000
-0.018032 0.004644 1342.000000
-0.018503 0.003763 1342.000000
-0.018967 0.002879 1342.000000
-0.019360 0.001960 1342.000000
-0.019618 0.000995 1342.000000
-0.019707 0.000000 1342.000000
-0.019618 -0.000995 1342.000000
-0.019360 -0.001960 1342.000000
-0.018967 -0.002879 1342.000000
-0.018503 -0.003763 1342.000000
-0.018032 -0.004644 1342.000000
-0.017564 -0.005527 1342.000000
-0.017080 -0.006400 1342.000000
-0.016584 -0.007268 1342.000000
-0.016088 -0.008135 1342.000000
-0.015589 -0.009001 1342.000000
-0.015089 -0.009865 1342.000000
-0.014586 -0.010728 1342.000000
-0.014083 -0.011591 1342.000000
-0.013568 -0.012448 1342.000000
-0.013038 -0.013294 1342.000000
-0.012511 -0.014143 1342.000000
-0.011976 -0.014987 1342.000000
-0.011377 -0.015786 1342.000000
-0.010671 -0.016492 1342.000000
-0.009853 -0.017066 1342.000000
-0.008947 -0.017487 1342.000000
-0.007982 -0.017746 1342.000000
-0.006991 -0.017865 1342.000000
-0.005992 -0.017906 1342.000000
-0.004994 -0.017938 1342.000000
-0.003996 -0.017974 1342.000000
-0.002997 -0.017992 1342.000000
-0.001998 -0.017996 1342.000000
-0.000999 -0.018000 1342.000000
-0.000000 -0.018001 1342.000000
0.000999 -0.018000 1342.000000
0.001998 -0.017996 1342.000000
0.002997 -0.017992 1342.000000
0.003996 -0.017974 1342.000000
0.004994 -0.017938 1342.000000
0.005992 -0.017906 1342.000000
0.006991 -0.017865 1342.000000
0.007982 -0.017746 1342.000000
0.008947 -0.017487 1342.000000
0.009853 -0.017066 1342.000000
0.010671 -0.016492 1342.000000
0.011377 -0.015786 1342.000000
0.011976 -0.014987 1342.000000
0.012511 -0.014143 1342.000000
0.013038 -0.013294 1342.000000
0.013568 -0.012448 1342.000000
0.014083 -0.011591 1342.000000
0.014586 -0.010728 1342.000000
0.015089 -0.009865 1342.000000
0.015589 -0.009001 1342.000000
0.016088 -0.008135 1342.000000
0.016584 -0.007268 1342.000000
0.017080 -0.006400 1342.000000
0.017564 -0.005527 1342.000000
0.018032 -0.004644 1342.000000
0.018503 -0.003763 1342.000000
0.018967 -0.002879 1342.000000
0.019360 -0.001960 1342.000000
0.019618 -0.000995 1342.000000
0.019707 0.000000 1342.000000

