0.006021 -0.000000 1.621528
0.005971 0.000143 1.621528
0.005874 0.000260 1.621528
0.005781 0.000379 1.621528
0.005692 0.000502 1.621528
0.005599 0.000622 1.621528
0.005496 0.000734 1.621528
0.005391 0.000843 1.621528
0.005290 0.000956 1.621528
0.005195 0.001074 1.621528
0.005108 0.001198 1.621528
0.005025 0.001326 1.621528
0.004946 0.001455 1.621528
0.004868 0.001585 1.621528
0.004790 0.001715 1.621528
0.004714 0.001846 1.621528
0.004638 0.001977 1.621528
0.004562 0.002108 1.621528
0.004486 0.002240 1.621528
0.004410 0.002371 1.621528
0.004334 0.002502 1.621528
0.004258 0.002633 1.621528
0.004182 0.002765 1.621528
0.004107 0.002896 1.621528
0.004031 0.003028 1.621528
0.003956 0.003159 1.621528
0.003881 0.003291 1.621528
0.003806 0.003423 1.621528
0.003733 0.003556 1.621528
0.003661 0.003689 1.621528
0.003592 0.003824 1.621528
0.003528 0.003962 1.621528
0.003473 0.004103 1.621528
0.003426 0.004247 1.621528
0.003383 0.004393 1.621528
0.003338 0.004538 1.621528
0.003281 0.004678 1.621528
0.003219 0.004817 1.621528
0.003162 0.004957 1.621528
0.003109 0.005099 1.621528
0.003011 0.005215 1.621528
0.002862 0.005242 1.621528
0.002712 0.005217 1.621528
0.002562 0.005196 1.621528
0.002411 0.005181 1.621528
0.002261 0.005159 1.621528
0.002113 0.005127 1.621528
0.001966 0.005090 1.621528
0.001817 0.005059 1.621528
0.001667 0.005036 1.621528
0.001516 0.005023 1.621528
0.001365 0.005015 1.621528
0.001213 0.005010 1.621528
0.001062 0.005008 1.621528
0.000910 0.005006 1.621528
0.000758 0.005005 1.621528
0.000607 0.005005 1.621528
0.000455 0.005005 1.621528
0.000303 0.005004 1.621528
0.000152 0.005004 1.621528
0.000000 0.005004 1.621528
-0.000152 0.005004 1.621528
-0.000303 0.005004 1.621528
-0.000455 0.005005 1.621528
-0.000607 0.005005 1.621528
-0.000758 0.005005 1.621528
-0.000910 0.005006 1.621528
-0.001062 0.005008 1.621528
-0.001213 0.005010 1.621528
-0.001365 0.005015 1.621528
-0.001516 0.005023 1.621528
-0.001667 0.005036 1.621528
-0.001817 0.005059 1.621528
-0.001966 0.005090 1.621528
-0.002113 0.005127 1.621528
-0.002261 0.005159 1.621528
-0.002411 0.005181 1.621528
-0.002562 0.005196 1.621528
-0.002712 0.005217 1.621528
-0.002862 0.005242 1.621528
-0.003011 0.005215 1.621528
-0.003109 0.005099 1.621528
-0.003162 0.004957 1.621528
-0.003219 0.004817 1.621528
-0.003281 0.004678 1.621528
-0.003338 0.004538 1.621528
-0.003383 0.004393 1.621528
-0.003426 0.004247 1.621528
-0.003473 0.004103 1.621528
-0.003528 0.003962 1.621528
-0.003592 0.003824 1.621528
-0.003661 0.003689 1.621528
-0.003733 0.003556 1.621528
-0.003806 0.003423 1.621528
-0.003881 0.003291 1.621528
-0.003956 0.003159 1.621528
-0.004031 0.003028 1.621528
-0.004107 0.002896 1.621528
-0.004182 0.002765 1.621528
-0.004258 0.002633 1.621528
-0.004334 0.002502 1.621528
-0.004410 0.002371 1.621528
-0.004486 0.002240 1.621528
-0.004562 0.002108 1.621528
-0.004638 0.001977 1.621528
-0.004714 0.001846 1.621528
-0.004790 0.001715 1.621528
-0.004868 0.001585 1.621528
-0.004946 0.001455 1.621528
-0.005025 0.001326 1.621528
-0.005108 0.001198 1.621528
-0.005195 0.001074 1.621528
-0.005290 0.000956 1.621528
-0.005391 0.000843 1.621528
-0.005496 0.000734 1.621528
-0.005599 0.000622 1.621528
-0.005692 0.000502 1.621528
-0.005781 0.000379 1.621528
-0.005874 0.000260 1.621528
-0.005971 0.000143 1.621528
-0.006021 0.000000 1.621528
-0.005971 -0.000143 1.621528
-0.005874 -0.000260 1.621528
-0.005781 -0.000379 1.621528
-0.005692 -0.000502 1.621528
-0.005599 -0.000622 1.621528
-0.005496 -0.000734 1.621528
-0.005391 -0.000843 1.621528
-0.005290 -0.000956 1.621528
-0.005195 -0.001074 1.621528
-0.005108 -0.001198 1.621528
-0.005025 -0.001326 1.621528
-0.004946 -0.001455 1.621528
-0.004868 -0.001585 1.621528
-0.004790 -0.001715 1.621528
-0.004714 -0.001846 1.621528
-0.004638 -0.001977 1.621528
-0.004562 -0.002108 1.621528
-0.004486 -0.002240 1.621528
-0.004410 -0.002371 1.621528
-0.004334 -0.002502 1.621528
-0.004258 -0.002633 1.621528
-0.004182 -0.002765 1.621528
-0.004107 -0.002896 1.621528
-0.004031 -0.003028 1.621528
-0.003956 -0.003159 1.621528
-0.003881 -0.003291 1.621528
-0.003806 -0.003423 1.621528
-0.003733 -0.003556 1.621528
-0.003661 -0.003689 1.621528
-0.003592 -0.003824 1.621528
-0.003528 -0.003962 1.621528
-0.003473 -0.004103 1.621528
-0.003426 -0.004247 1.621528
-0.003383 -0.004393 1.621528
-0.003338 -0.004538 1.621528
-0.003281 -0.004678 1.621528
-0.003219 -0.004817 1.621528
-0.003162 -0.004957 1.621528
-0.003109 -0.005099 1.621528
-0.003011 -0.005215 1.621528
-0.002862 -0.005242 1.621528
-0.002712 -0.005217 1.621528
-0.002562 -0.005196 1.621528
-0.002411 -0.005181 1.621528
-0.002261 -0.005159 1.621528
-0.002113 -0.005127 1.621528
-0.001966 -0.005090 1.621528
-0.001817 -0.005059 1.621528
-0.001667 -0.005036 1.621528
-0.001516 -0.005023 1.621528
-0.001365 -0.005015 1.621528
-0.001213 -0.005010 1.621528
-0.001062 -0.005008 1.621528
-0.000910 -0.005006 1.621528
-0.000758 -0.005005 1.621528
-0.000607 -0.005005 1.621528
-0.000455 -0.005005 1.621528
-0.000303 -0.005004 1.621528
-0.000152 -0.005004 1.621528
0.000000 -0.005004 1.621528
0.000152 -0.005004 1.621528
0.000303 -0.005004 1.621528
0.000455 -0.005005 1.621528
0.000607 -0.005005 1.621528
0.000758 -0.005005 1.621528
0.000910 -0.005006 1.621528
0.001062 -0.005008 1.621528
0.001213 -0.005010 1.621528
0.001365 -0.005015 1.621528
0.001516 -0.005023 1.621528
0.001667 -0.005036 1.621528
0.001817 -0.005059 1.621528
0.001966 -0.005090 1.621528
0.002113 -0.005127 1.621528
0.002261 -0.005159 1.621528
0.002411 -0.005181 1.621528
0.002562 -0.005196 1.621528
0.002712 -0.005217 1.621528
0.002862 -0.005242 1.621528
0.003011 -0.005215 1.621528
0.003109 -0.005099 1.621528
0.003162 -0.004957 1.621528
0.003219 -0.004817 1.621528
0.003281 -0.004678 1.621528
0.003338 -0.004538 1.621528
0.003383 -0.004393 1.621528
0.003426 -0.004247 1.621528
0.003473 -0.004103 1.621528
0.003528 -0.003962 1.621528
0.003592 -0.003824 1.621528
0.003661 -0.003689 1.621528
0.003733 -0.003556 1.621528
0.003806 -0.003423 1.621528
0.003881 -0.003291 1.621528
0.003956 -0.003159 1.621528
0.004031 -0.003028 1.621528
0.004107 -0.002896 1.621528
0.004182 -0.002765 1.621528
0.004258 -0.002633 1.621528
0.004334 -0.002502 1.621528
0.004410 -0.002371 1.621528
0.004486 -0.002240 1.621528
0.004562 -0.002108 1.621528
0.004638 -0.001977 1.621528
0.004714 -0.001846 1.621528
0.004790 -0.001715 1.621528
0.004868 -0.001585 1.621528
0.004946 -0.001455 1.621528
0.005025 -0.001326 1.621528
0.005108 -0.001198 1.621528
0.005195 -0.001074 1.621528
0.005290 -0.000956 1.621528
0.005391 -0.000843 1.621528
0.005496 -0.000734 1.621528
0.005599 -0.000622 1.621528
0.005692 -0.000502 1.621528
0.005781 -0.000379 1.621528
0.005874 -0.000260 1.621528
0.005971 -0.000143 1.621528
0.006021 -0.000000 1.621528

