0.020688 0.000000 1664.000000
0.020591 0.001044 1664.000000
0.020314 0.002055 1664.000000
0.019895 0.003016 1664.000000
0.019410 0.003945 1664.000000
0.018921 0.004873 1664.000000
0.018432 0.005800 1664.000000
0.017923 0.006716 1664.000000
0.017403 0.007627 1664.000000
0.016883 0.008537 1664.000000
0.016360 0.009445 1664.000000
0.015835 0.010353 1664.000000
0.015306 0.011258 1664.000000
0.014778 0.012163 1664.000000
0.014239 0.013063 1664.000000
0.013680 0.013950 1664.000000
0.013122 0.014837 1664.000000
0.012560 0.015722 1664.000000
0.011936 0.016565 1664.000000
0.011200 0.017311 1664.000000
0.010344 0.017916 1664.000000
0.009392 0.018355 1664.000000
0.008377 0.018619 1664.000000
0.007336 0.018738 1664.000000
0.006288 0.018782 1664.000000
0.005241 0.018822 1664.000000
0.004193 0.018863 1664.000000
0.003145 0.018879 1664.000000
0.002097 0.018885 1664.000000
0.001048 0.018890 1664.000000
-0.000000 0.018891 1664.000000
-0.001048 0.018890 1664.000000
-0.002097 0.018885 1664.000000
-0.003145 0.018879 1664.000000
-0.004193 0.018863 1664.000000
-0.005241 0.018822 1664.000000
-0.006288 0.018782 1664.000000
-0.007336 0.018738 1664.000000
-0.008377 0.018619 1664.000000
-0.009392 0.018355 1664.000000
-0.010344 0.017916 1664.000000
-0.011200 0.017311 1664.000000
-0.011936 0.016565 1664.000000
-0.012560 0.015722 1664.000000
-0.013122 0.014837 1664.000000
-0.013680 0.013950 1664.000000
-0.014239 0.013063 1664.000000
-0.014778 0.012163 1664.000000
-0.015306 0.011258 1664.000000
-0.015835 0.010353 1664.000000
-0.016360 0.009445 1664.000000
-0.016883 0.008537 1664.000000
-0.017403 0.007627 1664.000000
-0.017923 0.006716 1664.000000
-0.018432 0.005800 1664.000000
-0.018921 0.004873 1664.000000
-0.019410 0.003945 1664.000000
-0.019895 0.003016 1664.000000
-0.020314 0.002055 1664.000000
-0.020591 0.001044 1664.000000
-0.020688 0.000000 1664.000000
-0.020591 -0.001044 1664.000000
-0.020314 -0.002055 1664.000000
-0.019895 -0.003016 1664.000000
-0.019410 -0.003945 1664.000000
-0.018921 -0.004873 1664.000000
-0.018432 -0.005800 1664.000000
-0.017923 -0.006716 1664.000000
-0.017403 -0.007627 1664.000000
-0.016883 -0.008537 1664.000000
-0.016360 -0.009445 1664.000000
-0.015835 -0.010353 1664.000000
-0.015306 -0.011258 1664.000000
-0.014778 -0.012163 1664.000000
-0.014239 -0.013063 1664.000000
-0.013680 -0.013950 1664.000000
-0.013122 -0.014837 1664.000000
-0.012560 -0.015722 1664.000000
-0.011936 -0.016565 1664.000000
-0.011200 -0.017311 1664.000000
-0.010344 -0.017916 1664.000000
-0.009392 -0.018355 1664.000000
-0.008377 -0.018619 1664.000000
-0.007336 -0.018738 1664.000000
-0.006288 -0.018782 1664.000000
-0.005241 -0.018822 1664.000000
-0.004193 -0.018863 1664.000000
-0.003145 -0.018879 1664.000000
-0.002097 -0.018885 1664.000000
-0.001048 -0.018890 1664.000000
-0.000000 -0.018891 1664.000000
0.001048 -0.018890 1664.000000
0.002097 -0.018885 1664.000000
0.003145 -0.018879 1664.000000
0.004193 -0.018863 1664.000000
0.005241 -0.018822 1664.000000
0.006288 -0.018782 1664.000000
0.007336 -0.018738 1664.000000
0.008377 -0.018619 1664.000000
0.009392 -0.018355 1664.000000
0.010344 -0.017916 1664.000000
0.011200 -0.017311 1664.000000
0.011936 -0.016565 1664.000000
0.012560 -0.015722 1664.000000
0.013122 -0.014837 1664.000000
0.013680 -0.013950 1664.000000
0.014239 -0.013063 1664.000000
0.014778 -0.012163 1664.000000
0.015306 -0.011258 1664.000000
0.015835 -0.010353 1664.000000
0.016360 -0.009445 1664.000000
0.016883 -0.008537 1664.000000
0.017403 -0.007627 1664.000000
0.017923 -0.006716 1664.000000
0.018432 -0.005800 1664.000000
0.018921 -0.004873 1664.000000
0.019410 -0.003945 1664.000000
0.019895 -0.003016 1664.000000
0.020314 -0.002055 1664.000000
0.020591 -0.001044 1664.000000
0.020688 0.000000 1664.000000

