0.015314 0.000000 537.000000
0.015256 0.000776 537.000000
0.015085 0.001535 537.000000
0.014814 0.002265 537.000000
0.014467 0.002961 537.000000
0.014087 0.003640 537.000000
0.013707 0.004320 537.000000
0.013330 0.005000 537.000000
0.012946 0.005677 537.000000
0.012558 0.006352 537.000000
0.012168 0.007025 537.000000
0.011779 0.007699 537.000000
0.011390 0.008373 537.000000
0.010996 0.009044 537.000000
0.010595 0.009711 537.000000
0.010196 0.010380 537.000000
0.009798 0.011048 537.000000
0.009368 0.011697 537.000000
0.008872 0.012297 537.000000
0.008300 0.012824 537.000000
0.007657 0.013262 537.000000
0.006956 0.013600 537.000000
0.006213 0.013832 537.000000
0.005446 0.013961 537.000000
0.004669 0.014009 537.000000
0.003891 0.014020 537.000000
0.003113 0.014031 537.000000
0.002335 0.014044 537.000000
0.001556 0.014050 537.000000
0.000778 0.014051 537.000000
0.000000 0.014051 537.000000
-0.000778 0.014051 537.000000
-0.001556 0.014050 537.000000
-0.002335 0.014044 537.000000
-0.003113 0.014031 537.000000
-0.003891 0.014020 537.000000
-0.004669 0.014009 537.000000
-0.005446 0.013961 537.000000
-0.006213 0.013832 537.000000
-0.006956 0.013600 537.000000
-0.007657 0.013262 537.000000
-0.008300 0.012824 537.000000
-0.008872 0.012297 537.000000
-0.009368 0.011697 537.000000
-0.009798 0.011048 537.000000
-0.010196 0.010380 537.000000
-0.010595 0.009711 537.000000
-0.010996 0.009044 537.000000
-0.011390 0.008373 537.000000
-0.011779 0.007699 537.000000
-0.012168 0.007025 537.000000
-0.012558 0.006352 537.000000
-0.012946 0.005677 537.000000
-0.013330 0.005000 537.000000
-0.013707 0.004320 537.000000
-0.014087 0.003640 537.000000
-0.014467 0.002961 537.000000
-0.014814 0.002265 537.000000
-0.015085 0.001535 537.000000
-0.015256 0.000776 537.000000
-0.015314 0.000000 537.000000
-0.015256 -0.000776 537.000000
-0.015085 -0.001535 537.000000
-0.014814 -0.002265 537.000000
-0.014467 -0.002961 537.000000
-0.014087 -0.003640 537.000000
-0.013707 -0.004320 537.000000
-0.013330 -0.005000 537.000000
-0.012946 -0.005677 537.000000
-0.012558 -0.006352 537.000000
-0.012168 -0.007025 537.000000
-0.011779 -0.007699 537.000000
-0.011390 -0.008373 537.000000
-0.010996 -0.009044 537.000000
-0.010595 -0.009711 537.000000
-0.010196 -0.010380 537.000000
-0.009798 -0.011048 537.000000
-0.009368 -0.011697 537.000000
-0.008872 -0.012297 537.000000
-0.008300 -0.012824 537.000000
-0.007657 -0.013262 537.000000
-0.006956 -0.013600 537.000000
-0.006213 -0.013832 537.000000
-0.005446 -0.013961 537.000000
-0.004669 -0.014009 537.000000
-0.003891 -0.014020 537.000000
-0.003113 -0.014031 537.000000
-0.002335 -0.014044 537.000000
-0.001556 -0.014050 537.000000
-0.000778 -0.014051 537.000000
0.000000 -0.014051 537.000000
0.000778 -0.014051 537.000000
0.001556 -0.014050 537.000000
0.002335 -0.014044 537.000000
0.003113 -0.014031 537.000000
0.003891 -0.014020 537.000000
0.004669 -0.014009 537.000000
0.005446 -0.013961 537.000000
0.006213 -0.013832 537.000000
0.006956 -0.013600 537.000000
0.007657 -0.013262 537.000000
0.008300 -0.012824 537.000000
0.008872 -0.012297 537.000000
0.009368 -0.011697 537.000000
0.009798 -0.011048 537.000000
0.010196 -0.010380 537.000000
0.010595 -0.009711 537.000000
0.010996 -0.009044 537.000000
0.011390 -0.008373 537.000000
0.011779 -0.007699 537.000000
0.012168 -0.007025 537.000000
0.012558 -0.006352 537.000000
0.012946 -0.005677 537.000000
0.013330 -0.005000 537.000000
0.013707 -0.004320 537.000000
0.014087 -0.003640 537.000000
0.014467 -0.002961 537.000000
0.014814 -0.002265 537.000000
0.015085 -0.001535 537.000000
0.015256 -0.000776 537.000000
0.015314 0.000000 537.000000

