0.020037 0.000000 1441.000000
0.019946 0.001011 1441.000000
0.019681 0.001992 1441.000000
0.019279 0.002925 1441.000000
0.018808 0.003825 1441.000000
0.018331 0.004721 1441.000000
0.017856 0.005619 1441.000000
0.017363 0.006507 1441.000000
0.016859 0.007388 1441.000000
0.016355 0.008270 1441.000000
0.015849 0.009150 1441.000000
0.015340 0.010029 1441.000000
0.014828 0.010906 1441.000000
0.014316 0.011784 1441.000000
0.013794 0.012654 1441.000000
0.013254 0.013515 1441.000000
0.012716 0.014376 1441.000000
0.012173 0.015234 1441.000000
0.011566 0.016048 1441.000000
0.010849 0.016768 1441.000000
0.010018 0.017352 1441.000000
0.009097 0.017779 1441.000000
0.008115 0.018040 1441.000000
0.007107 0.018159 1441.000000
0.006092 0.018201 1441.000000
0.005077 0.018235 1441.000000
0.004062 0.018273 1441.000000
0.003047 0.018290 1441.000000
0.002031 0.018295 1441.000000
0.001016 0.018299 1441.000000
-0.000000 0.018300 1441.000000
-0.001016 0.018299 1441.000000
-0.002031 0.018295 1441.000000
-0.003047 0.018290 1441.000000
-0.004062 0.018273 1441.000000
-0.005077 0.018235 1441.000000
-0.006092 0.018201 1441.000000
-0.007107 0.018159 1441.000000
-0.008115 0.018040 1441.000000
-0.009097 0.017779 1441.000000
-0.010018 0.017352 1441.000000
-0.010849 0.016768 1441.000000
-0.011566 0.016048 1441.000000
-0.012173 0.015234 1441.000000
-0.012716 0.014376 1441.000000
-0.013254 0.013515 1441.000000
-0.013794 0.012654 1441.000000
-0.014316 0.011784 1441.000000
-0.014828 0.010906 1441.000000
-0.015340 0.010029 1441.000000
-0.015849 0.009150 1441.000000
-0.016355 0.008270 1441.000000
-0.016859 0.007388 1441.000000
-0.017363 0.006507 1441.000000
-0.017856 0.005619 1441.000000
-0.018331 0.004721 1441.000000
-0.018808 0.003825 1441.000000
-0.019279 0.002925 1441.000000
-0.019681 0.001992 1441.000000
-0.019946 0.001011 1441.000000
-0.020037 0.000000 1441.000000
-0.019946 -0.001011 1441.000000
-0.019681 -0.001992 1441.000000
-0.019279 -0.002925 1441.000000
-0.018808 -0.003825 1441.000000
-0.018331 -0.004721 1441.000000
-0.017856 -0.005619 1441.000000
-0.017363 -0.006507 1441.000000
-0.016859 -0.007388 1441.000000
-0.016355 -0.008270 1441.000000
-0.015849 -0.009150 1441.000000
-0.015340 -0.010029 1441.000000
-0.014828 -0.010906 1441.000000
-0.014316 -0.011784 1441.000000
-0.013794 -0.012654 1441.000000
-0.013254 -0.013515 1441.000000
-0.012716 -0.014376 1441.000000
-0.012173 -0.015234 1441.000000
-0.011566 -0.016048 1441.000000
-0.010849 -0.016768 1441.000000
-0.010018 -0.017352 1441.000000
-0.009097 -0.017779 1441.000000
-0.008115 -0.018040 1441.000000
-0.007107 -0.018159 1441.000000
-0.006092 -0.018201 1441.000000
-0.005077 -0.018235 1441.000000
-0.004062 -0.018273 1441.000000
-0.003047 -0.018290 1441.000000
-0.002031 -0.018295 1441.000000
-0.001016 -0.018299 1441.000000
-0.000000 -0.018300 1441.000000
0.001016 -0.018299 1441.000000
0.002031 -0.018295 1441.000000
0.003047 -0.018290 1441.000000
0.004062 -0.018273 1441.000000
0.005077 -0.018235 1441.000000
0.006092 -0.018201 1441.000000
0.007107 -0.018159 1441.000000
0.008115 -0.018040 1441.000000
0.009097 -0.017779 1441.000000
0.010018 -0.017352 1441.000000
0.010849 -0.016768 1441.000000
0.011566 -0.016048 1441.000000
0.012173 -0.015234 1441.000000
0.012716 -0.014376 1441.000000
0.013254 -0.013515 1441.000000
0.013794 -0.012654 1441.000000
0.014316 -0.011784 1441.000000
0.014828 -0.010906 1441.000000
0.015340 -0.010029 1441.000000
0.015849 -0.009150 1441.000000
0.016355 -0.008270 1441.000000
0.016859 -0.007388 1441.000000
0.017363 -0.006507 1441.000000
0.017856 -0.005619 1441.000000
0.018331 -0.004721 1441.000000
0.018808 -0.003825 1441.000000
0.019279 -0.002925 1441.000000
0.019681 -0.001992 1441.000000
0.019946 -0.001011 1441.000000
0.020037 0.000000 1441.000000

