0.018621 0.000000 1068.000000
0.018540 0.000941 1068.000000
0.018304 0.001855 1068.000000
0.017940 0.002727 1068.000000
0.017503 0.003564 1068.000000
0.017051 0.004393 1068.000000
0.016606 0.005226 1068.000000
0.016149 0.006052 1068.000000
0.015680 0.006872 1068.000000
0.015210 0.007691 1068.000000
0.014739 0.008510 1068.000000
0.014266 0.009327 1068.000000
0.013792 0.010144 1068.000000
0.013316 0.010959 1068.000000
0.012829 0.011768 1068.000000
0.012330 0.012570 1068.000000
0.011838 0.013376 1068.000000
0.011332 0.014173 1068.000000
0.010759 0.014924 1068.000000
0.010085 0.015586 1068.000000
0.009311 0.016126 1068.000000
0.008455 0.016527 1068.000000
0.007545 0.016780 1068.000000
0.006609 0.016900 1068.000000
0.005665 0.016940 1068.000000
0.004721 0.016964 1068.000000
0.003777 0.016994 1068.000000
0.002833 0.017012 1068.000000
0.001889 0.017016 1068.000000
0.000944 0.017018 1068.000000
0.000000 0.017019 1068.000000
-0.000944 0.017018 1068.000000
-0.001889 0.017016 1068.000000
-0.002833 0.017012 1068.000000
-0.003777 0.016994 1068.000000
-0.004721 0.016964 1068.000000
-0.005665 0.016940 1068.000000
-0.006609 0.016900 1068.000000
-0.007545 0.016780 1068.000000
-0.008455 0.016527 1068.000000
-0.009311 0.016126 1068.000000
-0.010085 0.015586 1068.000000
-0.010759 0.014924 1068.000000
-0.011332 0.014173 1068.000000
-0.011838 0.013376 1068.000000
-0.012330 0.012570 1068.000000
-0.012829 0.011768 1068.000000
-0.013316 0.010959 1068.000000
-0.013792 0.010144 1068.000000
-0.014266 0.009327 1068.000000
-0.014739 0.008510 1068.000000
-0.015210 0.007691 1068.000000
-0.015680 0.006872 1068.000000
-0.016149 0.006052 1068.000000
-0.016606 0.005226 1068.000000
-0.017051 0.004393 1068.000000
-0.017503 0.003564 1068.000000
-0.017940 0.002727 1068.000000
-0.018304 0.001855 1068.000000
-0.018540 0.000941 1068.000000
-0.018621 0.000000 1068.000000
-0.018540 -0.000941 1068.000000
-0.018304 -0.001855 1068.000000
-0.017940 -0.002727 1068.000000
-0.017503 -0.003564 1068.000000
-0.017051 -0.004393 1068.000000
-0.016606 -0.005226 1068.000000
-0.016149 -0.006052 1068.000000
-0.015680 -0.006872 1068.000000
-0.015210 -0.007691 1068.000000
-0.014739 -0.008510 1068.000000
-0.014266 -0.009327 1068.000000
-0.013792 -0.010144 1068.000000
-0.013316 -0.010959 1068.000000
-0.012829 -0.011768 1068.000000
-0.012330 -0.012570 1068.000000
-0.011838 -0.013376 1068.000000
-0.011332 -0.014173 1068.000000
-0.010759 -0.014924 1068.000000
-0.010085 -0.015586 1068.000000
-0.009311 -0.016126 1068.000000
-0.008455 -0.016527 1068.000000
-0.007545 -0.016780 1068.000000
-0.006609 -0.016900 1068.000000
-0.005665 -0.016940 1068.000000
-0.004721 -0.016964 1068.000000
-0.003777 -0.016994 1068.000000
-0.002833 -0.017012 1068.000000
-0.001889 -0.017016 1068.000000
-0.000944 -0.017018 1068.000000
0.000000 -0.017019 1068.000000
0.000944 -0.017018 1068.000000
0.001889 -0.017016 1068.000000
0.002833 -0.017012 1068.000000
0.003777 -0.016994 1068.000000
0.004721 -0.016964 1068.000000
0.005665 -0.016940 1068.000000
0.006609 -0.016900 1068.000000
0.007545 -0.016780 1068.000000
0.008455 -0.016527 1068.000000
0.009311 -0.016126 1068.000000
0.010085 -0.015586 1068.000000
0.010759 -0.014924 1068.000000
0.011332 -0.014173 1068.000000
0.011838 -0.013376 1068.000000
0.012330 -0.012570 1068.000000
0.012829 -0.011768 1068.000000
0.013316 -0.010959 1068.000000
0.013792 -0.010144 1068.000000
0.014266 -0.009327 1068.000000
0.014739 -0.008510 1068.000000
0.015210 -0.007691 1068.000000
0.015680 -0.006872 1068.000000
0.016149 -0.006052 1068.000000
0.016606 -0.005226 1068.000000
0.017051 -0.004393 1068.000000
0.017503 -0.003564 1068.000000
0.017940 -0.002727 1068.000000
0.018304 -0.001855 1068.000000
0.018540 -0.000941 1068.000000
0.018621 0.000000 1068.000000

