0.019738 0.000000 1351.000000
0.019649 0.000997 1351.000000
0.019390 0.001963 1351.000000
0.018996 0.002883 1351.000000
0.018532 0.003769 1351.000000
0.018060 0.004651 1351.000000
0.017592 0.005535 1351.000000
0.017106 0.006410 1351.000000
0.016610 0.007279 1351.000000
0.016113 0.008148 1351.000000
0.015614 0.009015 1351.000000
0.015113 0.009881 1351.000000
0.014609 0.010745 1351.000000
0.014105 0.011609 1351.000000
0.013590 0.012467 1351.000000
0.013058 0.013315 1351.000000
0.012530 0.014165 1351.000000
0.011995 0.015010 1351.000000
0.011395 0.015811 1351.000000
0.010687 0.016518 1351.000000
0.009869 0.017094 1351.000000
0.008961 0.017515 1351.000000
0.007995 0.017774 1351.000000
0.007002 0.017893 1351.000000
0.006002 0.017934 1351.000000
0.005002 0.017966 1351.000000
0.004002 0.018003 1351.000000
0.003002 0.018020 1351.000000
0.002001 0.018024 1351.000000
0.001001 0.018028 1351.000000
-0.000000 0.018029 1351.000000
-0.001001 0.018028 1351.000000
-0.002001 0.018024 1351.000000
-0.003002 0.018020 1351.000000
-0.004002 0.018003 1351.000000
-0.005002 0.017966 1351.000000
-0.006002 0.017934 1351.000000
-0.007002 0.017893 1351.000000
-0.007995 0.017774 1351.000000
-0.008961 0.017515 1351.000000
-0.009869 0.017094 1351.000000
-0.010687 0.016518 1351.000000
-0.011395 0.015811 1351.000000
-0.011995 0.015010 1351.000000
-0.012530 0.014165 1351.000000
-0.013058 0.013315 1351.000000
-0.013590 0.012467 1351.000000
-0.014105 0.011609 1351.000000
-0.014609 0.010745 1351.000000
-0.015113 0.009881 1351.000000
-0.015614 0.009015 1351.000000
-0.016113 0.008148 1351.000000
-0.016610 0.007279 1351.000000
-0.017106 0.006410 1351.000000
-0.017592 0.005535 1351.000000
-0.018060 0.004651 1351.000000
-0.018532 0.003769 1351.000000
-0.018996 0.002883 1351.000000
-0.019390 0.001963 1351.000000
-0.019649 0.000997 1351.000000
-0.019738 0.000000 1351.000000
-0.019649 -0.000997 1351.000000
-0.019390 -0.001963 1351.000000
-0.018996 -0.002883 1351.000000
-0.018532 -0.003769 1351.000000
-0.018060 -0.004651 1351.000000
-0.017592 -0.005535 1351.000000
-0.017106 -0.006410 1351.000000
-0.016610 -0.007279 1351.000000
-0.016113 -0.008148 1351.000000
-0.015614 -0.009015 1351.000000
-0.015113 -0.009881 1351.000000
-0.014609 -0.010745 1351.000000
-0.014105 -0.011609 1351.000000
-0.013590 -0.012467 1351.000000
-0.013058 -0.013315 1351.000000
-0.012530 -0.014165 1351.000000
-0.011995 -0.015010 1351.000000
-0.011395 -0.015811 1351.000000
-0.010687 -0.016518 1351.000000
-0.009869 -0.017094 1351.000000
-0.008961 -0.017515 1351.000000
-0.007995 -0.017774 1351.000000
-0.007002 -0.017893 1351.000000
-0.006002 -0.017934 1351.000000
-0.005002 -0.017966 1351.000000
-0.004002 -0.018003 1351.000000
-0.003002 -0.018020 1351.000000
-0.002001 -0.018024 1351.000000
-0.001001 -0.018028 1351.000000
-0.000000 -0.018029 1351.000000
0.001001 -0.018028 1351.000000
0.002001 -0.018024 1351.000000
0.003002 -0.018020 1351.000000
0.004002 -0.018003 1351.000000
0.005002 -0.017966 1351.000000
0.006002 -0.017934 1351.000000
0.007002 -0.017893 1351.000000
0.007995 -0.017774 1351.000000
0.008961 -0.017515 1351.000000
0.009869 -0.017094 1351.000000
0.010687 -0.016518 1351.000000
0.011395 -0.015811 1351.000000
0.011995 -0.015010 1351.000000
0.012530 -0.014165 1351.000000
0.013058 -0.013315 1351.000000
0.013590 -0.012467 1351.000000
0.014105 -0.011609 1351.000000
0.014609 -0.010745 1351.000000
0.015113 -0.009881 1351.000000
0.015614 -0.009015 1351.000000
0.016113 -0.008148 1351.000000
0.016610 -0.007279 1351.000000
0.017106 -0.006410 1351.000000
0.017592 -0.005535 1351.000000
0.018060 -0.004651 1351.000000
0.018532 -0.003769 1351.000000
0.018996 -0.002883 1351.000000
0.019390 -0.001963 1351.000000
0.019649 -0.000997 1351.000000
0.019738 0.000000 1351.000000

