0.016609 0.000000 705.000000
0.016543 0.000841 705.000000
0.016347 0.001661 705.000000
0.016039 0.002446 705.000000
0.015654 0.003196 705.000000
0.015244 0.003933 705.000000
0.014839 0.004673 705.000000
0.014432 0.005411 705.000000
0.014014 0.006144 705.000000
0.013593 0.006874 705.000000
0.013172 0.007605 705.000000
0.012750 0.008335 705.000000
0.012328 0.009065 705.000000
0.011902 0.009793 705.000000
0.011466 0.010515 705.000000
0.011028 0.011235 705.000000
0.010595 0.011959 705.000000
0.010137 0.012667 705.000000
0.009612 0.013326 705.000000
0.008999 0.013906 705.000000
0.008305 0.014384 705.000000
0.007543 0.014747 705.000000
0.006735 0.014987 705.000000
0.005901 0.015113 705.000000
0.005059 0.015155 705.000000
0.004216 0.015169 705.000000
0.003373 0.015187 705.000000
0.002530 0.015204 705.000000
0.001687 0.015208 705.000000
0.000843 0.015209 705.000000
0.000000 0.015210 705.000000
-0.000843 0.015209 705.000000
-0.001687 0.015208 705.000000
-0.002530 0.015204 705.000000
-0.003373 0.015187 705.000000
-0.004216 0.015169 705.000000
-0.005059 0.015155 705.000000
-0.005901 0.015113 705.000000
-0.006735 0.014987 705.000000
-0.007543 0.014747 705.000000
-0.008305 0.014384 705.000000
-0.008999 0.013906 705.000000
-0.009612 0.013326 705.000000
-0.010137 0.012667 705.000000
-0.010595 0.011959 705.000000
-0.011028 0.011235 705.000000
-0.011466 0.010515 705.000000
-0.011902 0.009793 705.000000
-0.012328 0.009065 705.000000
-0.012750 0.008335 705.000000
-0.013172 0.007605 705.000000
-0.013593 0.006874 705.000000
-0.014014 0.006144 705.000000
-0.014432 0.005411 705.000000
-0.014839 0.004673 705.000000
-0.015244 0.003933 705.000000
-0.015654 0.003196 705.000000
-0.016039 0.002446 705.000000
-0.016347 0.001661 705.000000
-0.016543 0.000841 705.000000
-0.016609 0.000000 705.000000
-0.016543 -0.000841 705.000000
-0.016347 -0.001661 705.000000
-0.016039 -0.002446 705.000000
-0.015654 -0.003196 705.000000
-0.015244 -0.003933 705.000000
-0.014839 -0.004673 705.000000
-0.014432 -0.005411 705.000000
-0.014014 -0.006144 705.000000
-0.013593 -0.006874 705.000000
-0.013172 -0.007605 705.000000
-0.012750 -0.008335 705.000000
-0.012328 -0.009065 705.000000
-0.011902 -0.009793 705.000000
-0.011466 -0.010515 705.000000
-0.011028 -0.011235 705.000000
-0.010595 -0.011959 705.000000
-0.010137 -0.012667 705.000000
-0.009612 -0.013326 705.000000
-0.008999 -0.013906 705.000000
-0.008305 -0.014384 705.000000
-0.007543 -0.014747 705.000000
-0.006735 -0.014987 705.000000
-0.005901 -0.015113 705.000000
-0.005059 -0.015155 705.000000
-0.004216 -0.015169 705.000000
-0.003373 -0.015187 705.000000
-0.002530 -0.015204 705.000000
-0.001687 -0.015208 705.000000
-0.000843 -0.015209 705.000000
0.000000 -0.015210 705.000000
0.000843 -0.015209 705.000000
0.001687 -0.015208 705.000000
0.002530 -0.015204 705.000000
0.003373 -0.015187 705.000000
0.004216 -0.015169 705.000000
0.005059 -0.015155 705.000000
0.005901 -0.015113 705.000000
0.006735 -0.014987 705.000000
0.007543 -0.014747 705.000000
0.008305 -0.014384 705.000000
0.008999 -0.013906 705.000000
0.009612 -0.013326 705.000000
0.010137 -0.012667 705.000000
0.010595 -0.011959 705.000000
0.011028 -0.011235 705.000000
0.011466 -0.010515 705.000000
0.011902 -0.009793 705.000000
0.012328 -0.009065 705.000000
0.012750 -0.008335 705.000000
0.013172 -0.007605 705.000000
0.013593 -0.006874 705.000000
0.014014 -0.006144 705.000000
0.014432 -0.005411 705.000000
0.014839 -0.004673 705.000000
0.015244 -0.003933 705.000000
0.015654 -0.003196 705.000000
0.016039 -0.002446 705.000000
0.016347 -0.001661 705.000000
0.016543 -0.000841 705.000000
0.016609 0.000000 705.000000

