0.006757 -0.000000 4.864583
0.006700 0.000161 4.864583
0.006593 0.000294 4.864583
0.006486 0.000428 4.864583
0.006381 0.000563 4.864583
0.006273 0.000695 4.864583
0.006166 0.000828 4.864583
0.006056 0.000960 4.864583
0.005955 0.001097 4.864583
0.005847 0.001230 4.864583
0.005739 0.001363 4.864583
0.005629 0.001493 4.864583
0.005523 0.001628 4.864583
0.005423 0.001766 4.864583
0.005314 0.001898 4.864583
0.005205 0.002029 4.864583
0.005094 0.002159 4.864583
0.004988 0.002294 4.864583
0.004889 0.002433 4.864583
0.004782 0.002567 4.864583
0.004673 0.002698 4.864583
0.004614 0.002858 4.864583
0.004552 0.003018 4.864583
0.004481 0.003173 4.864583
0.004417 0.003332 4.864583
0.004360 0.003493 4.864583
0.004300 0.003653 4.864583
0.004241 0.003813 4.864583
0.004171 0.003970 4.864583
0.004107 0.004128 4.864583
0.004050 0.004289 4.864583
0.003989 0.004449 4.864583
0.003928 0.004608 4.864583
0.003859 0.004765 4.864583
0.003800 0.004925 4.864583
0.003739 0.005085 4.864583
0.003678 0.005245 4.864583
0.003613 0.005403 4.864583
0.003552 0.005563 4.864583
0.003490 0.005722 4.864583
0.003379 0.005852 4.864583
0.003210 0.005883 4.864583
0.003041 0.005857 4.864583
0.002873 0.005831 4.864583
0.002703 0.005808 4.864583
0.002534 0.005780 4.864583
0.002366 0.005754 4.864583
0.002197 0.005725 4.864583
0.002027 0.005706 4.864583
0.001858 0.005679 4.864583
0.001690 0.005652 4.864583
0.001521 0.005621 4.864583
0.001352 0.005597 4.864583
0.001182 0.005579 4.864583
0.001013 0.005551 4.864583
0.000845 0.005522 4.864583
0.000677 0.005491 4.864583
0.000508 0.005467 4.864583
0.000337 0.005451 4.864583
0.000168 0.005425 4.864583
-0.000000 0.005396 4.864583
-0.000168 0.005425 4.864583
-0.000337 0.005451 4.864583
-0.000508 0.005467 4.864583
-0.000677 0.005491 4.864583
-0.000845 0.005522 4.864583
-0.001013 0.005551 4.864583
-0.001182 0.005579 4.864583
-0.001352 0.005597 4.864583
-0.001521 0.005621 4.864583
-0.001690 0.005652 4.864583
-0.001858 0.005679 4.864583
-0.002027 0.005706 4.864583
-0.002197 0.005725 4.864583
-0.002366 0.005754 4.864583
-0.002534 0.005780 4.864583
-0.002703 0.005808 4.864583
-0.002873 0.005831 4.864583
-0.003041 0.005857 4.864583
-0.003211 0.005883 4.864583
-0.003379 0.005852 4.864583
-0.003490 0.005722 4.864583
-0.003552 0.005563 4.864583
-0.003613 0.005403 4.864583
-0.003678 0.005245 4.864583
-0.003739 0.005085 4.864583
-0.003800 0.004925 4.864583
-0.003859 0.004765 4.864583
-0.003928 0.004608 4.864583
-0.003989 0.004449 4.864583
-0.004050 0.004289 4.864583
-0.004107 0.004128 4.864583
-0.004171 0.003970 4.864583
-0.004241 0.003813 4.864583
-0.004300 0.003653 4.864583
-0.004360 0.003493 4.864583
-0.004417 0.003332 4.864583
-0.004481 0.003173 4.864583
-0.004552 0.003018 4.864583
-0.004614 0.002858 4.864583
-0.004673 0.002698 4.864583
-0.004782 0.002567 4.864583
-0.004889 0.002433 4.864583
-0.004988 0.002294 4.864583
-0.005094 0.002159 4.864583
-0.005205 0.002029 4.864583
-0.005314 0.001898 4.864583
-0.005423 0.001766 4.864583
-0.005523 0.001628 4.864583
-0.005629 0.001493 4.864583
-0.005739 0.001363 4.864583
-0.005847 0.001230 4.864583
-0.005955 0.001097 4.864583
-0.006056 0.000960 4.864583
-0.006166 0.000828 4.864583
-0.006273 0.000695 4.864583
-0.006381 0.000563 4.864583
-0.006486 0.000428 4.864583
-0.006593 0.000295 4.864583
-0.006700 0.000161 4.864583
-0.006757 0.000000 4.864583
-0.006700 -0.000161 4.864583
-0.006593 -0.000295 4.864583
-0.006486 -0.000428 4.864583
-0.006381 -0.000563 4.864583
-0.006273 -0.000695 4.864583
-0.006166 -0.000828 4.864583
-0.006056 -0.000960 4.864583
-0.005955 -0.001097 4.864583
-0.005847 -0.001230 4.864583
-0.005739 -0.001363 4.864583
-0.005629 -0.001493 4.864583
-0.005523 -0.001628 4.864583
-0.005423 -0.001766 4.864583
-0.005314 -0.001898 4.864583
-0.005205 -0.002029 4.864583
-0.005094 -0.002159 4.864583
-0.004988 -0.002294 4.864583
-0.004889 -0.002433 4.864583
-0.004782 -0.002567 4.864583
-0.004673 -0.002698 4.864583
-0.004614 -0.002858 4.864583
-0.004552 -0.003018 4.864583
-0.004481 -0.003173 4.864583
-0.004417 -0.003332 4.864583
-0.004360 -0.003493 4.864583
-0.004300 -0.003653 4.864583
-0.004241 -0.003813 4.864583
-0.004171 -0.003970 4.864583
-0.004107 -0.004128 4.864583
-0.004050 -0.004289 4.864583
-0.003989 -0.004449 4.864583
-0.003928 -0.004608 4.864583
-0.003859 -0.004765 4.864583
-0.003800 -0.004925 4.864583
-0.003739 -0.005085 4.864583
-0.003678 -0.005245 4.864583
-0.003614 -0.005403 4.864583
-0.003552 -0.005563 4.864583
-0.003490 -0.005722 4.864583
-0.003379 -0.005852 4.864583
-0.003211 -0.005883 4.864583
-0.003041 -0.005857 4.864583
-0.002873 -0.005831 4.864583
-0.002703 -0.005808 4.864583
-0.002534 -0.005780 4.864583
-0.002366 -0.005754 4.864583
-0.002197 -0.005725 4.864583
-0.002027 -0.005706 4.864583
-0.001858 -0.005679 4.864583
-0.001690 -0.005652 4.864583
-0.001521 -0.005621 4.864583
-0.001352 -0.005597 4.864583
-0.001182 -0.005579 4.864583
-0.001013 -0.005551 4.864583
-0.000845 -0.005522 4.864583
-0.000677 -0.005491 4.864583
-0.000508 -0.005467 4.864583
-0.000337 -0.005451 4.864583
-0.000168 -0.005425 4.864583
0.000000 -0.005396 4.864583
0.000168 -0.005425 4.864583
0.000337 -0.005451 4.864583
0.000508 -0.005467 4.864583
0.000677 -0.005491 4.864583
0.000845 -0.005522 4.864583
0.001013 -0.005551 4.864583
0.001182 -0.005579 4.864583
0.001352 -0.005597 4.864583
0.001521 -0.005621 4.864583
0.001690 -0.005652 4.864583
0.001858 -0.005679 4.864583
0.002027 -0.005706 4.864583
0.002197 -0.005725 4.864583
0.002366 -0.005754 4.864583
0.002534 -0.005781 4.864583
0.002703 -0.005808 4.864583
0.002873 -0.005831 4.864583
0.003041 -0.005857 4.864583
0.003210 -0.005883 4.864583
0.003378 -0.005852 4.864583
0.003489 -0.005722 4.864583
0.003551 -0.005562 4.864583
0.003613 -0.005403 4.864583
0.003678 -0.005245 4.864583
0.003739 -0.005085 4.864583
0.003800 -0.004925 4.864583
0.003859 -0.004765 4.864583
0.003928 -0.004608 4.864583
0.003989 -0.004449 4.864583
0.004050 -0.004289 4.864583
0.004107 -0.004128 4.864583
0.004171 -0.003970 4.864583
0.004241 -0.003813 4.864583
0.004300 -0.003653 4.864583
0.004360 -0.003493 4.864583
0.004417 -0.003332 4.864583
0.004481 -0.003173 4.864583
0.004552 -0.003018 4.864583
0.004614 -0.002858 4.864583
0.004673 -0.002698 4.864583
0.004782 -0.002567 4.864583
0.004889 -0.002433 4.864583
0.004988 -0.002294 4.864583
0.005094 -0.002159 4.864583
0.005205 -0.002029 4.864583
0.005314 -0.001898 4.864583
0.005423 -0.001766 4.864583
0.005523 -0.001628 4.864583
0.005629 -0.001493 4.864583
0.005739 -0.001363 4.864583
0.005847 -0.001230 4.864583
0.005955 -0.001097 4.864583
0.006056 -0.000960 4.864583
0.006166 -0.000828 4.864583
0.006273 -0.000695 4.864583
0.006381 -0.000563 4.864583
0.006486 -0.000428 4.864583
0.006593 -0.000295 4.864583
0.006700 -0.000161 4.864583
0.006757 -0.000000 4.864583

