0.006425 -0.000000 3.243056
0.006372 0.000154 3.243056
0.006270 0.000280 3.243056
0.006166 0.000406 3.243056
0.006065 0.000534 3.243056
0.005966 0.000663 3.243056
0.005864 0.000790 3.243056
0.005758 0.000914 3.243056
0.005655 0.001039 3.243056
0.005557 0.001170 3.243056
0.005460 0.001300 3.243056
0.005356 0.001426 3.243056
0.005249 0.001548 3.243056
0.005143 0.001672 3.243056
0.005044 0.001801 3.243056
0.004949 0.001933 3.243056
0.004853 0.002064 3.243056
0.004747 0.002189 3.243056
0.004642 0.002313 3.243056
0.004530 0.002431 3.243056
0.004423 0.002554 3.243056
0.004370 0.002708 3.243056
0.004324 0.002864 3.243056
0.004269 0.003017 3.243056
0.004214 0.003170 3.243056
0.004148 0.003319 3.243056
0.004082 0.003468 3.243056
0.004019 0.003618 3.243056
0.003965 0.003772 3.243056
0.003913 0.003926 3.243056
0.003856 0.004078 3.243056
0.003791 0.004228 3.243056
0.003728 0.004378 3.243056
0.003671 0.004530 3.243056
0.003616 0.004684 3.243056
0.003557 0.004835 3.243056
0.003495 0.004986 3.243056
0.003435 0.005137 3.243056
0.003378 0.005289 3.243056
0.003319 0.005441 3.243056
0.003213 0.005565 3.243056
0.003053 0.005595 3.243056
0.002892 0.005570 3.243056
0.002731 0.005543 3.243056
0.002570 0.005519 3.243056
0.002409 0.005498 3.243056
0.002248 0.005474 3.243056
0.002088 0.005444 3.243056
0.001927 0.005417 3.243056
0.001766 0.005397 3.243056
0.001604 0.005378 3.243056
0.001443 0.005352 3.243056
0.001284 0.005320 3.243056
0.001124 0.005290 3.243056
0.000962 0.005269 3.243056
0.000800 0.005252 3.243056
0.000639 0.005235 3.243056
0.000478 0.005206 3.243056
0.000318 0.005177 3.243056
0.000160 0.005139 3.243056
-0.000000 0.005108 3.243056
-0.000160 0.005139 3.243056
-0.000318 0.005177 3.243056
-0.000478 0.005206 3.243056
-0.000639 0.005235 3.243056
-0.000800 0.005252 3.243056
-0.000962 0.005269 3.243056
-0.001124 0.005290 3.243056
-0.001284 0.005320 3.243056
-0.001443 0.005352 3.243056
-0.001604 0.005378 3.243056
-0.001766 0.005397 3.243056
-0.001927 0.005417 3.243056
-0.002088 0.005444 3.243056
-0.002248 0.005474 3.243056
-0.002409 0.005498 3.243056
-0.002570 0.005519 3.243056
-0.002731 0.005543 3.243056
-0.002892 0.005570 3.243056
-0.003053 0.005595 3.243056
-0.003213 0.005565 3.243056
-0.003319 0.005441 3.243056
-0.003378 0.005289 3.243056
-0.003435 0.005137 3.243056
-0.003495 0.004986 3.243056
-0.003557 0.004835 3.243056
-0.003616 0.004684 3.243056
-0.003671 0.004530 3.243056
-0.003728 0.004378 3.243056
-0.003791 0.004228 3.243056
-0.003856 0.004078 3.243056
-0.003913 0.003926 3.243056
-0.003965 0.003772 3.243056
-0.004019 0.003618 3.243056
-0.004082 0.003468 3.243056
-0.004148 0.003319 3.243056
-0.004214 0.003170 3.243056
-0.004269 0.003017 3.243056
-0.004324 0.002864 3.243056
-0.004370 0.002708 3.243056
-0.004423 0.002554 3.243056
-0.004530 0.002431 3.243056
-0.004642 0.002313 3.243056
-0.004747 0.002189 3.243056
-0.004853 0.002064 3.243056
-0.004949 0.001933 3.243056
-0.005044 0.001801 3.243056
-0.005143 0.001672 3.243056
-0.005249 0.001548 3.243056
-0.005356 0.001426 3.243056
-0.005460 0.001300 3.243056
-0.005557 0.001170 3.243056
-0.005655 0.001039 3.243056
-0.005758 0.000914 3.243056
-0.005864 0.000790 3.243056
-0.005966 0.000663 3.243056
-0.006065 0.000534 3.243056
-0.006166 0.000406 3.243056
-0.006270 0.000280 3.243056
-0.006372 0.000154 3.243056
-0.006425 0.000000 3.243056
-0.006372 -0.000154 3.243056
-0.006270 -0.000280 3.243056
-0.006166 -0.000406 3.243056
-0.006065 -0.000534 3.243056
-0.005966 -0.000663 3.243056
-0.005864 -0.000790 3.243056
-0.005758 -0.000914 3.243056
-0.005655 -0.001039 3.243056
-0.005557 -0.001170 3.243056
-0.005460 -0.001300 3.243056
-0.005356 -0.001426 3.243056
-0.005249 -0.001548 3.243056
-0.005143 -0.001672 3.243056
-0.005044 -0.001801 3.243056
-0.004949 -0.001933 3.243056
-0.004853 -0.002064 3.243056
-0.004747 -0.002189 3.243056
-0.004642 -0.002313 3.243056
-0.004530 -0.002431 3.243056
-0.004423 -0.002554 3.243056
-0.004370 -0.002708 3.243056
-0.004324 -0.002864 3.243056
-0.004269 -0.003017 3.243056
-0.004214 -0.003170 3.243056
-0.004148 -0.003319 3.243056
-0.004082 -0.003468 3.243056
-0.004019 -0.003618 3.243056
-0.003965 -0.003772 3.243056
-0.003913 -0.003926 3.243056
-0.003856 -0.004078 3.243056
-0.003791 -0.004228 3.243056
-0.003728 -0.004378 3.243056
-0.003671 -0.004530 3.243056
-0.003616 -0.004684 3.243056
-0.003557 -0.004835 3.243056
-0.003495 -0.004986 3.243056
-0.003435 -0.005137 3.243056
-0.003378 -0.005289 3.243056
-0.003319 -0.005441 3.243056
-0.003213 -0.005565 3.243056
-0.003053 -0.005595 3.243056
-0.002892 -0.005570 3.243056
-0.002731 -0.005543 3.243056
-0.002570 -0.005519 3.243056
-0.002409 -0.005498 3.243056
-0.002248 -0.005474 3.243056
-0.002088 -0.005444 3.243056
-0.001927 -0.005417 3.243056
-0.001766 -0.005397 3.243056
-0.001604 -0.005378 3.243056
-0.001443 -0.005352 3.243056
-0.001284 -0.005320 3.243056
-0.001124 -0.005290 3.243056
-0.000962 -0.005269 3.243056
-0.000800 -0.005252 3.243056
-0.000639 -0.005235 3.243056
-0.000478 -0.005206 3.243056
-0.000318 -0.005177 3.243056
-0.000160 -0.005139 3.243056
0.000000 -0.005108 3.243056
0.000160 -0.005139 3.243056
0.000318 -0.005177 3.243056
0.000478 -0.005206 3.243056
0.000639 -0.005235 3.243056
0.000800 -0.005252 3.243056
0.000962 -0.005269 3.243056
0.001124 -0.005290 3.243056
0.001284 -0.005320 3.243056
0.001443 -0.005352 3.243056
0.001604 -0.005378 3.243056
0.001766 -0.005397 3.243056
0.001927 -0.005417 3.243056
0.002088 -0.005444 3.243056
0.002248 -0.005474 3.243056
0.002409 -0.005498 3.243056
0.002570 -0.005519 3.243056
0.002731 -0.005543 3.243056
0.002892 -0.005570 3.243056
0.003053 -0.005595 3.243056
0.003213 -0.005565 3.243056
0.003319 -0.005441 3.243056
0.003378 -0.005289 3.243056
0.003435 -0.005137 3.243056
0.003495 -0.004986 3.243056
0.003557 -0.004835 3.243056
0.003616 -0.004684 3.243056
0.003671 -0.004530 3.243056
0.003728 -0.004378 3.243056
0.003791 -0.004228 3.243056
0.003856 -0.004078 3.243056
0.003913 -0.003926 3.243056
0.003965 -0.003772 3.243056
0.004019 -0.003618 3.243056
0.004082 -0.003468 3.243056
0.004148 -0.003319 3.243056
0.004214 -0.003170 3.243056
0.004269 -0.003017 3.243056
0.004324 -0.002864 3.243056
0.004370 -0.002708 3.243056
0.004423 -0.002554 3.243056
0.004530 -0.002431 3.243056
0.004642 -0.002313 3.243056
0.004747 -0.002189 3.243056
0.004853 -0.002064 3.243056
0.004949 -0.001933 3.243056
0.005044 -0.001801 3.243056
0.005143 -0.001672 3.243056
0.005249 -0.001548 3.243056
0.005356 -0.001426 3.243056
0.005460 -0.001300 3.243056
0.005557 -0.001170 3.243056
0.005655 -0.001039 3.243056
0.005758 -0.000914 3.243056
0.005864 -0.000790 3.243056
0.005966 -0.000663 3.243056
0.006065 -0.000534 3.243056
0.006166 -0.000406 3.243056
0.006270 -0.000280 3.243056
0.006372 -0.000154 3.243056
0.006425 -0.000000 3.243056

