0.006841 -0.000000 5.289931
0.006781 0.000162 5.289931
0.006676 0.000299 5.289931
0.006566 0.000433 5.289931
0.006459 0.000569 5.289931
0.006350 0.000703 5.289931
0.006246 0.000842 5.289931
0.006136 0.000975 5.289931
0.006026 0.001109 5.289931
0.005918 0.001244 5.289931
0.005812 0.001381 5.289931
0.005707 0.001519 5.289931
0.005594 0.001649 5.289931
0.005484 0.001783 5.289931
0.005378 0.001920 5.289931
0.005273 0.002057 5.289931
0.005168 0.002195 5.289931
0.005054 0.002325 5.289931
0.004942 0.002457 5.289931
0.004838 0.002595 5.289931
0.004732 0.002732 5.289931
0.004666 0.002892 5.289931
0.004598 0.003051 5.289931
0.004541 0.003214 5.289931
0.004485 0.003378 5.289931
0.004418 0.003538 5.289931
0.004351 0.003698 5.289931
0.004286 0.003858 5.289931
0.004225 0.004020 5.289931
0.004169 0.004183 5.289931
0.004102 0.004343 5.289931
0.004036 0.004503 5.289931
0.003973 0.004664 5.289931
0.003912 0.004826 5.289931
0.003852 0.004989 5.289931
0.003784 0.005148 5.289931
0.003723 0.005309 5.289931
0.003659 0.005470 5.289931
0.003598 0.005632 5.289931
0.003532 0.005792 5.289931
0.003421 0.005924 5.289931
0.003250 0.005954 5.289931
0.003079 0.005931 5.289931
0.002908 0.005903 5.289931
0.002737 0.005879 5.289931
0.002566 0.005851 5.289931
0.002394 0.005831 5.289931
0.002223 0.005801 5.289931
0.002053 0.005773 5.289931
0.001882 0.005747 5.289931
0.001710 0.005724 5.289931
0.001538 0.005702 5.289931
0.001369 0.005669 5.289931
0.001198 0.005641 5.289931
0.001026 0.005617 5.289931
0.000855 0.005595 5.289931
0.000683 0.005573 5.289931
0.000513 0.005539 5.289931
0.000343 0.005508 5.289931
0.000172 0.005487 5.289931
-0.000000 0.005464 5.289931
-0.000172 0.005487 5.289931
-0.000343 0.005508 5.289931
-0.000513 0.005539 5.289931
-0.000683 0.005573 5.289931
-0.000855 0.005595 5.289931
-0.001026 0.005617 5.289931
-0.001198 0.005641 5.289931
-0.001369 0.005669 5.289931
-0.001538 0.005702 5.289931
-0.001710 0.005724 5.289931
-0.001882 0.005747 5.289931
-0.002053 0.005773 5.289931
-0.002223 0.005801 5.289931
-0.002394 0.005831 5.289931
-0.002566 0.005851 5.289931
-0.002737 0.005878 5.289931
-0.002908 0.005903 5.289931
-0.003079 0.005931 5.289931
-0.003250 0.005953 5.289931
-0.003421 0.005924 5.289931
-0.003533 0.005792 5.289931
-0.003598 0.005632 5.289931
-0.003659 0.005470 5.289931
-0.003723 0.005309 5.289931
-0.003784 0.005148 5.289931
-0.003853 0.004989 5.289931
-0.003913 0.004826 5.289931
-0.003973 0.004664 5.289931
-0.004036 0.004503 5.289931
-0.004102 0.004343 5.289931
-0.004169 0.004183 5.289931
-0.004225 0.004020 5.289931
-0.004286 0.003858 5.289931
-0.004351 0.003698 5.289931
-0.004418 0.003538 5.289931
-0.004485 0.003378 5.289931
-0.004541 0.003214 5.289931
-0.004598 0.003051 5.289931
-0.004666 0.002892 5.289931
-0.004732 0.002732 5.289931
-0.004838 0.002595 5.289931
-0.004942 0.002457 5.289931
-0.005054 0.002325 5.289931
-0.005168 0.002195 5.289931
-0.005273 0.002057 5.289931
-0.005378 0.001920 5.289931
-0.005484 0.001783 5.289931
-0.005594 0.001649 5.289931
-0.005707 0.001519 5.289931
-0.005812 0.001381 5.289931
-0.005918 0.001244 5.289931
-0.006026 0.001109 5.289931
-0.006136 0.000975 5.289931
-0.006246 0.000842 5.289931
-0.006350 0.000704 5.289931
-0.006459 0.000569 5.289931
-0.006567 0.000434 5.289931
-0.006676 0.000300 5.289931
-0.006782 0.000163 5.289931
-0.006841 0.000000 5.289931
-0.006782 -0.000162 5.289931
-0.006676 -0.000299 5.289931
-0.006566 -0.000433 5.289931
-0.006459 -0.000569 5.289931
-0.006350 -0.000704 5.289931
-0.006246 -0.000842 5.289931
-0.006136 -0.000975 5.289931
-0.006026 -0.001109 5.289931
-0.005918 -0.001244 5.289931
-0.005812 -0.001381 5.289931
-0.005707 -0.001519 5.289931
-0.005594 -0.001649 5.289931
-0.005484 -0.001783 5.289931
-0.005378 -0.001920 5.289931
-0.005273 -0.002057 5.289931
-0.005168 -0.002195 5.289931
-0.005054 -0.002325 5.289931
-0.004942 -0.002457 5.289931
-0.004838 -0.002595 5.289931
-0.004732 -0.002732 5.289931
-0.004666 -0.002892 5.289931
-0.004598 -0.003051 5.289931
-0.004541 -0.003214 5.289931
-0.004485 -0.003378 5.289931
-0.004418 -0.003538 5.289931
-0.004351 -0.003698 5.289931
-0.004286 -0.003858 5.289931
-0.004225 -0.004020 5.289931
-0.004169 -0.004183 5.289931
-0.004102 -0.004343 5.289931
-0.004036 -0.004503 5.289931
-0.003973 -0.004664 5.289931
-0.003913 -0.004826 5.289931
-0.003853 -0.004989 5.289931
-0.003784 -0.005148 5.289931
-0.003723 -0.005309 5.289931
-0.003659 -0.005470 5.289931
-0.003598 -0.005632 5.289931
-0.003533 -0.005792 5.289931
-0.003421 -0.005924 5.289931
-0.003250 -0.005953 5.289931
-0.003079 -0.005930 5.289931
-0.002908 -0.005903 5.289931
-0.002737 -0.005878 5.289931
-0.002566 -0.005851 5.289931
-0.002394 -0.005830 5.289931
-0.002223 -0.005801 5.289931
-0.002053 -0.005773 5.289931
-0.001882 -0.005747 5.289931
-0.001710 -0.005724 5.289931
-0.001538 -0.005702 5.289931
-0.001369 -0.005669 5.289931
-0.001198 -0.005641 5.289931
-0.001026 -0.005617 5.289931
-0.000855 -0.005595 5.289931
-0.000683 -0.005573 5.289931
-0.000513 -0.005539 5.289931
-0.000343 -0.005508 5.289931
-0.000172 -0.005487 5.289931
0.000000 -0.005464 5.289931
0.000172 -0.005487 5.289931
0.000343 -0.005508 5.289931
0.000513 -0.005539 5.289931
0.000683 -0.005573 5.289931
0.000855 -0.005595 5.289931
0.001026 -0.005617 5.289931
0.001198 -0.005641 5.289931
0.001369 -0.005669 5.289931
0.001538 -0.005702 5.289931
0.001710 -0.005724 5.289931
0.001882 -0.005747 5.289931
0.002053 -0.005773 5.289931
0.002223 -0.005801 5.289931
0.002394 -0.005831 5.289931
0.002566 -0.005851 5.289931
0.002737 -0.005879 5.289931
0.002908 -0.005904 5.289931
0.003078 -0.005932 5.289931
0.003250 -0.005956 5.289931
0.003420 -0.005925 5.289931
0.003530 -0.005791 5.289931
0.003596 -0.005631 5.289931
0.003658 -0.005470 5.289931
0.003722 -0.005309 5.289931
0.003784 -0.005147 5.289931
0.003852 -0.004988 5.289931
0.003912 -0.004826 5.289931
0.003973 -0.004664 5.289931
0.004036 -0.004503 5.289931
0.004102 -0.004343 5.289931
0.004169 -0.004183 5.289931
0.004225 -0.004020 5.289931
0.004286 -0.003858 5.289931
0.004351 -0.003698 5.289931
0.004418 -0.003538 5.289931
0.004485 -0.003378 5.289931
0.004541 -0.003214 5.289931
0.004598 -0.003051 5.289931
0.004666 -0.002892 5.289931
0.004732 -0.002732 5.289931
0.004838 -0.002595 5.289931
0.004942 -0.002457 5.289931
0.005054 -0.002325 5.289931
0.005168 -0.002195 5.289931
0.005273 -0.002057 5.289931
0.005378 -0.001920 5.289931
0.005484 -0.001783 5.289931
0.005594 -0.001649 5.289931
0.005707 -0.001519 5.289931
0.005812 -0.001381 5.289931
0.005918 -0.001244 5.289931
0.006026 -0.001109 5.289931
0.006136 -0.000975 5.289931
0.006246 -0.000842 5.289931
0.006350 -0.000704 5.289931
0.006460 -0.000570 5.289931
0.006567 -0.000434 5.289931
0.006677 -0.000300 5.289931
0.006783 -0.000163 5.289931
0.006841 -0.000000 5.289931

