0.008191 0.000000 11.609375
0.008050 0.000160 11.609375
0.007890 0.000302 11.609375
0.007743 0.000456 11.609375
0.007583 0.000597 11.609375
0.007438 0.000753 11.609375
0.007276 0.000893 11.609375
0.007145 0.001061 11.609375
0.006981 0.001197 11.609375
0.006851 0.001367 11.609375
0.006689 0.001506 11.609375
0.006545 0.001663 11.609375
0.006400 0.001820 11.609375
0.006265 0.001985 11.609375
0.006120 0.002141 11.609375
0.005967 0.002290 11.609375
0.005833 0.002456 11.609375
0.005688 0.002613 11.609375
0.005541 0.002768 11.609375
0.005432 0.002951 11.609375
0.005379 0.003158 11.609375
0.005297 0.003355 11.609375
0.005231 0.003558 11.609375
0.005186 0.003767 11.609375
0.005107 0.003965 11.609375
0.005061 0.004173 11.609375
0.004988 0.004374 11.609375
0.004946 0.004583 11.609375
0.004887 0.004788 11.609375
0.004811 0.004988 11.609375
0.004754 0.005193 11.609375
0.004680 0.005393 11.609375
0.004622 0.005599 11.609375
0.004543 0.005797 11.609375
0.004487 0.006003 11.609375
0.004398 0.006197 11.609375
0.004336 0.006401 11.609375
0.004243 0.006593 11.609375
0.004179 0.006797 11.609375
0.004094 0.006992 11.609375
0.003940 0.007140 11.609375
0.003741 0.007063 11.609375
0.003539 0.006995 11.609375
0.003339 0.006921 11.609375
0.003134 0.006863 11.609375
0.002930 0.006799 11.609375
0.002725 0.006741 11.609375
0.002516 0.006695 11.609375
0.002313 0.006632 11.609375
0.002104 0.006586 11.609375
0.001894 0.006548 11.609375
0.001693 0.006478 11.609375
0.001480 0.006459 11.609375
0.001299 0.006573 11.609375
0.001164 0.006738 11.609375
0.000984 0.006623 11.609375
0.000791 0.006532 11.609375
0.000591 0.006458 11.609375
0.000390 0.006384 11.609375
0.000185 0.006326 11.609375
-0.000020 0.006268 11.609375
-0.000228 0.006318 11.609375
-0.000426 0.006397 11.609375
-0.000631 0.006457 11.609375
-0.000822 0.006552 11.609375
-0.001012 0.006648 11.609375
-0.001125 0.006467 11.609375
-0.001329 0.006405 11.609375
-0.001541 0.006428 11.609375
-0.001748 0.006481 11.609375
-0.001950 0.006550 11.609375
-0.002160 0.006584 11.609375
-0.002362 0.006654 11.609375
-0.002572 0.006689 11.609375
-0.002780 0.006738 11.609375
-0.002985 0.006798 11.609375
-0.003192 0.006850 11.609375
-0.003390 0.006929 11.609375
-0.003595 0.006989 11.609375
-0.003787 0.007082 11.609375
-0.003982 0.007168 11.609375
-0.004152 0.007038 11.609375
-0.004234 0.006841 11.609375
-0.004301 0.006639 11.609375
-0.004401 0.006450 11.609375
-0.004466 0.006247 11.609375
-0.004565 0.006058 11.609375
-0.004619 0.005851 11.609375
-0.004707 0.005657 11.609375
-0.004756 0.005449 11.609375
-0.004836 0.005251 11.609375
-0.004888 0.005044 11.609375
-0.004968 0.004846 11.609375
-0.005010 0.004637 11.609375
-0.005074 0.004434 11.609375
-0.005140 0.004231 11.609375
-0.005190 0.004023 11.609375
-0.005264 0.003823 11.609375
-0.005286 0.003611 11.609375
-0.005376 0.003417 11.609375
-0.005407 0.003206 11.609375
-0.005492 0.003010 11.609375
-0.005651 0.002868 11.609375
-0.005778 0.002696 11.609375
-0.005941 0.002559 11.609375
-0.006079 0.002396 11.609375
-0.006218 0.002234 11.609375
-0.006377 0.002092 11.609375
-0.006516 0.001930 11.609375
-0.006673 0.001786 11.609375
-0.006802 0.001615 11.609375
-0.006964 0.001476 11.609375
-0.007093 0.001307 11.609375
-0.007254 0.001167 11.609375
-0.007389 0.001001 11.609375
-0.007552 0.000863 11.609375
-0.007694 0.000704 11.609375
-0.007856 0.000566 11.609375
-0.007996 0.000404 11.609375
-0.008147 0.000254 11.609375
-0.008194 0.000046 11.609375
-0.008043 -0.000105 11.609375
-0.007910 -0.000271 11.609375
-0.007766 -0.000429 11.609375
-0.007640 -0.000601 11.609375
-0.007498 -0.000761 11.609375
-0.007379 -0.000938 11.609375
-0.007232 -0.001092 11.609375
-0.007098 -0.001258 11.609375
-0.006935 -0.001397 11.609375
-0.006801 -0.001562 11.609375
-0.006654 -0.001717 11.609375
-0.006524 -0.001886 11.609375
-0.006359 -0.002022 11.609375
-0.006224 -0.002187 11.609375
-0.006065 -0.002329 11.609375
-0.005918 -0.002484 11.609375
-0.005770 -0.002637 11.609375
-0.005601 -0.002768 11.609375
-0.005493 -0.002952 11.609375
-0.005466 -0.003164 11.609375
-0.005380 -0.003359 11.609375
-0.005322 -0.003564 11.609375
-0.005274 -0.003772 11.609375
-0.005196 -0.003971 11.609375
-0.005161 -0.004181 11.609375
-0.005074 -0.004376 11.609375
-0.005046 -0.004588 11.609375
-0.004971 -0.004788 11.609375
-0.004923 -0.004995 11.609375
-0.004843 -0.005193 11.609375
-0.004793 -0.005401 11.609375
-0.004717 -0.005600 11.609375
-0.004671 -0.005809 11.609375
-0.004599 -0.006010 11.609375
-0.004554 -0.006218 11.609375
-0.004483 -0.006420 11.609375
-0.004439 -0.006628 11.609375
-0.004363 -0.006828 11.609375
-0.004319 -0.007037 11.609375
-0.004139 -0.007151 11.609375
-0.003932 -0.007101 11.609375
-0.003728 -0.007038 11.609375
-0.003519 -0.006997 11.609375
-0.003312 -0.006942 11.609375
-0.003103 -0.006901 11.609375
-0.002897 -0.006846 11.609375
-0.002685 -0.006817 11.609375
-0.002478 -0.006767 11.609375
-0.002269 -0.006726 11.609375
-0.002064 -0.006664 11.609375
-0.001859 -0.006606 11.609375
-0.001650 -0.006564 11.609375
-0.001441 -0.006522 11.609375
-0.001230 -0.006485 11.609375
-0.001021 -0.006443 11.609375
-0.000813 -0.006398 11.609375
-0.000602 -0.006367 11.609375
-0.000412 -0.006269 11.609375
-0.000199 -0.006253 11.609375
-0.000001 -0.006332 11.609375
0.000212 -0.006352 11.609375
0.000411 -0.006427 11.609375
0.000619 -0.006476 11.609375
0.000828 -0.006520 11.609375
0.001031 -0.006586 11.609375
0.001243 -0.006613 11.609375
0.001444 -0.006683 11.609375
0.001653 -0.006726 11.609375
0.001861 -0.006772 11.609375
0.002070 -0.006817 11.609375
0.002279 -0.006861 11.609375
0.002486 -0.006910 11.609375
0.002696 -0.006950 11.609375
0.002902 -0.007007 11.609375
0.003113 -0.007040 11.609375
0.003319 -0.007094 11.609375
0.003530 -0.007122 11.609375
0.003740 -0.007164 11.609375
0.003950 -0.007203 11.609375
0.004145 -0.007116 11.609375
0.004196 -0.006909 11.609375
0.004225 -0.006698 11.609375
0.004289 -0.006494 11.609375
0.004328 -0.006284 11.609375
0.004401 -0.006084 11.609375
0.004436 -0.005874 11.609375
0.004519 -0.005677 11.609375
0.004568 -0.005469 11.609375
0.004637 -0.005267 11.609375
0.004693 -0.005061 11.609375
0.004746 -0.004855 11.609375
0.004817 -0.004654 11.609375
0.004850 -0.004443 11.609375
0.004951 -0.004254 11.609375
0.004978 -0.004043 11.609375
0.005084 -0.003858 11.609375
0.005292 -0.003811 11.609375
0.005359 -0.003609 11.609375
0.005352 -0.003396 11.609375
0.005409 -0.003190 11.609375
0.005555 -0.003035 11.609375
0.005686 -0.002866 11.609375
0.005850 -0.002729 11.609375
0.005990 -0.002568 11.609375
0.006146 -0.002423 11.609375
0.006286 -0.002262 11.609375
0.006429 -0.002103 11.609375
0.006588 -0.001961 11.609375
0.006724 -0.001797 11.609375
0.006876 -0.001646 11.609375
0.007008 -0.001479 11.609375
0.007165 -0.001335 11.609375
0.007292 -0.001163 11.609375
0.007451 -0.001021 11.609375
0.007577 -0.000848 11.609375
0.007732 -0.000702 11.609375
0.007858 -0.000530 11.609375
0.008004 -0.000375 11.609375
0.008135 -0.000206 11.609375
0.008191 0.000000 11.609375

