0.007896 -0.000039 10.024306
0.007749 0.000102 10.024306
0.007606 0.000248 10.024306
0.007464 0.000394 10.024306
0.007322 0.000539 10.024306
0.007188 0.000694 10.024306
0.007043 0.000836 10.024306
0.006905 0.000986 10.024306
0.006760 0.001129 10.024306
0.006631 0.001287 10.024306
0.006484 0.001428 10.024306
0.006367 0.001594 10.024306
0.006207 0.001721 10.024306
0.006082 0.001882 10.024306
0.005948 0.002035 10.024306
0.005832 0.002203 10.024306
0.005705 0.002362 10.024306
0.005597 0.002535 10.024306
0.005481 0.002702 10.024306
0.005354 0.002862 10.024306
0.005253 0.003039 10.024306
0.005192 0.003233 10.024306
0.005104 0.003417 10.024306
0.005032 0.003608 10.024306
0.004957 0.003797 10.024306
0.004885 0.003988 10.024306
0.004836 0.004185 10.024306
0.004761 0.004375 10.024306
0.004708 0.004571 10.024306
0.004644 0.004765 10.024306
0.004608 0.004965 10.024306
0.004536 0.005156 10.024306
0.004495 0.005356 10.024306
0.004420 0.005545 10.024306
0.004369 0.005742 10.024306
0.004300 0.005934 10.024306
0.004242 0.006129 10.024306
0.004175 0.006321 10.024306
0.004117 0.006517 10.024306
0.004045 0.006707 10.024306
0.003874 0.006818 10.024306
0.003680 0.006755 10.024306
0.003484 0.006703 10.024306
0.003288 0.006645 10.024306
0.003090 0.006598 10.024306
0.002893 0.006546 10.024306
0.002694 0.006503 10.024306
0.002496 0.006452 10.024306
0.002296 0.006415 10.024306
0.002098 0.006366 10.024306
0.001902 0.006312 10.024306
0.001702 0.006274 10.024306
0.001506 0.006218 10.024306
0.001305 0.006253 10.024306
0.001144 0.006377 10.024306
0.000968 0.006274 10.024306
0.000770 0.006229 10.024306
0.000573 0.006175 10.024306
0.000373 0.006136 10.024306
0.000172 0.006102 10.024306
-0.000029 0.006070 10.024306
-0.000231 0.006092 10.024306
-0.000431 0.006130 10.024306
-0.000629 0.006181 10.024306
-0.000829 0.006221 10.024306
-0.001010 0.006314 10.024306
-0.001187 0.006214 10.024306
-0.001391 0.006213 10.024306
-0.001586 0.006272 10.024306
-0.001788 0.006293 10.024306
-0.001988 0.006334 10.024306
-0.002188 0.006374 10.024306
-0.002388 0.006410 10.024306
-0.002582 0.006474 10.024306
-0.002781 0.006515 10.024306
-0.002977 0.006572 10.024306
-0.003178 0.006607 10.024306
-0.003375 0.006657 10.024306
-0.003572 0.006708 10.024306
-0.003769 0.006763 10.024306
-0.003961 0.006831 10.024306
-0.004137 0.006728 10.024306
-0.004209 0.006538 10.024306
-0.004270 0.006344 10.024306
-0.004338 0.006151 10.024306
-0.004398 0.005957 10.024306
-0.004463 0.005764 10.024306
-0.004517 0.005567 10.024306
-0.004590 0.005377 10.024306
-0.004628 0.005177 10.024306
-0.004704 0.004988 10.024306
-0.004732 0.004786 10.024306
-0.004807 0.004596 10.024306
-0.004849 0.004397 10.024306
-0.004920 0.004206 10.024306
-0.004951 0.004005 10.024306
-0.005028 0.003816 10.024306
-0.005082 0.003619 10.024306
-0.005155 0.003429 10.024306
-0.005222 0.003237 10.024306
-0.005285 0.003043 10.024306
-0.005404 0.002877 10.024306
-0.005529 0.002717 10.024306
-0.005666 0.002566 10.024306
-0.005783 0.002399 10.024306
-0.005931 0.002259 10.024306
-0.006060 0.002101 10.024306
-0.006210 0.001964 10.024306
-0.006330 0.001799 10.024306
-0.006489 0.001672 10.024306
-0.006618 0.001514 10.024306
-0.006770 0.001379 10.024306
-0.006899 0.001221 10.024306
-0.007046 0.001080 10.024306
-0.007177 0.000923 10.024306
-0.007322 0.000781 10.024306
-0.007455 0.000626 10.024306
-0.007598 0.000481 10.024306
-0.007742 0.000337 10.024306
-0.007888 0.000195 10.024306
-0.007928 -0.000005 10.024306
-0.007799 -0.000163 10.024306
-0.007673 -0.000323 10.024306
-0.007536 -0.000474 10.024306
-0.007403 -0.000628 10.024306
-0.007255 -0.000768 10.024306
-0.007118 -0.000919 10.024306
-0.006973 -0.001062 10.024306
-0.006850 -0.001224 10.024306
-0.006704 -0.001367 10.024306
-0.006571 -0.001522 10.024306
-0.006411 -0.001647 10.024306
-0.006279 -0.001802 10.024306
-0.006128 -0.001939 10.024306
-0.005995 -0.002093 10.024306
-0.005843 -0.002229 10.024306
-0.005731 -0.002399 10.024306
-0.005601 -0.002556 10.024306
-0.005497 -0.002731 10.024306
-0.005364 -0.002886 10.024306
-0.005276 -0.003069 10.024306
-0.005233 -0.003269 10.024306
-0.005145 -0.003452 10.024306
-0.005104 -0.003652 10.024306
-0.005018 -0.003837 10.024306
-0.004978 -0.004036 10.024306
-0.004910 -0.004228 10.024306
-0.004863 -0.004427 10.024306
-0.004788 -0.004616 10.024306
-0.004745 -0.004815 10.024306
-0.004679 -0.005008 10.024306
-0.004637 -0.005207 10.024306
-0.004566 -0.005398 10.024306
-0.004519 -0.005597 10.024306
-0.004444 -0.005786 10.024306
-0.004396 -0.005984 10.024306
-0.004328 -0.006176 10.024306
-0.004275 -0.006373 10.024306
-0.004219 -0.006569 10.024306
-0.004164 -0.006765 10.024306
-0.004002 -0.006889 10.024306
-0.003803 -0.006845 10.024306
-0.003604 -0.006804 10.024306
-0.003405 -0.006760 10.024306
-0.003205 -0.006719 10.024306
-0.003005 -0.006681 10.024306
-0.002810 -0.006623 10.024306
-0.002612 -0.006574 10.024306
-0.002417 -0.006516 10.024306
-0.002216 -0.006483 10.024306
-0.002017 -0.006441 10.024306
-0.001814 -0.006415 10.024306
-0.001618 -0.006359 10.024306
-0.001418 -0.006321 10.024306
-0.001220 -0.006273 10.024306
-0.001023 -0.006223 10.024306
-0.000825 -0.006173 10.024306
-0.000627 -0.006127 10.024306
-0.000424 -0.006107 10.024306
-0.000222 -0.006080 10.024306
-0.000021 -0.006110 10.024306
0.000175 -0.006168 10.024306
0.000377 -0.006188 10.024306
0.000573 -0.006246 10.024306
0.000774 -0.006276 10.024306
0.000971 -0.006328 10.024306
0.001167 -0.006385 10.024306
0.001366 -0.006429 10.024306
0.001564 -0.006478 10.024306
0.001763 -0.006518 10.024306
0.001958 -0.006579 10.024306
0.002158 -0.006615 10.024306
0.002353 -0.006674 10.024306
0.002554 -0.006711 10.024306
0.002752 -0.006758 10.024306
0.002951 -0.006801 10.024306
0.003150 -0.006846 10.024306
0.003349 -0.006888 10.024306
0.003546 -0.006939 10.024306
0.003745 -0.006982 10.024306
0.003930 -0.006895 10.024306
0.003983 -0.006698 10.024306
0.004042 -0.006503 10.024306
0.004101 -0.006308 10.024306
0.004155 -0.006112 10.024306
0.004226 -0.005921 10.024306
0.004274 -0.005723 10.024306
0.004340 -0.005530 10.024306
0.004373 -0.005329 10.024306
0.004450 -0.005140 10.024306
0.004491 -0.004941 10.024306
0.004575 -0.004755 10.024306
0.004635 -0.004560 10.024306
0.004712 -0.004372 10.024306
0.004769 -0.004176 10.024306
0.004827 -0.003981 10.024306
0.004911 -0.003795 10.024306
0.005052 -0.003648 10.024306
0.005104 -0.003451 10.024306
0.005170 -0.003258 10.024306
0.005258 -0.003074 10.024306
0.005396 -0.002924 10.024306
0.005526 -0.002767 10.024306
0.005658 -0.002612 10.024306
0.005797 -0.002463 10.024306
0.005923 -0.002303 10.024306
0.006079 -0.002172 10.024306
0.006211 -0.002017 10.024306
0.006362 -0.001879 10.024306
0.006487 -0.001719 10.024306
0.006647 -0.001593 10.024306
0.006772 -0.001432 10.024306
0.006928 -0.001300 10.024306
0.007054 -0.001141 10.024306
0.007201 -0.000999 10.024306
0.007333 -0.000844 10.024306
0.007474 -0.000697 10.024306
0.007605 -0.000541 10.024306
0.007748 -0.000396 10.024306
0.007881 -0.000242 10.024306
0.007896 -0.000039 10.024306

