0.007664 -0.000078 8.873264
0.007530 0.000065 8.873264
0.007393 0.000206 8.873264
0.007261 0.000350 8.873264
0.007125 0.000492 8.873264
0.006988 0.000633 8.873264
0.006857 0.000778 8.873264
0.006731 0.000929 8.873264
0.006598 0.001073 8.873264
0.006471 0.001222 8.873264
0.006336 0.001365 8.873264
0.006212 0.001517 8.873264
0.006085 0.001667 8.873264
0.005996 0.001842 8.873264
0.005872 0.001993 8.873264
0.005777 0.002165 8.873264
0.005653 0.002317 8.873264
0.005545 0.002482 8.873264
0.005423 0.002635 8.873264
0.005321 0.002802 8.873264
0.005196 0.002954 8.873264
0.005115 0.003133 8.873264
0.005047 0.003317 8.873264
0.004958 0.003492 8.873264
0.004895 0.003678 8.873264
0.004810 0.003855 8.873264
0.004739 0.004037 8.873264
0.004652 0.004213 8.873264
0.004604 0.004404 8.873264
0.004523 0.004583 8.873264
0.004471 0.004772 8.873264
0.004403 0.004956 8.873264
0.004356 0.005146 8.873264
0.004300 0.005334 8.873264
0.004252 0.005525 8.873264
0.004192 0.005711 8.873264
0.004137 0.005900 8.873264
0.004080 0.006088 8.873264
0.004018 0.006274 8.873264
0.003960 0.006461 8.873264
0.003809 0.006586 8.873264
0.003618 0.006538 8.873264
0.003429 0.006488 8.873264
0.003237 0.006445 8.873264
0.003046 0.006402 8.873264
0.002855 0.006356 8.873264
0.002663 0.006316 8.873264
0.002473 0.006267 8.873264
0.002282 0.006223 8.873264
0.002091 0.006177 8.873264
0.001896 0.006152 8.873264
0.001702 0.006125 8.873264
0.001506 0.006115 8.873264
0.001310 0.006101 8.873264
0.001116 0.006130 8.873264
0.000924 0.006087 8.873264
0.000729 0.006071 8.873264
0.000537 0.006032 8.873264
0.000340 0.006026 8.873264
0.000147 0.005991 8.873264
-0.000048 0.005976 8.873264
-0.000242 0.006011 8.873264
-0.000438 0.006014 8.873264
-0.000632 0.006045 8.873264
-0.000827 0.006057 8.873264
-0.001019 0.006099 8.873264
-0.001214 0.006077 8.873264
-0.001409 0.006098 8.873264
-0.001604 0.006120 8.873264
-0.001796 0.006164 8.873264
-0.001990 0.006187 8.873264
-0.002182 0.006231 8.873264
-0.002376 0.006256 8.873264
-0.002569 0.006292 8.873264
-0.002763 0.006324 8.873264
-0.002954 0.006368 8.873264
-0.003143 0.006420 8.873264
-0.003334 0.006467 8.873264
-0.003525 0.006509 8.873264
-0.003716 0.006555 8.873264
-0.003908 0.006598 8.873264
-0.004058 0.006472 8.873264
-0.004116 0.006285 8.873264
-0.004177 0.006098 8.873264
-0.004232 0.005910 8.873264
-0.004288 0.005722 8.873264
-0.004346 0.005534 8.873264
-0.004395 0.005344 8.873264
-0.004450 0.005156 8.873264
-0.004501 0.004966 8.873264
-0.004562 0.004780 8.873264
-0.004608 0.004589 8.873264
-0.004678 0.004406 8.873264
-0.004711 0.004212 8.873264
-0.004794 0.004035 8.873264
-0.004847 0.003846 8.873264
-0.004927 0.003667 8.873264
-0.004979 0.003477 8.873264
-0.005068 0.003303 8.873264
-0.005126 0.003115 8.873264
-0.005213 0.002939 8.873264
-0.005345 0.002795 8.873264
-0.005449 0.002628 8.873264
-0.005580 0.002482 8.873264
-0.005690 0.002320 8.873264
-0.005825 0.002177 8.873264
-0.005928 0.002010 8.873264
-0.006071 0.001875 8.873264
-0.006191 0.001720 8.873264
-0.006330 0.001582 8.873264
-0.006452 0.001428 8.873264
-0.006594 0.001292 8.873264
-0.006724 0.001146 8.873264
-0.006865 0.001009 8.873264
-0.006998 0.000864 8.873264
-0.007131 0.000720 8.873264
-0.007267 0.000579 8.873264
-0.007400 0.000435 8.873264
-0.007531 0.000288 8.873264
-0.007666 0.000146 8.873264
-0.007701 -0.000047 8.873264
-0.007567 -0.000190 8.873264
-0.007427 -0.000328 8.873264
-0.007292 -0.000470 8.873264
-0.007160 -0.000615 8.873264
-0.007030 -0.000762 8.873264
-0.006902 -0.000911 8.873264
-0.006759 -0.001045 8.873264
-0.006622 -0.001185 8.873264
-0.006475 -0.001315 8.873264
-0.006345 -0.001463 8.873264
-0.006206 -0.001601 8.873264
-0.006087 -0.001757 8.873264
-0.005956 -0.001903 8.873264
-0.005862 -0.002075 8.873264
-0.005742 -0.002231 8.873264
-0.005632 -0.002394 8.873264
-0.005503 -0.002541 8.873264
-0.005400 -0.002708 8.873264
-0.005273 -0.002858 8.873264
-0.005168 -0.003023 8.873264
-0.005113 -0.003212 8.873264
-0.005025 -0.003387 8.873264
-0.004968 -0.003575 8.873264
-0.004894 -0.003757 8.873264
-0.004839 -0.003945 8.873264
-0.004758 -0.004124 8.873264
-0.004711 -0.004314 8.873264
-0.004644 -0.004499 8.873264
-0.004599 -0.004690 8.873264
-0.004527 -0.004872 8.873264
-0.004482 -0.005063 8.873264
-0.004418 -0.005249 8.873264
-0.004373 -0.005440 8.873264
-0.004317 -0.005628 8.873264
-0.004260 -0.005816 8.873264
-0.004204 -0.006004 8.873264
-0.004146 -0.006191 8.873264
-0.004084 -0.006377 8.873264
-0.004029 -0.006566 8.873264
-0.003879 -0.006693 8.873264
-0.003688 -0.006652 8.873264
-0.003497 -0.006606 8.873264
-0.003306 -0.006560 8.873264
-0.003117 -0.006507 8.873264
-0.002927 -0.006456 8.873264
-0.002734 -0.006421 8.873264
-0.002540 -0.006392 8.873264
-0.002348 -0.006353 8.873264
-0.002156 -0.006313 8.873264
-0.001967 -0.006259 8.873264
-0.001775 -0.006220 8.873264
-0.001585 -0.006169 8.873264
-0.001392 -0.006134 8.873264
-0.001202 -0.006086 8.873264
-0.001006 -0.006076 8.873264
-0.000811 -0.006054 8.873264
-0.000616 -0.006039 8.873264
-0.000421 -0.006017 8.873264
-0.000225 -0.006004 8.873264
-0.000029 -0.005986 8.873264
0.000164 -0.006018 8.873264
0.000358 -0.006047 8.873264
0.000553 -0.006073 8.873264
0.000744 -0.006118 8.873264
0.000938 -0.006148 8.873264
0.001130 -0.006188 8.873264
0.001324 -0.006219 8.873264
0.001510 -0.006281 8.873264
0.001703 -0.006318 8.873264
0.001892 -0.006370 8.873264
0.002083 -0.006412 8.873264
0.002274 -0.006459 8.873264
0.002465 -0.006506 8.873264
0.002654 -0.006555 8.873264
0.002846 -0.006598 8.873264
0.003037 -0.006644 8.873264
0.003228 -0.006689 8.873264
0.003420 -0.006729 8.873264
0.003611 -0.006773 8.873264
0.003795 -0.006705 8.873264
0.003853 -0.006518 8.873264
0.003907 -0.006329 8.873264
0.003966 -0.006142 8.873264
0.004020 -0.005953 8.873264
0.004070 -0.005763 8.873264
0.004123 -0.005575 8.873264
0.004192 -0.005391 8.873264
0.004253 -0.005204 8.873264
0.004328 -0.005023 8.873264
0.004384 -0.004835 8.873264
0.004461 -0.004654 8.873264
0.004501 -0.004462 8.873264
0.004588 -0.004286 8.873264
0.004656 -0.004102 8.873264
0.004754 -0.003932 8.873264
0.004825 -0.003749 8.873264
0.004931 -0.003584 8.873264
0.004996 -0.003399 8.873264
0.005087 -0.003225 8.873264
0.005151 -0.003040 8.873264
0.005264 -0.002879 8.873264
0.005395 -0.002733 8.873264
0.005502 -0.002569 8.873264
0.005639 -0.002428 8.873264
0.005755 -0.002270 8.873264
0.005892 -0.002129 8.873264
0.006003 -0.001967 8.873264
0.006156 -0.001844 8.873264
0.006277 -0.001691 8.873264
0.006423 -0.001559 8.873264
0.006550 -0.001409 8.873264
0.006691 -0.001273 8.873264
0.006824 -0.001128 8.873264
0.006964 -0.000991 8.873264
0.007096 -0.000846 8.873264
0.007232 -0.000704 8.873264
0.007368 -0.000563 8.873264
0.007498 -0.000416 8.873264
0.007631 -0.000272 8.873264
0.007664 -0.000078 8.873264

