0.006394 -0.000000 3.086806
0.006340 0.000153 3.086806
0.006238 0.000279 3.086806
0.006136 0.000405 3.086806
0.006037 0.000533 3.086806
0.005937 0.000660 3.086806
0.005832 0.000784 3.086806
0.005728 0.000908 3.086806
0.005630 0.001037 3.086806
0.005533 0.001167 3.086806
0.005431 0.001293 3.086806
0.005324 0.001415 3.086806
0.005219 0.001538 3.086806
0.005119 0.001666 3.086806
0.005025 0.001797 3.086806
0.004928 0.001927 3.086806
0.004827 0.002054 3.086806
0.004718 0.002174 3.086806
0.004611 0.002296 3.086806
0.004500 0.002414 3.086806
0.004397 0.002539 3.086806
0.004340 0.002690 3.086806
0.004294 0.002846 3.086806
0.004242 0.002999 3.086806
0.004192 0.003153 3.086806
0.004133 0.003304 3.086806
0.004069 0.003453 3.086806
0.004002 0.003601 3.086806
0.003941 0.003751 3.086806
0.003888 0.003904 3.086806
0.003836 0.004057 3.086806
0.003777 0.004208 3.086806
0.003713 0.004357 3.086806
0.003651 0.004507 3.086806
0.003595 0.004659 3.086806
0.003540 0.004811 3.086806
0.003480 0.004962 3.086806
0.003419 0.005112 3.086806
0.003360 0.005263 3.086806
0.003302 0.005414 3.086806
0.003197 0.005537 3.086806
0.003038 0.005567 3.086806
0.002878 0.005541 3.086806
0.002717 0.005516 3.086806
0.002557 0.005495 3.086806
0.002397 0.005471 3.086806
0.002237 0.005443 3.086806
0.002077 0.005415 3.086806
0.001917 0.005394 3.086806
0.001756 0.005376 3.086806
0.001596 0.005350 3.086806
0.001437 0.005319 3.086806
0.001278 0.005289 3.086806
0.001117 0.005266 3.086806
0.000956 0.005250 3.086806
0.000795 0.005231 3.086806
0.000635 0.005207 3.086806
0.000476 0.005173 3.086806
0.000317 0.005141 3.086806
0.000160 0.005104 3.086806
-0.000000 0.005077 3.086806
-0.000160 0.005104 3.086806
-0.000317 0.005141 3.086806
-0.000476 0.005173 3.086806
-0.000635 0.005207 3.086806
-0.000795 0.005231 3.086806
-0.000956 0.005250 3.086806
-0.001117 0.005266 3.086806
-0.001278 0.005289 3.086806
-0.001437 0.005319 3.086806
-0.001596 0.005350 3.086806
-0.001756 0.005376 3.086806
-0.001917 0.005394 3.086806
-0.002077 0.005415 3.086806
-0.002237 0.005443 3.086806
-0.002397 0.005471 3.086806
-0.002557 0.005495 3.086806
-0.002717 0.005516 3.086806
-0.002878 0.005541 3.086806
-0.003038 0.005567 3.086806
-0.003197 0.005537 3.086806
-0.003302 0.005414 3.086806
-0.003360 0.005263 3.086806
-0.003419 0.005112 3.086806
-0.003480 0.004962 3.086806
-0.003540 0.004811 3.086806
-0.003595 0.004659 3.086806
-0.003651 0.004507 3.086806
-0.003713 0.004357 3.086806
-0.003777 0.004208 3.086806
-0.003836 0.004057 3.086806
-0.003888 0.003904 3.086806
-0.003941 0.003751 3.086806
-0.004002 0.003601 3.086806
-0.004069 0.003453 3.086806
-0.004133 0.003304 3.086806
-0.004192 0.003153 3.086806
-0.004242 0.002999 3.086806
-0.004294 0.002846 3.086806
-0.004340 0.002690 3.086806
-0.004397 0.002539 3.086806
-0.004500 0.002414 3.086806
-0.004611 0.002296 3.086806
-0.004718 0.002174 3.086806
-0.004827 0.002054 3.086806
-0.004928 0.001927 3.086806
-0.005025 0.001797 3.086806
-0.005119 0.001666 3.086806
-0.005219 0.001538 3.086806
-0.005324 0.001415 3.086806
-0.005431 0.001293 3.086806
-0.005533 0.001167 3.086806
-0.005630 0.001037 3.086806
-0.005728 0.000908 3.086806
-0.005832 0.000784 3.086806
-0.005937 0.000660 3.086806
-0.006037 0.000533 3.086806
-0.006136 0.000405 3.086806
-0.006238 0.000279 3.086806
-0.006340 0.000153 3.086806
-0.006394 0.000000 3.086806
-0.006340 -0.000153 3.086806
-0.006238 -0.000279 3.086806
-0.006136 -0.000405 3.086806
-0.006037 -0.000533 3.086806
-0.005937 -0.000660 3.086806
-0.005832 -0.000784 3.086806
-0.005728 -0.000908 3.086806
-0.005630 -0.001037 3.086806
-0.005533 -0.001167 3.086806
-0.005431 -0.001293 3.086806
-0.005324 -0.001415 3.086806
-0.005219 -0.001538 3.086806
-0.005119 -0.001666 3.086806
-0.005025 -0.001797 3.086806
-0.004928 -0.001927 3.086806
-0.004827 -0.002054 3.086806
-0.004718 -0.002174 3.086806
-0.004611 -0.002296 3.086806
-0.004500 -0.002414 3.086806
-0.004397 -0.002539 3.086806
-0.004340 -0.002690 3.086806
-0.004294 -0.002846 3.086806
-0.004242 -0.002999 3.086806
-0.004192 -0.003153 3.086806
-0.004133 -0.003304 3.086806
-0.004069 -0.003453 3.086806
-0.004002 -0.003601 3.086806
-0.003941 -0.003751 3.086806
-0.003888 -0.003904 3.086806
-0.003836 -0.004057 3.086806
-0.003777 -0.004208 3.086806
-0.003713 -0.004357 3.086806
-0.003651 -0.004507 3.086806
-0.003595 -0.004659 3.086806
-0.003540 -0.004811 3.086806
-0.003480 -0.004962 3.086806
-0.003419 -0.005112 3.086806
-0.003360 -0.005263 3.086806
-0.003302 -0.005414 3.086806
-0.003197 -0.005537 3.086806
-0.003038 -0.005567 3.086806
-0.002878 -0.005541 3.086806
-0.002717 -0.005516 3.086806
-0.002557 -0.005495 3.086806
-0.002397 -0.005471 3.086806
-0.002237 -0.005443 3.086806
-0.002077 -0.005415 3.086806
-0.001917 -0.005394 3.086806
-0.001756 -0.005376 3.086806
-0.001596 -0.005350 3.086806
-0.001437 -0.005319 3.086806
-0.001278 -0.005289 3.086806
-0.001117 -0.005266 3.086806
-0.000956 -0.005250 3.086806
-0.000795 -0.005231 3.086806
-0.000635 -0.005207 3.086806
-0.000476 -0.005173 3.086806
-0.000317 -0.005141 3.086806
-0.000160 -0.005104 3.086806
0.000000 -0.005077 3.086806
0.000160 -0.005104 3.086806
0.000317 -0.005141 3.086806
0.000476 -0.005173 3.086806
0.000635 -0.005207 3.086806
0.000795 -0.005231 3.086806
0.000956 -0.005250 3.086806
0.001117 -0.005266 3.086806
0.001278 -0.005289 3.086806
0.001437 -0.005319 3.086806
0.001596 -0.005350 3.086806
0.001756 -0.005376 3.086806
0.001917 -0.005394 3.086806
0.002077 -0.005415 3.086806
0.002237 -0.005443 3.086806
0.002397 -0.005471 3.086806
0.002557 -0.005495 3.086806
0.002717 -0.005516 3.086806
0.002878 -0.005541 3.086806
0.003038 -0.005567 3.086806
0.003197 -0.005537 3.086806
0.003302 -0.005414 3.086806
0.003360 -0.005263 3.086806
0.003419 -0.005112 3.086806
0.003480 -0.004962 3.086806
0.003540 -0.004811 3.086806
0.003595 -0.004659 3.086806
0.003651 -0.004507 3.086806
0.003713 -0.004357 3.086806
0.003777 -0.004208 3.086806
0.003836 -0.004057 3.086806
0.003888 -0.003904 3.086806
0.003941 -0.003751 3.086806
0.004002 -0.003601 3.086806
0.004069 -0.003453 3.086806
0.004133 -0.003304 3.086806
0.004192 -0.003153 3.086806
0.004242 -0.002999 3.086806
0.004294 -0.002846 3.086806
0.004340 -0.002690 3.086806
0.004397 -0.002539 3.086806
0.004500 -0.002414 3.086806
0.004611 -0.002296 3.086806
0.004718 -0.002174 3.086806
0.004827 -0.002054 3.086806
0.004928 -0.001927 3.086806
0.005025 -0.001797 3.086806
0.005119 -0.001666 3.086806
0.005219 -0.001538 3.086806
0.005324 -0.001415 3.086806
0.005431 -0.001293 3.086806
0.005533 -0.001167 3.086806
0.005630 -0.001037 3.086806
0.005728 -0.000908 3.086806
0.005832 -0.000784 3.086806
0.005937 -0.000660 3.086806
0.006037 -0.000533 3.086806
0.006136 -0.000405 3.086806
0.006238 -0.000279 3.086806
0.006340 -0.000153 3.086806
0.006394 -0.000000 3.086806

