0.007135 -0.000071 6.796875
0.007023 0.000071 6.796875
0.006907 0.000209 6.796875
0.006801 0.000356 6.796875
0.006701 0.000507 6.796875
0.006605 0.000660 6.796875
0.006508 0.000813 6.796875
0.006406 0.000962 6.796875
0.006307 0.001113 6.796875
0.006202 0.001261 6.796875
0.006090 0.001403 6.796875
0.005980 0.001547 6.796875
0.005870 0.001690 6.796875
0.005761 0.001834 6.796875
0.005650 0.001977 6.796875
0.005532 0.002115 6.796875
0.005418 0.002254 6.796875
0.005314 0.002402 6.796875
0.005197 0.002541 6.796875
0.005087 0.002684 6.796875
0.004965 0.002817 6.796875
0.004888 0.002981 6.796875
0.004835 0.003154 6.796875
0.004766 0.003321 6.796875
0.004696 0.003488 6.796875
0.004626 0.003655 6.796875
0.004567 0.003826 6.796875
0.004501 0.003994 6.796875
0.004432 0.004161 6.796875
0.004363 0.004329 6.796875
0.004294 0.004496 6.796875
0.004230 0.004665 6.796875
0.004161 0.004832 6.796875
0.004085 0.004996 6.796875
0.004015 0.005163 6.796875
0.003944 0.005330 6.796875
0.003873 0.005496 6.796875
0.003803 0.005663 6.796875
0.003735 0.005830 6.796875
0.003679 0.006002 6.796875
0.003546 0.006125 6.796875
0.003366 0.006108 6.796875
0.003185 0.006097 6.796875
0.003005 0.006092 6.796875
0.002824 0.006082 6.796875
0.002644 0.006069 6.796875
0.002464 0.006052 6.796875
0.002284 0.006031 6.796875
0.002104 0.006017 6.796875
0.001924 0.005994 6.796875
0.001745 0.005966 6.796875
0.001566 0.005942 6.796875
0.001387 0.005918 6.796875
0.001207 0.005895 6.796875
0.001029 0.005868 6.796875
0.000851 0.005834 6.796875
0.000672 0.005810 6.796875
0.000492 0.005789 6.796875
0.000313 0.005763 6.796875
0.000136 0.005724 6.796875
-0.000044 0.005708 6.796875
-0.000220 0.005748 6.796875
-0.000400 0.005772 6.796875
-0.000578 0.005803 6.796875
-0.000758 0.005820 6.796875
-0.000937 0.005849 6.796875
-0.001114 0.005882 6.796875
-0.001294 0.005907 6.796875
-0.001473 0.005929 6.796875
-0.001652 0.005953 6.796875
-0.001832 0.005976 6.796875
-0.002011 0.006002 6.796875
-0.002191 0.006018 6.796875
-0.002372 0.006028 6.796875
-0.002552 0.006042 6.796875
-0.002733 0.006051 6.796875
-0.002913 0.006061 6.796875
-0.003093 0.006078 6.796875
-0.003272 0.006105 6.796875
-0.003450 0.006140 6.796875
-0.003629 0.006162 6.796875
-0.003756 0.006033 6.796875
-0.003803 0.005859 6.796875
-0.003857 0.005686 6.796875
-0.003911 0.005513 6.796875
-0.003970 0.005342 6.796875
-0.004031 0.005172 6.796875
-0.004094 0.005003 6.796875
-0.004166 0.004837 6.796875
-0.004233 0.004669 6.796875
-0.004296 0.004499 6.796875
-0.004364 0.004331 6.796875
-0.004432 0.004164 6.796875
-0.004502 0.003997 6.796875
-0.004567 0.003828 6.796875
-0.004626 0.003657 6.796875
-0.004695 0.003490 6.796875
-0.004767 0.003324 6.796875
-0.004833 0.003156 6.796875
-0.004889 0.002984 6.796875
-0.004965 0.002819 6.796875
-0.005086 0.002685 6.796875
-0.005198 0.002543 6.796875
-0.005313 0.002403 6.796875
-0.005418 0.002256 6.796875
-0.005532 0.002116 6.796875
-0.005650 0.001979 6.796875
-0.005761 0.001836 6.796875
-0.005871 0.001692 6.796875
-0.005982 0.001549 6.796875
-0.006093 0.001407 6.796875
-0.006207 0.001266 6.796875
-0.006315 0.001121 6.796875
-0.006421 0.000974 6.796875
-0.006533 0.000832 6.796875
-0.006643 0.000689 6.796875
-0.006756 0.000548 6.796875
-0.006872 0.000409 6.796875
-0.006990 0.000271 6.796875
-0.007113 0.000139 6.796875
-0.007139 -0.000040 6.796875
-0.007008 -0.000165 6.796875
-0.006883 -0.000296 6.796875
-0.006776 -0.000441 6.796875
-0.006675 -0.000591 6.796875
-0.006575 -0.000742 6.796875
-0.006472 -0.000891 6.796875
-0.006365 -0.001037 6.796875
-0.006263 -0.001186 6.796875
-0.006154 -0.001330 6.796875
-0.006040 -0.001471 6.796875
-0.005930 -0.001615 6.796875
-0.005820 -0.001758 6.796875
-0.005710 -0.001902 6.796875
-0.005597 -0.002043 6.796875
-0.005478 -0.002179 6.796875
-0.005369 -0.002324 6.796875
-0.005259 -0.002467 6.796875
-0.005150 -0.002612 6.796875
-0.005025 -0.002742 6.796875
-0.004922 -0.002891 6.796875
-0.004870 -0.003064 6.796875
-0.004799 -0.003231 6.796875
-0.004739 -0.003401 6.796875
-0.004662 -0.003565 6.796875
-0.004599 -0.003735 6.796875
-0.004539 -0.003905 6.796875
-0.004472 -0.004073 6.796875
-0.004402 -0.004240 6.796875
-0.004335 -0.004408 6.796875
-0.004268 -0.004576 6.796875
-0.004206 -0.004746 6.796875
-0.004139 -0.004914 6.796875
-0.004070 -0.005081 6.796875
-0.004011 -0.005252 6.796875
-0.003951 -0.005423 6.796875
-0.003893 -0.005594 6.796875
-0.003838 -0.005766 6.796875
-0.003780 -0.005938 6.796875
-0.003730 -0.006112 6.796875
-0.003597 -0.006234 6.796875
-0.003421 -0.006195 6.796875
-0.003248 -0.006142 6.796875
-0.003072 -0.006100 6.796875
-0.002894 -0.006068 6.796875
-0.002714 -0.006050 6.796875
-0.002533 -0.006038 6.796875
-0.002353 -0.006023 6.796875
-0.002172 -0.006014 6.796875
-0.001992 -0.005998 6.796875
-0.001813 -0.005973 6.796875
-0.001634 -0.005950 6.796875
-0.001454 -0.005927 6.796875
-0.001275 -0.005905 6.796875
-0.001096 -0.005880 6.796875
-0.000918 -0.005846 6.796875
-0.000739 -0.005819 6.796875
-0.000559 -0.005800 6.796875
-0.000380 -0.005772 6.796875
-0.000202 -0.005743 6.796875
-0.000024 -0.005709 6.796875
0.000155 -0.005731 6.796875
0.000333 -0.005766 6.796875
0.000512 -0.005794 6.796875
0.000692 -0.005813 6.796875
0.000871 -0.005839 6.796875
0.001048 -0.005873 6.796875
0.001227 -0.005900 6.796875
0.001406 -0.005924 6.796875
0.001586 -0.005949 6.796875
0.001765 -0.005974 6.796875
0.001943 -0.006006 6.796875
0.002122 -0.006033 6.796875
0.002301 -0.006056 6.796875
0.002479 -0.006089 6.796875
0.002656 -0.006124 6.796875
0.002833 -0.006162 6.796875
0.003009 -0.006204 6.796875
0.003185 -0.006244 6.796875
0.003361 -0.006289 6.796875
0.003535 -0.006241 6.796875
0.003604 -0.006074 6.796875
0.003660 -0.005902 6.796875
0.003720 -0.005731 6.796875
0.003787 -0.005563 6.796875
0.003864 -0.005400 6.796875
0.003946 -0.005238 6.796875
0.004024 -0.005075 6.796875
0.004108 -0.004915 6.796875
0.004186 -0.004752 6.796875
0.004254 -0.004584 6.796875
0.004324 -0.004417 6.796875
0.004394 -0.004250 6.796875
0.004465 -0.004084 6.796875
0.004533 -0.003917 6.796875
0.004594 -0.003746 6.796875
0.004656 -0.003576 6.796875
0.004734 -0.003413 6.796875
0.004794 -0.003242 6.796875
0.004865 -0.003076 6.796875
0.004916 -0.002902 6.796875
0.005016 -0.002752 6.796875
0.005141 -0.002621 6.796875
0.005251 -0.002478 6.796875
0.005361 -0.002334 6.796875
0.005470 -0.002190 6.796875
0.005589 -0.002053 6.796875
0.005702 -0.001912 6.796875
0.005812 -0.001769 6.796875
0.005923 -0.001626 6.796875
0.006034 -0.001483 6.796875
0.006150 -0.001344 6.796875
0.006262 -0.001202 6.796875
0.006369 -0.001056 6.796875
0.006484 -0.000916 6.796875
0.006600 -0.000778 6.796875
0.006719 -0.000641 6.796875
0.006842 -0.000508 6.796875
0.006964 -0.000375 6.796875
0.007091 -0.000247 6.796875
0.007135 -0.000071 6.796875

