0.007932 -0.000028 10.211806
0.007782 0.000112 10.211806
0.007637 0.000257 10.211806
0.007494 0.000404 10.211806
0.007349 0.000548 10.211806
0.007215 0.000703 10.211806
0.007070 0.000848 10.211806
0.006932 0.000999 10.211806
0.006783 0.001140 10.211806
0.006655 0.001300 10.211806
0.006503 0.001438 10.211806
0.006387 0.001607 10.211806
0.006229 0.001738 10.211806
0.006099 0.001896 10.211806
0.005961 0.002047 10.211806
0.005841 0.002214 10.211806
0.005712 0.002373 10.211806
0.005599 0.002544 10.211806
0.005488 0.002716 10.211806
0.005358 0.002875 10.211806
0.005262 0.003056 10.211806
0.005203 0.003252 10.211806
0.005113 0.003436 10.211806
0.005044 0.003629 10.211806
0.004969 0.003820 10.211806
0.004904 0.004015 10.211806
0.004853 0.004213 10.211806
0.004777 0.004403 10.211806
0.004728 0.004602 10.211806
0.004666 0.004798 10.211806
0.004627 0.004999 10.211806
0.004554 0.005190 10.211806
0.004511 0.005391 10.211806
0.004434 0.005581 10.211806
0.004385 0.005780 10.211806
0.004313 0.005972 10.211806
0.004256 0.006168 10.211806
0.004187 0.006362 10.211806
0.004126 0.006557 10.211806
0.004050 0.006748 10.211806
0.003877 0.006858 10.211806
0.003684 0.006789 10.211806
0.003486 0.006735 10.211806
0.003290 0.006676 10.211806
0.003091 0.006628 10.211806
0.002893 0.006574 10.211806
0.002693 0.006531 10.211806
0.002495 0.006479 10.211806
0.002293 0.006440 10.211806
0.002093 0.006395 10.211806
0.001896 0.006338 10.211806
0.001695 0.006301 10.211806
0.001498 0.006246 10.211806
0.001298 0.006291 10.211806
0.001142 0.006425 10.211806
0.000970 0.006312 10.211806
0.000772 0.006261 10.211806
0.000575 0.006204 10.211806
0.000375 0.006160 10.211806
0.000173 0.006124 10.211806
-0.000029 0.006087 10.211806
-0.000232 0.006112 10.211806
-0.000432 0.006158 10.211806
-0.000630 0.006210 10.211806
-0.000830 0.006257 10.211806
-0.001007 0.006360 10.211806
-0.001173 0.006241 10.211806
-0.001378 0.006230 10.211806
-0.001573 0.006292 10.211806
-0.001777 0.006310 10.211806
-0.001977 0.006357 10.211806
-0.002178 0.006396 10.211806
-0.002379 0.006438 10.211806
-0.002574 0.006502 10.211806
-0.002775 0.006542 10.211806
-0.002972 0.006598 10.211806
-0.003174 0.006632 10.211806
-0.003372 0.006686 10.211806
-0.003570 0.006738 10.211806
-0.003766 0.006796 10.211806
-0.003957 0.006872 10.211806
-0.004137 0.006773 10.211806
-0.004215 0.006584 10.211806
-0.004279 0.006389 10.211806
-0.004349 0.006196 10.211806
-0.004409 0.006000 10.211806
-0.004478 0.005807 10.211806
-0.004528 0.005608 10.211806
-0.004605 0.005418 10.211806
-0.004644 0.005217 10.211806
-0.004721 0.005027 10.211806
-0.004751 0.004825 10.211806
-0.004823 0.004633 10.211806
-0.004867 0.004433 10.211806
-0.004940 0.004241 10.211806
-0.004971 0.004039 10.211806
-0.005043 0.003847 10.211806
-0.005098 0.003649 10.211806
-0.005168 0.003457 10.211806
-0.005239 0.003264 10.211806
-0.005295 0.003067 10.211806
-0.005408 0.002896 10.211806
-0.005540 0.002739 10.211806
-0.005674 0.002585 10.211806
-0.005795 0.002419 10.211806
-0.005947 0.002281 10.211806
-0.006076 0.002122 10.211806
-0.006225 0.001982 10.211806
-0.006348 0.001818 10.211806
-0.006509 0.001691 10.211806
-0.006638 0.001532 10.211806
-0.006791 0.001395 10.211806
-0.006920 0.001236 10.211806
-0.007068 0.001094 10.211806
-0.007199 0.000937 10.211806
-0.007346 0.000794 10.211806
-0.007479 0.000638 10.211806
-0.007625 0.000495 10.211806
-0.007771 0.000350 10.211806
-0.007918 0.000208 10.211806
-0.007960 0.000007 10.211806
-0.007830 -0.000151 10.211806
-0.007706 -0.000314 10.211806
-0.007570 -0.000468 10.211806
-0.007440 -0.000626 10.211806
-0.007293 -0.000769 10.211806
-0.007155 -0.000921 10.211806
-0.007006 -0.001061 10.211806
-0.006881 -0.001223 10.211806
-0.006737 -0.001369 10.211806
-0.006607 -0.001528 10.211806
-0.006446 -0.001655 10.211806
-0.006311 -0.001810 10.211806
-0.006159 -0.001947 10.211806
-0.006026 -0.002103 10.211806
-0.005868 -0.002233 10.211806
-0.005750 -0.002400 10.211806
-0.005616 -0.002556 10.211806
-0.005511 -0.002732 10.211806
-0.005381 -0.002890 10.211806
-0.005297 -0.003077 10.211806
-0.005253 -0.003277 10.211806
-0.005165 -0.003462 10.211806
-0.005124 -0.003663 10.211806
-0.005038 -0.003849 10.211806
-0.005004 -0.004051 10.211806
-0.004933 -0.004244 10.211806
-0.004884 -0.004443 10.211806
-0.004809 -0.004634 10.211806
-0.004770 -0.004835 10.211806
-0.004703 -0.005029 10.211806
-0.004659 -0.005229 10.211806
-0.004587 -0.005421 10.211806
-0.004537 -0.005620 10.211806
-0.004463 -0.005811 10.211806
-0.004416 -0.006010 10.211806
-0.004346 -0.006203 10.211806
-0.004297 -0.006402 10.211806
-0.004239 -0.006598 10.211806
-0.004184 -0.006796 10.211806
-0.004021 -0.006919 10.211806
-0.003821 -0.006874 10.211806
-0.003620 -0.006832 10.211806
-0.003420 -0.006788 10.211806
-0.003220 -0.006745 10.211806
-0.003018 -0.006711 10.211806
-0.002820 -0.006656 10.211806
-0.002621 -0.006608 10.211806
-0.002426 -0.006545 10.211806
-0.002224 -0.006508 10.211806
-0.002024 -0.006463 10.211806
-0.001821 -0.006439 10.211806
-0.001622 -0.006387 10.211806
-0.001421 -0.006348 10.211806
-0.001221 -0.006302 10.211806
-0.001023 -0.006252 10.211806
-0.000824 -0.006203 10.211806
-0.000626 -0.006149 10.211806
-0.000423 -0.006122 10.211806
-0.000219 -0.006098 10.211806
-0.000018 -0.006138 10.211806
0.000180 -0.006191 10.211806
0.000384 -0.006213 10.211806
0.000579 -0.006273 10.211806
0.000782 -0.006303 10.211806
0.000978 -0.006363 10.211806
0.001176 -0.006417 10.211806
0.001377 -0.006459 10.211806
0.001576 -0.006508 10.211806
0.001776 -0.006551 10.211806
0.001972 -0.006611 10.211806
0.002174 -0.006646 10.211806
0.002370 -0.006705 10.211806
0.002572 -0.006740 10.211806
0.002771 -0.006790 10.211806
0.002972 -0.006832 10.211806
0.003172 -0.006877 10.211806
0.003372 -0.006921 10.211806
0.003570 -0.006971 10.211806
0.003771 -0.007012 10.211806
0.003955 -0.006921 10.211806
0.004006 -0.006723 10.211806
0.004063 -0.006526 10.211806
0.004124 -0.006330 10.211806
0.004175 -0.006132 10.211806
0.004247 -0.005940 10.211806
0.004297 -0.005741 10.211806
0.004365 -0.005548 10.211806
0.004396 -0.005345 10.211806
0.004473 -0.005155 10.211806
0.004512 -0.004954 10.211806
0.004592 -0.004765 10.211806
0.004655 -0.004570 10.211806
0.004732 -0.004380 10.211806
0.004796 -0.004185 10.211806
0.004846 -0.003987 10.211806
0.004933 -0.003801 10.211806
0.005081 -0.003659 10.211806
0.005131 -0.003461 10.211806
0.005187 -0.003263 10.211806
0.005277 -0.003079 10.211806
0.005420 -0.002932 10.211806
0.005549 -0.002773 10.211806
0.005685 -0.002619 10.211806
0.005823 -0.002468 10.211806
0.005954 -0.002310 10.211806
0.006112 -0.002180 10.211806
0.006244 -0.002023 10.211806
0.006393 -0.001882 10.211806
0.006522 -0.001723 10.211806
0.006682 -0.001595 10.211806
0.006807 -0.001433 10.211806
0.006964 -0.001300 10.211806
0.007089 -0.001138 10.211806
0.007238 -0.000998 10.211806
0.007369 -0.000840 10.211806
0.007511 -0.000692 10.211806
0.007644 -0.000536 10.211806
0.007787 -0.000389 10.211806
0.007918 -0.000232 10.211806
0.007932 -0.000028 10.211806

