0.008024 -0.000007 10.678819
0.007870 0.000132 10.678819
0.007718 0.000275 10.678819
0.007574 0.000424 10.678819
0.007422 0.000566 10.678819
0.007284 0.000721 10.678819
0.007138 0.000870 10.678819
0.007002 0.001027 10.678819
0.006846 0.001164 10.678819
0.006717 0.001327 10.678819
0.006557 0.001459 10.678819
0.006437 0.001629 10.678819
0.006288 0.001775 10.678819
0.006151 0.001930 10.678819
0.006003 0.002077 10.678819
0.005874 0.002240 10.678819
0.005742 0.002401 10.678819
0.005611 0.002562 10.678819
0.005503 0.002739 10.678819
0.005377 0.002905 10.678819
0.005293 0.003095 10.678819
0.005231 0.003294 10.678819
0.005139 0.003480 10.678819
0.005085 0.003681 10.678819
0.005011 0.003875 10.678819
0.004957 0.004076 10.678819
0.004894 0.004274 10.678819
0.004824 0.004470 10.678819
0.004784 0.004674 10.678819
0.004721 0.004872 10.678819
0.004671 0.005073 10.678819
0.004596 0.005267 10.678819
0.004549 0.005470 10.678819
0.004469 0.005662 10.678819
0.004422 0.005864 10.678819
0.004344 0.006057 10.678819
0.004288 0.006257 10.678819
0.004212 0.006451 10.678819
0.004143 0.006647 10.678819
0.004062 0.006838 10.678819
0.003891 0.006956 10.678819
0.003698 0.006878 10.678819
0.003499 0.006818 10.678819
0.003301 0.006755 10.678819
0.003099 0.006703 10.678819
0.002900 0.006645 10.678819
0.002697 0.006601 10.678819
0.002496 0.006548 10.678819
0.002293 0.006500 10.678819
0.002089 0.006464 10.678819
0.001889 0.006406 10.678819
0.001685 0.006363 10.678819
0.001482 0.006322 10.678819
0.001286 0.006391 10.678819
0.001138 0.006538 10.678819
0.000973 0.006412 10.678819
0.000776 0.006345 10.678819
0.000578 0.006283 10.678819
0.000378 0.006227 10.678819
0.000174 0.006184 10.678819
-0.000029 0.006139 10.678819
-0.000234 0.006172 10.678819
-0.000432 0.006235 10.678819
-0.000633 0.006288 10.678819
-0.000831 0.006353 10.678819
-0.001000 0.006473 10.678819
-0.001143 0.006323 10.678819
-0.001348 0.006286 10.678819
-0.001548 0.006340 10.678819
-0.001756 0.006356 10.678819
-0.001954 0.006418 10.678819
-0.002159 0.006454 10.678819
-0.002359 0.006509 10.678819
-0.002559 0.006568 10.678819
-0.002763 0.006605 10.678819
-0.002964 0.006659 10.678819
-0.003169 0.006697 10.678819
-0.003366 0.006762 10.678819
-0.003567 0.006816 10.678819
-0.003763 0.006885 10.678819
-0.003951 0.006972 10.678819
-0.004133 0.006871 10.678819
-0.004220 0.006682 10.678819
-0.004295 0.006489 10.678819
-0.004373 0.006296 10.678819
-0.004434 0.006097 10.678819
-0.004513 0.005905 10.678819
-0.004558 0.005702 10.678819
-0.004640 0.005511 10.678819
-0.004680 0.005307 10.678819
-0.004761 0.005115 10.678819
-0.004800 0.004911 10.678819
-0.004870 0.004715 10.678819
-0.004909 0.004511 10.678819
-0.004987 0.004318 10.678819
-0.005027 0.004114 10.678819
-0.005088 0.003916 10.678819
-0.005146 0.003716 10.678819
-0.005203 0.003516 10.678819
-0.005284 0.003325 10.678819
-0.005320 0.003120 10.678819
-0.005421 0.002938 10.678819
-0.005569 0.002792 10.678819
-0.005698 0.002629 10.678819
-0.005832 0.002470 10.678819
-0.005987 0.002332 10.678819
-0.006116 0.002168 10.678819
-0.006266 0.002024 10.678819
-0.006396 0.001862 10.678819
-0.006560 0.001735 10.678819
-0.006687 0.001570 10.678819
-0.006843 0.001432 10.678819
-0.006971 0.001269 10.678819
-0.007123 0.001127 10.678819
-0.007255 0.000966 10.678819
-0.007406 0.000823 10.678819
-0.007542 0.000666 10.678819
-0.007697 0.000528 10.678819
-0.007843 0.000379 10.678819
-0.007992 0.000234 10.678819
-0.008038 0.000032 10.678819
-0.007903 -0.000126 10.678819
-0.007779 -0.000293 10.678819
-0.007644 -0.000451 10.678819
-0.007520 -0.000618 10.678819
-0.007379 -0.000770 10.678819
-0.007244 -0.000929 10.678819
-0.007087 -0.001065 10.678819
-0.006955 -0.001226 10.678819
-0.006808 -0.001372 10.678819
-0.006684 -0.001539 10.678819
-0.006528 -0.001677 10.678819
-0.006389 -0.001832 10.678819
-0.006232 -0.001968 10.678819
-0.006101 -0.002129 10.678819
-0.005937 -0.002256 10.678819
-0.005804 -0.002417 10.678819
-0.005657 -0.002564 10.678819
-0.005539 -0.002735 10.678819
-0.005419 -0.002905 10.678819
-0.005352 -0.003102 10.678819
-0.005299 -0.003303 10.678819
-0.005213 -0.003492 10.678819
-0.005173 -0.003696 10.678819
-0.005090 -0.003886 10.678819
-0.005063 -0.004092 10.678819
-0.004985 -0.004285 10.678819
-0.004936 -0.004487 10.678819
-0.004865 -0.004683 10.678819
-0.004827 -0.004887 10.678819
-0.004756 -0.005082 10.678819
-0.004707 -0.005284 10.678819
-0.004632 -0.005478 10.678819
-0.004582 -0.005680 10.678819
-0.004508 -0.005874 10.678819
-0.004463 -0.006077 10.678819
-0.004392 -0.006273 10.678819
-0.004349 -0.006476 10.678819
-0.004286 -0.006674 10.678819
-0.004230 -0.006874 10.678819
-0.004062 -0.006996 10.678819
-0.003860 -0.006946 10.678819
-0.003657 -0.006900 10.678819
-0.003453 -0.006860 10.678819
-0.003252 -0.006808 10.678819
-0.003047 -0.006775 10.678819
-0.002844 -0.006729 10.678819
-0.002640 -0.006688 10.678819
-0.002443 -0.006622 10.678819
-0.002240 -0.006578 10.678819
-0.002040 -0.006520 10.678819
-0.001834 -0.006492 10.678819
-0.001630 -0.006452 10.678819
-0.001427 -0.006410 10.678819
-0.001223 -0.006369 10.678819
-0.001020 -0.006322 10.678819
-0.000818 -0.006276 10.678819
-0.000618 -0.006216 10.678819
-0.000417 -0.006163 10.678819
-0.000210 -0.006148 10.678819
-0.000011 -0.006208 10.678819
0.000194 -0.006245 10.678819
0.000399 -0.006277 10.678819
0.000596 -0.006342 10.678819
0.000802 -0.006374 10.678819
0.000997 -0.006447 10.678819
0.001200 -0.006487 10.678819
0.001404 -0.006532 10.678819
0.001605 -0.006584 10.678819
0.001807 -0.006631 10.678819
0.002008 -0.006684 10.678819
0.002213 -0.006722 10.678819
0.002413 -0.006778 10.678819
0.002618 -0.006810 10.678819
0.002818 -0.006866 10.678819
0.003023 -0.006904 10.678819
0.003225 -0.006954 10.678819
0.003428 -0.006999 10.678819
0.003631 -0.007043 10.678819
0.003836 -0.007079 10.678819
0.004021 -0.006985 10.678819
0.004066 -0.006782 10.678819
0.004115 -0.006580 10.678819
0.004180 -0.006383 10.678819
0.004225 -0.006180 10.678819
0.004298 -0.005985 10.678819
0.004347 -0.005783 10.678819
0.004425 -0.005590 10.678819
0.004455 -0.005385 10.678819
0.004529 -0.005190 10.678819
0.004570 -0.004986 10.678819
0.004640 -0.004791 10.678819
0.004703 -0.004592 10.678819
0.004775 -0.004397 10.678819
0.004857 -0.004206 10.678819
0.004895 -0.004002 10.678819
0.004990 -0.003817 10.678819
0.005160 -0.003697 10.678819
0.005206 -0.003495 10.678819
0.005233 -0.003288 10.678819
0.005322 -0.003101 10.678819
0.005475 -0.002960 10.678819
0.005601 -0.002794 10.678819
0.005746 -0.002645 10.678819
0.005885 -0.002490 10.678819
0.006029 -0.002340 10.678819
0.006184 -0.002202 10.678819
0.006314 -0.002040 10.678819
0.006466 -0.001898 10.678819
0.006602 -0.001740 10.678819
0.006759 -0.001605 10.678819
0.006885 -0.001440 10.678819
0.007043 -0.001305 10.678819
0.007167 -0.001138 10.678819
0.007322 -0.000998 10.678819
0.007449 -0.000834 10.678819
0.007597 -0.000688 10.678819
0.007730 -0.000528 10.678819
0.007872 -0.000377 10.678819
0.008001 -0.000214 10.678819
0.008024 -0.000007 10.678819

