0.006994 -0.000018 6.197917
0.006902 0.000133 6.197917
0.006812 0.000285 6.197917
0.006715 0.000433 6.197917
0.006612 0.000576 6.197917
0.006510 0.000721 6.197917
0.006403 0.000862 6.197917
0.006296 0.001003 6.197917
0.006184 0.001140 6.197917
0.006076 0.001279 6.197917
0.005971 0.001421 6.197917
0.005858 0.001558 6.197917
0.005746 0.001694 6.197917
0.005635 0.001832 6.197917
0.005526 0.001971 6.197917
0.005421 0.002113 6.197917
0.005308 0.002249 6.197917
0.005191 0.002382 6.197917
0.005083 0.002522 6.197917
0.004977 0.002664 6.197917
0.004866 0.002801 6.197917
0.004800 0.002965 6.197917
0.004732 0.003128 6.197917
0.004664 0.003292 6.197917
0.004606 0.003459 6.197917
0.004546 0.003625 6.197917
0.004476 0.003787 6.197917
0.004409 0.003951 6.197917
0.004345 0.004116 6.197917
0.004283 0.004282 6.197917
0.004222 0.004447 6.197917
0.004151 0.004609 6.197917
0.004085 0.004773 6.197917
0.004023 0.004939 6.197917
0.003956 0.005103 6.197917
0.003890 0.005266 6.197917
0.003818 0.005428 6.197917
0.003751 0.005591 6.197917
0.003682 0.005754 6.197917
0.003609 0.005916 6.197917
0.003500 0.006055 6.197917
0.003324 0.006072 6.197917
0.003148 0.006059 6.197917
0.002972 0.006040 6.197917
0.002796 0.006019 6.197917
0.002620 0.006001 6.197917
0.002445 0.005977 6.197917
0.002270 0.005954 6.197917
0.002096 0.005925 6.197917
0.001921 0.005900 6.197917
0.001745 0.005880 6.197917
0.001571 0.005851 6.197917
0.001396 0.005822 6.197917
0.001221 0.005795 6.197917
0.001046 0.005770 6.197917
0.000871 0.005750 6.197917
0.000696 0.005719 6.197917
0.000523 0.005685 6.197917
0.000348 0.005662 6.197917
0.000172 0.005641 6.197917
-0.000003 0.005615 6.197917
-0.000177 0.005642 6.197917
-0.000353 0.005663 6.197917
-0.000528 0.005686 6.197917
-0.000702 0.005720 6.197917
-0.000876 0.005750 6.197917
-0.001052 0.005771 6.197917
-0.001227 0.005795 6.197917
-0.001401 0.005822 6.197917
-0.001576 0.005852 6.197917
-0.001750 0.005881 6.197917
-0.001926 0.005900 6.197917
-0.002101 0.005925 6.197917
-0.002275 0.005953 6.197917
-0.002451 0.005976 6.197917
-0.002626 0.005998 6.197917
-0.002802 0.006013 6.197917
-0.002978 0.006030 6.197917
-0.003155 0.006041 6.197917
-0.003332 0.006043 6.197917
-0.003508 0.006052 6.197917
-0.003636 0.005930 6.197917
-0.003697 0.005764 6.197917
-0.003759 0.005599 6.197917
-0.003822 0.005434 6.197917
-0.003892 0.005271 6.197917
-0.003957 0.005107 6.197917
-0.004023 0.004943 6.197917
-0.004084 0.004777 6.197917
-0.004150 0.004613 6.197917
-0.004221 0.004451 6.197917
-0.004282 0.004285 6.197917
-0.004344 0.004119 6.197917
-0.004408 0.003954 6.197917
-0.004474 0.003790 6.197917
-0.004544 0.003628 6.197917
-0.004605 0.003462 6.197917
-0.004662 0.003295 6.197917
-0.004730 0.003132 6.197917
-0.004799 0.002969 6.197917
-0.004865 0.002804 6.197917
-0.004975 0.002667 6.197917
-0.005081 0.002525 6.197917
-0.005189 0.002385 6.197917
-0.005305 0.002252 6.197917
-0.005419 0.002116 6.197917
-0.005524 0.001974 6.197917
-0.005633 0.001835 6.197917
-0.005744 0.001697 6.197917
-0.005856 0.001561 6.197917
-0.005969 0.001424 6.197917
-0.006074 0.001282 6.197917
-0.006183 0.001143 6.197917
-0.006295 0.001007 6.197917
-0.006404 0.000867 6.197917
-0.006512 0.000727 6.197917
-0.006617 0.000585 6.197917
-0.006725 0.000445 6.197917
-0.006832 0.000304 6.197917
-0.006938 0.000162 6.197917
-0.006993 -0.000006 6.197917
-0.006911 -0.000162 6.197917
-0.006814 -0.000310 6.197917
-0.006710 -0.000453 6.197917
-0.006604 -0.000595 6.197917
-0.006501 -0.000739 6.197917
-0.006393 -0.000878 6.197917
-0.006285 -0.001018 6.197917
-0.006173 -0.001155 6.197917
-0.006064 -0.001295 6.197917
-0.005959 -0.001437 6.197917
-0.005846 -0.001573 6.197917
-0.005734 -0.001709 6.197917
-0.005623 -0.001847 6.197917
-0.005514 -0.001987 6.197917
-0.005409 -0.002128 6.197917
-0.005295 -0.002264 6.197917
-0.005179 -0.002397 6.197917
-0.005072 -0.002538 6.197917
-0.004965 -0.002679 6.197917
-0.004857 -0.002818 6.197917
-0.004794 -0.002984 6.197917
-0.004724 -0.003146 6.197917
-0.004657 -0.003310 6.197917
-0.004600 -0.003477 6.197917
-0.004539 -0.003643 6.197917
-0.004468 -0.003805 6.197917
-0.004402 -0.003969 6.197917
-0.004338 -0.004134 6.197917
-0.004277 -0.004300 6.197917
-0.004215 -0.004465 6.197917
-0.004145 -0.004627 6.197917
-0.004079 -0.004792 6.197917
-0.004018 -0.004958 6.197917
-0.003952 -0.005122 6.197917
-0.003887 -0.005286 6.197917
-0.003819 -0.005449 6.197917
-0.003758 -0.005615 6.197917
-0.003698 -0.005782 6.197917
-0.003639 -0.005948 6.197917
-0.003504 -0.006062 6.197917
-0.003329 -0.006038 6.197917
-0.003152 -0.006034 6.197917
-0.002976 -0.006025 6.197917
-0.002800 -0.006010 6.197917
-0.002623 -0.005996 6.197917
-0.002448 -0.005974 6.197917
-0.002272 -0.005952 6.197917
-0.002098 -0.005924 6.197917
-0.001923 -0.005900 6.197917
-0.001747 -0.005880 6.197917
-0.001573 -0.005851 6.197917
-0.001398 -0.005822 6.197917
-0.001223 -0.005795 6.197917
-0.001048 -0.005770 6.197917
-0.000873 -0.005750 6.197917
-0.000699 -0.005720 6.197917
-0.000525 -0.005686 6.197917
-0.000350 -0.005663 6.197917
-0.000174 -0.005641 6.197917
0.000001 -0.005615 6.197917
0.000175 -0.005641 6.197917
0.000351 -0.005663 6.197917
0.000526 -0.005686 6.197917
0.000700 -0.005720 6.197917
0.000874 -0.005750 6.197917
0.001050 -0.005771 6.197917
0.001225 -0.005795 6.197917
0.001399 -0.005822 6.197917
0.001574 -0.005852 6.197917
0.001748 -0.005881 6.197917
0.001924 -0.005902 6.197917
0.002099 -0.005927 6.197917
0.002273 -0.005957 6.197917
0.002448 -0.005982 6.197917
0.002623 -0.006009 6.197917
0.002798 -0.006031 6.197917
0.002972 -0.006062 6.197917
0.003146 -0.006094 6.197917
0.003319 -0.006129 6.197917
0.003487 -0.006073 6.197917
0.003557 -0.005911 6.197917
0.003642 -0.005756 6.197917
0.003724 -0.005599 6.197917
0.003799 -0.005439 6.197917
0.003876 -0.005280 6.197917
0.003945 -0.005117 6.197917
0.004014 -0.004954 6.197917
0.004077 -0.004789 6.197917
0.004144 -0.004625 6.197917
0.004215 -0.004463 6.197917
0.004277 -0.004298 6.197917
0.004339 -0.004132 6.197917
0.004403 -0.003967 6.197917
0.004469 -0.003804 6.197917
0.004539 -0.003641 6.197917
0.004600 -0.003475 6.197917
0.004657 -0.003308 6.197917
0.004725 -0.003145 6.197917
0.004794 -0.002982 6.197917
0.004857 -0.002817 6.197917
0.004966 -0.002677 6.197917
0.005073 -0.002536 6.197917
0.005180 -0.002396 6.197917
0.005296 -0.002263 6.197917
0.005410 -0.002127 6.197917
0.005515 -0.001985 6.197917
0.005624 -0.001846 6.197917
0.005735 -0.001708 6.197917
0.005847 -0.001572 6.197917
0.005960 -0.001436 6.197917
0.006066 -0.001294 6.197917
0.006175 -0.001154 6.197917
0.006287 -0.001018 6.197917
0.006396 -0.000879 6.197917
0.006506 -0.000740 6.197917
0.006612 -0.000599 6.197917
0.006723 -0.000461 6.197917
0.006835 -0.000324 6.197917
0.006948 -0.000188 6.197917
0.006994 -0.000018 6.197917

