0.005266 -0.000000 0.697917
0.005263 0.000135 0.697917
0.005255 0.000271 0.697917
0.005242 0.000406 0.697917
0.005224 0.000540 0.697917
0.005199 0.000673 0.697917
0.005168 0.000805 0.697917
0.005130 0.000935 0.697917
0.005085 0.001063 0.697917
0.005035 0.001189 0.697917
0.004981 0.001313 0.697917
0.004924 0.001436 0.697917
0.004864 0.001557 0.697917
0.004802 0.001678 0.697917
0.004737 0.001797 0.697917
0.004671 0.001915 0.697917
0.004603 0.002032 0.697917
0.004535 0.002149 0.697917
0.004467 0.002266 0.697917
0.004400 0.002384 0.697917
0.004332 0.002501 0.697917
0.004264 0.002618 0.697917
0.004196 0.002736 0.697917
0.004129 0.002853 0.697917
0.004061 0.002970 0.697917
0.003993 0.003088 0.697917
0.003925 0.003204 0.697917
0.003854 0.003320 0.697917
0.003781 0.003434 0.697917
0.003705 0.003547 0.697917
0.003628 0.003657 0.697917
0.003547 0.003766 0.697917
0.003463 0.003873 0.697917
0.003375 0.003975 0.697917
0.003281 0.004073 0.697917
0.003182 0.004166 0.697917
0.003079 0.004254 0.697917
0.002972 0.004337 0.697917
0.002862 0.004416 0.697917
0.002749 0.004490 0.697917
0.002633 0.004560 0.697917
0.002514 0.004626 0.697917
0.002393 0.004687 0.697917
0.002270 0.004743 0.697917
0.002144 0.004794 0.697917
0.002017 0.004839 0.697917
0.001887 0.004878 0.697917
0.001755 0.004910 0.697917
0.001622 0.004935 0.697917
0.001488 0.004955 0.697917
0.001354 0.004970 0.697917
0.001219 0.004982 0.697917
0.001084 0.004991 0.697917
0.000948 0.004998 0.697917
0.000813 0.005001 0.697917
0.000677 0.005002 0.697917
0.000542 0.005002 0.697917
0.000406 0.005002 0.697917
0.000271 0.005002 0.697917
0.000135 0.005002 0.697917
0.000000 0.005002 0.697917
-0.000135 0.005002 0.697917
-0.000271 0.005002 0.697917
-0.000406 0.005002 0.697917
-0.000542 0.005002 0.697917
-0.000677 0.005002 0.697917
-0.000813 0.005001 0.697917
-0.000948 0.004998 0.697917
-0.001084 0.004991 0.697917
-0.001219 0.004982 0.697917
-0.001354 0.004970 0.697917
-0.001488 0.004955 0.697917
-0.001622 0.004935 0.697917
-0.001755 0.004910 0.697917
-0.001887 0.004878 0.697917
-0.002017 0.004839 0.697917
-0.002144 0.004794 0.697917
-0.002270 0.004743 0.697917
-0.002393 0.004687 0.697917
-0.002514 0.004626 0.697917
-0.002633 0.004560 0.697917
-0.002749 0.004490 0.697917
-0.002862 0.004416 0.697917
-0.002972 0.004337 0.697917
-0.003079 0.004254 0.697917
-0.003182 0.004166 0.697917
-0.003281 0.004073 0.697917
-0.003375 0.003975 0.697917
-0.003463 0.003873 0.697917
-0.003547 0.003766 0.697917
-0.003628 0.003657 0.697917
-0.003705 0.003547 0.697917
-0.003781 0.003434 0.697917
-0.003854 0.003320 0.697917
-0.003925 0.003204 0.697917
-0.003993 0.003088 0.697917
-0.004061 0.002970 0.697917
-0.004129 0.002853 0.697917
-0.004196 0.002736 0.697917
-0.004264 0.002618 0.697917
-0.004332 0.002501 0.697917
-0.004400 0.002384 0.697917
-0.004467 0.002266 0.697917
-0.004535 0.002149 0.697917
-0.004603 0.002032 0.697917
-0.004671 0.001915 0.697917
-0.004737 0.001797 0.697917
-0.004802 0.001678 0.697917
-0.004864 0.001557 0.697917
-0.004924 0.001436 0.697917
-0.004981 0.001313 0.697917
-0.005035 0.001189 0.697917
-0.005085 0.001063 0.697917
-0.005130 0.000935 0.697917
-0.005168 0.000805 0.697917
-0.005199 0.000673 0.697917
-0.005224 0.000540 0.697917
-0.005242 0.000406 0.697917
-0.005255 0.000271 0.697917
-0.005263 0.000135 0.697917
-0.005266 0.000000 0.697917
-0.005263 -0.000135 0.697917
-0.005255 -0.000271 0.697917
-0.005242 -0.000406 0.697917
-0.005224 -0.000540 0.697917
-0.005199 -0.000673 0.697917
-0.005168 -0.000805 0.697917
-0.005130 -0.000935 0.697917
-0.005085 -0.001063 0.697917
-0.005035 -0.001189 0.697917
-0.004981 -0.001313 0.697917
-0.004924 -0.001436 0.697917
-0.004864 -0.001557 0.697917
-0.004802 -0.001678 0.697917
-0.004737 -0.001797 0.697917
-0.004671 -0.001915 0.697917
-0.004603 -0.002032 0.697917
-0.004535 -0.002149 0.697917
-0.004467 -0.002266 0.697917
-0.004400 -0.002384 0.697917
-0.004332 -0.002501 0.697917
-0.004264 -0.002618 0.697917
-0.004196 -0.002736 0.697917
-0.004129 -0.002853 0.697917
-0.004061 -0.002970 0.697917
-0.003993 -0.003088 0.697917
-0.003925 -0.003204 0.697917
-0.003854 -0.003320 0.697917
-0.003781 -0.003434 0.697917
-0.003705 -0.003547 0.697917
-0.003628 -0.003657 0.697917
-0.003547 -0.003766 0.697917
-0.003463 -0.003873 0.697917
-0.003375 -0.003975 0.697917
-0.003281 -0.004073 0.697917
-0.003182 -0.004166 0.697917
-0.003079 -0.004254 0.697917
-0.002972 -0.004337 0.697917
-0.002862 -0.004416 0.697917
-0.002749 -0.004490 0.697917
-0.002633 -0.004560 0.697917
-0.002514 -0.004626 0.697917
-0.002393 -0.004687 0.697917
-0.002270 -0.004743 0.697917
-0.002144 -0.004794 0.697917
-0.002017 -0.004839 0.697917
-0.001887 -0.004878 0.697917
-0.001755 -0.004910 0.697917
-0.001622 -0.004935 0.697917
-0.001488 -0.004955 0.697917
-0.001354 -0.004970 0.697917
-0.001219 -0.004982 0.697917
-0.001084 -0.004991 0.697917
-0.000948 -0.004998 0.697917
-0.000813 -0.005001 0.697917
-0.000677 -0.005002 0.697917
-0.000542 -0.005002 0.697917
-0.000406 -0.005002 0.697917
-0.000271 -0.005002 0.697917
-0.000135 -0.005002 0.697917
0.000000 -0.005002 0.697917
0.000135 -0.005002 0.697917
0.000271 -0.005002 0.697917
0.000406 -0.005002 0.697917
0.000542 -0.005002 0.697917
0.000677 -0.005002 0.697917
0.000813 -0.005001 0.697917
0.000948 -0.004998 0.697917
0.001084 -0.004991 0.697917
0.001219 -0.004982 0.697917
0.001354 -0.004970 0.697917
0.001488 -0.004955 0.697917
0.001622 -0.004935 0.697917
0.001755 -0.004910 0.697917
0.001887 -0.004878 0.697917
0.002017 -0.004839 0.697917
0.002144 -0.004794 0.697917
0.002270 -0.004743 0.697917
0.002393 -0.004687 0.697917
0.002514 -0.004626 0.697917
0.002633 -0.004560 0.697917
0.002749 -0.004490 0.697917
0.002862 -0.004416 0.697917
0.002972 -0.004337 0.697917
0.003079 -0.004254 0.697917
0.003182 -0.004166 0.697917
0.003281 -0.004073 0.697917
0.003375 -0.003975 0.697917
0.003463 -0.003873 0.697917
0.003547 -0.003766 0.697917
0.003628 -0.003657 0.697917
0.003705 -0.003547 0.697917
0.003781 -0.003434 0.697917
0.003854 -0.003320 0.697917
0.003925 -0.003204 0.697917
0.003993 -0.003088 0.697917
0.004061 -0.002970 0.697917
0.004129 -0.002853 0.697917
0.004196 -0.002736 0.697917
0.004264 -0.002618 0.697917
0.004332 -0.002501 0.697917
0.004400 -0.002384 0.697917
0.004467 -0.002266 0.697917
0.004535 -0.002149 0.697917
0.004603 -0.002032 0.697917
0.004671 -0.001915 0.697917
0.004737 -0.001797 0.697917
0.004802 -0.001678 0.697917
0.004864 -0.001557 0.697917
0.004924 -0.001436 0.697917
0.004981 -0.001313 0.697917
0.005035 -0.001189 0.697917
0.005085 -0.001063 0.697917
0.005130 -0.000935 0.697917
0.005168 -0.000805 0.697917
0.005199 -0.000673 0.697917
0.005224 -0.000540 0.697917
0.005242 -0.000406 0.697917
0.005255 -0.000271 0.697917
0.005263 -0.000135 0.697917
0.005266 -0.000000 0.697917

