0.008131 0.000001 11.241319
0.007982 0.000150 11.241319
0.007824 0.000290 11.241319
0.007677 0.000442 11.241319
0.007520 0.000583 11.241319
0.007376 0.000738 11.241319
0.007222 0.000883 11.241319
0.007091 0.001048 11.241319
0.006929 0.001184 11.241319
0.006800 0.001351 11.241319
0.006635 0.001483 11.241319
0.006501 0.001647 11.241319
0.006359 0.001803 11.241319
0.006223 0.001965 11.241319
0.006073 0.002114 11.241319
0.005928 0.002268 11.241319
0.005797 0.002433 11.241319
0.005651 0.002586 11.241319
0.005523 0.002754 11.241319
0.005410 0.002932 11.241319
0.005344 0.003133 11.241319
0.005269 0.003331 11.241319
0.005188 0.003526 11.241319
0.005146 0.003733 11.241319
0.005069 0.003930 11.241319
0.005020 0.004135 11.241319
0.004948 0.004334 11.241319
0.004896 0.004539 11.241319
0.004851 0.004745 11.241319
0.004778 0.004944 11.241319
0.004721 0.005147 11.241319
0.004647 0.005345 11.241319
0.004593 0.005549 11.241319
0.004514 0.005745 11.241319
0.004464 0.005951 11.241319
0.004379 0.006144 11.241319
0.004321 0.006347 11.241319
0.004232 0.006539 11.241319
0.004163 0.006739 11.241319
0.004082 0.006934 11.241319
0.003921 0.007070 11.241319
0.003725 0.006990 11.241319
0.003524 0.006925 11.241319
0.003325 0.006855 11.241319
0.003121 0.006800 11.241319
0.002919 0.006737 11.241319
0.002714 0.006686 11.241319
0.002509 0.006637 11.241319
0.002306 0.006577 11.241319
0.002098 0.006540 11.241319
0.001892 0.006492 11.241319
0.001689 0.006434 11.241319
0.001480 0.006408 11.241319
0.001291 0.006504 11.241319
0.001152 0.006663 11.241319
0.000981 0.006539 11.241319
0.000786 0.006456 11.241319
0.000587 0.006387 11.241319
0.000387 0.006319 11.241319
0.000182 0.006267 11.241319
-0.000023 0.006214 11.241319
-0.000229 0.006257 11.241319
-0.000427 0.006331 11.241319
-0.000631 0.006387 11.241319
-0.000825 0.006472 11.241319
-0.001000 0.006589 11.241319
-0.001124 0.006418 11.241319
-0.001328 0.006361 11.241319
-0.001537 0.006392 11.241319
-0.001746 0.006424 11.241319
-0.001944 0.006497 11.241319
-0.002153 0.006531 11.241319
-0.002353 0.006598 11.241319
-0.002560 0.006642 11.241319
-0.002767 0.006682 11.241319
-0.002970 0.006739 11.241319
-0.003177 0.006785 11.241319
-0.003374 0.006860 11.241319
-0.003578 0.006917 11.241319
-0.003771 0.007001 11.241319
-0.003962 0.007092 11.241319
-0.004139 0.006976 11.241319
-0.004222 0.006782 11.241319
-0.004299 0.006585 11.241319
-0.004392 0.006396 11.241319
-0.004456 0.006194 11.241319
-0.004547 0.006004 11.241319
-0.004595 0.005798 11.241319
-0.004681 0.005605 11.241319
-0.004725 0.005398 11.241319
-0.004806 0.005203 11.241319
-0.004856 0.004998 11.241319
-0.004931 0.004800 11.241319
-0.004966 0.004592 11.241319
-0.005039 0.004394 11.241319
-0.005096 0.004190 11.241319
-0.005150 0.003986 11.241319
-0.005216 0.003785 11.241319
-0.005250 0.003577 11.241319
-0.005340 0.003385 11.241319
-0.005368 0.003176 11.241319
-0.005457 0.002984 11.241319
-0.005615 0.002843 11.241319
-0.005740 0.002673 11.241319
-0.005894 0.002528 11.241319
-0.006041 0.002377 11.241319
-0.006172 0.002211 11.241319
-0.006328 0.002068 11.241319
-0.006466 0.001908 11.241319
-0.006627 0.001771 11.241319
-0.006753 0.001602 11.241319
-0.006913 0.001463 11.241319
-0.007042 0.001296 11.241319
-0.007199 0.001155 11.241319
-0.007332 0.000991 11.241319
-0.007489 0.000850 11.241319
-0.007630 0.000693 11.241319
-0.007791 0.000556 11.241319
-0.007934 0.000400 11.241319
-0.008084 0.000251 11.241319
-0.008132 0.000045 11.241319
-0.007987 -0.000109 11.241319
-0.007858 -0.000276 11.241319
-0.007719 -0.000435 11.241319
-0.007595 -0.000606 11.241319
-0.007457 -0.000766 11.241319
-0.007333 -0.000937 11.241319
-0.007179 -0.001082 11.241319
-0.007043 -0.001243 11.241319
-0.006884 -0.001383 11.241319
-0.006757 -0.001552 11.241319
-0.006610 -0.001703 11.241319
-0.006475 -0.001865 11.241319
-0.006311 -0.001999 11.241319
-0.006178 -0.002163 11.241319
-0.006016 -0.002298 11.241319
-0.005874 -0.002455 11.241319
-0.005722 -0.002602 11.241319
-0.005573 -0.002751 11.241319
-0.005464 -0.002932 11.241319
-0.005423 -0.003140 11.241319
-0.005348 -0.003337 11.241319
-0.005274 -0.003535 11.241319
-0.005234 -0.003743 11.241319
-0.005154 -0.003938 11.241319
-0.005124 -0.004147 11.241319
-0.005038 -0.004340 11.241319
-0.005001 -0.004548 11.241319
-0.004931 -0.004748 11.241319
-0.004887 -0.004954 11.241319
-0.004810 -0.005151 11.241319
-0.004759 -0.005356 11.241319
-0.004683 -0.005553 11.241319
-0.004634 -0.005759 11.241319
-0.004563 -0.005957 11.241319
-0.004518 -0.006164 11.241319
-0.004447 -0.006363 11.241319
-0.004405 -0.006570 11.241319
-0.004333 -0.006769 11.241319
-0.004282 -0.006974 11.241319
-0.004106 -0.007091 11.241319
-0.003902 -0.007037 11.241319
-0.003698 -0.006981 11.241319
-0.003490 -0.006943 11.241319
-0.003286 -0.006887 11.241319
-0.003079 -0.006848 11.241319
-0.002873 -0.006800 11.241319
-0.002664 -0.006771 11.241319
-0.002461 -0.006713 11.241319
-0.002254 -0.006668 11.241319
-0.002053 -0.006602 11.241319
-0.001847 -0.006556 11.241319
-0.001639 -0.006519 11.241319
-0.001432 -0.006479 11.241319
-0.001224 -0.006441 11.241319
-0.001017 -0.006396 11.241319
-0.000810 -0.006354 11.241319
-0.000604 -0.006308 11.241319
-0.000410 -0.006224 11.241319
-0.000199 -0.006211 11.241319
-0.000002 -0.006286 11.241319
0.000208 -0.006308 11.241319
0.000411 -0.006367 11.241319
0.000615 -0.006425 11.241319
0.000822 -0.006463 11.241319
0.001021 -0.006536 11.241319
0.001230 -0.006564 11.241319
0.001433 -0.006624 11.241319
0.001638 -0.006673 11.241319
0.001844 -0.006720 11.241319
0.002050 -0.006767 11.241319
0.002258 -0.006808 11.241319
0.002462 -0.006860 11.241319
0.002671 -0.006895 11.241319
0.002873 -0.006954 11.241319
0.003082 -0.006988 11.241319
0.003286 -0.007043 11.241319
0.003494 -0.007079 11.241319
0.003702 -0.007118 11.241319
0.003910 -0.007153 11.241319
0.004101 -0.007061 11.241319
0.004145 -0.006855 11.241319
0.004181 -0.006646 11.241319
0.004246 -0.006446 11.241319
0.004288 -0.006239 11.241319
0.004360 -0.006040 11.241319
0.004402 -0.005833 11.241319
0.004486 -0.005639 11.241319
0.004526 -0.005432 11.241319
0.004597 -0.005233 11.241319
0.004645 -0.005027 11.241319
0.004705 -0.004824 11.241319
0.004770 -0.004623 11.241319
0.004821 -0.004418 11.241319
0.004918 -0.004230 11.241319
0.004947 -0.004021 11.241319
0.005055 -0.003839 11.241319
0.005251 -0.003762 11.241319
0.005301 -0.003557 11.241319
0.005299 -0.003345 11.241319
0.005374 -0.003148 11.241319
0.005528 -0.003003 11.241319
0.005654 -0.002833 11.241319
0.005811 -0.002692 11.241319
0.005951 -0.002534 11.241319
0.006105 -0.002389 11.241319
0.006250 -0.002236 11.241319
0.006385 -0.002073 11.241319
0.006544 -0.001933 11.241319
0.006681 -0.001773 11.241319
0.006834 -0.001627 11.241319
0.006964 -0.001460 11.241319
0.007122 -0.001320 11.241319
0.007247 -0.001150 11.241319
0.007405 -0.001009 11.241319
0.007530 -0.000840 11.241319
0.007684 -0.000694 11.241319
0.007813 -0.000527 11.241319
0.007956 -0.000372 11.241319
0.008087 -0.000206 11.241319
0.008131 0.000001 11.241319

