0.006164 -0.000000 2.057292
0.006111 0.000147 2.057292
0.006014 0.000268 2.057292
0.005919 0.000391 2.057292
0.005822 0.000513 2.057292
0.005720 0.000630 2.057292
0.005619 0.000749 2.057292
0.005526 0.000874 2.057292
0.005436 0.001001 2.057292
0.005339 0.001123 2.057292
0.005236 0.001240 2.057292
0.005130 0.001354 2.057292
0.005025 0.001469 2.057292
0.004924 0.001587 2.057292
0.004829 0.001710 2.057292
0.004739 0.001838 2.057292
0.004654 0.001968 2.057292
0.004572 0.002101 2.057292
0.004492 0.002234 2.057292
0.004413 0.002368 2.057292
0.004335 0.002503 2.057292
0.004258 0.002638 2.057292
0.004181 0.002773 2.057292
0.004105 0.002910 2.057292
0.004032 0.003047 2.057292
0.003961 0.003185 2.057292
0.003895 0.003327 2.057292
0.003836 0.003471 2.057292
0.003784 0.003617 2.057292
0.003737 0.003766 2.057292
0.003692 0.003915 2.057292
0.003643 0.004062 2.057292
0.003585 0.004207 2.057292
0.003520 0.004349 2.057292
0.003459 0.004492 2.057292
0.003406 0.004638 2.057292
0.003355 0.004785 2.057292
0.003298 0.004930 2.057292
0.003239 0.005074 2.057292
0.003183 0.005219 2.057292
0.003082 0.005338 2.057292
0.002929 0.005366 2.057292
0.002775 0.005342 2.057292
0.002621 0.005322 2.057292
0.002467 0.005298 2.057292
0.002314 0.005269 2.057292
0.002161 0.005241 2.057292
0.002006 0.005223 2.057292
0.001851 0.005208 2.057292
0.001697 0.005186 2.057292
0.001544 0.005154 2.057292
0.001393 0.005119 2.057292
0.001241 0.005086 2.057292
0.001087 0.005058 2.057292
0.000933 0.005037 2.057292
0.000778 0.005023 2.057292
0.000623 0.005015 2.057292
0.000467 0.005010 2.057292
0.000311 0.005008 2.057292
0.000156 0.005006 2.057292
-0.000000 0.005005 2.057292
-0.000156 0.005006 2.057292
-0.000311 0.005008 2.057292
-0.000467 0.005010 2.057292
-0.000623 0.005015 2.057292
-0.000778 0.005023 2.057292
-0.000933 0.005037 2.057292
-0.001087 0.005058 2.057292
-0.001241 0.005086 2.057292
-0.001393 0.005119 2.057292
-0.001544 0.005154 2.057292
-0.001697 0.005186 2.057292
-0.001851 0.005208 2.057292
-0.002006 0.005223 2.057292
-0.002161 0.005241 2.057292
-0.002314 0.005269 2.057292
-0.002467 0.005298 2.057292
-0.002621 0.005322 2.057292
-0.002775 0.005342 2.057292
-0.002929 0.005366 2.057292
-0.003082 0.005338 2.057292
-0.003183 0.005219 2.057292
-0.003239 0.005074 2.057292
-0.003298 0.004930 2.057292
-0.003355 0.004785 2.057292
-0.003406 0.004638 2.057292
-0.003459 0.004492 2.057292
-0.003520 0.004349 2.057292
-0.003585 0.004207 2.057292
-0.003643 0.004062 2.057292
-0.003692 0.003915 2.057292
-0.003737 0.003766 2.057292
-0.003784 0.003617 2.057292
-0.003836 0.003471 2.057292
-0.003895 0.003327 2.057292
-0.003961 0.003185 2.057292
-0.004032 0.003047 2.057292
-0.004105 0.002910 2.057292
-0.004181 0.002773 2.057292
-0.004258 0.002638 2.057292
-0.004335 0.002503 2.057292
-0.004413 0.002368 2.057292
-0.004492 0.002234 2.057292
-0.004572 0.002101 2.057292
-0.004654 0.001968 2.057292
-0.004739 0.001838 2.057292
-0.004829 0.001710 2.057292
-0.004924 0.001587 2.057292
-0.005025 0.001469 2.057292
-0.005130 0.001354 2.057292
-0.005236 0.001240 2.057292
-0.005339 0.001123 2.057292
-0.005436 0.001001 2.057292
-0.005526 0.000874 2.057292
-0.005619 0.000749 2.057292
-0.005720 0.000630 2.057292
-0.005822 0.000513 2.057292
-0.005919 0.000391 2.057292
-0.006014 0.000268 2.057292
-0.006111 0.000147 2.057292
-0.006164 0.000000 2.057292
-0.006111 -0.000147 2.057292
-0.006014 -0.000268 2.057292
-0.005919 -0.000391 2.057292
-0.005822 -0.000513 2.057292
-0.005720 -0.000630 2.057292
-0.005619 -0.000749 2.057292
-0.005526 -0.000874 2.057292
-0.005436 -0.001001 2.057292
-0.005339 -0.001123 2.057292
-0.005236 -0.001240 2.057292
-0.005130 -0.001354 2.057292
-0.005025 -0.001469 2.057292
-0.004924 -0.001587 2.057292
-0.004829 -0.001710 2.057292
-0.004739 -0.001838 2.057292
-0.004654 -0.001968 2.057292
-0.004572 -0.002101 2.057292
-0.004492 -0.002234 2.057292
-0.004413 -0.002368 2.057292
-0.004335 -0.002503 2.057292
-0.004258 -0.002638 2.057292
-0.004181 -0.002773 2.057292
-0.004105 -0.002910 2.057292
-0.004032 -0.003047 2.057292
-0.003961 -0.003185 2.057292
-0.003895 -0.003327 2.057292
-0.003836 -0.003471 2.057292
-0.003784 -0.003617 2.057292
-0.003737 -0.003766 2.057292
-0.003692 -0.003915 2.057292
-0.003643 -0.004062 2.057292
-0.003585 -0.004207 2.057292
-0.003520 -0.004349 2.057292
-0.003459 -0.004492 2.057292
-0.003406 -0.004638 2.057292
-0.003355 -0.004785 2.057292
-0.003298 -0.004930 2.057292
-0.003239 -0.005074 2.057292
-0.003183 -0.005219 2.057292
-0.003082 -0.005338 2.057292
-0.002929 -0.005366 2.057292
-0.002775 -0.005342 2.057292
-0.002621 -0.005322 2.057292
-0.002467 -0.005298 2.057292
-0.002314 -0.005269 2.057292
-0.002161 -0.005241 2.057292
-0.002006 -0.005223 2.057292
-0.001851 -0.005208 2.057292
-0.001697 -0.005186 2.057292
-0.001544 -0.005154 2.057292
-0.001393 -0.005119 2.057292
-0.001241 -0.005086 2.057292
-0.001087 -0.005058 2.057292
-0.000933 -0.005037 2.057292
-0.000778 -0.005023 2.057292
-0.000623 -0.005015 2.057292
-0.000467 -0.005010 2.057292
-0.000311 -0.005008 2.057292
-0.000156 -0.005006 2.057292
0.000000 -0.005005 2.057292
0.000156 -0.005006 2.057292
0.000311 -0.005008 2.057292
0.000467 -0.005010 2.057292
0.000623 -0.005015 2.057292
0.000778 -0.005023 2.057292
0.000933 -0.005037 2.057292
0.001087 -0.005058 2.057292
0.001241 -0.005086 2.057292
0.001393 -0.005119 2.057292
0.001544 -0.005154 2.057292
0.001697 -0.005186 2.057292
0.001851 -0.005208 2.057292
0.002006 -0.005223 2.057292
0.002161 -0.005241 2.057292
0.002314 -0.005269 2.057292
0.002467 -0.005298 2.057292
0.002621 -0.005322 2.057292
0.002775 -0.005342 2.057292
0.002929 -0.005366 2.057292
0.003082 -0.005338 2.057292
0.003183 -0.005219 2.057292
0.003239 -0.005074 2.057292
0.003298 -0.004930 2.057292
0.003355 -0.004785 2.057292
0.003406 -0.004638 2.057292
0.003459 -0.004492 2.057292
0.003520 -0.004349 2.057292
0.003585 -0.004207 2.057292
0.003643 -0.004062 2.057292
0.003692 -0.003915 2.057292
0.003737 -0.003766 2.057292
0.003784 -0.003617 2.057292
0.003836 -0.003471 2.057292
0.003895 -0.003327 2.057292
0.003961 -0.003185 2.057292
0.004032 -0.003047 2.057292
0.004105 -0.002910 2.057292
0.004181 -0.002773 2.057292
0.004258 -0.002638 2.057292
0.004335 -0.002503 2.057292
0.004413 -0.002368 2.057292
0.004492 -0.002234 2.057292
0.004572 -0.002101 2.057292
0.004654 -0.001968 2.057292
0.004739 -0.001838 2.057292
0.004829 -0.001710 2.057292
0.004924 -0.001587 2.057292
0.005025 -0.001469 2.057292
0.005130 -0.001354 2.057292
0.005236 -0.001240 2.057292
0.005339 -0.001123 2.057292
0.005436 -0.001001 2.057292
0.005526 -0.000874 2.057292
0.005619 -0.000749 2.057292
0.005720 -0.000630 2.057292
0.005822 -0.000513 2.057292
0.005919 -0.000391 2.057292
0.006014 -0.000268 2.057292
0.006111 -0.000147 2.057292
0.006164 -0.000000 2.057292

