0.006935 -0.000003 5.817708
0.006864 0.000158 5.817708
0.006763 0.000301 5.817708
0.006656 0.000440 5.817708
0.006553 0.000582 5.817708
0.006444 0.000719 5.817708
0.006333 0.000855 5.817708
0.006226 0.000994 5.817708
0.006118 0.001131 5.817708
0.006011 0.001271 5.817708
0.005897 0.001404 5.817708
0.005786 0.001540 5.817708
0.005681 0.001680 5.817708
0.005573 0.001818 5.817708
0.005463 0.001955 5.817708
0.005350 0.002088 5.817708
0.005238 0.002223 5.817708
0.005135 0.002365 5.817708
0.005028 0.002504 5.817708
0.004915 0.002638 5.817708
0.004803 0.002773 5.817708
0.004742 0.002937 5.817708
0.004683 0.003102 5.817708
0.004616 0.003264 5.817708
0.004544 0.003424 5.817708
0.004484 0.003589 5.817708
0.004425 0.003754 5.817708
0.004361 0.003917 5.817708
0.004295 0.004080 5.817708
0.004227 0.004241 5.817708
0.004165 0.004405 5.817708
0.004106 0.004570 5.817708
0.004039 0.004732 5.817708
0.003974 0.004895 5.817708
0.003908 0.005057 5.817708
0.003846 0.005221 5.817708
0.003782 0.005384 5.817708
0.003712 0.005545 5.817708
0.003648 0.005708 5.817708
0.003577 0.005869 5.817708
0.003468 0.006005 5.817708
0.003294 0.006030 5.817708
0.003120 0.006011 5.817708
0.002946 0.005987 5.817708
0.002772 0.005967 5.817708
0.002599 0.005941 5.817708
0.002426 0.005913 5.817708
0.002252 0.005889 5.817708
0.002079 0.005864 5.817708
0.001905 0.005841 5.817708
0.001732 0.005809 5.817708
0.001559 0.005781 5.817708
0.001385 0.005760 5.817708
0.001212 0.005735 5.817708
0.001039 0.005709 5.817708
0.000866 0.005677 5.817708
0.000693 0.005647 5.817708
0.000519 0.005629 5.817708
0.000345 0.005606 5.817708
0.000173 0.005575 5.817708
-0.000000 0.005546 5.817708
-0.000173 0.005575 5.817708
-0.000345 0.005606 5.817708
-0.000519 0.005629 5.817708
-0.000694 0.005647 5.817708
-0.000866 0.005677 5.817708
-0.001039 0.005709 5.817708
-0.001212 0.005735 5.817708
-0.001386 0.005760 5.817708
-0.001560 0.005781 5.817708
-0.001733 0.005809 5.817708
-0.001905 0.005841 5.817708
-0.002079 0.005864 5.817708
-0.002252 0.005889 5.817708
-0.002426 0.005912 5.817708
-0.002599 0.005940 5.817708
-0.002773 0.005965 5.817708
-0.002947 0.005984 5.817708
-0.003121 0.006007 5.817708
-0.003295 0.006022 5.817708
-0.003470 0.006004 5.817708
-0.003584 0.005871 5.817708
-0.003651 0.005710 5.817708
-0.003715 0.005546 5.817708
-0.003783 0.005385 5.817708
-0.003847 0.005221 5.817708
-0.003908 0.005057 5.817708
-0.003974 0.004895 5.817708
-0.004039 0.004732 5.817708
-0.004106 0.004570 5.817708
-0.004165 0.004405 5.817708
-0.004227 0.004241 5.817708
-0.004295 0.004080 5.817708
-0.004361 0.003917 5.817708
-0.004425 0.003754 5.817708
-0.004484 0.003589 5.817708
-0.004544 0.003424 5.817708
-0.004616 0.003264 5.817708
-0.004683 0.003102 5.817708
-0.004742 0.002937 5.817708
-0.004803 0.002773 5.817708
-0.004914 0.002638 5.817708
-0.005028 0.002504 5.817708
-0.005135 0.002365 5.817708
-0.005238 0.002223 5.817708
-0.005350 0.002088 5.817708
-0.005463 0.001955 5.817708
-0.005573 0.001818 5.817708
-0.005681 0.001680 5.817708
-0.005786 0.001540 5.817708
-0.005897 0.001404 5.817708
-0.006011 0.001271 5.817708
-0.006118 0.001132 5.817708
-0.006226 0.000994 5.817708
-0.006334 0.000856 5.817708
-0.006445 0.000720 5.817708
-0.006554 0.000583 5.817708
-0.006659 0.000442 5.817708
-0.006768 0.000305 5.817708
-0.006872 0.000164 5.817708
-0.006935 0.000000 5.817708
-0.006868 -0.000162 5.817708
-0.006765 -0.000304 5.817708
-0.006657 -0.000442 5.817708
-0.006553 -0.000583 5.817708
-0.006444 -0.000720 5.817708
-0.006333 -0.000856 5.817708
-0.006226 -0.000994 5.817708
-0.006117 -0.001132 5.817708
-0.006011 -0.001271 5.817708
-0.005897 -0.001405 5.817708
-0.005786 -0.001540 5.817708
-0.005681 -0.001680 5.817708
-0.005572 -0.001818 5.817708
-0.005463 -0.001955 5.817708
-0.005349 -0.002089 5.817708
-0.005237 -0.002223 5.817708
-0.005134 -0.002365 5.817708
-0.005028 -0.002504 5.817708
-0.004914 -0.002638 5.817708
-0.004803 -0.002773 5.817708
-0.004741 -0.002938 5.817708
-0.004682 -0.003103 5.817708
-0.004615 -0.003265 5.817708
-0.004544 -0.003425 5.817708
-0.004483 -0.003589 5.817708
-0.004424 -0.003754 5.817708
-0.004360 -0.003917 5.817708
-0.004295 -0.004080 5.817708
-0.004226 -0.004241 5.817708
-0.004165 -0.004406 5.817708
-0.004106 -0.004571 5.817708
-0.004039 -0.004733 5.817708
-0.003974 -0.004895 5.817708
-0.003908 -0.005058 5.817708
-0.003847 -0.005222 5.817708
-0.003784 -0.005386 5.817708
-0.003716 -0.005547 5.817708
-0.003653 -0.005711 5.817708
-0.003587 -0.005873 5.817708
-0.003470 -0.006004 5.817708
-0.003295 -0.006019 5.817708
-0.003121 -0.006005 5.817708
-0.002947 -0.005983 5.817708
-0.002772 -0.005965 5.817708
-0.002599 -0.005940 5.817708
-0.002426 -0.005912 5.817708
-0.002252 -0.005888 5.817708
-0.002079 -0.005864 5.817708
-0.001905 -0.005841 5.817708
-0.001732 -0.005809 5.817708
-0.001559 -0.005781 5.817708
-0.001385 -0.005760 5.817708
-0.001212 -0.005735 5.817708
-0.001039 -0.005709 5.817708
-0.000866 -0.005677 5.817708
-0.000693 -0.005647 5.817708
-0.000519 -0.005629 5.817708
-0.000345 -0.005606 5.817708
-0.000173 -0.005575 5.817708
0.000000 -0.005546 5.817708
0.000173 -0.005575 5.817708
0.000345 -0.005606 5.817708
0.000519 -0.005629 5.817708
0.000694 -0.005647 5.817708
0.000866 -0.005677 5.817708
0.001039 -0.005709 5.817708
0.001212 -0.005735 5.817708
0.001386 -0.005760 5.817708
0.001560 -0.005781 5.817708
0.001733 -0.005810 5.817708
0.001905 -0.005841 5.817708
0.002079 -0.005864 5.817708
0.002252 -0.005889 5.817708
0.002426 -0.005914 5.817708
0.002599 -0.005943 5.817708
0.002772 -0.005970 5.817708
0.002946 -0.005992 5.817708
0.003119 -0.006020 5.817708
0.003292 -0.006044 5.817708
0.003464 -0.006007 5.817708
0.003563 -0.005863 5.817708
0.003639 -0.005705 5.817708
0.003708 -0.005544 5.817708
0.003779 -0.005384 5.817708
0.003844 -0.005221 5.817708
0.003907 -0.005057 5.817708
0.003973 -0.004895 5.817708
0.004039 -0.004732 5.817708
0.004106 -0.004570 5.817708
0.004165 -0.004405 5.817708
0.004226 -0.004241 5.817708
0.004295 -0.004080 5.817708
0.004360 -0.003917 5.817708
0.004424 -0.003754 5.817708
0.004483 -0.003589 5.817708
0.004544 -0.003424 5.817708
0.004615 -0.003264 5.817708
0.004682 -0.003102 5.817708
0.004741 -0.002937 5.817708
0.004803 -0.002773 5.817708
0.004914 -0.002638 5.817708
0.005028 -0.002504 5.817708
0.005134 -0.002365 5.817708
0.005237 -0.002223 5.817708
0.005350 -0.002089 5.817708
0.005463 -0.001955 5.817708
0.005572 -0.001818 5.817708
0.005681 -0.001680 5.817708
0.005786 -0.001540 5.817708
0.005897 -0.001405 5.817708
0.006011 -0.001271 5.817708
0.006118 -0.001132 5.817708
0.006226 -0.000994 5.817708
0.006334 -0.000856 5.817708
0.006445 -0.000721 5.817708
0.006555 -0.000584 5.817708
0.006660 -0.000444 5.817708
0.006770 -0.000307 5.817708
0.006876 -0.000168 5.817708
0.006935 -0.000003 5.817708

