0.007495 -0.000082 8.154514
0.007362 0.000056 8.154514
0.007232 0.000195 8.154514
0.007101 0.000335 8.154514
0.006972 0.000476 8.154514
0.006849 0.000624 8.154514
0.006724 0.000768 8.154514
0.006594 0.000909 8.154514
0.006470 0.001054 8.154514
0.006352 0.001205 8.154514
0.006236 0.001357 8.154514
0.006131 0.001517 8.154514
0.006021 0.001674 8.154514
0.005932 0.001843 8.154514
0.005817 0.001996 8.154514
0.005714 0.002157 8.154514
0.005589 0.002302 8.154514
0.005492 0.002467 8.154514
0.005367 0.002612 8.154514
0.005257 0.002769 8.154514
0.005129 0.002911 8.154514
0.005047 0.003084 8.154514
0.004990 0.003266 8.154514
0.004909 0.003440 8.154514
0.004842 0.003619 8.154514
0.004755 0.003789 8.154514
0.004700 0.003973 8.154514
0.004612 0.004142 8.154514
0.004540 0.004320 8.154514
0.004462 0.004494 8.154514
0.004396 0.004674 8.154514
0.004325 0.004852 8.154514
0.004262 0.005032 8.154514
0.004198 0.005213 8.154514
0.004146 0.005397 8.154514
0.004096 0.005582 8.154514
0.004042 0.005765 8.154514
0.003991 0.005949 8.154514
0.003938 0.006133 8.154514
0.003880 0.006316 8.154514
0.003729 0.006433 8.154514
0.003543 0.006387 8.154514
0.003356 0.006348 8.154514
0.003170 0.006305 8.154514
0.002984 0.006259 8.154514
0.002797 0.006218 8.154514
0.002610 0.006176 8.154514
0.002422 0.006141 8.154514
0.002232 0.006123 8.154514
0.002041 0.006109 8.154514
0.001850 0.006099 8.154514
0.001659 0.006082 8.154514
0.001468 0.006072 8.154514
0.001278 0.006053 8.154514
0.001086 0.006050 8.154514
0.000900 0.006007 8.154514
0.000709 0.006001 8.154514
0.000520 0.005968 8.154514
0.000329 0.005953 8.154514
0.000143 0.005910 8.154514
-0.000048 0.005896 8.154514
-0.000235 0.005938 8.154514
-0.000425 0.005954 8.154514
-0.000613 0.005991 8.154514
-0.000805 0.005991 8.154514
-0.000992 0.006027 8.154514
-0.001184 0.006035 8.154514
-0.001374 0.006055 8.154514
-0.001565 0.006053 8.154514
-0.001755 0.006076 8.154514
-0.001946 0.006092 8.154514
-0.002135 0.006121 8.154514
-0.002324 0.006152 8.154514
-0.002512 0.006185 8.154514
-0.002700 0.006220 8.154514
-0.002890 0.006247 8.154514
-0.003079 0.006274 8.154514
-0.003266 0.006317 8.154514
-0.003452 0.006362 8.154514
-0.003638 0.006407 8.154514
-0.003823 0.006453 8.154514
-0.003973 0.006333 8.154514
-0.004030 0.006151 8.154514
-0.004081 0.005966 8.154514
-0.004134 0.005782 8.154514
-0.004188 0.005599 8.154514
-0.004236 0.005414 8.154514
-0.004288 0.005229 8.154514
-0.004346 0.005047 8.154514
-0.004398 0.004863 8.154514
-0.004456 0.004681 8.154514
-0.004512 0.004497 8.154514
-0.004578 0.004318 8.154514
-0.004641 0.004137 8.154514
-0.004723 0.003964 8.154514
-0.004769 0.003779 8.154514
-0.004857 0.003609 8.154514
-0.004916 0.003427 8.154514
-0.005001 0.003255 8.154514
-0.005053 0.003071 8.154514
-0.005138 0.002899 8.154514
-0.005270 0.002761 8.154514
-0.005377 0.002603 8.154514
-0.005508 0.002462 8.154514
-0.005605 0.002298 8.154514
-0.005737 0.002159 8.154514
-0.005846 0.002002 8.154514
-0.005967 0.001854 8.154514
-0.006076 0.001696 8.154514
-0.006205 0.001555 8.154514
-0.006325 0.001406 8.154514
-0.006453 0.001264 8.154514
-0.006579 0.001119 8.154514
-0.006707 0.000977 8.154514
-0.006841 0.000841 8.154514
-0.006973 0.000703 8.154514
-0.007103 0.000562 8.154514
-0.007236 0.000425 8.154514
-0.007368 0.000286 8.154514
-0.007497 0.000145 8.154514
-0.007523 -0.000045 8.154514
-0.007388 -0.000181 8.154514
-0.007262 -0.000324 8.154514
-0.007136 -0.000469 8.154514
-0.007005 -0.000608 8.154514
-0.006870 -0.000744 8.154514
-0.006730 -0.000874 8.154514
-0.006591 -0.001006 8.154514
-0.006464 -0.001149 8.154514
-0.006338 -0.001292 8.154514
-0.006223 -0.001446 8.154514
-0.006105 -0.001596 8.154514
-0.006001 -0.001757 8.154514
-0.005887 -0.001910 8.154514
-0.005791 -0.002076 8.154514
-0.005662 -0.002218 8.154514
-0.005558 -0.002378 8.154514
-0.005439 -0.002528 8.154514
-0.005330 -0.002685 8.154514
-0.005201 -0.002826 8.154514
-0.005092 -0.002984 8.154514
-0.005035 -0.003167 8.154514
-0.004958 -0.003342 8.154514
-0.004897 -0.003523 8.154514
-0.004811 -0.003694 8.154514
-0.004757 -0.003878 8.154514
-0.004683 -0.004054 8.154514
-0.004624 -0.004236 8.154514
-0.004546 -0.004411 8.154514
-0.004498 -0.004596 8.154514
-0.004433 -0.004776 8.154514
-0.004381 -0.004960 8.154514
-0.004321 -0.005142 8.154514
-0.004262 -0.005324 8.154514
-0.004210 -0.005508 8.154514
-0.004160 -0.005693 8.154514
-0.004105 -0.005876 8.154514
-0.004054 -0.006060 8.154514
-0.003999 -0.006244 8.154514
-0.003941 -0.006426 8.154514
-0.003791 -0.006545 8.154514
-0.003606 -0.006495 8.154514
-0.003421 -0.006448 8.154514
-0.003234 -0.006404 8.154514
-0.003046 -0.006370 8.154514
-0.002856 -0.006344 8.154514
-0.002669 -0.006304 8.154514
-0.002485 -0.006254 8.154514
-0.002299 -0.006209 8.154514
-0.002113 -0.006164 8.154514
-0.001926 -0.006122 8.154514
-0.001737 -0.006091 8.154514
-0.001548 -0.006060 8.154514
-0.001357 -0.006051 8.154514
-0.001166 -0.006035 8.154514
-0.000975 -0.006024 8.154514
-0.000787 -0.005992 8.154514
-0.000595 -0.005987 8.154514
-0.000406 -0.005958 8.154514
-0.000216 -0.005937 8.154514
-0.000028 -0.005903 8.154514
0.000162 -0.005926 8.154514
0.000350 -0.005964 8.154514
0.000540 -0.005984 8.154514
0.000729 -0.006016 8.154514
0.000919 -0.006037 8.154514
0.001104 -0.006084 8.154514
0.001294 -0.006107 8.154514
0.001482 -0.006142 8.154514
0.001670 -0.006180 8.154514
0.001856 -0.006224 8.154514
0.002042 -0.006269 8.154514
0.002228 -0.006315 8.154514
0.002415 -0.006356 8.154514
0.002601 -0.006402 8.154514
0.002785 -0.006451 8.154514
0.002972 -0.006494 8.154514
0.003158 -0.006541 8.154514
0.003343 -0.006587 8.154514
0.003530 -0.006628 8.154514
0.003708 -0.006558 8.154514
0.003760 -0.006374 8.154514
0.003814 -0.006190 8.154514
0.003866 -0.006006 8.154514
0.003920 -0.005823 8.154514
0.003988 -0.005644 8.154514
0.004058 -0.005465 8.154514
0.004121 -0.005285 8.154514
0.004184 -0.005104 8.154514
0.004248 -0.004924 8.154514
0.004309 -0.004742 8.154514
0.004384 -0.004567 8.154514
0.004456 -0.004389 8.154514
0.004558 -0.004227 8.154514
0.004628 -0.004049 8.154514
0.004719 -0.003881 8.154514
0.004782 -0.003700 8.154514
0.004881 -0.003537 8.154514
0.004938 -0.003354 8.154514
0.005022 -0.003182 8.154514
0.005078 -0.002999 8.154514
0.005184 -0.002840 8.154514
0.005317 -0.002702 8.154514
0.005425 -0.002544 8.154514
0.005553 -0.002402 8.154514
0.005654 -0.002240 8.154514
0.005793 -0.002108 8.154514
0.005900 -0.001950 8.154514
0.006028 -0.001807 8.154514
0.006147 -0.001657 8.154514
0.006280 -0.001520 8.154514
0.006408 -0.001377 8.154514
0.006542 -0.001241 8.154514
0.006670 -0.001099 8.154514
0.006803 -0.000961 8.154514
0.006939 -0.000826 8.154514
0.007069 -0.000686 8.154514
0.007202 -0.000548 8.154514
0.007336 -0.000412 8.154514
0.007466 -0.000272 8.154514
0.007495 -0.000082 8.154514

