0.007970 -0.000018 10.404514
0.007817 0.000121 10.404514
0.007670 0.000265 10.404514
0.007527 0.000413 10.404514
0.007378 0.000556 10.404514
0.007243 0.000712 10.404514
0.007098 0.000858 10.404514
0.006960 0.001012 10.404514
0.006808 0.001151 10.404514
0.006679 0.001312 10.404514
0.006524 0.001447 10.404514
0.006407 0.001617 10.404514
0.006253 0.001754 10.404514
0.006118 0.001910 10.404514
0.005976 0.002060 10.404514
0.005853 0.002225 10.404514
0.005722 0.002385 10.404514
0.005602 0.002552 10.404514
0.005494 0.002728 10.404514
0.005365 0.002888 10.404514
0.005273 0.003073 10.404514
0.005215 0.003271 10.404514
0.005122 0.003455 10.404514
0.005059 0.003651 10.404514
0.004985 0.003844 10.404514
0.004926 0.004041 10.404514
0.004870 0.004240 10.404514
0.004795 0.004432 10.404514
0.004751 0.004633 10.404514
0.004690 0.004830 10.404514
0.004646 0.005032 10.404514
0.004572 0.005224 10.404514
0.004527 0.005425 10.404514
0.004448 0.005616 10.404514
0.004400 0.005816 10.404514
0.004326 0.006009 10.404514
0.004269 0.006207 10.404514
0.004198 0.006400 10.404514
0.004134 0.006596 10.404514
0.004055 0.006787 10.404514
0.003882 0.006898 10.404514
0.003689 0.006825 10.404514
0.003490 0.006769 10.404514
0.003293 0.006708 10.404514
0.003093 0.006658 10.404514
0.002895 0.006603 10.404514
0.002693 0.006560 10.404514
0.002494 0.006507 10.404514
0.002292 0.006465 10.404514
0.002090 0.006424 10.404514
0.001892 0.006366 10.404514
0.001690 0.006327 10.404514
0.001490 0.006277 10.404514
0.001291 0.006333 10.404514
0.001139 0.006472 10.404514
0.000971 0.006353 10.404514
0.000773 0.006294 10.404514
0.000576 0.006236 10.404514
0.000376 0.006187 10.404514
0.000173 0.006147 10.404514
-0.000029 0.006107 10.404514
-0.000233 0.006135 10.404514
-0.000432 0.006189 10.404514
-0.000632 0.006241 10.404514
-0.000831 0.006295 10.404514
-0.001004 0.006408 10.404514
-0.001160 0.006273 10.404514
-0.001365 0.006251 10.404514
-0.001561 0.006312 10.404514
-0.001767 0.006328 10.404514
-0.001966 0.006381 10.404514
-0.002169 0.006419 10.404514
-0.002370 0.006466 10.404514
-0.002566 0.006530 10.404514
-0.002768 0.006569 10.404514
-0.002967 0.006623 10.404514
-0.003170 0.006658 10.404514
-0.003368 0.006717 10.404514
-0.003567 0.006769 10.404514
-0.003764 0.006832 10.404514
-0.003953 0.006913 10.404514
-0.004135 0.006815 10.404514
-0.004218 0.006627 10.404514
-0.004287 0.006433 10.404514
-0.004359 0.006239 10.404514
-0.004420 0.006042 10.404514
-0.004492 0.005849 10.404514
-0.004540 0.005649 10.404514
-0.004620 0.005459 10.404514
-0.004659 0.005256 10.404514
-0.004738 0.005066 10.404514
-0.004771 0.004862 10.404514
-0.004842 0.004668 10.404514
-0.004884 0.004467 10.404514
-0.004960 0.004275 10.404514
-0.004993 0.004072 10.404514
-0.005060 0.003877 10.404514
-0.005117 0.003678 10.404514
-0.005182 0.003483 10.404514
-0.005257 0.003291 10.404514
-0.005305 0.003090 10.404514
-0.005412 0.002914 10.404514
-0.005551 0.002761 10.404514
-0.005683 0.002603 10.404514
-0.005809 0.002440 10.404514
-0.005963 0.002303 10.404514
-0.006092 0.002142 10.404514
-0.006241 0.002000 10.404514
-0.006367 0.001836 10.404514
-0.006530 0.001710 10.404514
-0.006658 0.001549 10.404514
-0.006812 0.001412 10.404514
-0.006941 0.001250 10.404514
-0.007091 0.001109 10.404514
-0.007222 0.000950 10.404514
-0.007370 0.000806 10.404514
-0.007504 0.000650 10.404514
-0.007654 0.000509 10.404514
-0.007801 0.000363 10.404514
-0.007949 0.000220 10.404514
-0.007993 0.000018 10.404514
-0.007861 -0.000140 10.404514
-0.007737 -0.000305 10.404514
-0.007603 -0.000461 10.404514
-0.007475 -0.000624 10.404514
-0.007330 -0.000770 10.404514
-0.007193 -0.000924 10.404514
-0.007039 -0.001061 10.404514
-0.006912 -0.001223 10.404514
-0.006767 -0.001370 10.404514
-0.006641 -0.001533 10.404514
-0.006481 -0.001664 10.404514
-0.006344 -0.001818 10.404514
-0.006190 -0.001955 10.404514
-0.006058 -0.002113 10.404514
-0.005896 -0.002241 10.404514
-0.005771 -0.002405 10.404514
-0.005632 -0.002557 10.404514
-0.005523 -0.002732 10.404514
-0.005397 -0.002895 10.404514
-0.005319 -0.003086 10.404514
-0.005273 -0.003287 10.404514
-0.005185 -0.003474 10.404514
-0.005144 -0.003676 10.404514
-0.005060 -0.003864 10.404514
-0.005029 -0.004068 10.404514
-0.004956 -0.004260 10.404514
-0.004905 -0.004460 10.404514
-0.004832 -0.004653 10.404514
-0.004794 -0.004856 10.404514
-0.004726 -0.005050 10.404514
-0.004680 -0.005251 10.404514
-0.004606 -0.005444 10.404514
-0.004556 -0.005644 10.404514
-0.004482 -0.005836 10.404514
-0.004436 -0.006037 10.404514
-0.004365 -0.006231 10.404514
-0.004319 -0.006432 10.404514
-0.004259 -0.006629 10.404514
-0.004204 -0.006828 10.404514
-0.004038 -0.006951 10.404514
-0.003838 -0.006903 10.404514
-0.003636 -0.006861 10.404514
-0.003434 -0.006818 10.404514
-0.003234 -0.006771 10.404514
-0.003030 -0.006738 10.404514
-0.002830 -0.006688 10.404514
-0.002629 -0.006642 10.404514
-0.002433 -0.006577 10.404514
-0.002231 -0.006536 10.404514
-0.002031 -0.006485 10.404514
-0.001827 -0.006462 10.404514
-0.001626 -0.006415 10.404514
-0.001424 -0.006374 10.404514
-0.001222 -0.006331 10.404514
-0.001022 -0.006282 10.404514
-0.000821 -0.006233 10.404514
-0.000624 -0.006175 10.404514
-0.000421 -0.006138 10.404514
-0.000216 -0.006118 10.404514
-0.000015 -0.006167 10.404514
0.000186 -0.006214 10.404514
0.000390 -0.006238 10.404514
0.000587 -0.006302 10.404514
0.000791 -0.006331 10.404514
0.000986 -0.006398 10.404514
0.001186 -0.006447 10.404514
0.001388 -0.006489 10.404514
0.001588 -0.006539 10.404514
0.001789 -0.006585 10.404514
0.001987 -0.006642 10.404514
0.002190 -0.006678 10.404514
0.002388 -0.006736 10.404514
0.002591 -0.006769 10.404514
0.002791 -0.006822 10.404514
0.002993 -0.006862 10.404514
0.003194 -0.006909 10.404514
0.003395 -0.006954 10.404514
0.003595 -0.007002 10.404514
0.003798 -0.007040 10.404514
0.003982 -0.006948 10.404514
0.004030 -0.006747 10.404514
0.004084 -0.006548 10.404514
0.004147 -0.006352 10.404514
0.004196 -0.006152 10.404514
0.004268 -0.005959 10.404514
0.004318 -0.005759 10.404514
0.004391 -0.005566 10.404514
0.004420 -0.005362 10.404514
0.004496 -0.005170 10.404514
0.004536 -0.004967 10.404514
0.004611 -0.004775 10.404514
0.004674 -0.004579 10.404514
0.004751 -0.004388 10.404514
0.004822 -0.004194 10.404514
0.004867 -0.003993 10.404514
0.004956 -0.003807 10.404514
0.005113 -0.003673 10.404514
0.005161 -0.003473 10.404514
0.005205 -0.003271 10.404514
0.005296 -0.003086 10.404514
0.005444 -0.002943 10.404514
0.005571 -0.002780 10.404514
0.005711 -0.002628 10.404514
0.005849 -0.002475 10.404514
0.005986 -0.002321 10.404514
0.006144 -0.002189 10.404514
0.006274 -0.002029 10.404514
0.006424 -0.001888 10.404514
0.006556 -0.001729 10.404514
0.006716 -0.001599 10.404514
0.006841 -0.001435 10.404514
0.006998 -0.001301 10.404514
0.007123 -0.001137 10.404514
0.007274 -0.000997 10.404514
0.007403 -0.000837 10.404514
0.007548 -0.000689 10.404514
0.007681 -0.000532 10.404514
0.007824 -0.000384 10.404514
0.007954 -0.000224 10.404514
0.007970 -0.000018 10.404514

