0.007015 -0.000029 6.305556
0.006915 0.000118 6.305556
0.006825 0.000271 6.305556
0.006732 0.000422 6.305556
0.006630 0.000567 6.305556
0.006530 0.000714 6.305556
0.006425 0.000857 6.305556
0.006320 0.000999 6.305556
0.006209 0.001138 6.305556
0.006097 0.001276 6.305556
0.005992 0.001419 6.305556
0.005883 0.001558 6.305556
0.005770 0.001695 6.305556
0.005658 0.001833 6.305556
0.005546 0.001971 6.305556
0.005441 0.002113 6.305556
0.005332 0.002253 6.305556
0.005215 0.002387 6.305556
0.005102 0.002524 6.305556
0.004996 0.002666 6.305556
0.004885 0.002804 6.305556
0.004816 0.002968 6.305556
0.004748 0.003131 6.305556
0.004683 0.003297 6.305556
0.004627 0.003465 6.305556
0.004561 0.003630 6.305556
0.004490 0.003792 6.305556
0.004426 0.003958 6.305556
0.004363 0.004124 6.305556
0.004301 0.004290 6.305556
0.004236 0.004455 6.305556
0.004165 0.004617 6.305556
0.004101 0.004783 6.305556
0.004038 0.004949 6.305556
0.003969 0.005112 6.305556
0.003901 0.005276 6.305556
0.003829 0.005438 6.305556
0.003762 0.005602 6.305556
0.003691 0.005765 6.305556
0.003619 0.005927 6.305556
0.003509 0.006066 6.305556
0.003332 0.006081 6.305556
0.003155 0.006069 6.305556
0.002979 0.006054 6.305556
0.002802 0.006033 6.305556
0.002626 0.006015 6.305556
0.002450 0.005993 6.305556
0.002274 0.005972 6.305556
0.002098 0.005944 6.305556
0.001923 0.005916 6.305556
0.001747 0.005897 6.305556
0.001571 0.005871 6.305556
0.001397 0.005841 6.305556
0.001221 0.005813 6.305556
0.001046 0.005786 6.305556
0.000870 0.005766 6.305556
0.000694 0.005741 6.305556
0.000520 0.005705 6.305556
0.000345 0.005678 6.305556
0.000169 0.005656 6.305556
-0.000007 0.005633 6.305556
-0.000182 0.005659 6.305556
-0.000359 0.005680 6.305556
-0.000534 0.005708 6.305556
-0.000708 0.005743 6.305556
-0.000883 0.005768 6.305556
-0.001060 0.005788 6.305556
-0.001235 0.005815 6.305556
-0.001410 0.005843 6.305556
-0.001585 0.005873 6.305556
-0.001761 0.005898 6.305556
-0.001937 0.005917 6.305556
-0.002112 0.005945 6.305556
-0.002288 0.005972 6.305556
-0.002464 0.005992 6.305556
-0.002640 0.006011 6.305556
-0.002817 0.006024 6.305556
-0.002994 0.006039 6.305556
-0.003171 0.006045 6.305556
-0.003349 0.006049 6.305556
-0.003525 0.006070 6.305556
-0.003655 0.005950 6.305556
-0.003712 0.005782 6.305556
-0.003774 0.005616 6.305556
-0.003835 0.005449 6.305556
-0.003903 0.005286 6.305556
-0.003969 0.005121 6.305556
-0.004037 0.004957 6.305556
-0.004099 0.004791 6.305556
-0.004162 0.004625 6.305556
-0.004233 0.004463 6.305556
-0.004298 0.004298 6.305556
-0.004360 0.004131 6.305556
-0.004423 0.003965 6.305556
-0.004487 0.003800 6.305556
-0.004558 0.003637 6.305556
-0.004624 0.003473 6.305556
-0.004681 0.003304 6.305556
-0.004744 0.003139 6.305556
-0.004813 0.002976 6.305556
-0.004881 0.002811 6.305556
-0.004991 0.002672 6.305556
-0.005097 0.002530 6.305556
-0.005209 0.002393 6.305556
-0.005327 0.002260 6.305556
-0.005436 0.002120 6.305556
-0.005541 0.001977 6.305556
-0.005653 0.001839 6.305556
-0.005765 0.001702 6.305556
-0.005878 0.001565 6.305556
-0.005988 0.001426 6.305556
-0.006093 0.001283 6.305556
-0.006205 0.001145 6.305556
-0.006317 0.001008 6.305556
-0.006424 0.000866 6.305556
-0.006532 0.000725 6.305556
-0.006637 0.000582 6.305556
-0.006746 0.000443 6.305556
-0.006853 0.000301 6.305556
-0.006961 0.000161 6.305556
-0.007008 -0.000011 6.305556
-0.006915 -0.000162 6.305556
-0.006821 -0.000312 6.305556
-0.006721 -0.000459 6.305556
-0.006615 -0.000601 6.305556
-0.006512 -0.000746 6.305556
-0.006405 -0.000887 6.305556
-0.006299 -0.001029 6.305556
-0.006187 -0.001167 6.305556
-0.006075 -0.001305 6.305556
-0.005970 -0.001448 6.305556
-0.005860 -0.001587 6.305556
-0.005747 -0.001724 6.305556
-0.005635 -0.001861 6.305556
-0.005524 -0.002000 6.305556
-0.005419 -0.002142 6.305556
-0.005309 -0.002281 6.305556
-0.005191 -0.002414 6.305556
-0.005080 -0.002553 6.305556
-0.004972 -0.002694 6.305556
-0.004867 -0.002836 6.305556
-0.004804 -0.003002 6.305556
-0.004733 -0.003165 6.305556
-0.004671 -0.003331 6.305556
-0.004614 -0.003499 6.305556
-0.004547 -0.003663 6.305556
-0.004477 -0.003826 6.305556
-0.004413 -0.003992 6.305556
-0.004350 -0.004158 6.305556
-0.004288 -0.004324 6.305556
-0.004223 -0.004489 6.305556
-0.004152 -0.004651 6.305556
-0.004090 -0.004818 6.305556
-0.004027 -0.004984 6.305556
-0.003960 -0.005148 6.305556
-0.003895 -0.005313 6.305556
-0.003829 -0.005477 6.305556
-0.003770 -0.005645 6.305556
-0.003711 -0.005812 6.305556
-0.003653 -0.005980 6.305556
-0.003515 -0.006091 6.305556
-0.003342 -0.006053 6.305556
-0.003165 -0.006040 6.305556
-0.002988 -0.006033 6.305556
-0.002811 -0.006019 6.305556
-0.002634 -0.006008 6.305556
-0.002457 -0.005989 6.305556
-0.002281 -0.005970 6.305556
-0.002105 -0.005944 6.305556
-0.001930 -0.005916 6.305556
-0.001754 -0.005897 6.305556
-0.001578 -0.005872 6.305556
-0.001403 -0.005842 6.305556
-0.001228 -0.005814 6.305556
-0.001053 -0.005787 6.305556
-0.000877 -0.005767 6.305556
-0.000701 -0.005742 6.305556
-0.000527 -0.005707 6.305556
-0.000352 -0.005679 6.305556
-0.000176 -0.005657 6.305556
-0.000000 -0.005633 6.305556
0.000176 -0.005658 6.305556
0.000352 -0.005679 6.305556
0.000527 -0.005707 6.305556
0.000701 -0.005742 6.305556
0.000876 -0.005767 6.305556
0.001053 -0.005787 6.305556
0.001228 -0.005814 6.305556
0.001403 -0.005843 6.305556
0.001578 -0.005872 6.305556
0.001754 -0.005898 6.305556
0.001930 -0.005918 6.305556
0.002105 -0.005947 6.305556
0.002280 -0.005976 6.305556
0.002456 -0.006001 6.305556
0.002631 -0.006027 6.305556
0.002807 -0.006052 6.305556
0.002981 -0.006085 6.305556
0.003155 -0.006120 6.305556
0.003328 -0.006158 6.305556
0.003497 -0.006102 6.305556
0.003558 -0.005936 6.305556
0.003636 -0.005777 6.305556
0.003720 -0.005620 6.305556
0.003798 -0.005461 6.305556
0.003877 -0.005302 6.305556
0.003950 -0.005140 6.305556
0.004022 -0.004978 6.305556
0.004087 -0.004813 6.305556
0.004151 -0.004648 6.305556
0.004222 -0.004485 6.305556
0.004289 -0.004321 6.305556
0.004351 -0.004155 6.305556
0.004414 -0.003989 6.305556
0.004478 -0.003823 6.305556
0.004548 -0.003660 6.305556
0.004615 -0.003496 6.305556
0.004672 -0.003328 6.305556
0.004734 -0.003162 6.305556
0.004805 -0.002999 6.305556
0.004868 -0.002833 6.305556
0.004974 -0.002691 6.305556
0.005082 -0.002550 6.305556
0.005193 -0.002412 6.305556
0.005311 -0.002279 6.305556
0.005421 -0.002140 6.305556
0.005526 -0.001997 6.305556
0.005637 -0.001859 6.305556
0.005749 -0.001721 6.305556
0.005862 -0.001584 6.305556
0.005973 -0.001446 6.305556
0.006078 -0.001303 6.305556
0.006190 -0.001165 6.305556
0.006302 -0.001028 6.305556
0.006411 -0.000888 6.305556
0.006520 -0.000748 6.305556
0.006627 -0.000607 6.305556
0.006741 -0.000470 6.305556
0.006854 -0.000334 6.305556
0.006971 -0.000200 6.305556
0.007015 -0.000029 6.305556

