0.007777 -0.000068 9.413194
0.007640 0.000077 9.413194
0.007501 0.000221 9.413194
0.007363 0.000366 9.413194
0.007228 0.000513 9.413194
0.007092 0.000658 9.413194
0.006948 0.000798 9.413194
0.006817 0.000948 9.413194
0.006681 0.001094 9.413194
0.006554 0.001248 9.413194
0.006416 0.001392 9.413194
0.006291 0.001548 9.413194
0.006141 0.001680 9.413194
0.006039 0.001852 9.413194
0.005910 0.002004 9.413194
0.005805 0.002174 9.413194
0.005686 0.002334 9.413194
0.005580 0.002504 9.413194
0.005454 0.002659 9.413194
0.005343 0.002825 9.413194
0.005229 0.002989 9.413194
0.005153 0.003174 9.413194
0.005077 0.003358 9.413194
0.004995 0.003540 9.413194
0.004927 0.003729 9.413194
0.004837 0.003907 9.413194
0.004777 0.004097 9.413194
0.004706 0.004284 9.413194
0.004653 0.004476 9.413194
0.004574 0.004660 9.413194
0.004537 0.004856 9.413194
0.004470 0.005044 9.413194
0.004430 0.005240 9.413194
0.004367 0.005430 9.413194
0.004314 0.005622 9.413194
0.004250 0.005811 9.413194
0.004195 0.006003 9.413194
0.004129 0.006192 9.413194
0.004070 0.006382 9.413194
0.004011 0.006573 9.413194
0.003851 0.006694 9.413194
0.003658 0.006644 9.413194
0.003465 0.006592 9.413194
0.003272 0.006541 9.413194
0.003077 0.006499 9.413194
0.002883 0.006450 9.413194
0.002687 0.006409 9.413194
0.002493 0.006362 9.413194
0.002298 0.006321 9.413194
0.002106 0.006265 9.413194
0.001911 0.006224 9.413194
0.001715 0.006185 9.413194
0.001519 0.006145 9.413194
0.001320 0.006153 9.413194
0.001135 0.006228 9.413194
0.000946 0.006161 9.413194
0.000748 0.006137 9.413194
0.000554 0.006089 9.413194
0.000355 0.006070 9.413194
0.000158 0.006040 9.413194
-0.000041 0.006021 9.413194
-0.000239 0.006045 9.413194
-0.000439 0.006056 9.413194
-0.000633 0.006100 9.413194
-0.000832 0.006123 9.413194
-0.001023 0.006182 9.413194
-0.001217 0.006133 9.413194
-0.001415 0.006154 9.413194
-0.001610 0.006196 9.413194
-0.001807 0.006231 9.413194
-0.002005 0.006259 9.413194
-0.002200 0.006302 9.413194
-0.002398 0.006325 9.413194
-0.002591 0.006376 9.413194
-0.002787 0.006416 9.413194
-0.002978 0.006474 9.413194
-0.003173 0.006520 9.413194
-0.003368 0.006561 9.413194
-0.003563 0.006607 9.413194
-0.003756 0.006654 9.413194
-0.003950 0.006703 9.413194
-0.004110 0.006583 9.413194
-0.004169 0.006392 9.413194
-0.004230 0.006202 9.413194
-0.004293 0.006012 9.413194
-0.004348 0.005820 9.413194
-0.004410 0.005631 9.413194
-0.004465 0.005439 9.413194
-0.004525 0.005248 9.413194
-0.004569 0.005053 9.413194
-0.004636 0.004865 9.413194
-0.004671 0.004668 9.413194
-0.004749 0.004484 9.413194
-0.004779 0.004287 9.413194
-0.004849 0.004100 9.413194
-0.004897 0.003906 9.413194
-0.004981 0.003725 9.413194
-0.005029 0.003531 9.413194
-0.005111 0.003349 9.413194
-0.005172 0.003159 9.413194
-0.005254 0.002977 9.413194
-0.005382 0.002824 9.413194
-0.005492 0.002657 9.413194
-0.005630 0.002513 9.413194
-0.005742 0.002347 9.413194
-0.005877 0.002200 9.413194
-0.005996 0.002039 9.413194
-0.006149 0.001911 9.413194
-0.006266 0.001749 9.413194
-0.006413 0.001614 9.413194
-0.006540 0.001460 9.413194
-0.006689 0.001327 9.413194
-0.006819 0.001176 9.413194
-0.006963 0.001037 9.413194
-0.007093 0.000885 9.413194
-0.007233 0.000743 9.413194
-0.007368 0.000595 9.413194
-0.007501 0.000447 9.413194
-0.007639 0.000302 9.413194
-0.007779 0.000160 9.413194
-0.007814 -0.000037 9.413194
-0.007685 -0.000189 9.413194
-0.007550 -0.000336 9.413194
-0.007409 -0.000478 9.413194
-0.007272 -0.000623 9.413194
-0.007130 -0.000764 9.413194
-0.007003 -0.000918 9.413194
-0.006868 -0.001065 9.413194
-0.006737 -0.001215 9.413194
-0.006585 -0.001346 9.413194
-0.006450 -0.001492 9.413194
-0.006299 -0.001623 9.413194
-0.006174 -0.001779 9.413194
-0.006025 -0.001912 9.413194
-0.005906 -0.002072 9.413194
-0.005781 -0.002228 9.413194
-0.005682 -0.002402 9.413194
-0.005552 -0.002553 9.413194
-0.005445 -0.002722 9.413194
-0.005313 -0.002872 9.413194
-0.005215 -0.003046 9.413194
-0.005167 -0.003240 9.413194
-0.005079 -0.003419 9.413194
-0.005035 -0.003614 9.413194
-0.004954 -0.003797 9.413194
-0.004898 -0.003988 9.413194
-0.004827 -0.004175 9.413194
-0.004788 -0.004371 9.413194
-0.004716 -0.004557 9.413194
-0.004667 -0.004751 9.413194
-0.004598 -0.004938 9.413194
-0.004558 -0.005134 9.413194
-0.004492 -0.005322 9.413194
-0.004450 -0.005518 9.413194
-0.004382 -0.005705 9.413194
-0.004327 -0.005898 9.413194
-0.004266 -0.006088 9.413194
-0.004206 -0.006278 9.413194
-0.004148 -0.006469 9.413194
-0.004095 -0.006662 9.413194
-0.003940 -0.006788 9.413194
-0.003744 -0.006748 9.413194
-0.003549 -0.006705 9.413194
-0.003354 -0.006663 9.413194
-0.003159 -0.006620 9.413194
-0.002966 -0.006566 9.413194
-0.002775 -0.006509 9.413194
-0.002579 -0.006470 9.413194
-0.002383 -0.006431 9.413194
-0.002185 -0.006404 9.413194
-0.001991 -0.006357 9.413194
-0.001795 -0.006319 9.413194
-0.001604 -0.006261 9.413194
-0.001407 -0.006227 9.413194
-0.001216 -0.006169 9.413194
-0.001020 -0.006128 9.413194
-0.000823 -0.006096 9.413194
-0.000624 -0.006077 9.413194
-0.000426 -0.006058 9.413194
-0.000228 -0.006031 9.413194
-0.000028 -0.006035 9.413194
0.000165 -0.006087 9.413194
0.000363 -0.006111 9.413194
0.000558 -0.006155 9.413194
0.000754 -0.006194 9.413194
0.000951 -0.006225 9.413194
0.001144 -0.006276 9.413194
0.001339 -0.006321 9.413194
0.001530 -0.006379 9.413194
0.001727 -0.006412 9.413194
0.001918 -0.006471 9.413194
0.002114 -0.006510 9.413194
0.002306 -0.006563 9.413194
0.002500 -0.006609 9.413194
0.002695 -0.006654 9.413194
0.002890 -0.006697 9.413194
0.003084 -0.006744 9.413194
0.003280 -0.006784 9.413194
0.003475 -0.006827 9.413194
0.003669 -0.006875 9.413194
0.003855 -0.006802 9.413194
0.003915 -0.006611 9.413194
0.003972 -0.006420 9.413194
0.004030 -0.006229 9.413194
0.004090 -0.006038 9.413194
0.004149 -0.005847 9.413194
0.004192 -0.005653 9.413194
0.004255 -0.005463 9.413194
0.004304 -0.005269 9.413194
0.004382 -0.005085 9.413194
0.004432 -0.004892 9.413194
0.004520 -0.004713 9.413194
0.004565 -0.004518 9.413194
0.004639 -0.004333 9.413194
0.004692 -0.004140 9.413194
0.004777 -0.003959 9.413194
0.004857 -0.003776 9.413194
0.004975 -0.003615 9.413194
0.005037 -0.003425 9.413194
0.005125 -0.003246 9.413194
0.005200 -0.003061 9.413194
0.005321 -0.002902 9.413194
0.005451 -0.002750 9.413194
0.005570 -0.002590 9.413194
0.005712 -0.002450 9.413194
0.005828 -0.002287 9.413194
0.005971 -0.002147 9.413194
0.006097 -0.001993 9.413194
0.006254 -0.001868 9.413194
0.006374 -0.001709 9.413194
0.006527 -0.001581 9.413194
0.006653 -0.001426 9.413194
0.006802 -0.001293 9.413194
0.006934 -0.001143 9.413194
0.007076 -0.001002 9.413194
0.007208 -0.000852 9.413194
0.007348 -0.000710 9.413194
0.007479 -0.000559 9.413194
0.007613 -0.000411 9.413194
0.007750 -0.000266 9.413194
0.007777 -0.000068 9.413194

