0.007101 -0.000064 6.657986
0.006990 0.000077 6.657986
0.006878 0.000219 6.657986
0.006781 0.000370 6.657986
0.006685 0.000522 6.657986
0.006589 0.000674 6.657986
0.006489 0.000824 6.657986
0.006387 0.000972 6.657986
0.006286 0.001121 6.657986
0.006177 0.001264 6.657986
0.006064 0.001404 6.657986
0.005956 0.001548 6.657986
0.005847 0.001690 6.657986
0.005737 0.001833 6.657986
0.005623 0.001972 6.657986
0.005506 0.002109 6.657986
0.005398 0.002252 6.657986
0.005292 0.002398 6.657986
0.005173 0.002533 6.657986
0.005062 0.002675 6.657986
0.004944 0.002810 6.657986
0.004868 0.002973 6.657986
0.004810 0.003143 6.657986
0.004748 0.003312 6.657986
0.004680 0.003479 6.657986
0.004607 0.003643 6.657986
0.004545 0.003812 6.657986
0.004483 0.003981 6.657986
0.004416 0.004148 6.657986
0.004349 0.004314 6.657986
0.004278 0.004480 6.657986
0.004213 0.004648 6.657986
0.004149 0.004816 6.657986
0.004075 0.004980 6.657986
0.004004 0.005145 6.657986
0.003934 0.005311 6.657986
0.003862 0.005476 6.657986
0.003793 0.005641 6.657986
0.003721 0.005806 6.657986
0.003658 0.005975 6.657986
0.003533 0.006104 6.657986
0.003353 0.006099 6.657986
0.003174 0.006091 6.657986
0.002994 0.006085 6.657986
0.002815 0.006071 6.657986
0.002635 0.006055 6.657986
0.002457 0.006036 6.657986
0.002278 0.006017 6.657986
0.002099 0.006000 6.657986
0.001921 0.005972 6.657986
0.001743 0.005945 6.657986
0.001565 0.005923 6.657986
0.001386 0.005899 6.657986
0.001208 0.005874 6.657986
0.001031 0.005843 6.657986
0.000854 0.005812 6.657986
0.000675 0.005793 6.657986
0.000497 0.005769 6.657986
0.000320 0.005737 6.657986
0.000143 0.005704 6.657986
-0.000036 0.005686 6.657986
-0.000213 0.005721 6.657986
-0.000391 0.005747 6.657986
-0.000567 0.005781 6.657986
-0.000746 0.005801 6.657986
-0.000925 0.005823 6.657986
-0.001102 0.005855 6.657986
-0.001279 0.005884 6.657986
-0.001457 0.005908 6.657986
-0.001636 0.005932 6.657986
-0.001814 0.005954 6.657986
-0.001992 0.005981 6.657986
-0.002170 0.006004 6.657986
-0.002350 0.006016 6.657986
-0.002529 0.006031 6.657986
-0.002709 0.006043 6.657986
-0.002888 0.006051 6.657986
-0.003068 0.006062 6.657986
-0.003247 0.006078 6.657986
-0.003424 0.006111 6.657986
-0.003601 0.006140 6.657986
-0.003728 0.006011 6.657986
-0.003775 0.005838 6.657986
-0.003831 0.005667 6.657986
-0.003887 0.005496 6.657986
-0.003948 0.005327 6.657986
-0.004011 0.005158 6.657986
-0.004078 0.004991 6.657986
-0.004149 0.004826 6.657986
-0.004212 0.004658 6.657986
-0.004276 0.004490 6.657986
-0.004346 0.004324 6.657986
-0.004413 0.004157 6.657986
-0.004481 0.003990 6.657986
-0.004543 0.003821 6.657986
-0.004604 0.003652 6.657986
-0.004677 0.003488 6.657986
-0.004745 0.003322 6.657986
-0.004806 0.003152 6.657986
-0.004866 0.002983 6.657986
-0.004939 0.002818 6.657986
-0.005056 0.002681 6.657986
-0.005168 0.002541 6.657986
-0.005286 0.002405 6.657986
-0.005393 0.002260 6.657986
-0.005501 0.002116 6.657986
-0.005617 0.001979 6.657986
-0.005732 0.001840 6.657986
-0.005842 0.001698 6.657986
-0.005952 0.001556 6.657986
-0.006061 0.001413 6.657986
-0.006174 0.001273 6.657986
-0.006286 0.001133 6.657986
-0.006391 0.000986 6.657986
-0.006500 0.000843 6.657986
-0.006609 0.000700 6.657986
-0.006719 0.000558 6.657986
-0.006833 0.000418 6.657986
-0.006946 0.000279 6.657986
-0.007067 0.000146 6.657986
-0.007094 -0.000032 6.657986
-0.006968 -0.000160 6.657986
-0.006855 -0.000300 6.657986
-0.006757 -0.000451 6.657986
-0.006657 -0.000601 6.657986
-0.006556 -0.000749 6.657986
-0.006451 -0.000896 6.657986
-0.006345 -0.001041 6.657986
-0.006241 -0.001188 6.657986
-0.006129 -0.001328 6.657986
-0.006016 -0.001469 6.657986
-0.005908 -0.001612 6.657986
-0.005798 -0.001754 6.657986
-0.005687 -0.001896 6.657986
-0.005572 -0.002034 6.657986
-0.005456 -0.002172 6.657986
-0.005351 -0.002318 6.657986
-0.005240 -0.002459 6.657986
-0.005126 -0.002599 6.657986
-0.005005 -0.002732 6.657986
-0.004903 -0.002880 6.657986
-0.004848 -0.003051 6.657986
-0.004779 -0.003217 6.657986
-0.004722 -0.003388 6.657986
-0.004648 -0.003552 6.657986
-0.004579 -0.003718 6.657986
-0.004519 -0.003888 6.657986
-0.004456 -0.004056 6.657986
-0.004388 -0.004223 6.657986
-0.004320 -0.004389 6.657986
-0.004252 -0.004556 6.657986
-0.004189 -0.004724 6.657986
-0.004125 -0.004893 6.657986
-0.004055 -0.005058 6.657986
-0.003992 -0.005226 6.657986
-0.003931 -0.005396 6.657986
-0.003872 -0.005566 6.657986
-0.003816 -0.005737 6.657986
-0.003758 -0.005907 6.657986
-0.003706 -0.006079 6.657986
-0.003571 -0.006198 6.657986
-0.003397 -0.006151 6.657986
-0.003224 -0.006101 6.657986
-0.003047 -0.006070 6.657986
-0.002869 -0.006049 6.657986
-0.002689 -0.006037 6.657986
-0.002510 -0.006026 6.657986
-0.002330 -0.006012 6.657986
-0.002151 -0.006000 6.657986
-0.001972 -0.005977 6.657986
-0.001794 -0.005951 6.657986
-0.001616 -0.005929 6.657986
-0.001438 -0.005906 6.657986
-0.001259 -0.005882 6.657986
-0.001082 -0.005852 6.657986
-0.000905 -0.005820 6.657986
-0.000726 -0.005799 6.657986
-0.000548 -0.005778 6.657986
-0.000371 -0.005746 6.657986
-0.000193 -0.005716 6.657986
-0.000016 -0.005687 6.657986
0.000163 -0.005710 6.657986
0.000340 -0.005741 6.657986
0.000517 -0.005773 6.657986
0.000695 -0.005796 6.657986
0.000874 -0.005816 6.657986
0.001051 -0.005848 6.657986
0.001228 -0.005878 6.657986
0.001406 -0.005903 6.657986
0.001585 -0.005928 6.657986
0.001763 -0.005951 6.657986
0.001940 -0.005981 6.657986
0.002118 -0.006011 6.657986
0.002296 -0.006033 6.657986
0.002474 -0.006062 6.657986
0.002651 -0.006094 6.657986
0.002827 -0.006129 6.657986
0.003002 -0.006170 6.657986
0.003178 -0.006209 6.657986
0.003352 -0.006253 6.657986
0.003526 -0.006206 6.657986
0.003589 -0.006038 6.657986
0.003644 -0.005867 6.657986
0.003711 -0.005700 6.657986
0.003785 -0.005536 6.657986
0.003867 -0.005376 6.657986
0.003947 -0.005215 6.657986
0.004026 -0.005053 6.657986
0.004107 -0.004892 6.657986
0.004177 -0.004727 6.657986
0.004243 -0.004560 6.657986
0.004314 -0.004394 6.657986
0.004383 -0.004228 6.657986
0.004452 -0.004062 6.657986
0.004516 -0.003894 6.657986
0.004576 -0.003724 6.657986
0.004645 -0.003558 6.657986
0.004719 -0.003394 6.657986
0.004776 -0.003224 6.657986
0.004845 -0.003058 6.657986
0.004900 -0.002886 6.657986
0.005001 -0.002737 6.657986
0.005121 -0.002604 6.657986
0.005235 -0.002465 6.657986
0.005347 -0.002323 6.657986
0.005452 -0.002178 6.657986
0.005567 -0.002039 6.657986
0.005683 -0.001901 6.657986
0.005794 -0.001760 6.657986
0.005905 -0.001618 6.657986
0.006013 -0.001475 6.657986
0.006126 -0.001335 6.657986
0.006241 -0.001197 6.657986
0.006348 -0.001052 6.657986
0.006459 -0.000910 6.657986
0.006573 -0.000771 6.657986
0.006688 -0.000633 6.657986
0.006809 -0.000499 6.657986
0.006929 -0.000365 6.657986
0.007055 -0.000237 6.657986
0.007101 -0.000064 6.657986

