0.005030 -0.000000 0.092014
0.005028 0.000131 0.092014
0.005023 0.000263 0.092014
0.005014 0.000394 0.092014
0.005001 0.000525 0.092014
0.004985 0.000655 0.092014
0.004965 0.000785 0.092014
0.004942 0.000914 0.092014
0.004916 0.001043 0.092014
0.004885 0.001171 0.092014
0.004851 0.001298 0.092014
0.004814 0.001424 0.092014
0.004773 0.001549 0.092014
0.004729 0.001672 0.092014
0.004681 0.001795 0.092014
0.004630 0.001916 0.092014
0.004576 0.002036 0.092014
0.004519 0.002154 0.092014
0.004459 0.002271 0.092014
0.004396 0.002386 0.092014
0.004331 0.002500 0.092014
0.004264 0.002614 0.092014
0.004196 0.002726 0.092014
0.004125 0.002837 0.092014
0.004051 0.002945 0.092014
0.003974 0.003052 0.092014
0.003895 0.003157 0.092014
0.003813 0.003259 0.092014
0.003728 0.003359 0.092014
0.003640 0.003457 0.092014
0.003550 0.003553 0.092014
0.003457 0.003645 0.092014
0.003361 0.003735 0.092014
0.003263 0.003823 0.092014
0.003163 0.003908 0.092014
0.003060 0.003990 0.092014
0.002955 0.004069 0.092014
0.002848 0.004145 0.092014
0.002739 0.004218 0.092014
0.002628 0.004289 0.092014
0.002515 0.004356 0.092014
0.002400 0.004420 0.092014
0.002284 0.004481 0.092014
0.002166 0.004539 0.092014
0.002046 0.004593 0.092014
0.001925 0.004645 0.092014
0.001803 0.004693 0.092014
0.001679 0.004737 0.092014
0.001555 0.004778 0.092014
0.001429 0.004816 0.092014
0.001302 0.004850 0.092014
0.001174 0.004881 0.092014
0.001045 0.004908 0.092014
0.000916 0.004931 0.092014
0.000786 0.004951 0.092014
0.000656 0.004968 0.092014
0.000525 0.004981 0.092014
0.000394 0.004991 0.092014
0.000263 0.004997 0.092014
0.000131 0.005000 0.092014
-0.000000 0.005001 0.092014
-0.000131 0.005000 0.092014
-0.000263 0.004997 0.092014
-0.000394 0.004991 0.092014
-0.000525 0.004981 0.092014
-0.000656 0.004968 0.092014
-0.000786 0.004951 0.092014
-0.000916 0.004931 0.092014
-0.001045 0.004908 0.092014
-0.001174 0.004881 0.092014
-0.001302 0.004850 0.092014
-0.001429 0.004816 0.092014
-0.001555 0.004778 0.092014
-0.001679 0.004737 0.092014
-0.001803 0.004693 0.092014
-0.001925 0.004645 0.092014
-0.002046 0.004593 0.092014
-0.002166 0.004539 0.092014
-0.002284 0.004481 0.092014
-0.002400 0.004420 0.092014
-0.002515 0.004356 0.092014
-0.002628 0.004289 0.092014
-0.002739 0.004218 0.092014
-0.002848 0.004145 0.092014
-0.002955 0.004069 0.092014
-0.003060 0.003990 0.092014
-0.003163 0.003908 0.092014
-0.003263 0.003823 0.092014
-0.003361 0.003735 0.092014
-0.003457 0.003645 0.092014
-0.003550 0.003553 0.092014
-0.003640 0.003457 0.092014
-0.003728 0.003359 0.092014
-0.003813 0.003259 0.092014
-0.003895 0.003157 0.092014
-0.003974 0.003052 0.092014
-0.004051 0.002945 0.092014
-0.004125 0.002837 0.092014
-0.004196 0.002726 0.092014
-0.004264 0.002614 0.092014
-0.004331 0.002500 0.092014
-0.004396 0.002386 0.092014
-0.004459 0.002271 0.092014
-0.004519 0.002154 0.092014
-0.004576 0.002036 0.092014
-0.004630 0.001916 0.092014
-0.004681 0.001795 0.092014
-0.004729 0.001672 0.092014
-0.004773 0.001549 0.092014
-0.004814 0.001424 0.092014
-0.004851 0.001298 0.092014
-0.004885 0.001171 0.092014
-0.004916 0.001043 0.092014
-0.004942 0.000914 0.092014
-0.004965 0.000785 0.092014
-0.004985 0.000655 0.092014
-0.005001 0.000525 0.092014
-0.005014 0.000394 0.092014
-0.005023 0.000263 0.092014
-0.005028 0.000131 0.092014
-0.005030 0.000000 0.092014
-0.005028 -0.000131 0.092014
-0.005023 -0.000263 0.092014
-0.005014 -0.000394 0.092014
-0.005001 -0.000525 0.092014
-0.004985 -0.000655 0.092014
-0.004965 -0.000785 0.092014
-0.004942 -0.000914 0.092014
-0.004916 -0.001043 0.092014
-0.004885 -0.001171 0.092014
-0.004851 -0.001298 0.092014
-0.004814 -0.001424 0.092014
-0.004773 -0.001549 0.092014
-0.004729 -0.001672 0.092014
-0.004681 -0.001795 0.092014
-0.004630 -0.001916 0.092014
-0.004576 -0.002036 0.092014
-0.004519 -0.002154 0.092014
-0.004459 -0.002271 0.092014
-0.004396 -0.002386 0.092014
-0.004331 -0.002500 0.092014
-0.004264 -0.002614 0.092014
-0.004196 -0.002726 0.092014
-0.004125 -0.002837 0.092014
-0.004051 -0.002945 0.092014
-0.003974 -0.003052 0.092014
-0.003895 -0.003157 0.092014
-0.003813 -0.003259 0.092014
-0.003728 -0.003359 0.092014
-0.003640 -0.003457 0.092014
-0.003550 -0.003553 0.092014
-0.003457 -0.003645 0.092014
-0.003361 -0.003735 0.092014
-0.003263 -0.003823 0.092014
-0.003163 -0.003908 0.092014
-0.003060 -0.003990 0.092014
-0.002955 -0.004069 0.092014
-0.002848 -0.004145 0.092014
-0.002739 -0.004218 0.092014
-0.002628 -0.004289 0.092014
-0.002515 -0.004356 0.092014
-0.002400 -0.004420 0.092014
-0.002284 -0.004481 0.092014
-0.002166 -0.004539 0.092014
-0.002046 -0.004593 0.092014
-0.001925 -0.004645 0.092014
-0.001803 -0.004693 0.092014
-0.001679 -0.004737 0.092014
-0.001555 -0.004778 0.092014
-0.001429 -0.004816 0.092014
-0.001302 -0.004850 0.092014
-0.001174 -0.004881 0.092014
-0.001045 -0.004908 0.092014
-0.000916 -0.004931 0.092014
-0.000786 -0.004951 0.092014
-0.000656 -0.004968 0.092014
-0.000525 -0.004981 0.092014
-0.000394 -0.004991 0.092014
-0.000263 -0.004997 0.092014
-0.000131 -0.005000 0.092014
-0.000000 -0.005001 0.092014
0.000131 -0.005000 0.092014
0.000263 -0.004997 0.092014
0.000394 -0.004991 0.092014
0.000525 -0.004981 0.092014
0.000656 -0.004968 0.092014
0.000786 -0.004951 0.092014
0.000916 -0.004931 0.092014
0.001045 -0.004908 0.092014
0.001174 -0.004881 0.092014
0.001302 -0.004850 0.092014
0.001429 -0.004816 0.092014
0.001555 -0.004778 0.092014
0.001679 -0.004737 0.092014
0.001803 -0.004693 0.092014
0.001925 -0.004645 0.092014
0.002046 -0.004593 0.092014
0.002166 -0.004539 0.092014
0.002284 -0.004481 0.092014
0.002400 -0.004420 0.092014
0.002515 -0.004356 0.092014
0.002628 -0.004289 0.092014
0.002739 -0.004218 0.092014
0.002848 -0.004145 0.092014
0.002955 -0.004069 0.092014
0.003060 -0.003990 0.092014
0.003163 -0.003908 0.092014
0.003263 -0.003823 0.092014
0.003361 -0.003735 0.092014
0.003457 -0.003645 0.092014
0.003550 -0.003553 0.092014
0.003640 -0.003457 0.092014
0.003728 -0.003359 0.092014
0.003813 -0.003259 0.092014
0.003895 -0.003157 0.092014
0.003974 -0.003052 0.092014
0.004051 -0.002945 0.092014
0.004125 -0.002837 0.092014
0.004196 -0.002726 0.092014
0.004264 -0.002614 0.092014
0.004331 -0.002500 0.092014
0.004396 -0.002386 0.092014
0.004459 -0.002271 0.092014
0.004519 -0.002154 0.092014
0.004576 -0.002036 0.092014
0.004630 -0.001916 0.092014
0.004681 -0.001795 0.092014
0.004729 -0.001672 0.092014
0.004773 -0.001549 0.092014
0.004814 -0.001424 0.092014
0.004851 -0.001298 0.092014
0.004885 -0.001171 0.092014
0.004916 -0.001043 0.092014
0.004942 -0.000914 0.092014
0.004965 -0.000785 0.092014
0.004985 -0.000655 0.092014
0.005001 -0.000525 0.092014
0.005014 -0.000394 0.092014
0.005023 -0.000263 0.092014
0.005028 -0.000131 0.092014
0.005030 -0.000000 0.092014

