0.006893 -0.000001 5.572917
0.006828 0.000161 5.572917
0.006725 0.000301 5.572917
0.006617 0.000438 5.572917
0.006511 0.000577 5.572917
0.006399 0.000710 5.572917
0.006293 0.000848 5.572917
0.006186 0.000986 5.572917
0.006077 0.001122 5.572917
0.005967 0.001257 5.572917
0.005854 0.001390 5.572917
0.005750 0.001530 5.572917
0.005644 0.001668 5.572917
0.005532 0.001802 5.572917
0.005421 0.001937 5.572917
0.005310 0.002071 5.572917
0.005207 0.002211 5.572917
0.005102 0.002351 5.572917
0.004987 0.002482 5.572917
0.004875 0.002616 5.572917
0.004767 0.002752 5.572917
0.004703 0.002914 5.572917
0.004643 0.003078 5.572917
0.004587 0.003243 5.572917
0.004518 0.003403 5.572917
0.004449 0.003563 5.572917
0.004388 0.003727 5.572917
0.004326 0.003890 5.572917
0.004267 0.004054 5.572917
0.004201 0.004215 5.572917
0.004131 0.004375 5.572917
0.004072 0.004539 5.572917
0.004010 0.004702 5.572917
0.003947 0.004864 5.572917
0.003881 0.005026 5.572917
0.003815 0.005187 5.572917
0.003756 0.005351 5.572917
0.003689 0.005512 5.572917
0.003625 0.005674 5.572917
0.003557 0.005835 5.572917
0.003447 0.005969 5.572917
0.003274 0.005997 5.572917
0.003101 0.005976 5.572917
0.002929 0.005950 5.572917
0.002756 0.005928 5.572917
0.002584 0.005898 5.572917
0.002412 0.005874 5.572917
0.002239 0.005851 5.572917
0.002067 0.005824 5.572917
0.001895 0.005796 5.572917
0.001723 0.005765 5.572917
0.001550 0.005745 5.572917
0.001377 0.005722 5.572917
0.001205 0.005692 5.572917
0.001033 0.005663 5.572917
0.000861 0.005635 5.572917
0.000688 0.005615 5.572917
0.000515 0.005594 5.572917
0.000344 0.005560 5.572917
0.000172 0.005530 5.572917
-0.000000 0.005505 5.572917
-0.000173 0.005530 5.572917
-0.000344 0.005560 5.572917
-0.000515 0.005594 5.572917
-0.000688 0.005615 5.572917
-0.000862 0.005635 5.572917
-0.001034 0.005663 5.572917
-0.001205 0.005692 5.572917
-0.001377 0.005722 5.572917
-0.001550 0.005745 5.572917
-0.001723 0.005765 5.572917
-0.001895 0.005796 5.572917
-0.002067 0.005824 5.572917
-0.002239 0.005850 5.572917
-0.002412 0.005874 5.572917
-0.002585 0.005897 5.572917
-0.002756 0.005927 5.572917
-0.002929 0.005949 5.572917
-0.003102 0.005974 5.572917
-0.003275 0.005994 5.572917
-0.003447 0.005969 5.572917
-0.003560 0.005836 5.572917
-0.003627 0.005675 5.572917
-0.003690 0.005512 5.572917
-0.003756 0.005351 5.572917
-0.003816 0.005187 5.572917
-0.003881 0.005026 5.572917
-0.003947 0.004864 5.572917
-0.004010 0.004702 5.572917
-0.004072 0.004539 5.572917
-0.004132 0.004375 5.572917
-0.004201 0.004215 5.572917
-0.004267 0.004054 5.572917
-0.004326 0.003890 5.572917
-0.004388 0.003727 5.572917
-0.004449 0.003563 5.572917
-0.004518 0.003403 5.572917
-0.004587 0.003243 5.572917
-0.004643 0.003078 5.572917
-0.004703 0.002914 5.572917
-0.004767 0.002752 5.572917
-0.004875 0.002616 5.572917
-0.004987 0.002482 5.572917
-0.005102 0.002351 5.572917
-0.005207 0.002211 5.572917
-0.005310 0.002071 5.572917
-0.005421 0.001937 5.572917
-0.005532 0.001802 5.572917
-0.005644 0.001668 5.572917
-0.005751 0.001530 5.572917
-0.005855 0.001390 5.572917
-0.005967 0.001257 5.572917
-0.006077 0.001122 5.572917
-0.006186 0.000986 5.572917
-0.006293 0.000848 5.572917
-0.006400 0.000711 5.572917
-0.006512 0.000577 5.572917
-0.006618 0.000439 5.572917
-0.006727 0.000303 5.572917
-0.006832 0.000163 5.572917
-0.006893 0.000000 5.572917
-0.006830 -0.000162 5.572917
-0.006726 -0.000302 5.572917
-0.006617 -0.000439 5.572917
-0.006512 -0.000577 5.572917
-0.006400 -0.000711 5.572917
-0.006293 -0.000848 5.572917
-0.006186 -0.000986 5.572917
-0.006077 -0.001122 5.572917
-0.005967 -0.001257 5.572917
-0.005854 -0.001391 5.572917
-0.005750 -0.001530 5.572917
-0.005644 -0.001668 5.572917
-0.005532 -0.001802 5.572917
-0.005421 -0.001937 5.572917
-0.005310 -0.002071 5.572917
-0.005207 -0.002211 5.572917
-0.005102 -0.002351 5.572917
-0.004987 -0.002482 5.572917
-0.004875 -0.002616 5.572917
-0.004767 -0.002753 5.572917
-0.004703 -0.002914 5.572917
-0.004643 -0.003078 5.572917
-0.004587 -0.003243 5.572917
-0.004518 -0.003403 5.572917
-0.004449 -0.003563 5.572917
-0.004388 -0.003727 5.572917
-0.004326 -0.003890 5.572917
-0.004267 -0.004054 5.572917
-0.004201 -0.004215 5.572917
-0.004131 -0.004375 5.572917
-0.004072 -0.004539 5.572917
-0.004010 -0.004702 5.572917
-0.003947 -0.004864 5.572917
-0.003881 -0.005026 5.572917
-0.003816 -0.005187 5.572917
-0.003756 -0.005351 5.572917
-0.003690 -0.005512 5.572917
-0.003628 -0.005675 5.572917
-0.003561 -0.005836 5.572917
-0.003448 -0.005969 5.572917
-0.003275 -0.005992 5.572917
-0.003102 -0.005974 5.572917
-0.002929 -0.005949 5.572917
-0.002756 -0.005927 5.572917
-0.002584 -0.005897 5.572917
-0.002412 -0.005873 5.572917
-0.002239 -0.005850 5.572917
-0.002067 -0.005824 5.572917
-0.001895 -0.005796 5.572917
-0.001723 -0.005765 5.572917
-0.001550 -0.005745 5.572917
-0.001377 -0.005722 5.572917
-0.001205 -0.005692 5.572917
-0.001033 -0.005663 5.572917
-0.000861 -0.005635 5.572917
-0.000688 -0.005615 5.572917
-0.000515 -0.005594 5.572917
-0.000344 -0.005560 5.572917
-0.000172 -0.005530 5.572917
0.000000 -0.005505 5.572917
0.000173 -0.005530 5.572917
0.000344 -0.005560 5.572917
0.000515 -0.005594 5.572917
0.000688 -0.005615 5.572917
0.000862 -0.005635 5.572917
0.001034 -0.005663 5.572917
0.001205 -0.005692 5.572917
0.001377 -0.005722 5.572917
0.001550 -0.005745 5.572917
0.001723 -0.005765 5.572917
0.001895 -0.005796 5.572917
0.002067 -0.005824 5.572917
0.002239 -0.005851 5.572917
0.002412 -0.005874 5.572917
0.002584 -0.005898 5.572917
0.002756 -0.005929 5.572917
0.002929 -0.005952 5.572917
0.003101 -0.005979 5.572917
0.003274 -0.006002 5.572917
0.003445 -0.005970 5.572917
0.003552 -0.005832 5.572917
0.003622 -0.005673 5.572917
0.003687 -0.005511 5.572917
0.003755 -0.005350 5.572917
0.003815 -0.005187 5.572917
0.003881 -0.005025 5.572917
0.003947 -0.004864 5.572917
0.004010 -0.004702 5.572917
0.004072 -0.004539 5.572917
0.004131 -0.004375 5.572917
0.004201 -0.004215 5.572917
0.004267 -0.004054 5.572917
0.004326 -0.003890 5.572917
0.004388 -0.003727 5.572917
0.004449 -0.003563 5.572917
0.004518 -0.003403 5.572917
0.004587 -0.003243 5.572917
0.004643 -0.003078 5.572917
0.004703 -0.002914 5.572917
0.004767 -0.002752 5.572917
0.004875 -0.002616 5.572917
0.004987 -0.002482 5.572917
0.005102 -0.002351 5.572917
0.005207 -0.002211 5.572917
0.005310 -0.002071 5.572917
0.005421 -0.001937 5.572917
0.005532 -0.001802 5.572917
0.005644 -0.001668 5.572917
0.005750 -0.001530 5.572917
0.005855 -0.001391 5.572917
0.005967 -0.001257 5.572917
0.006077 -0.001122 5.572917
0.006186 -0.000986 5.572917
0.006293 -0.000848 5.572917
0.006400 -0.000711 5.572917
0.006512 -0.000577 5.572917
0.006619 -0.000439 5.572917
0.006728 -0.000303 5.572917
0.006833 -0.000165 5.572917
0.006893 -0.000001 5.572917

