0.006324 -0.000000 2.744792
0.006271 0.000151 2.744792
0.006171 0.000276 2.744792
0.006072 0.000402 2.744792
0.005970 0.000526 2.744792
0.005867 0.000649 2.744792
0.005768 0.000775 2.744792
0.005673 0.000903 2.744792
0.005573 0.001029 2.744792
0.005468 0.001150 2.744792
0.005363 0.001271 2.744792
0.005264 0.001397 2.744792
0.005171 0.001527 2.744792
0.005075 0.001656 2.744792
0.004974 0.001780 2.744792
0.004867 0.001899 2.744792
0.004759 0.002018 2.744792
0.004652 0.002137 2.744792
0.004548 0.002259 2.744792
0.004448 0.002383 2.744792
0.004356 0.002515 2.744792
0.004288 0.002660 2.744792
0.004230 0.002810 2.744792
0.004176 0.002960 2.744792
0.004127 0.003113 2.744792
0.004078 0.003265 2.744792
0.004028 0.003418 2.744792
0.003972 0.003567 2.744792
0.003908 0.003714 2.744792
0.003842 0.003860 2.744792
0.003782 0.004009 2.744792
0.003729 0.004160 2.744792
0.003678 0.004312 2.744792
0.003619 0.004461 2.744792
0.003555 0.004608 2.744792
0.003495 0.004757 2.744792
0.003441 0.004907 2.744792
0.003384 0.005057 2.744792
0.003325 0.005206 2.744792
0.003266 0.005355 2.744792
0.003162 0.005477 2.744792
0.003005 0.005506 2.744792
0.002846 0.005482 2.744792
0.002688 0.005460 2.744792
0.002530 0.005433 2.744792
0.002372 0.005405 2.744792
0.002213 0.005382 2.744792
0.002054 0.005364 2.744792
0.001896 0.005341 2.744792
0.001738 0.005310 2.744792
0.001581 0.005279 2.744792
0.001422 0.005257 2.744792
0.001263 0.005241 2.744792
0.001104 0.005223 2.744792
0.000946 0.005197 2.744792
0.000789 0.005165 2.744792
0.000632 0.005131 2.744792
0.000476 0.005097 2.744792
0.000318 0.005068 2.744792
0.000160 0.005043 2.744792
-0.000000 0.005030 2.744792
-0.000160 0.005043 2.744792
-0.000318 0.005068 2.744792
-0.000476 0.005097 2.744792
-0.000632 0.005131 2.744792
-0.000789 0.005165 2.744792
-0.000946 0.005197 2.744792
-0.001104 0.005223 2.744792
-0.001263 0.005241 2.744792
-0.001422 0.005257 2.744792
-0.001581 0.005279 2.744792
-0.001738 0.005310 2.744792
-0.001896 0.005341 2.744792
-0.002054 0.005364 2.744792
-0.002213 0.005382 2.744792
-0.002372 0.005405 2.744792
-0.002530 0.005433 2.744792
-0.002688 0.005460 2.744792
-0.002846 0.005482 2.744792
-0.003005 0.005506 2.744792
-0.003162 0.005477 2.744792
-0.003266 0.005355 2.744792
-0.003325 0.005206 2.744792
-0.003384 0.005057 2.744792
-0.003441 0.004907 2.744792
-0.003495 0.004757 2.744792
-0.003555 0.004608 2.744792
-0.003619 0.004461 2.744792
-0.003678 0.004312 2.744792
-0.003729 0.004160 2.744792
-0.003782 0.004009 2.744792
-0.003842 0.003860 2.744792
-0.003908 0.003714 2.744792
-0.003972 0.003567 2.744792
-0.004028 0.003418 2.744792
-0.004078 0.003265 2.744792
-0.004127 0.003113 2.744792
-0.004176 0.002960 2.744792
-0.004230 0.002810 2.744792
-0.004288 0.002660 2.744792
-0.004356 0.002515 2.744792
-0.004448 0.002383 2.744792
-0.004548 0.002259 2.744792
-0.004652 0.002137 2.744792
-0.004759 0.002018 2.744792
-0.004867 0.001899 2.744792
-0.004974 0.001780 2.744792
-0.005075 0.001656 2.744792
-0.005171 0.001527 2.744792
-0.005264 0.001397 2.744792
-0.005363 0.001271 2.744792
-0.005468 0.001150 2.744792
-0.005573 0.001029 2.744792
-0.005673 0.000903 2.744792
-0.005768 0.000775 2.744792
-0.005867 0.000649 2.744792
-0.005970 0.000526 2.744792
-0.006072 0.000402 2.744792
-0.006171 0.000276 2.744792
-0.006271 0.000151 2.744792
-0.006324 0.000000 2.744792
-0.006271 -0.000151 2.744792
-0.006171 -0.000276 2.744792
-0.006072 -0.000402 2.744792
-0.005970 -0.000526 2.744792
-0.005867 -0.000649 2.744792
-0.005768 -0.000775 2.744792
-0.005673 -0.000903 2.744792
-0.005573 -0.001029 2.744792
-0.005468 -0.001150 2.744792
-0.005363 -0.001271 2.744792
-0.005264 -0.001397 2.744792
-0.005171 -0.001527 2.744792
-0.005075 -0.001656 2.744792
-0.004974 -0.001780 2.744792
-0.004867 -0.001899 2.744792
-0.004759 -0.002018 2.744792
-0.004652 -0.002137 2.744792
-0.004548 -0.002259 2.744792
-0.004448 -0.002383 2.744792
-0.004356 -0.002515 2.744792
-0.004288 -0.002660 2.744792
-0.004230 -0.002810 2.744792
-0.004176 -0.002960 2.744792
-0.004127 -0.003113 2.744792
-0.004078 -0.003265 2.744792
-0.004028 -0.003418 2.744792
-0.003972 -0.003567 2.744792
-0.003908 -0.003714 2.744792
-0.003842 -0.003860 2.744792
-0.003782 -0.004009 2.744792
-0.003729 -0.004160 2.744792
-0.003678 -0.004312 2.744792
-0.003619 -0.004461 2.744792
-0.003555 -0.004608 2.744792
-0.003495 -0.004757 2.744792
-0.003441 -0.004907 2.744792
-0.003384 -0.005057 2.744792
-0.003325 -0.005206 2.744792
-0.003266 -0.005355 2.744792
-0.003162 -0.005477 2.744792
-0.003005 -0.005506 2.744792
-0.002846 -0.005482 2.744792
-0.002688 -0.005460 2.744792
-0.002530 -0.005433 2.744792
-0.002372 -0.005405 2.744792
-0.002213 -0.005382 2.744792
-0.002054 -0.005364 2.744792
-0.001896 -0.005341 2.744792
-0.001738 -0.005310 2.744792
-0.001581 -0.005279 2.744792
-0.001422 -0.005257 2.744792
-0.001263 -0.005241 2.744792
-0.001104 -0.005223 2.744792
-0.000946 -0.005197 2.744792
-0.000789 -0.005165 2.744792
-0.000632 -0.005131 2.744792
-0.000476 -0.005097 2.744792
-0.000318 -0.005068 2.744792
-0.000160 -0.005043 2.744792
0.000000 -0.005030 2.744792
0.000160 -0.005043 2.744792
0.000318 -0.005068 2.744792
0.000476 -0.005097 2.744792
0.000632 -0.005131 2.744792
0.000789 -0.005165 2.744792
0.000946 -0.005197 2.744792
0.001104 -0.005223 2.744792
0.001263 -0.005241 2.744792
0.001422 -0.005257 2.744792
0.001581 -0.005279 2.744792
0.001738 -0.005310 2.744792
0.001896 -0.005341 2.744792
0.002054 -0.005364 2.744792
0.002213 -0.005382 2.744792
0.002372 -0.005405 2.744792
0.002530 -0.005433 2.744792
0.002688 -0.005460 2.744792
0.002846 -0.005482 2.744792
0.003005 -0.005506 2.744792
0.003162 -0.005477 2.744792
0.003266 -0.005355 2.744792
0.003325 -0.005206 2.744792
0.003384 -0.005057 2.744792
0.003441 -0.004907 2.744792
0.003495 -0.004757 2.744792
0.003555 -0.004608 2.744792
0.003619 -0.004461 2.744792
0.003678 -0.004312 2.744792
0.003729 -0.004160 2.744792
0.003782 -0.004009 2.744792
0.003842 -0.003860 2.744792
0.003908 -0.003714 2.744792
0.003972 -0.003567 2.744792
0.004028 -0.003418 2.744792
0.004078 -0.003265 2.744792
0.004127 -0.003113 2.744792
0.004176 -0.002960 2.744792
0.004230 -0.002810 2.744792
0.004288 -0.002660 2.744792
0.004356 -0.002515 2.744792
0.004448 -0.002383 2.744792
0.004548 -0.002259 2.744792
0.004652 -0.002137 2.744792
0.004759 -0.002018 2.744792
0.004867 -0.001899 2.744792
0.004974 -0.001780 2.744792
0.005075 -0.001656 2.744792
0.005171 -0.001527 2.744792
0.005264 -0.001397 2.744792
0.005363 -0.001271 2.744792
0.005468 -0.001150 2.744792
0.005573 -0.001029 2.744792
0.005673 -0.000903 2.744792
0.005768 -0.000775 2.744792
0.005867 -0.000649 2.744792
0.005970 -0.000526 2.744792
0.006072 -0.000402 2.744792
0.006171 -0.000276 2.744792
0.006271 -0.000151 2.744792
0.006324 -0.000000 2.744792

