0.005166 -0.000000 0.470486
0.005164 0.000134 0.470486
0.005158 0.000267 0.470486
0.005147 0.000401 0.470486
0.005131 0.000534 0.470486
0.005111 0.000666 0.470486
0.005087 0.000797 0.470486
0.005057 0.000928 0.470486
0.005022 0.001057 0.470486
0.004983 0.001185 0.470486
0.004938 0.001311 0.470486
0.004890 0.001435 0.470486
0.004837 0.001558 0.470486
0.004782 0.001680 0.470486
0.004723 0.001800 0.470486
0.004662 0.001919 0.470486
0.004598 0.002037 0.470486
0.004532 0.002153 0.470486
0.004465 0.002269 0.470486
0.004398 0.002385 0.470486
0.004331 0.002501 0.470486
0.004265 0.002617 0.470486
0.004198 0.002733 0.470486
0.004131 0.002848 0.470486
0.004063 0.002964 0.470486
0.003993 0.003078 0.470486
0.003921 0.003190 0.470486
0.003846 0.003301 0.470486
0.003768 0.003410 0.470486
0.003688 0.003517 0.470486
0.003604 0.003621 0.470486
0.003517 0.003723 0.470486
0.003426 0.003821 0.470486
0.003332 0.003916 0.470486
0.003234 0.004006 0.470486
0.003132 0.004094 0.470486
0.003028 0.004177 0.470486
0.002920 0.004257 0.470486
0.002810 0.004333 0.470486
0.002698 0.004405 0.470486
0.002583 0.004474 0.470486
0.002466 0.004539 0.470486
0.002347 0.004600 0.470486
0.002226 0.004658 0.470486
0.002104 0.004711 0.470486
0.001979 0.004759 0.470486
0.001853 0.004804 0.470486
0.001725 0.004843 0.470486
0.001596 0.004878 0.470486
0.001465 0.004907 0.470486
0.001334 0.004932 0.470486
0.001202 0.004952 0.470486
0.001069 0.004968 0.470486
0.000936 0.004981 0.470486
0.000802 0.004991 0.470486
0.000669 0.004997 0.470486
0.000535 0.005001 0.470486
0.000401 0.005002 0.470486
0.000268 0.005002 0.470486
0.000134 0.005002 0.470486
-0.000000 0.005001 0.470486
-0.000134 0.005002 0.470486
-0.000268 0.005002 0.470486
-0.000401 0.005002 0.470486
-0.000535 0.005001 0.470486
-0.000669 0.004997 0.470486
-0.000802 0.004991 0.470486
-0.000936 0.004981 0.470486
-0.001069 0.004968 0.470486
-0.001202 0.004952 0.470486
-0.001334 0.004932 0.470486
-0.001465 0.004907 0.470486
-0.001596 0.004878 0.470486
-0.001725 0.004843 0.470486
-0.001853 0.004804 0.470486
-0.001979 0.004759 0.470486
-0.002104 0.004711 0.470486
-0.002226 0.004658 0.470486
-0.002347 0.004600 0.470486
-0.002466 0.004539 0.470486
-0.002583 0.004474 0.470486
-0.002698 0.004405 0.470486
-0.002810 0.004333 0.470486
-0.002920 0.004257 0.470486
-0.003028 0.004177 0.470486
-0.003132 0.004094 0.470486
-0.003234 0.004006 0.470486
-0.003332 0.003916 0.470486
-0.003426 0.003821 0.470486
-0.003517 0.003723 0.470486
-0.003604 0.003621 0.470486
-0.003688 0.003517 0.470486
-0.003768 0.003410 0.470486
-0.003846 0.003301 0.470486
-0.003921 0.003190 0.470486
-0.003993 0.003078 0.470486
-0.004063 0.002964 0.470486
-0.004131 0.002848 0.470486
-0.004198 0.002733 0.470486
-0.004265 0.002617 0.470486
-0.004331 0.002501 0.470486
-0.004398 0.002385 0.470486
-0.004465 0.002269 0.470486
-0.004532 0.002153 0.470486
-0.004598 0.002037 0.470486
-0.004662 0.001919 0.470486
-0.004723 0.001800 0.470486
-0.004782 0.001680 0.470486
-0.004837 0.001558 0.470486
-0.004890 0.001435 0.470486
-0.004938 0.001311 0.470486
-0.004983 0.001185 0.470486
-0.005022 0.001057 0.470486
-0.005057 0.000928 0.470486
-0.005087 0.000797 0.470486
-0.005111 0.000666 0.470486
-0.005131 0.000534 0.470486
-0.005147 0.000401 0.470486
-0.005158 0.000267 0.470486
-0.005164 0.000134 0.470486
-0.005166 0.000000 0.470486
-0.005164 -0.000134 0.470486
-0.005158 -0.000267 0.470486
-0.005147 -0.000401 0.470486
-0.005131 -0.000534 0.470486
-0.005111 -0.000666 0.470486
-0.005087 -0.000797 0.470486
-0.005057 -0.000928 0.470486
-0.005022 -0.001057 0.470486
-0.004983 -0.001185 0.470486
-0.004938 -0.001311 0.470486
-0.004890 -0.001435 0.470486
-0.004837 -0.001558 0.470486
-0.004782 -0.001680 0.470486
-0.004723 -0.001800 0.470486
-0.004662 -0.001919 0.470486
-0.004598 -0.002037 0.470486
-0.004532 -0.002153 0.470486
-0.004465 -0.002269 0.470486
-0.004398 -0.002385 0.470486
-0.004331 -0.002501 0.470486
-0.004265 -0.002617 0.470486
-0.004198 -0.002733 0.470486
-0.004131 -0.002848 0.470486
-0.004063 -0.002964 0.470486
-0.003993 -0.003078 0.470486
-0.003921 -0.003190 0.470486
-0.003846 -0.003301 0.470486
-0.003768 -0.003410 0.470486
-0.003688 -0.003517 0.470486
-0.003604 -0.003621 0.470486
-0.003517 -0.003723 0.470486
-0.003426 -0.003821 0.470486
-0.003332 -0.003916 0.470486
-0.003234 -0.004006 0.470486
-0.003132 -0.004094 0.470486
-0.003028 -0.004177 0.470486
-0.002920 -0.004257 0.470486
-0.002810 -0.004333 0.470486
-0.002698 -0.004405 0.470486
-0.002583 -0.004474 0.470486
-0.002466 -0.004539 0.470486
-0.002347 -0.004600 0.470486
-0.002226 -0.004658 0.470486
-0.002104 -0.004711 0.470486
-0.001979 -0.004759 0.470486
-0.001853 -0.004804 0.470486
-0.001725 -0.004843 0.470486
-0.001596 -0.004878 0.470486
-0.001465 -0.004907 0.470486
-0.001334 -0.004932 0.470486
-0.001202 -0.004952 0.470486
-0.001069 -0.004968 0.470486
-0.000936 -0.004981 0.470486
-0.000802 -0.004991 0.470486
-0.000669 -0.004997 0.470486
-0.000535 -0.005001 0.470486
-0.000401 -0.005002 0.470486
-0.000268 -0.005002 0.470486
-0.000134 -0.005002 0.470486
0.000000 -0.005001 0.470486
0.000134 -0.005002 0.470486
0.000268 -0.005002 0.470486
0.000401 -0.005002 0.470486
0.000535 -0.005001 0.470486
0.000669 -0.004997 0.470486
0.000802 -0.004991 0.470486
0.000936 -0.004981 0.470486
0.001069 -0.004968 0.470486
0.001202 -0.004952 0.470486
0.001334 -0.004932 0.470486
0.001465 -0.004907 0.470486
0.001596 -0.004878 0.470486
0.001725 -0.004843 0.470486
0.001853 -0.004804 0.470486
0.001979 -0.004759 0.470486
0.002104 -0.004711 0.470486
0.002226 -0.004658 0.470486
0.002347 -0.004600 0.470486
0.002466 -0.004539 0.470486
0.002583 -0.004474 0.470486
0.002698 -0.004405 0.470486
0.002810 -0.004333 0.470486
0.002920 -0.004257 0.470486
0.003028 -0.004177 0.470486
0.003132 -0.004094 0.470486
0.003234 -0.004006 0.470486
0.003332 -0.003916 0.470486
0.003426 -0.003821 0.470486
0.003517 -0.003723 0.470486
0.003604 -0.003621 0.470486
0.003688 -0.003517 0.470486
0.003768 -0.003410 0.470486
0.003846 -0.003301 0.470486
0.003921 -0.003190 0.470486
0.003993 -0.003078 0.470486
0.004063 -0.002964 0.470486
0.004131 -0.002848 0.470486
0.004198 -0.002733 0.470486
0.004265 -0.002617 0.470486
0.004331 -0.002501 0.470486
0.004398 -0.002385 0.470486
0.004465 -0.002269 0.470486
0.004532 -0.002153 0.470486
0.004598 -0.002037 0.470486
0.004662 -0.001919 0.470486
0.004723 -0.001800 0.470486
0.004782 -0.001680 0.470486
0.004837 -0.001558 0.470486
0.004890 -0.001435 0.470486
0.004938 -0.001311 0.470486
0.004983 -0.001185 0.470486
0.005022 -0.001057 0.470486
0.005057 -0.000928 0.470486
0.005087 -0.000797 0.470486
0.005111 -0.000666 0.470486
0.005131 -0.000534 0.470486
0.005147 -0.000401 0.470486
0.005158 -0.000267 0.470486
0.005164 -0.000134 0.470486
0.005166 -0.000000 0.470486

