0.006299 -0.000000 2.623264
0.006246 0.000150 2.623264
0.006147 0.000275 2.623264
0.006047 0.000400 2.623264
0.005944 0.000522 2.623264
0.005844 0.000646 2.623264
0.005748 0.000773 2.623264
0.005651 0.000900 2.623264
0.005548 0.001022 2.623264
0.005442 0.001141 2.623264
0.005342 0.001265 2.623264
0.005248 0.001394 2.623264
0.005154 0.001523 2.623264
0.005055 0.001648 2.623264
0.004949 0.001768 2.623264
0.004842 0.001885 2.623264
0.004735 0.002004 2.623264
0.004630 0.002124 2.623264
0.004530 0.002249 2.623264
0.004435 0.002377 2.623264
0.004347 0.002510 2.623264
0.004276 0.002653 2.623264
0.004213 0.002799 2.623264
0.004155 0.002948 2.623264
0.004103 0.003099 2.623264
0.004054 0.003250 2.623264
0.004006 0.003402 2.623264
0.003955 0.003554 2.623264
0.003896 0.003702 2.623264
0.003831 0.003848 2.623264
0.003766 0.003993 2.623264
0.003709 0.004142 2.623264
0.003659 0.004294 2.623264
0.003605 0.004444 2.623264
0.003544 0.004591 2.623264
0.003481 0.004738 2.623264
0.003424 0.004887 2.623264
0.003370 0.005037 2.623264
0.003312 0.005186 2.623264
0.003253 0.005334 2.623264
0.003150 0.005455 2.623264
0.002993 0.005484 2.623264
0.002835 0.005461 2.623264
0.002677 0.005437 2.623264
0.002520 0.005409 2.623264
0.002363 0.005384 2.623264
0.002204 0.005365 2.623264
0.002046 0.005344 2.623264
0.001889 0.005315 2.623264
0.001733 0.005284 2.623264
0.001575 0.005259 2.623264
0.001417 0.005242 2.623264
0.001258 0.005225 2.623264
0.001100 0.005202 2.623264
0.000944 0.005170 2.623264
0.000788 0.005136 2.623264
0.000632 0.005102 2.623264
0.000475 0.005072 2.623264
0.000318 0.005048 2.623264
0.000159 0.005029 2.623264
-0.000000 0.005020 2.623264
-0.000159 0.005029 2.623264
-0.000318 0.005048 2.623264
-0.000475 0.005072 2.623264
-0.000632 0.005102 2.623264
-0.000788 0.005136 2.623264
-0.000944 0.005170 2.623264
-0.001100 0.005202 2.623264
-0.001258 0.005225 2.623264
-0.001417 0.005242 2.623264
-0.001575 0.005259 2.623264
-0.001733 0.005284 2.623264
-0.001889 0.005315 2.623264
-0.002046 0.005344 2.623264
-0.002204 0.005365 2.623264
-0.002363 0.005384 2.623264
-0.002520 0.005409 2.623264
-0.002677 0.005437 2.623264
-0.002835 0.005461 2.623264
-0.002993 0.005484 2.623264
-0.003150 0.005455 2.623264
-0.003253 0.005334 2.623264
-0.003312 0.005186 2.623264
-0.003370 0.005037 2.623264
-0.003424 0.004887 2.623264
-0.003481 0.004738 2.623264
-0.003544 0.004591 2.623264
-0.003605 0.004444 2.623264
-0.003659 0.004294 2.623264
-0.003709 0.004142 2.623264
-0.003766 0.003993 2.623264
-0.003831 0.003848 2.623264
-0.003896 0.003702 2.623264
-0.003955 0.003554 2.623264
-0.004006 0.003402 2.623264
-0.004054 0.003250 2.623264
-0.004103 0.003099 2.623264
-0.004155 0.002948 2.623264
-0.004213 0.002799 2.623264
-0.004276 0.002653 2.623264
-0.004347 0.002510 2.623264
-0.004435 0.002377 2.623264
-0.004530 0.002249 2.623264
-0.004630 0.002124 2.623264
-0.004735 0.002004 2.623264
-0.004842 0.001885 2.623264
-0.004949 0.001768 2.623264
-0.005055 0.001648 2.623264
-0.005154 0.001523 2.623264
-0.005248 0.001394 2.623264
-0.005342 0.001265 2.623264
-0.005442 0.001141 2.623264
-0.005548 0.001022 2.623264
-0.005651 0.000900 2.623264
-0.005748 0.000773 2.623264
-0.005844 0.000646 2.623264
-0.005944 0.000522 2.623264
-0.006047 0.000400 2.623264
-0.006147 0.000275 2.623264
-0.006246 0.000150 2.623264
-0.006299 0.000000 2.623264
-0.006246 -0.000150 2.623264
-0.006147 -0.000275 2.623264
-0.006047 -0.000400 2.623264
-0.005944 -0.000522 2.623264
-0.005844 -0.000646 2.623264
-0.005748 -0.000773 2.623264
-0.005651 -0.000900 2.623264
-0.005548 -0.001022 2.623264
-0.005442 -0.001141 2.623264
-0.005342 -0.001265 2.623264
-0.005248 -0.001394 2.623264
-0.005154 -0.001523 2.623264
-0.005055 -0.001648 2.623264
-0.004949 -0.001768 2.623264
-0.004842 -0.001885 2.623264
-0.004735 -0.002004 2.623264
-0.004630 -0.002124 2.623264
-0.004530 -0.002249 2.623264
-0.004435 -0.002377 2.623264
-0.004347 -0.002510 2.623264
-0.004276 -0.002653 2.623264
-0.004213 -0.002799 2.623264
-0.004155 -0.002948 2.623264
-0.004103 -0.003099 2.623264
-0.004054 -0.003250 2.623264
-0.004006 -0.003402 2.623264
-0.003955 -0.003554 2.623264
-0.003896 -0.003702 2.623264
-0.003831 -0.003848 2.623264
-0.003766 -0.003993 2.623264
-0.003709 -0.004142 2.623264
-0.003659 -0.004294 2.623264
-0.003605 -0.004444 2.623264
-0.003544 -0.004591 2.623264
-0.003481 -0.004738 2.623264
-0.003424 -0.004887 2.623264
-0.003370 -0.005037 2.623264
-0.003312 -0.005186 2.623264
-0.003253 -0.005334 2.623264
-0.003150 -0.005455 2.623264
-0.002993 -0.005484 2.623264
-0.002835 -0.005461 2.623264
-0.002677 -0.005437 2.623264
-0.002520 -0.005409 2.623264
-0.002363 -0.005384 2.623264
-0.002204 -0.005365 2.623264
-0.002046 -0.005344 2.623264
-0.001889 -0.005315 2.623264
-0.001733 -0.005284 2.623264
-0.001575 -0.005259 2.623264
-0.001417 -0.005242 2.623264
-0.001258 -0.005225 2.623264
-0.001100 -0.005202 2.623264
-0.000944 -0.005170 2.623264
-0.000788 -0.005136 2.623264
-0.000632 -0.005102 2.623264
-0.000475 -0.005072 2.623264
-0.000318 -0.005048 2.623264
-0.000159 -0.005029 2.623264
0.000000 -0.005020 2.623264
0.000159 -0.005029 2.623264
0.000318 -0.005048 2.623264
0.000475 -0.005072 2.623264
0.000632 -0.005102 2.623264
0.000788 -0.005136 2.623264
0.000944 -0.005170 2.623264
0.001100 -0.005202 2.623264
0.001258 -0.005225 2.623264
0.001417 -0.005242 2.623264
0.001575 -0.005259 2.623264
0.001733 -0.005284 2.623264
0.001889 -0.005315 2.623264
0.002046 -0.005344 2.623264
0.002204 -0.005365 2.623264
0.002363 -0.005384 2.623264
0.002520 -0.005409 2.623264
0.002677 -0.005437 2.623264
0.002835 -0.005461 2.623264
0.002993 -0.005484 2.623264
0.003150 -0.005455 2.623264
0.003253 -0.005334 2.623264
0.003312 -0.005186 2.623264
0.003370 -0.005037 2.623264
0.003424 -0.004887 2.623264
0.003481 -0.004738 2.623264
0.003544 -0.004591 2.623264
0.003605 -0.004444 2.623264
0.003659 -0.004294 2.623264
0.003709 -0.004142 2.623264
0.003766 -0.003993 2.623264
0.003831 -0.003848 2.623264
0.003896 -0.003702 2.623264
0.003955 -0.003554 2.623264
0.004006 -0.003402 2.623264
0.004054 -0.003250 2.623264
0.004103 -0.003099 2.623264
0.004155 -0.002948 2.623264
0.004213 -0.002799 2.623264
0.004276 -0.002653 2.623264
0.004347 -0.002510 2.623264
0.004435 -0.002377 2.623264
0.004530 -0.002249 2.623264
0.004630 -0.002124 2.623264
0.004735 -0.002004 2.623264
0.004842 -0.001885 2.623264
0.004949 -0.001768 2.623264
0.005055 -0.001648 2.623264
0.005154 -0.001523 2.623264
0.005248 -0.001394 2.623264
0.005342 -0.001265 2.623264
0.005442 -0.001141 2.623264
0.005548 -0.001022 2.623264
0.005651 -0.000900 2.623264
0.005748 -0.000773 2.623264
0.005844 -0.000646 2.623264
0.005944 -0.000522 2.623264
0.006047 -0.000400 2.623264
0.006147 -0.000275 2.623264
0.006246 -0.000150 2.623264
0.006299 -0.000000 2.623264

