0.007673 -0.000078 8.913194
0.007539 0.000065 8.913194
0.007402 0.000207 8.913194
0.007269 0.000351 8.913194
0.007134 0.000494 8.913194
0.006996 0.000634 8.913194
0.006863 0.000779 8.913194
0.006738 0.000930 8.913194
0.006604 0.001074 8.913194
0.006477 0.001224 8.913194
0.006342 0.001367 8.913194
0.006218 0.001519 8.913194
0.006089 0.001667 8.913194
0.006000 0.001842 8.913194
0.005875 0.001994 8.913194
0.005779 0.002166 8.913194
0.005656 0.002319 8.913194
0.005548 0.002483 8.913194
0.005426 0.002636 8.913194
0.005323 0.002804 8.913194
0.005200 0.002957 8.913194
0.005118 0.003136 8.913194
0.005049 0.003320 8.913194
0.004960 0.003495 8.913194
0.004898 0.003681 8.913194
0.004812 0.003858 8.913194
0.004741 0.004041 8.913194
0.004656 0.004218 8.913194
0.004608 0.004409 8.913194
0.004527 0.004588 8.913194
0.004475 0.004777 8.913194
0.004408 0.004962 8.913194
0.004361 0.005153 8.913194
0.004306 0.005341 8.913194
0.004257 0.005532 8.913194
0.004196 0.005719 8.913194
0.004142 0.005907 8.913194
0.004084 0.006095 8.913194
0.004022 0.006281 8.913194
0.003964 0.006469 8.913194
0.003812 0.006594 8.913194
0.003622 0.006546 8.913194
0.003432 0.006495 8.913194
0.003240 0.006453 8.913194
0.003049 0.006410 8.913194
0.002858 0.006364 8.913194
0.002665 0.006323 8.913194
0.002475 0.006274 8.913194
0.002283 0.006231 8.913194
0.002093 0.006183 8.913194
0.001898 0.006157 8.913194
0.001704 0.006128 8.913194
0.001508 0.006117 8.913194
0.001311 0.006104 8.913194
0.001117 0.006135 8.913194
0.000926 0.006092 8.913194
0.000730 0.006075 8.913194
0.000538 0.006035 8.913194
0.000341 0.006029 8.913194
0.000148 0.005995 8.913194
-0.000048 0.005980 8.913194
-0.000242 0.006014 8.913194
-0.000438 0.006017 8.913194
-0.000632 0.006048 8.913194
-0.000828 0.006061 8.913194
-0.001020 0.006104 8.913194
-0.001215 0.006081 8.913194
-0.001411 0.006101 8.913194
-0.001606 0.006125 8.913194
-0.001797 0.006169 8.913194
-0.001992 0.006192 8.913194
-0.002184 0.006237 8.913194
-0.002379 0.006261 8.913194
-0.002572 0.006298 8.913194
-0.002765 0.006330 8.913194
-0.002956 0.006376 8.913194
-0.003146 0.006428 8.913194
-0.003337 0.006475 8.913194
-0.003529 0.006517 8.913194
-0.003720 0.006563 8.913194
-0.003912 0.006606 8.913194
-0.004062 0.006480 8.913194
-0.004120 0.006292 8.913194
-0.004182 0.006105 8.913194
-0.004237 0.005917 8.913194
-0.004293 0.005728 8.913194
-0.004352 0.005541 8.913194
-0.004401 0.005351 8.913194
-0.004456 0.005162 8.913194
-0.004506 0.004972 8.913194
-0.004568 0.004786 8.913194
-0.004613 0.004595 8.913194
-0.004684 0.004411 8.913194
-0.004715 0.004217 8.913194
-0.004797 0.004039 8.913194
-0.004851 0.003850 8.913194
-0.004932 0.003671 8.913194
-0.004982 0.003481 8.913194
-0.005071 0.003306 8.913194
-0.005130 0.003118 8.913194
-0.005216 0.002942 8.913194
-0.005349 0.002796 8.913194
-0.005452 0.002629 8.913194
-0.005584 0.002484 8.913194
-0.005695 0.002321 8.913194
-0.005829 0.002178 8.913194
-0.005933 0.002011 8.913194
-0.006077 0.001878 8.913194
-0.006197 0.001722 8.913194
-0.006336 0.001583 8.913194
-0.006459 0.001430 8.913194
-0.006602 0.001295 8.913194
-0.006732 0.001148 8.913194
-0.006873 0.001011 8.913194
-0.007005 0.000866 8.913194
-0.007139 0.000722 8.913194
-0.007275 0.000580 8.913194
-0.007408 0.000435 8.913194
-0.007539 0.000289 8.913194
-0.007675 0.000147 8.913194
-0.007710 -0.000047 8.913194
-0.007576 -0.000190 8.913194
-0.007437 -0.000328 8.913194
-0.007300 -0.000470 8.913194
-0.007168 -0.000615 8.913194
-0.007037 -0.000762 8.913194
-0.006910 -0.000912 8.913194
-0.006768 -0.001047 8.913194
-0.006630 -0.001188 8.913194
-0.006483 -0.001317 8.913194
-0.006353 -0.001465 8.913194
-0.006213 -0.001603 8.913194
-0.006093 -0.001758 8.913194
-0.005960 -0.001903 8.913194
-0.005865 -0.002075 8.913194
-0.005745 -0.002231 8.913194
-0.005637 -0.002395 8.913194
-0.005507 -0.002542 8.913194
-0.005403 -0.002709 8.913194
-0.005277 -0.002859 8.913194
-0.005171 -0.003025 8.913194
-0.005117 -0.003214 8.913194
-0.005029 -0.003390 8.913194
-0.004973 -0.003578 8.913194
-0.004899 -0.003760 8.913194
-0.004843 -0.003948 8.913194
-0.004763 -0.004128 8.913194
-0.004717 -0.004319 8.913194
-0.004650 -0.004504 8.913194
-0.004604 -0.004695 8.913194
-0.004532 -0.004877 8.913194
-0.004488 -0.005069 8.913194
-0.004423 -0.005254 8.913194
-0.004379 -0.005446 8.913194
-0.004322 -0.005634 8.913194
-0.004266 -0.005822 8.913194
-0.004209 -0.006010 8.913194
-0.004151 -0.006198 8.913194
-0.004089 -0.006384 8.913194
-0.004034 -0.006573 8.913194
-0.003884 -0.006700 8.913194
-0.003692 -0.006659 8.913194
-0.003501 -0.006614 8.913194
-0.003309 -0.006568 8.913194
-0.003120 -0.006516 8.913194
-0.002931 -0.006464 8.913194
-0.002738 -0.006427 8.913194
-0.002543 -0.006398 8.913194
-0.002351 -0.006360 8.913194
-0.002158 -0.006321 8.913194
-0.001969 -0.006267 8.913194
-0.001777 -0.006227 8.913194
-0.001587 -0.006176 8.913194
-0.001394 -0.006141 8.913194
-0.001204 -0.006090 8.913194
-0.001008 -0.006078 8.913194
-0.000812 -0.006057 8.913194
-0.000616 -0.006042 8.913194
-0.000421 -0.006019 8.913194
-0.000225 -0.006006 8.913194
-0.000029 -0.005990 8.913194
0.000164 -0.006023 8.913194
0.000359 -0.006051 8.913194
0.000553 -0.006079 8.913194
0.000745 -0.006124 8.913194
0.000939 -0.006154 8.913194
0.001131 -0.006194 8.913194
0.001325 -0.006226 8.913194
0.001511 -0.006289 8.913194
0.001704 -0.006325 8.913194
0.001894 -0.006377 8.913194
0.002086 -0.006420 8.913194
0.002276 -0.006466 8.913194
0.002467 -0.006514 8.913194
0.002657 -0.006563 8.913194
0.002849 -0.006605 8.913194
0.003040 -0.006651 8.913194
0.003231 -0.006696 8.913194
0.003424 -0.006736 8.913194
0.003615 -0.006780 8.913194
0.003800 -0.006713 8.913194
0.003858 -0.006525 8.913194
0.003912 -0.006336 8.913194
0.003971 -0.006149 8.913194
0.004026 -0.005960 8.913194
0.004075 -0.005770 8.913194
0.004128 -0.005580 8.913194
0.004196 -0.005396 8.913194
0.004257 -0.005209 8.913194
0.004332 -0.005028 8.913194
0.004388 -0.004840 8.913194
0.004466 -0.004659 8.913194
0.004505 -0.004467 8.913194
0.004591 -0.004290 8.913194
0.004657 -0.004105 8.913194
0.004755 -0.003934 8.913194
0.004827 -0.003752 8.913194
0.004934 -0.003587 8.913194
0.004999 -0.003401 8.913194
0.005090 -0.003227 8.913194
0.005155 -0.003042 8.913194
0.005268 -0.002881 8.913194
0.005399 -0.002735 8.913194
0.005507 -0.002570 8.913194
0.005644 -0.002430 8.913194
0.005760 -0.002272 8.913194
0.005897 -0.002130 8.913194
0.006009 -0.001969 8.913194
0.006163 -0.001847 8.913194
0.006285 -0.001692 8.913194
0.006430 -0.001561 8.913194
0.006558 -0.001411 8.913194
0.006699 -0.001275 8.913194
0.006832 -0.001130 8.913194
0.006973 -0.000992 8.913194
0.007104 -0.000846 8.913194
0.007241 -0.000705 8.913194
0.007376 -0.000563 8.913194
0.007507 -0.000416 8.913194
0.007640 -0.000272 8.913194
0.007673 -0.000078 8.913194

