0.006637 -0.000000 4.263889
0.006582 0.000158 4.263889
0.006477 0.000290 4.263889
0.006371 0.000420 4.263889
0.006265 0.000550 4.263889
0.006161 0.000683 4.263889
0.006058 0.000816 4.263889
0.005951 0.000945 4.263889
0.005844 0.001074 4.263889
0.005739 0.001205 4.263889
0.005640 0.001341 4.263889
0.005533 0.001471 4.263889
0.005426 0.001600 4.263889
0.005316 0.001727 4.263889
0.005215 0.001861 4.263889
0.005115 0.001996 4.263889
0.005011 0.002128 4.263889
0.004904 0.002258 4.263889
0.004791 0.002382 4.263889
0.004686 0.002513 4.263889
0.004584 0.002647 4.263889
0.004519 0.002802 4.263889
0.004458 0.002958 4.263889
0.004407 0.003118 4.263889
0.004348 0.003275 4.263889
0.004286 0.003432 4.263889
0.004219 0.003586 4.263889
0.004153 0.003740 4.263889
0.004099 0.003899 4.263889
0.004040 0.004057 4.263889
0.003981 0.004214 4.263889
0.003913 0.004367 4.263889
0.003852 0.004524 4.263889
0.003794 0.004681 4.263889
0.003735 0.004839 4.263889
0.003672 0.004994 4.263889
0.003609 0.005150 4.263889
0.003549 0.005307 4.263889
0.003489 0.005464 4.263889
0.003428 0.005621 4.263889
0.003319 0.005748 4.263889
0.003154 0.005779 4.263889
0.002987 0.005754 4.263889
0.002822 0.005727 4.263889
0.002656 0.005700 4.263889
0.002489 0.005677 4.263889
0.002323 0.005655 4.263889
0.002157 0.005626 4.263889
0.001992 0.005598 4.263889
0.001826 0.005572 4.263889
0.001659 0.005554 4.263889
0.001493 0.005527 4.263889
0.001327 0.005500 4.263889
0.001162 0.005467 4.263889
0.000996 0.005447 4.263889
0.000829 0.005428 4.263889
0.000663 0.005403 4.263889
0.000497 0.005376 4.263889
0.000333 0.005340 4.263889
0.000167 0.005314 4.263889
-0.000000 0.005293 4.263889
-0.000167 0.005314 4.263889
-0.000333 0.005340 4.263889
-0.000497 0.005376 4.263889
-0.000663 0.005403 4.263889
-0.000829 0.005428 4.263889
-0.000996 0.005447 4.263889
-0.001162 0.005467 4.263889
-0.001327 0.005500 4.263889
-0.001493 0.005527 4.263889
-0.001659 0.005554 4.263889
-0.001826 0.005572 4.263889
-0.001992 0.005598 4.263889
-0.002157 0.005626 4.263889
-0.002323 0.005655 4.263889
-0.002489 0.005677 4.263889
-0.002656 0.005700 4.263889
-0.002822 0.005727 4.263889
-0.002987 0.005754 4.263889
-0.003154 0.005779 4.263889
-0.003319 0.005748 4.263889
-0.003428 0.005621 4.263889
-0.003489 0.005464 4.263889
-0.003549 0.005307 4.263889
-0.003609 0.005150 4.263889
-0.003672 0.004994 4.263889
-0.003735 0.004839 4.263889
-0.003794 0.004681 4.263889
-0.003852 0.004524 4.263889
-0.003913 0.004367 4.263889
-0.003981 0.004214 4.263889
-0.004040 0.004057 4.263889
-0.004099 0.003899 4.263889
-0.004153 0.003740 4.263889
-0.004219 0.003586 4.263889
-0.004286 0.003432 4.263889
-0.004348 0.003275 4.263889
-0.004407 0.003118 4.263889
-0.004458 0.002958 4.263889
-0.004519 0.002802 4.263889
-0.004584 0.002647 4.263889
-0.004686 0.002513 4.263889
-0.004791 0.002382 4.263889
-0.004904 0.002258 4.263889
-0.005011 0.002128 4.263889
-0.005115 0.001996 4.263889
-0.005215 0.001861 4.263889
-0.005316 0.001727 4.263889
-0.005426 0.001600 4.263889
-0.005533 0.001471 4.263889
-0.005640 0.001341 4.263889
-0.005739 0.001205 4.263889
-0.005844 0.001074 4.263889
-0.005951 0.000945 4.263889
-0.006058 0.000816 4.263889
-0.006161 0.000683 4.263889
-0.006265 0.000550 4.263889
-0.006371 0.000420 4.263889
-0.006477 0.000290 4.263889
-0.006582 0.000159 4.263889
-0.006637 0.000000 4.263889
-0.006582 -0.000159 4.263889
-0.006477 -0.000290 4.263889
-0.006371 -0.000420 4.263889
-0.006265 -0.000550 4.263889
-0.006161 -0.000683 4.263889
-0.006058 -0.000816 4.263889
-0.005951 -0.000945 4.263889
-0.005844 -0.001074 4.263889
-0.005739 -0.001205 4.263889
-0.005640 -0.001341 4.263889
-0.005533 -0.001471 4.263889
-0.005426 -0.001600 4.263889
-0.005316 -0.001727 4.263889
-0.005215 -0.001861 4.263889
-0.005115 -0.001996 4.263889
-0.005011 -0.002128 4.263889
-0.004904 -0.002258 4.263889
-0.004791 -0.002382 4.263889
-0.004686 -0.002513 4.263889
-0.004584 -0.002647 4.263889
-0.004519 -0.002802 4.263889
-0.004458 -0.002958 4.263889
-0.004407 -0.003118 4.263889
-0.004348 -0.003275 4.263889
-0.004286 -0.003432 4.263889
-0.004219 -0.003586 4.263889
-0.004153 -0.003740 4.263889
-0.004099 -0.003899 4.263889
-0.004040 -0.004057 4.263889
-0.003981 -0.004214 4.263889
-0.003913 -0.004367 4.263889
-0.003852 -0.004524 4.263889
-0.003794 -0.004681 4.263889
-0.003735 -0.004839 4.263889
-0.003672 -0.004994 4.263889
-0.003609 -0.005150 4.263889
-0.003549 -0.005307 4.263889
-0.003489 -0.005464 4.263889
-0.003428 -0.005621 4.263889
-0.003319 -0.005748 4.263889
-0.003154 -0.005779 4.263889
-0.002987 -0.005754 4.263889
-0.002822 -0.005727 4.263889
-0.002656 -0.005700 4.263889
-0.002489 -0.005677 4.263889
-0.002323 -0.005655 4.263889
-0.002157 -0.005626 4.263889
-0.001992 -0.005598 4.263889
-0.001826 -0.005572 4.263889
-0.001659 -0.005554 4.263889
-0.001493 -0.005527 4.263889
-0.001327 -0.005500 4.263889
-0.001162 -0.005467 4.263889
-0.000996 -0.005447 4.263889
-0.000829 -0.005428 4.263889
-0.000663 -0.005403 4.263889
-0.000497 -0.005376 4.263889
-0.000333 -0.005340 4.263889
-0.000167 -0.005314 4.263889
0.000000 -0.005293 4.263889
0.000167 -0.005314 4.263889
0.000333 -0.005340 4.263889
0.000497 -0.005376 4.263889
0.000663 -0.005403 4.263889
0.000829 -0.005428 4.263889
0.000996 -0.005447 4.263889
0.001162 -0.005467 4.263889
0.001327 -0.005500 4.263889
0.001493 -0.005527 4.263889
0.001659 -0.005554 4.263889
0.001826 -0.005572 4.263889
0.001992 -0.005598 4.263889
0.002157 -0.005626 4.263889
0.002323 -0.005655 4.263889
0.002489 -0.005677 4.263889
0.002656 -0.005701 4.263889
0.002822 -0.005727 4.263889
0.002987 -0.005754 4.263889
0.003154 -0.005779 4.263889
0.003319 -0.005748 4.263889
0.003428 -0.005621 4.263889
0.003489 -0.005464 4.263889
0.003549 -0.005307 4.263889
0.003609 -0.005150 4.263889
0.003672 -0.004994 4.263889
0.003735 -0.004839 4.263889
0.003794 -0.004681 4.263889
0.003852 -0.004524 4.263889
0.003913 -0.004367 4.263889
0.003981 -0.004214 4.263889
0.004040 -0.004057 4.263889
0.004099 -0.003899 4.263889
0.004153 -0.003740 4.263889
0.004219 -0.003586 4.263889
0.004286 -0.003432 4.263889
0.004348 -0.003275 4.263889
0.004407 -0.003118 4.263889
0.004458 -0.002958 4.263889
0.004519 -0.002802 4.263889
0.004584 -0.002647 4.263889
0.004686 -0.002513 4.263889
0.004791 -0.002382 4.263889
0.004904 -0.002258 4.263889
0.005011 -0.002128 4.263889
0.005115 -0.001996 4.263889
0.005215 -0.001861 4.263889
0.005316 -0.001727 4.263889
0.005426 -0.001600 4.263889
0.005533 -0.001471 4.263889
0.005640 -0.001341 4.263889
0.005739 -0.001205 4.263889
0.005844 -0.001074 4.263889
0.005951 -0.000945 4.263889
0.006058 -0.000816 4.263889
0.006161 -0.000683 4.263889
0.006265 -0.000550 4.263889
0.006371 -0.000420 4.263889
0.006477 -0.000290 4.263889
0.006582 -0.000159 4.263889
0.006637 -0.000000 4.263889

