0.007798 -0.000064 9.520833
0.007660 0.000081 9.520833
0.007520 0.000225 9.520833
0.007382 0.000370 9.520833
0.007246 0.000517 9.520833
0.007110 0.000665 9.520833
0.006966 0.000804 9.520833
0.006833 0.000954 9.520833
0.006696 0.001100 9.520833
0.006568 0.001254 9.520833
0.006429 0.001399 9.520833
0.006305 0.001556 9.520833
0.006152 0.001685 9.520833
0.006046 0.001855 9.520833
0.005917 0.002008 9.520833
0.005810 0.002178 9.520833
0.005690 0.002338 9.520833
0.005585 0.002509 9.520833
0.005459 0.002665 9.520833
0.005346 0.002830 9.520833
0.005234 0.002997 9.520833
0.005160 0.003183 9.520833
0.005082 0.003368 9.520833
0.005002 0.003552 9.520833
0.004932 0.003740 9.520833
0.004843 0.003919 9.520833
0.004788 0.004112 9.520833
0.004716 0.004299 9.520833
0.004662 0.004492 9.520833
0.004586 0.004677 9.520833
0.004551 0.004875 9.520833
0.004483 0.005063 9.520833
0.004444 0.005260 9.520833
0.004378 0.005449 9.520833
0.004324 0.005642 9.520833
0.004260 0.005832 9.520833
0.004204 0.006025 9.520833
0.004138 0.006214 9.520833
0.004079 0.006406 9.520833
0.004019 0.006597 9.520833
0.003857 0.006715 9.520833
0.003663 0.006664 9.520833
0.003470 0.006612 9.520833
0.003276 0.006560 9.520833
0.003081 0.006517 9.520833
0.002886 0.006467 9.520833
0.002690 0.006427 9.520833
0.002495 0.006379 9.520833
0.002299 0.006339 9.520833
0.002106 0.006284 9.520833
0.001911 0.006240 9.520833
0.001714 0.006200 9.520833
0.001519 0.006155 9.520833
0.001319 0.006167 9.520833
0.001138 0.006253 9.520833
0.000951 0.006179 9.520833
0.000753 0.006152 9.520833
0.000559 0.006103 9.520833
0.000359 0.006080 9.520833
0.000161 0.006050 9.520833
-0.000038 0.006029 9.520833
-0.000237 0.006052 9.520833
-0.000437 0.006067 9.520833
-0.000632 0.006113 9.520833
-0.000831 0.006138 9.520833
-0.001021 0.006202 9.520833
-0.001214 0.006147 9.520833
-0.001413 0.006165 9.520833
-0.001608 0.006211 9.520833
-0.001806 0.006243 9.520833
-0.002005 0.006272 9.520833
-0.002200 0.006315 9.520833
-0.002399 0.006340 9.520833
-0.002592 0.006394 9.520833
-0.002788 0.006435 9.520833
-0.002980 0.006494 9.520833
-0.003176 0.006537 9.520833
-0.003372 0.006579 9.520833
-0.003567 0.006625 9.520833
-0.003761 0.006673 9.520833
-0.003955 0.006724 9.520833
-0.004118 0.006607 9.520833
-0.004178 0.006416 9.520833
-0.004238 0.006225 9.520833
-0.004303 0.006035 9.520833
-0.004358 0.005843 9.520833
-0.004421 0.005652 9.520833
-0.004476 0.005460 9.520833
-0.004538 0.005269 9.520833
-0.004580 0.005073 9.520833
-0.004649 0.004885 9.520833
-0.004682 0.004687 9.520833
-0.004760 0.004502 9.520833
-0.004793 0.004305 9.520833
-0.004862 0.004116 9.520833
-0.004906 0.003921 9.520833
-0.004990 0.003739 9.520833
-0.005038 0.003544 9.520833
-0.005119 0.003361 9.520833
-0.005180 0.003170 9.520833
-0.005260 0.002986 9.520833
-0.005387 0.002832 9.520833
-0.005500 0.002665 9.520833
-0.005638 0.002521 9.520833
-0.005750 0.002354 9.520833
-0.005887 0.002208 9.520833
-0.006008 0.002049 9.520833
-0.006161 0.001919 9.520833
-0.006279 0.001757 9.520833
-0.006428 0.001623 9.520833
-0.006556 0.001469 9.520833
-0.006706 0.001335 9.520833
-0.006835 0.001183 9.520833
-0.006980 0.001043 9.520833
-0.007110 0.000891 9.520833
-0.007251 0.000748 9.520833
-0.007385 0.000599 9.520833
-0.007519 0.000451 9.520833
-0.007658 0.000307 9.520833
-0.007800 0.000164 9.520833
-0.007835 -0.000033 9.520833
-0.007706 -0.000186 9.520833
-0.007573 -0.000336 9.520833
-0.007432 -0.000479 9.520833
-0.007295 -0.000625 9.520833
-0.007151 -0.000764 9.520833
-0.007023 -0.000918 9.520833
-0.006887 -0.001066 9.520833
-0.006758 -0.001219 9.520833
-0.006607 -0.001351 9.520833
-0.006471 -0.001498 9.520833
-0.006318 -0.001627 9.520833
-0.006192 -0.001783 9.520833
-0.006042 -0.001917 9.520833
-0.005918 -0.002074 9.520833
-0.005789 -0.002227 9.520833
-0.005691 -0.002402 9.520833
-0.005562 -0.002555 9.520833
-0.005454 -0.002725 9.520833
-0.005321 -0.002874 9.520833
-0.005225 -0.003050 9.520833
-0.005179 -0.003245 9.520833
-0.005091 -0.003425 9.520833
-0.005047 -0.003621 9.520833
-0.004965 -0.003804 9.520833
-0.004911 -0.003997 9.520833
-0.004842 -0.004185 9.520833
-0.004802 -0.004381 9.520833
-0.004729 -0.004568 9.520833
-0.004680 -0.004762 9.520833
-0.004612 -0.004951 9.520833
-0.004573 -0.005147 9.520833
-0.004506 -0.005336 9.520833
-0.004463 -0.005532 9.520833
-0.004393 -0.005720 9.520833
-0.004340 -0.005913 9.520833
-0.004277 -0.006104 9.520833
-0.004217 -0.006295 9.520833
-0.004160 -0.006487 9.520833
-0.004107 -0.006680 9.520833
-0.003951 -0.006806 9.520833
-0.003755 -0.006765 9.520833
-0.003559 -0.006723 9.520833
-0.003363 -0.006681 9.520833
-0.003167 -0.006639 9.520833
-0.002973 -0.006588 9.520833
-0.002782 -0.006529 9.520833
-0.002586 -0.006487 9.520833
-0.002390 -0.006445 9.520833
-0.002191 -0.006419 9.520833
-0.001995 -0.006374 9.520833
-0.001798 -0.006337 9.520833
-0.001607 -0.006279 9.520833
-0.001409 -0.006245 9.520833
-0.001217 -0.006188 9.520833
-0.001022 -0.006144 9.520833
-0.000825 -0.006107 9.520833
-0.000625 -0.006084 9.520833
-0.000426 -0.006067 9.520833
-0.000227 -0.006037 9.520833
-0.000027 -0.006046 9.520833
0.000165 -0.006101 9.520833
0.000364 -0.006125 9.520833
0.000559 -0.006171 9.520833
0.000756 -0.006208 9.520833
0.000954 -0.006242 9.520833
0.001147 -0.006295 9.520833
0.001342 -0.006341 9.520833
0.001535 -0.006397 9.520833
0.001732 -0.006431 9.520833
0.001924 -0.006491 9.520833
0.002120 -0.006529 9.520833
0.002313 -0.006583 9.520833
0.002509 -0.006628 9.520833
0.002704 -0.006673 9.520833
0.002900 -0.006716 9.520833
0.003095 -0.006762 9.520833
0.003291 -0.006802 9.520833
0.003486 -0.006847 9.520833
0.003681 -0.006895 9.520833
0.003867 -0.006819 9.520833
0.003927 -0.006628 9.520833
0.003984 -0.006436 9.520833
0.004042 -0.006244 9.520833
0.004102 -0.006053 9.520833
0.004164 -0.005862 9.520833
0.004207 -0.005667 9.520833
0.004269 -0.005476 9.520833
0.004315 -0.005281 9.520833
0.004393 -0.005096 9.520833
0.004442 -0.004902 9.520833
0.004530 -0.004722 9.520833
0.004578 -0.004527 9.520833
0.004652 -0.004341 9.520833
0.004703 -0.004147 9.520833
0.004783 -0.003963 9.520833
0.004864 -0.003780 9.520833
0.004986 -0.003621 9.520833
0.005046 -0.003430 9.520833
0.005132 -0.003248 9.520833
0.005210 -0.003064 9.520833
0.005333 -0.002905 9.520833
0.005463 -0.002753 9.520833
0.005585 -0.002594 9.520833
0.005727 -0.002453 9.520833
0.005844 -0.002290 9.520833
0.005989 -0.002151 9.520833
0.006118 -0.001998 9.520833
0.006273 -0.001871 9.520833
0.006393 -0.001711 9.520833
0.006548 -0.001584 9.520833
0.006674 -0.001428 9.520833
0.006825 -0.001296 9.520833
0.006956 -0.001144 9.520833
0.007098 -0.001002 9.520833
0.007230 -0.000852 9.520833
0.007371 -0.000709 9.520833
0.007501 -0.000557 9.520833
0.007637 -0.000409 9.520833
0.007774 -0.000263 9.520833
0.007798 -0.000064 9.520833

