0.007497 -0.000082 8.163194
0.007364 0.000056 8.163194
0.007234 0.000195 8.163194
0.007103 0.000335 8.163194
0.006973 0.000476 8.163194
0.006851 0.000624 8.163194
0.006725 0.000768 8.163194
0.006596 0.000909 8.163194
0.006471 0.001054 8.163194
0.006353 0.001205 8.163194
0.006237 0.001356 8.163194
0.006132 0.001517 8.163194
0.006022 0.001673 8.163194
0.005933 0.001843 8.163194
0.005818 0.001996 8.163194
0.005715 0.002157 8.163194
0.005590 0.002302 8.163194
0.005492 0.002467 8.163194
0.005368 0.002613 8.163194
0.005258 0.002769 8.163194
0.005129 0.002911 8.163194
0.005048 0.003084 8.163194
0.004991 0.003267 8.163194
0.004910 0.003440 8.163194
0.004843 0.003620 8.163194
0.004755 0.003790 8.163194
0.004701 0.003974 8.163194
0.004612 0.004143 8.163194
0.004541 0.004321 8.163194
0.004462 0.004495 8.163194
0.004397 0.004675 8.163194
0.004326 0.004853 8.163194
0.004263 0.005034 8.163194
0.004199 0.005214 8.163194
0.004147 0.005398 8.163194
0.004098 0.005583 8.163194
0.004043 0.005767 8.163194
0.003992 0.005951 8.163194
0.003939 0.006135 8.163194
0.003881 0.006317 8.163194
0.003730 0.006435 8.163194
0.003544 0.006389 8.163194
0.003357 0.006349 8.163194
0.003170 0.006307 8.163194
0.002985 0.006260 8.163194
0.002798 0.006219 8.163194
0.002611 0.006177 8.163194
0.002423 0.006142 8.163194
0.002232 0.006124 8.163194
0.002042 0.006109 8.163194
0.001850 0.006100 8.163194
0.001660 0.006082 8.163194
0.001469 0.006073 8.163194
0.001278 0.006054 8.163194
0.001087 0.006051 8.163194
0.000900 0.006008 8.163194
0.000709 0.006002 8.163194
0.000520 0.005969 8.163194
0.000329 0.005954 8.163194
0.000143 0.005912 8.163194
-0.000048 0.005897 8.163194
-0.000235 0.005939 8.163194
-0.000426 0.005955 8.163194
-0.000613 0.005991 8.163194
-0.000805 0.005992 8.163194
-0.000993 0.006028 8.163194
-0.001184 0.006035 8.163194
-0.001374 0.006056 8.163194
-0.001566 0.006053 8.163194
-0.001756 0.006076 8.163194
-0.001946 0.006093 8.163194
-0.002136 0.006123 8.163194
-0.002324 0.006153 8.163194
-0.002513 0.006187 8.163194
-0.002701 0.006221 8.163194
-0.002891 0.006249 8.163194
-0.003080 0.006276 8.163194
-0.003267 0.006318 8.163194
-0.003453 0.006364 8.163194
-0.003639 0.006409 8.163194
-0.003825 0.006455 8.163194
-0.003974 0.006335 8.163194
-0.004031 0.006152 8.163194
-0.004083 0.005968 8.163194
-0.004135 0.005784 8.163194
-0.004189 0.005600 8.163194
-0.004237 0.005415 8.163194
-0.004289 0.005231 8.163194
-0.004347 0.005048 8.163194
-0.004400 0.004864 8.163194
-0.004457 0.004682 8.163194
-0.004513 0.004499 8.163194
-0.004579 0.004319 8.163194
-0.004642 0.004138 8.163194
-0.004724 0.003965 8.163194
-0.004770 0.003779 8.163194
-0.004858 0.003609 8.163194
-0.004917 0.003427 8.163194
-0.005002 0.003256 8.163194
-0.005054 0.003071 8.163194
-0.005139 0.002900 8.163194
-0.005271 0.002762 8.163194
-0.005378 0.002603 8.163194
-0.005509 0.002463 8.163194
-0.005606 0.002298 8.163194
-0.005738 0.002160 8.163194
-0.005847 0.002002 8.163194
-0.005968 0.001854 8.163194
-0.006077 0.001696 8.163194
-0.006206 0.001555 8.163194
-0.006327 0.001406 8.163194
-0.006455 0.001264 8.163194
-0.006580 0.001120 8.163194
-0.006709 0.000978 8.163194
-0.006843 0.000841 8.163194
-0.006975 0.000703 8.163194
-0.007105 0.000562 8.163194
-0.007239 0.000425 8.163194
-0.007370 0.000286 8.163194
-0.007500 0.000145 8.163194
-0.007525 -0.000045 8.163194
-0.007390 -0.000181 8.163194
-0.007264 -0.000324 8.163194
-0.007138 -0.000469 8.163194
-0.007007 -0.000608 8.163194
-0.006872 -0.000744 8.163194
-0.006732 -0.000875 8.163194
-0.006593 -0.001006 8.163194
-0.006466 -0.001149 8.163194
-0.006339 -0.001293 8.163194
-0.006225 -0.001446 8.163194
-0.006106 -0.001596 8.163194
-0.006002 -0.001757 8.163194
-0.005887 -0.001910 8.163194
-0.005792 -0.002076 8.163194
-0.005663 -0.002218 8.163194
-0.005559 -0.002379 8.163194
-0.005440 -0.002529 8.163194
-0.005331 -0.002686 8.163194
-0.005202 -0.002827 8.163194
-0.005093 -0.002985 8.163194
-0.005036 -0.003167 8.163194
-0.004959 -0.003342 8.163194
-0.004897 -0.003524 8.163194
-0.004812 -0.003695 8.163194
-0.004758 -0.003879 8.163194
-0.004684 -0.004055 8.163194
-0.004625 -0.004237 8.163194
-0.004547 -0.004412 8.163194
-0.004500 -0.004597 8.163194
-0.004435 -0.004777 8.163194
-0.004382 -0.004962 8.163194
-0.004322 -0.005143 8.163194
-0.004264 -0.005326 8.163194
-0.004211 -0.005510 8.163194
-0.004161 -0.005694 8.163194
-0.004106 -0.005878 8.163194
-0.004055 -0.006062 8.163194
-0.004001 -0.006246 8.163194
-0.003942 -0.006428 8.163194
-0.003792 -0.006547 8.163194
-0.003607 -0.006497 8.163194
-0.003422 -0.006449 8.163194
-0.003235 -0.006406 8.163194
-0.003047 -0.006372 8.163194
-0.002857 -0.006345 8.163194
-0.002670 -0.006305 8.163194
-0.002485 -0.006256 8.163194
-0.002299 -0.006211 8.163194
-0.002113 -0.006166 8.163194
-0.001926 -0.006124 8.163194
-0.001738 -0.006093 8.163194
-0.001549 -0.006061 8.163194
-0.001358 -0.006051 8.163194
-0.001167 -0.006036 8.163194
-0.000976 -0.006025 8.163194
-0.000787 -0.005993 8.163194
-0.000596 -0.005987 8.163194
-0.000406 -0.005959 8.163194
-0.000216 -0.005938 8.163194
-0.000028 -0.005904 8.163194
0.000162 -0.005927 8.163194
0.000350 -0.005965 8.163194
0.000540 -0.005985 8.163194
0.000729 -0.006017 8.163194
0.000919 -0.006038 8.163194
0.001105 -0.006086 8.163194
0.001295 -0.006108 8.163194
0.001483 -0.006144 8.163194
0.001670 -0.006182 8.163194
0.001857 -0.006226 8.163194
0.002043 -0.006271 8.163194
0.002228 -0.006317 8.163194
0.002415 -0.006358 8.163194
0.002601 -0.006404 8.163194
0.002786 -0.006453 8.163194
0.002973 -0.006496 8.163194
0.003158 -0.006543 8.163194
0.003344 -0.006589 8.163194
0.003531 -0.006630 8.163194
0.003709 -0.006560 8.163194
0.003761 -0.006376 8.163194
0.003815 -0.006192 8.163194
0.003868 -0.006008 8.163194
0.003921 -0.005824 8.163194
0.003989 -0.005645 8.163194
0.004058 -0.005467 8.163194
0.004122 -0.005286 8.163194
0.004185 -0.005105 8.163194
0.004249 -0.004925 8.163194
0.004310 -0.004744 8.163194
0.004385 -0.004568 8.163194
0.004456 -0.004390 8.163194
0.004558 -0.004228 8.163194
0.004629 -0.004050 8.163194
0.004720 -0.003882 8.163194
0.004782 -0.003701 8.163194
0.004882 -0.003537 8.163194
0.004939 -0.003355 8.163194
0.005023 -0.003183 8.163194
0.005079 -0.003000 8.163194
0.005185 -0.002840 8.163194
0.005318 -0.002703 8.163194
0.005426 -0.002545 8.163194
0.005554 -0.002402 8.163194
0.005655 -0.002240 8.163194
0.005795 -0.002109 8.163194
0.005902 -0.001950 8.163194
0.006029 -0.001807 8.163194
0.006148 -0.001657 8.163194
0.006282 -0.001520 8.163194
0.006410 -0.001378 8.163194
0.006544 -0.001241 8.163194
0.006672 -0.001099 8.163194
0.006805 -0.000962 8.163194
0.006941 -0.000826 8.163194
0.007071 -0.000686 8.163194
0.007204 -0.000549 8.163194
0.007338 -0.000412 8.163194
0.007468 -0.000272 8.163194
0.007497 -0.000082 8.163194

