0.007028 -0.000035 6.362847
0.006924 0.000110 6.362847
0.006832 0.000262 6.362847
0.006740 0.000414 6.362847
0.006640 0.000561 6.362847
0.006541 0.000708 6.362847
0.006436 0.000852 6.362847
0.006332 0.000996 6.362847
0.006223 0.001136 6.362847
0.006110 0.001274 6.362847
0.006004 0.001416 6.362847
0.005896 0.001557 6.362847
0.005783 0.001695 6.362847
0.005671 0.001833 6.362847
0.005558 0.001970 6.362847
0.005451 0.002112 6.362847
0.005344 0.002254 6.362847
0.005228 0.002389 6.362847
0.005113 0.002525 6.362847
0.005007 0.002667 6.362847
0.004895 0.002805 6.362847
0.004824 0.002968 6.362847
0.004757 0.003133 6.362847
0.004694 0.003299 6.362847
0.004637 0.003468 6.362847
0.004569 0.003632 6.362847
0.004499 0.003795 6.362847
0.004436 0.003961 6.362847
0.004372 0.004127 6.362847
0.004310 0.004294 6.362847
0.004243 0.004459 6.362847
0.004172 0.004622 6.362847
0.004110 0.004788 6.362847
0.004045 0.004954 6.362847
0.003975 0.005117 6.362847
0.003907 0.005281 6.362847
0.003835 0.005444 6.362847
0.003768 0.005608 6.362847
0.003696 0.005771 6.362847
0.003625 0.005934 6.362847
0.003514 0.006073 6.362847
0.003336 0.006085 6.362847
0.003159 0.006074 6.362847
0.002982 0.006060 6.362847
0.002805 0.006040 6.362847
0.002628 0.006022 6.362847
0.002452 0.006001 6.362847
0.002275 0.005980 6.362847
0.002099 0.005954 6.362847
0.001924 0.005925 6.362847
0.001747 0.005905 6.362847
0.001571 0.005880 6.362847
0.001396 0.005851 6.362847
0.001220 0.005823 6.362847
0.001045 0.005794 6.362847
0.000868 0.005774 6.362847
0.000692 0.005751 6.362847
0.000517 0.005716 6.362847
0.000342 0.005687 6.362847
0.000166 0.005664 6.362847
-0.000010 0.005641 6.362847
-0.000186 0.005668 6.362847
-0.000363 0.005689 6.362847
-0.000538 0.005720 6.362847
-0.000712 0.005754 6.362847
-0.000889 0.005776 6.362847
-0.001065 0.005797 6.362847
-0.001241 0.005826 6.362847
-0.001416 0.005855 6.362847
-0.001592 0.005883 6.362847
-0.001768 0.005907 6.362847
-0.001944 0.005927 6.362847
-0.002120 0.005956 6.362847
-0.002296 0.005981 6.362847
-0.002473 0.005999 6.362847
-0.002650 0.006017 6.362847
-0.002827 0.006030 6.362847
-0.003004 0.006043 6.362847
-0.003182 0.006047 6.362847
-0.003359 0.006056 6.362847
-0.003535 0.006082 6.362847
-0.003666 0.005961 6.362847
-0.003721 0.005792 6.362847
-0.003782 0.005625 6.362847
-0.003842 0.005458 6.362847
-0.003909 0.005293 6.362847
-0.003975 0.005128 6.362847
-0.004044 0.004964 6.362847
-0.004108 0.004798 6.362847
-0.004169 0.004632 6.362847
-0.004240 0.004468 6.362847
-0.004306 0.004304 6.362847
-0.004369 0.004137 6.362847
-0.004432 0.003971 6.362847
-0.004495 0.003805 6.362847
-0.004565 0.003641 6.362847
-0.004634 0.003477 6.362847
-0.004691 0.003309 6.362847
-0.004753 0.003142 6.362847
-0.004821 0.002978 6.362847
-0.004889 0.002814 6.362847
-0.005000 0.002675 6.362847
-0.005107 0.002533 6.362847
-0.005221 0.002397 6.362847
-0.005338 0.002262 6.362847
-0.005445 0.002121 6.362847
-0.005551 0.001978 6.362847
-0.005664 0.001841 6.362847
-0.005777 0.001703 6.362847
-0.005889 0.001566 6.362847
-0.005998 0.001425 6.362847
-0.006104 0.001283 6.362847
-0.006218 0.001146 6.362847
-0.006328 0.001007 6.362847
-0.006435 0.000864 6.362847
-0.006543 0.000723 6.362847
-0.006648 0.000580 6.362847
-0.006758 0.000440 6.362847
-0.006865 0.000298 6.362847
-0.006976 0.000159 6.362847
-0.007017 -0.000014 6.362847
-0.006918 -0.000161 6.362847
-0.006825 -0.000312 6.362847
-0.006727 -0.000461 6.362847
-0.006621 -0.000604 6.362847
-0.006518 -0.000749 6.362847
-0.006412 -0.000891 6.362847
-0.006306 -0.001034 6.362847
-0.006195 -0.001173 6.362847
-0.006082 -0.001310 6.362847
-0.005977 -0.001453 6.362847
-0.005867 -0.001593 6.362847
-0.005754 -0.001731 6.362847
-0.005642 -0.001869 6.362847
-0.005530 -0.002006 6.362847
-0.005424 -0.002149 6.362847
-0.005315 -0.002290 6.362847
-0.005198 -0.002423 6.362847
-0.005086 -0.002561 6.362847
-0.004976 -0.002701 6.362847
-0.004872 -0.002845 6.362847
-0.004810 -0.003012 6.362847
-0.004739 -0.003175 6.362847
-0.004680 -0.003343 6.362847
-0.004621 -0.003510 6.362847
-0.004551 -0.003674 6.362847
-0.004482 -0.003837 6.362847
-0.004420 -0.004004 6.362847
-0.004357 -0.004170 6.362847
-0.004294 -0.004337 6.362847
-0.004226 -0.004501 6.362847
-0.004157 -0.004665 6.362847
-0.004096 -0.004832 6.362847
-0.004032 -0.004997 6.362847
-0.003964 -0.005162 6.362847
-0.003899 -0.005327 6.362847
-0.003834 -0.005493 6.362847
-0.003777 -0.005661 6.362847
-0.003718 -0.005829 6.362847
-0.003661 -0.005997 6.362847
-0.003522 -0.006108 6.362847
-0.003350 -0.006064 6.362847
-0.003173 -0.006044 6.362847
-0.002995 -0.006037 6.362847
-0.002818 -0.006024 6.362847
-0.002641 -0.006013 6.362847
-0.002464 -0.005996 6.362847
-0.002287 -0.005979 6.362847
-0.002111 -0.005954 6.362847
-0.001935 -0.005926 6.362847
-0.001759 -0.005906 6.362847
-0.001582 -0.005882 6.362847
-0.001407 -0.005853 6.362847
-0.001231 -0.005825 6.362847
-0.001056 -0.005796 6.362847
-0.000880 -0.005775 6.362847
-0.000703 -0.005753 6.362847
-0.000529 -0.005719 6.362847
-0.000354 -0.005689 6.362847
-0.000177 -0.005666 6.362847
-0.000001 -0.005642 6.362847
0.000175 -0.005666 6.362847
0.000351 -0.005688 6.362847
0.000527 -0.005718 6.362847
0.000701 -0.005753 6.362847
0.000877 -0.005775 6.362847
0.001054 -0.005796 6.362847
0.001229 -0.005825 6.362847
0.001405 -0.005854 6.362847
0.001580 -0.005883 6.362847
0.001756 -0.005907 6.362847
0.001933 -0.005928 6.362847
0.002108 -0.005958 6.362847
0.002283 -0.005986 6.362847
0.002460 -0.006010 6.362847
0.002635 -0.006037 6.362847
0.002811 -0.006063 6.362847
0.002985 -0.006099 6.362847
0.003160 -0.006134 6.362847
0.003333 -0.006174 6.362847
0.003502 -0.006119 6.362847
0.003560 -0.005951 6.362847
0.003634 -0.005789 6.362847
0.003717 -0.005632 6.362847
0.003796 -0.005473 6.362847
0.003876 -0.005314 6.362847
0.003951 -0.005153 6.362847
0.004025 -0.004991 6.362847
0.004092 -0.004827 6.362847
0.004155 -0.004660 6.362847
0.004226 -0.004497 6.362847
0.004294 -0.004333 6.362847
0.004357 -0.004167 6.362847
0.004420 -0.004001 6.362847
0.004483 -0.003834 6.362847
0.004552 -0.003671 6.362847
0.004622 -0.003507 6.362847
0.004681 -0.003339 6.362847
0.004740 -0.003172 6.362847
0.004811 -0.003009 6.362847
0.004873 -0.002842 6.362847
0.004979 -0.002699 6.362847
0.005088 -0.002559 6.362847
0.005200 -0.002421 6.362847
0.005317 -0.002287 6.362847
0.005426 -0.002146 6.362847
0.005532 -0.002004 6.362847
0.005644 -0.001866 6.362847
0.005757 -0.001728 6.362847
0.005869 -0.001591 6.362847
0.005979 -0.001451 6.362847
0.006085 -0.001308 6.362847
0.006198 -0.001171 6.362847
0.006310 -0.001033 6.362847
0.006418 -0.000892 6.362847
0.006528 -0.000752 6.362847
0.006636 -0.000611 6.362847
0.006751 -0.000475 6.362847
0.006865 -0.000339 6.362847
0.006984 -0.000207 6.362847
0.007028 -0.000035 6.362847

