0.007985 -0.000015 10.480903
0.007832 0.000124 10.480903
0.007683 0.000268 10.480903
0.007540 0.000416 10.480903
0.007390 0.000559 10.480903
0.007254 0.000715 10.480903
0.007109 0.000862 10.480903
0.006972 0.001016 10.480903
0.006819 0.001155 10.480903
0.006690 0.001317 10.480903
0.006533 0.001451 10.480903
0.006415 0.001621 10.480903
0.006263 0.001760 10.480903
0.006127 0.001916 10.480903
0.005983 0.002065 10.480903
0.005859 0.002230 10.480903
0.005727 0.002389 10.480903
0.005604 0.002555 10.480903
0.005497 0.002731 10.480903
0.005368 0.002893 10.480903
0.005279 0.003080 10.480903
0.005219 0.003278 10.480903
0.005126 0.003462 10.480903
0.005066 0.003660 10.480903
0.004992 0.003853 10.480903
0.004935 0.004051 10.480903
0.004876 0.004249 10.480903
0.004802 0.004442 10.480903
0.004760 0.004645 10.480903
0.004699 0.004842 10.480903
0.004653 0.005044 10.480903
0.004579 0.005236 10.480903
0.004533 0.005438 10.480903
0.004454 0.005629 10.480903
0.004407 0.005830 10.480903
0.004331 0.006022 10.480903
0.004275 0.006221 10.480903
0.004203 0.006415 10.480903
0.004137 0.006611 10.480903
0.004057 0.006801 10.480903
0.003884 0.006914 10.480903
0.003691 0.006840 10.480903
0.003492 0.006783 10.480903
0.003295 0.006721 10.480903
0.003095 0.006671 10.480903
0.002896 0.006615 10.480903
0.002694 0.006571 10.480903
0.002494 0.006518 10.480903
0.002292 0.006475 10.480903
0.002089 0.006435 10.480903
0.001891 0.006377 10.480903
0.001688 0.006337 10.480903
0.001487 0.006289 10.480903
0.001289 0.006349 10.480903
0.001139 0.006491 10.480903
0.000972 0.006369 10.480903
0.000774 0.006308 10.480903
0.000576 0.006248 10.480903
0.000376 0.006197 10.480903
0.000173 0.006157 10.480903
-0.000029 0.006116 10.480903
-0.000234 0.006145 10.480903
-0.000432 0.006202 10.480903
-0.000632 0.006254 10.480903
-0.000831 0.006311 10.480903
-0.001002 0.006427 10.480903
-0.001155 0.006287 10.480903
-0.001359 0.006260 10.480903
-0.001557 0.006320 10.480903
-0.001763 0.006336 10.480903
-0.001962 0.006391 10.480903
-0.002166 0.006429 10.480903
-0.002366 0.006478 10.480903
-0.002563 0.006541 10.480903
-0.002766 0.006579 10.480903
-0.002966 0.006633 10.480903
-0.003169 0.006668 10.480903
-0.003367 0.006729 10.480903
-0.003567 0.006782 10.480903
-0.003763 0.006846 10.480903
-0.003952 0.006930 10.480903
-0.004134 0.006832 10.480903
-0.004219 0.006643 10.480903
-0.004290 0.006449 10.480903
-0.004363 0.006256 10.480903
-0.004424 0.006058 10.480903
-0.004498 0.005865 10.480903
-0.004545 0.005664 10.480903
-0.004626 0.005474 10.480903
-0.004665 0.005271 10.480903
-0.004745 0.005080 10.480903
-0.004779 0.004876 10.480903
-0.004849 0.004682 10.480903
-0.004891 0.004480 10.480903
-0.004968 0.004288 10.480903
-0.005002 0.004084 10.480903
-0.005068 0.003888 10.480903
-0.005125 0.003689 10.480903
-0.005188 0.003492 10.480903
-0.005265 0.003301 10.480903
-0.005309 0.003099 10.480903
-0.005415 0.002921 10.480903
-0.005556 0.002770 10.480903
-0.005687 0.002611 10.480903
-0.005815 0.002448 10.480903
-0.005970 0.002311 10.480903
-0.006099 0.002150 10.480903
-0.006248 0.002007 10.480903
-0.006375 0.001844 10.480903
-0.006538 0.001718 10.480903
-0.006666 0.001555 10.480903
-0.006820 0.001418 10.480903
-0.006949 0.001256 10.480903
-0.007100 0.001114 10.480903
-0.007231 0.000955 10.480903
-0.007380 0.000811 10.480903
-0.007514 0.000654 10.480903
-0.007666 0.000514 10.480903
-0.007812 0.000368 10.480903
-0.007961 0.000224 10.480903
-0.008006 0.000022 10.480903
-0.007873 -0.000136 10.480903
-0.007749 -0.000302 10.480903
-0.007615 -0.000458 10.480903
-0.007489 -0.000622 10.480903
-0.007344 -0.000770 10.480903
-0.007208 -0.000925 10.480903
-0.007053 -0.001062 10.480903
-0.006924 -0.001223 10.480903
-0.006779 -0.001371 10.480903
-0.006653 -0.001535 10.480903
-0.006495 -0.001667 10.480903
-0.006357 -0.001822 10.480903
-0.006202 -0.001959 10.480903
-0.006070 -0.002118 10.480903
-0.005907 -0.002245 10.480903
-0.005780 -0.002407 10.480903
-0.005639 -0.002558 10.480903
-0.005528 -0.002733 10.480903
-0.005403 -0.002898 10.480903
-0.005328 -0.003090 10.480903
-0.005280 -0.003291 10.480903
-0.005192 -0.003478 10.480903
-0.005152 -0.003681 10.480903
-0.005068 -0.003870 10.480903
-0.005039 -0.004074 10.480903
-0.004964 -0.004267 10.480903
-0.004914 -0.004468 10.480903
-0.004841 -0.004661 10.480903
-0.004803 -0.004864 10.480903
-0.004734 -0.005059 10.480903
-0.004687 -0.005260 10.480903
-0.004614 -0.005453 10.480903
-0.004563 -0.005654 10.480903
-0.004489 -0.005847 10.480903
-0.004444 -0.006048 10.480903
-0.004373 -0.006242 10.480903
-0.004328 -0.006444 10.480903
-0.004267 -0.006642 10.480903
-0.004211 -0.006841 10.480903
-0.004045 -0.006963 10.480903
-0.003844 -0.006915 10.480903
-0.003642 -0.006872 10.480903
-0.003440 -0.006830 10.480903
-0.003239 -0.006781 10.480903
-0.003035 -0.006749 10.480903
-0.002834 -0.006700 10.480903
-0.002632 -0.006655 10.480903
-0.002436 -0.006589 10.480903
-0.002234 -0.006547 10.480903
-0.002034 -0.006495 10.480903
-0.001829 -0.006470 10.480903
-0.001627 -0.006426 10.480903
-0.001425 -0.006384 10.480903
-0.001222 -0.006342 10.480903
-0.001021 -0.006293 10.480903
-0.000820 -0.006245 10.480903
-0.000622 -0.006186 10.480903
-0.000420 -0.006145 10.480903
-0.000214 -0.006127 10.480903
-0.000014 -0.006179 10.480903
0.000188 -0.006223 10.480903
0.000393 -0.006249 10.480903
0.000589 -0.006313 10.480903
0.000794 -0.006343 10.480903
0.000989 -0.006412 10.480903
0.001190 -0.006459 10.480903
0.001392 -0.006501 10.480903
0.001593 -0.006551 10.480903
0.001794 -0.006598 10.480903
0.001993 -0.006654 10.480903
0.002196 -0.006690 10.480903
0.002395 -0.006748 10.480903
0.002599 -0.006780 10.480903
0.002798 -0.006834 10.480903
0.003001 -0.006874 10.480903
0.003202 -0.006921 10.480903
0.003404 -0.006967 10.480903
0.003605 -0.007014 10.480903
0.003808 -0.007051 10.480903
0.003993 -0.006958 10.480903
0.004040 -0.006757 10.480903
0.004093 -0.006557 10.480903
0.004156 -0.006361 10.480903
0.004204 -0.006160 10.480903
0.004276 -0.005966 10.480903
0.004327 -0.005766 10.480903
0.004401 -0.005573 10.480903
0.004430 -0.005368 10.480903
0.004505 -0.005175 10.480903
0.004545 -0.004973 10.480903
0.004619 -0.004780 10.480903
0.004682 -0.004583 10.480903
0.004758 -0.004391 10.480903
0.004832 -0.004198 10.480903
0.004875 -0.003996 10.480903
0.004966 -0.003810 10.480903
0.005126 -0.003680 10.480903
0.005173 -0.003478 10.480903
0.005213 -0.003276 10.480903
0.005304 -0.003090 10.480903
0.005453 -0.002947 10.480903
0.005580 -0.002784 10.480903
0.005721 -0.002633 10.480903
0.005859 -0.002479 10.480903
0.005998 -0.002326 10.480903
0.006155 -0.002192 10.480903
0.006286 -0.002032 10.480903
0.006436 -0.001890 10.480903
0.006569 -0.001732 10.480903
0.006728 -0.001600 10.480903
0.006854 -0.001436 10.480903
0.007011 -0.001302 10.480903
0.007136 -0.001137 10.480903
0.007288 -0.000997 10.480903
0.007417 -0.000836 10.480903
0.007562 -0.000688 10.480903
0.007695 -0.000530 10.480903
0.007838 -0.000382 10.480903
0.007968 -0.000221 10.480903
0.007985 -0.000015 10.480903

