0.006521 -0.000000 3.706597
0.006466 0.000155 3.706597
0.006363 0.000284 3.706597
0.006261 0.000414 3.706597
0.006158 0.000542 3.706597
0.006052 0.000669 3.706597
0.005948 0.000798 3.706597
0.005849 0.000929 3.706597
0.005747 0.001059 3.706597
0.005641 0.001185 3.706597
0.005534 0.001311 3.706597
0.005432 0.001441 3.706597
0.005335 0.001575 3.706597
0.005233 0.001704 3.706597
0.005127 0.001831 3.706597
0.005016 0.001953 3.706597
0.004914 0.002082 3.706597
0.004813 0.002213 3.706597
0.004718 0.002347 3.706597
0.004618 0.002479 3.706597
0.004511 0.002604 3.706597
0.004455 0.002760 3.706597
0.004392 0.002912 3.706597
0.004323 0.003062 3.706597
0.004260 0.003215 3.706597
0.004199 0.003368 3.706597
0.004149 0.003525 3.706597
0.004092 0.003680 3.706597
0.004031 0.003833 3.706597
0.003964 0.003984 3.706597
0.003903 0.004137 3.706597
0.003847 0.004292 3.706597
0.003791 0.004448 3.706597
0.003729 0.004601 3.706597
0.003665 0.004753 3.706597
0.003605 0.004906 3.706597
0.003549 0.005061 3.706597
0.003489 0.005215 3.706597
0.003428 0.005368 3.706597
0.003368 0.005522 3.706597
0.003261 0.005648 3.706597
0.003098 0.005678 3.706597
0.002935 0.005653 3.706597
0.002772 0.005629 3.706597
0.002609 0.005604 3.706597
0.002446 0.005576 3.706597
0.002283 0.005550 3.706597
0.002120 0.005530 3.706597
0.001956 0.005507 3.706597
0.001794 0.005477 3.706597
0.001632 0.005448 3.706597
0.001468 0.005425 3.706597
0.001304 0.005408 3.706597
0.001141 0.005383 3.706597
0.000978 0.005356 3.706597
0.000817 0.005320 3.706597
0.000654 0.005297 3.706597
0.000490 0.005275 3.706597
0.000326 0.005259 3.706597
0.000162 0.005238 3.706597
-0.000000 0.005209 3.706597
-0.000162 0.005238 3.706597
-0.000326 0.005259 3.706597
-0.000490 0.005275 3.706597
-0.000654 0.005297 3.706597
-0.000817 0.005320 3.706597
-0.000978 0.005356 3.706597
-0.001141 0.005383 3.706597
-0.001304 0.005408 3.706597
-0.001468 0.005425 3.706597
-0.001632 0.005448 3.706597
-0.001794 0.005477 3.706597
-0.001956 0.005507 3.706597
-0.002120 0.005530 3.706597
-0.002283 0.005550 3.706597
-0.002446 0.005576 3.706597
-0.002609 0.005604 3.706597
-0.002772 0.005629 3.706597
-0.002935 0.005653 3.706597
-0.003098 0.005678 3.706597
-0.003261 0.005648 3.706597
-0.003368 0.005522 3.706597
-0.003428 0.005368 3.706597
-0.003489 0.005215 3.706597
-0.003549 0.005061 3.706597
-0.003605 0.004906 3.706597
-0.003665 0.004753 3.706597
-0.003729 0.004601 3.706597
-0.003791 0.004448 3.706597
-0.003847 0.004292 3.706597
-0.003903 0.004137 3.706597
-0.003964 0.003984 3.706597
-0.004031 0.003833 3.706597
-0.004092 0.003680 3.706597
-0.004149 0.003525 3.706597
-0.004199 0.003368 3.706597
-0.004260 0.003215 3.706597
-0.004323 0.003062 3.706597
-0.004392 0.002912 3.706597
-0.004455 0.002760 3.706597
-0.004511 0.002604 3.706597
-0.004618 0.002479 3.706597
-0.004718 0.002347 3.706597
-0.004813 0.002213 3.706597
-0.004914 0.002082 3.706597
-0.005016 0.001953 3.706597
-0.005127 0.001831 3.706597
-0.005233 0.001704 3.706597
-0.005335 0.001575 3.706597
-0.005432 0.001441 3.706597
-0.005534 0.001311 3.706597
-0.005641 0.001185 3.706597
-0.005747 0.001059 3.706597
-0.005849 0.000929 3.706597
-0.005948 0.000798 3.706597
-0.006052 0.000669 3.706597
-0.006158 0.000542 3.706597
-0.006261 0.000414 3.706597
-0.006363 0.000284 3.706597
-0.006466 0.000156 3.706597
-0.006521 0.000000 3.706597
-0.006466 -0.000155 3.706597
-0.006363 -0.000284 3.706597
-0.006261 -0.000414 3.706597
-0.006158 -0.000542 3.706597
-0.006052 -0.000669 3.706597
-0.005948 -0.000798 3.706597
-0.005849 -0.000929 3.706597
-0.005747 -0.001059 3.706597
-0.005641 -0.001185 3.706597
-0.005534 -0.001311 3.706597
-0.005432 -0.001441 3.706597
-0.005335 -0.001575 3.706597
-0.005233 -0.001704 3.706597
-0.005127 -0.001831 3.706597
-0.005016 -0.001953 3.706597
-0.004914 -0.002082 3.706597
-0.004813 -0.002213 3.706597
-0.004718 -0.002347 3.706597
-0.004618 -0.002479 3.706597
-0.004511 -0.002604 3.706597
-0.004455 -0.002760 3.706597
-0.004392 -0.002912 3.706597
-0.004323 -0.003062 3.706597
-0.004260 -0.003215 3.706597
-0.004199 -0.003368 3.706597
-0.004149 -0.003525 3.706597
-0.004092 -0.003680 3.706597
-0.004031 -0.003833 3.706597
-0.003964 -0.003984 3.706597
-0.003903 -0.004137 3.706597
-0.003847 -0.004292 3.706597
-0.003791 -0.004448 3.706597
-0.003729 -0.004601 3.706597
-0.003665 -0.004753 3.706597
-0.003605 -0.004906 3.706597
-0.003549 -0.005061 3.706597
-0.003489 -0.005215 3.706597
-0.003428 -0.005368 3.706597
-0.003368 -0.005522 3.706597
-0.003261 -0.005648 3.706597
-0.003098 -0.005678 3.706597
-0.002935 -0.005653 3.706597
-0.002772 -0.005629 3.706597
-0.002609 -0.005604 3.706597
-0.002446 -0.005576 3.706597
-0.002283 -0.005550 3.706597
-0.002120 -0.005530 3.706597
-0.001956 -0.005507 3.706597
-0.001794 -0.005477 3.706597
-0.001632 -0.005448 3.706597
-0.001468 -0.005425 3.706597
-0.001304 -0.005408 3.706597
-0.001141 -0.005383 3.706597
-0.000978 -0.005356 3.706597
-0.000817 -0.005320 3.706597
-0.000654 -0.005297 3.706597
-0.000490 -0.005275 3.706597
-0.000326 -0.005259 3.706597
-0.000162 -0.005238 3.706597
0.000000 -0.005209 3.706597
0.000162 -0.005238 3.706597
0.000326 -0.005259 3.706597
0.000490 -0.005275 3.706597
0.000654 -0.005297 3.706597
0.000817 -0.005320 3.706597
0.000978 -0.005356 3.706597
0.001141 -0.005383 3.706597
0.001304 -0.005408 3.706597
0.001468 -0.005425 3.706597
0.001632 -0.005448 3.706597
0.001794 -0.005477 3.706597
0.001956 -0.005507 3.706597
0.002120 -0.005530 3.706597
0.002283 -0.005550 3.706597
0.002446 -0.005576 3.706597
0.002609 -0.005604 3.706597
0.002772 -0.005629 3.706597
0.002935 -0.005653 3.706597
0.003098 -0.005678 3.706597
0.003261 -0.005648 3.706597
0.003368 -0.005522 3.706597
0.003428 -0.005368 3.706597
0.003489 -0.005215 3.706597
0.003549 -0.005061 3.706597
0.003605 -0.004906 3.706597
0.003665 -0.004753 3.706597
0.003729 -0.004601 3.706597
0.003791 -0.004448 3.706597
0.003847 -0.004292 3.706597
0.003903 -0.004137 3.706597
0.003964 -0.003984 3.706597
0.004031 -0.003833 3.706597
0.004092 -0.003680 3.706597
0.004149 -0.003525 3.706597
0.004199 -0.003368 3.706597
0.004260 -0.003215 3.706597
0.004323 -0.003062 3.706597
0.004392 -0.002912 3.706597
0.004455 -0.002760 3.706597
0.004511 -0.002604 3.706597
0.004618 -0.002479 3.706597
0.004718 -0.002347 3.706597
0.004813 -0.002213 3.706597
0.004914 -0.002082 3.706597
0.005016 -0.001953 3.706597
0.005127 -0.001831 3.706597
0.005233 -0.001704 3.706597
0.005335 -0.001575 3.706597
0.005432 -0.001441 3.706597
0.005534 -0.001311 3.706597
0.005641 -0.001185 3.706597
0.005747 -0.001059 3.706597
0.005849 -0.000929 3.706597
0.005948 -0.000798 3.706597
0.006052 -0.000669 3.706597
0.006158 -0.000542 3.706597
0.006261 -0.000414 3.706597
0.006363 -0.000284 3.706597
0.006466 -0.000156 3.706597
0.006521 -0.000000 3.706597

