0.005927 -0.000000 1.421875
0.005880 0.000141 1.421875
0.005790 0.000260 1.421875
0.005693 0.000373 1.421875
0.005589 0.000480 1.421875
0.005488 0.000589 1.421875
0.005396 0.000707 1.421875
0.005313 0.000831 1.421875
0.005235 0.000958 1.421875
0.005158 0.001085 1.421875
0.005081 0.001213 1.421875
0.005006 0.001342 1.421875
0.004931 0.001470 1.421875
0.004856 0.001599 1.421875
0.004781 0.001728 1.421875
0.004706 0.001857 1.421875
0.004632 0.001986 1.421875
0.004557 0.002115 1.421875
0.004483 0.002244 1.421875
0.004408 0.002373 1.421875
0.004333 0.002502 1.421875
0.004259 0.002631 1.421875
0.004185 0.002760 1.421875
0.004110 0.002889 1.421875
0.004036 0.003018 1.421875
0.003961 0.003147 1.421875
0.003887 0.003277 1.421875
0.003813 0.003406 1.421875
0.003739 0.003535 1.421875
0.003665 0.003664 1.421875
0.003591 0.003794 1.421875
0.003519 0.003924 1.421875
0.003447 0.004055 1.421875
0.003376 0.004186 1.421875
0.003310 0.004320 1.421875
0.003254 0.004458 1.421875
0.003210 0.004600 1.421875
0.003170 0.004743 1.421875
0.003120 0.004884 1.421875
0.003062 0.005021 1.421875
0.002963 0.005133 1.421875
0.002817 0.005163 1.421875
0.002670 0.005144 1.421875
0.002523 0.005117 1.421875
0.002379 0.005080 1.421875
0.002233 0.005047 1.421875
0.002086 0.005027 1.421875
0.001937 0.005017 1.421875
0.001788 0.005012 1.421875
0.001639 0.005009 1.421875
0.001490 0.005007 1.421875
0.001341 0.005006 1.421875
0.001192 0.005005 1.421875
0.001043 0.005005 1.421875
0.000894 0.005004 1.421875
0.000745 0.005004 1.421875
0.000596 0.005004 1.421875
0.000447 0.005004 1.421875
0.000298 0.005004 1.421875
0.000149 0.005004 1.421875
0.000000 0.005004 1.421875
-0.000149 0.005004 1.421875
-0.000298 0.005004 1.421875
-0.000447 0.005004 1.421875
-0.000596 0.005004 1.421875
-0.000745 0.005004 1.421875
-0.000894 0.005004 1.421875
-0.001043 0.005005 1.421875
-0.001192 0.005005 1.421875
-0.001341 0.005006 1.421875
-0.001490 0.005007 1.421875
-0.001639 0.005009 1.421875
-0.001788 0.005012 1.421875
-0.001937 0.005017 1.421875
-0.002086 0.005027 1.421875
-0.002233 0.005047 1.421875
-0.002379 0.005080 1.421875
-0.002523 0.005117 1.421875
-0.002670 0.005144 1.421875
-0.002817 0.005163 1.421875
-0.002963 0.005133 1.421875
-0.003062 0.005021 1.421875
-0.003120 0.004884 1.421875
-0.003170 0.004743 1.421875
-0.003210 0.004600 1.421875
-0.003254 0.004458 1.421875
-0.003310 0.004320 1.421875
-0.003376 0.004186 1.421875
-0.003447 0.004055 1.421875
-0.003519 0.003924 1.421875
-0.003591 0.003794 1.421875
-0.003665 0.003664 1.421875
-0.003739 0.003535 1.421875
-0.003813 0.003406 1.421875
-0.003887 0.003277 1.421875
-0.003961 0.003147 1.421875
-0.004036 0.003018 1.421875
-0.004110 0.002889 1.421875
-0.004185 0.002760 1.421875
-0.004259 0.002631 1.421875
-0.004333 0.002502 1.421875
-0.004408 0.002373 1.421875
-0.004483 0.002244 1.421875
-0.004557 0.002115 1.421875
-0.004632 0.001986 1.421875
-0.004706 0.001857 1.421875
-0.004781 0.001728 1.421875
-0.004856 0.001599 1.421875
-0.004931 0.001470 1.421875
-0.005006 0.001342 1.421875
-0.005081 0.001213 1.421875
-0.005158 0.001085 1.421875
-0.005235 0.000958 1.421875
-0.005313 0.000831 1.421875
-0.005396 0.000707 1.421875
-0.005488 0.000589 1.421875
-0.005589 0.000480 1.421875
-0.005693 0.000373 1.421875
-0.005790 0.000260 1.421875
-0.005880 0.000141 1.421875
-0.005927 0.000000 1.421875
-0.005880 -0.000141 1.421875
-0.005790 -0.000260 1.421875
-0.005693 -0.000373 1.421875
-0.005589 -0.000480 1.421875
-0.005488 -0.000589 1.421875
-0.005396 -0.000707 1.421875
-0.005313 -0.000831 1.421875
-0.005235 -0.000958 1.421875
-0.005158 -0.001085 1.421875
-0.005081 -0.001213 1.421875
-0.005006 -0.001342 1.421875
-0.004931 -0.001470 1.421875
-0.004856 -0.001599 1.421875
-0.004781 -0.001728 1.421875
-0.004706 -0.001857 1.421875
-0.004632 -0.001986 1.421875
-0.004557 -0.002115 1.421875
-0.004483 -0.002244 1.421875
-0.004408 -0.002373 1.421875
-0.004333 -0.002502 1.421875
-0.004259 -0.002631 1.421875
-0.004185 -0.002760 1.421875
-0.004110 -0.002889 1.421875
-0.004036 -0.003018 1.421875
-0.003961 -0.003147 1.421875
-0.003887 -0.003277 1.421875
-0.003813 -0.003406 1.421875
-0.003739 -0.003535 1.421875
-0.003665 -0.003664 1.421875
-0.003591 -0.003794 1.421875
-0.003519 -0.003924 1.421875
-0.003447 -0.004055 1.421875
-0.003376 -0.004186 1.421875
-0.003310 -0.004320 1.421875
-0.003254 -0.004458 1.421875
-0.003210 -0.004600 1.421875
-0.003170 -0.004743 1.421875
-0.003120 -0.004884 1.421875
-0.003062 -0.005021 1.421875
-0.002963 -0.005133 1.421875
-0.002817 -0.005163 1.421875
-0.002670 -0.005144 1.421875
-0.002523 -0.005117 1.421875
-0.002379 -0.005080 1.421875
-0.002233 -0.005047 1.421875
-0.002086 -0.005027 1.421875
-0.001937 -0.005017 1.421875
-0.001788 -0.005012 1.421875
-0.001639 -0.005009 1.421875
-0.001490 -0.005007 1.421875
-0.001341 -0.005006 1.421875
-0.001192 -0.005005 1.421875
-0.001043 -0.005005 1.421875
-0.000894 -0.005004 1.421875
-0.000745 -0.005004 1.421875
-0.000596 -0.005004 1.421875
-0.000447 -0.005004 1.421875
-0.000298 -0.005004 1.421875
-0.000149 -0.005004 1.421875
0.000000 -0.005004 1.421875
0.000149 -0.005004 1.421875
0.000298 -0.005004 1.421875
0.000447 -0.005004 1.421875
0.000596 -0.005004 1.421875
0.000745 -0.005004 1.421875
0.000894 -0.005004 1.421875
0.001043 -0.005005 1.421875
0.001192 -0.005005 1.421875
0.001341 -0.005006 1.421875
0.001490 -0.005007 1.421875
0.001639 -0.005009 1.421875
0.001788 -0.005012 1.421875
0.001937 -0.005017 1.421875
0.002086 -0.005027 1.421875
0.002233 -0.005047 1.421875
0.002379 -0.005080 1.421875
0.002523 -0.005117 1.421875
0.002670 -0.005144 1.421875
0.002817 -0.005163 1.421875
0.002963 -0.005133 1.421875
0.003062 -0.005021 1.421875
0.003120 -0.004884 1.421875
0.003170 -0.004743 1.421875
0.003210 -0.004600 1.421875
0.003254 -0.004458 1.421875
0.003310 -0.004320 1.421875
0.003376 -0.004186 1.421875
0.003447 -0.004055 1.421875
0.003519 -0.003924 1.421875
0.003591 -0.003794 1.421875
0.003665 -0.003664 1.421875
0.003739 -0.003535 1.421875
0.003813 -0.003406 1.421875
0.003887 -0.003277 1.421875
0.003961 -0.003147 1.421875
0.004036 -0.003018 1.421875
0.004110 -0.002889 1.421875
0.004185 -0.002760 1.421875
0.004259 -0.002631 1.421875
0.004333 -0.002502 1.421875
0.004408 -0.002373 1.421875
0.004483 -0.002244 1.421875
0.004557 -0.002115 1.421875
0.004632 -0.001986 1.421875
0.004706 -0.001857 1.421875
0.004781 -0.001728 1.421875
0.004856 -0.001599 1.421875
0.004931 -0.001470 1.421875
0.005006 -0.001342 1.421875
0.005081 -0.001213 1.421875
0.005158 -0.001085 1.421875
0.005235 -0.000958 1.421875
0.005313 -0.000831 1.421875
0.005396 -0.000707 1.421875
0.005488 -0.000589 1.421875
0.005589 -0.000480 1.421875
0.005693 -0.000373 1.421875
0.005790 -0.000260 1.421875
0.005880 -0.000141 1.421875
0.005927 -0.000000 1.421875

