0.008208 0.000000 11.727431
0.008069 0.000163 11.727431
0.007910 0.000307 11.727431
0.007762 0.000461 11.727431
0.007602 0.000603 11.727431
0.007456 0.000760 11.727431
0.007292 0.000897 11.727431
0.007161 0.001066 11.727431
0.006996 0.001203 11.727431
0.006865 0.001372 11.727431
0.006705 0.001514 11.727431
0.006559 0.001671 11.727431
0.006413 0.001827 11.727431
0.006277 0.001992 11.727431
0.006134 0.002151 11.727431
0.005979 0.002299 11.727431
0.005843 0.002464 11.727431
0.005700 0.002623 11.727431
0.005548 0.002774 11.727431
0.005440 0.002959 11.727431
0.005391 0.003167 11.727431
0.005307 0.003364 11.727431
0.005246 0.003569 11.727431
0.005198 0.003778 11.727431
0.005119 0.003977 11.727431
0.005074 0.004186 11.727431
0.005002 0.004387 11.727431
0.004960 0.004597 11.727431
0.004897 0.004802 11.727431
0.004822 0.005002 11.727431
0.004764 0.005208 11.727431
0.004690 0.005409 11.727431
0.004630 0.005615 11.727431
0.004552 0.005814 11.727431
0.004493 0.006019 11.727431
0.004403 0.006214 11.727431
0.004340 0.006418 11.727431
0.004247 0.006611 11.727431
0.004184 0.006815 11.727431
0.004096 0.007011 11.727431
0.003945 0.007162 11.727431
0.003745 0.007085 11.727431
0.003542 0.007017 11.727431
0.003342 0.006942 11.727431
0.003136 0.006883 11.727431
0.002932 0.006819 11.727431
0.002727 0.006759 11.727431
0.002518 0.006713 11.727431
0.002313 0.006650 11.727431
0.002105 0.006600 11.727431
0.001894 0.006565 11.727431
0.001693 0.006491 11.727431
0.001479 0.006475 11.727431
0.001301 0.006594 11.727431
0.001167 0.006761 11.727431
0.000984 0.006649 11.727431
0.000791 0.006556 11.727431
0.000591 0.006481 11.727431
0.000391 0.006405 11.727431
0.000185 0.006346 11.727431
-0.000020 0.006287 11.727431
-0.000228 0.006339 11.727431
-0.000426 0.006419 11.727431
-0.000632 0.006480 11.727431
-0.000822 0.006578 11.727431
-0.001018 0.006663 11.727431
-0.001126 0.006479 11.727431
-0.001332 0.006419 11.727431
-0.001545 0.006442 11.727431
-0.001750 0.006501 11.727431
-0.001954 0.006567 11.727431
-0.002165 0.006601 11.727431
-0.002367 0.006672 11.727431
-0.002579 0.006704 11.727431
-0.002786 0.006757 11.727431
-0.002991 0.006818 11.727431
-0.003198 0.006872 11.727431
-0.003397 0.006952 11.727431
-0.003602 0.007013 11.727431
-0.003793 0.007109 11.727431
-0.003991 0.007191 11.727431
-0.004157 0.007056 11.727431
-0.004240 0.006858 11.727431
-0.004304 0.006654 11.727431
-0.004404 0.006465 11.727431
-0.004469 0.006261 11.727431
-0.004570 0.006072 11.727431
-0.004626 0.005866 11.727431
-0.004715 0.005671 11.727431
-0.004767 0.005463 11.727431
-0.004846 0.005265 11.727431
-0.004899 0.005057 11.727431
-0.004980 0.004859 11.727431
-0.005025 0.004650 11.727431
-0.005087 0.004445 11.727431
-0.005154 0.004242 11.727431
-0.005203 0.004034 11.727431
-0.005279 0.003834 11.727431
-0.005299 0.003620 11.727431
-0.005388 0.003426 11.727431
-0.005421 0.003214 11.727431
-0.005505 0.003018 11.727431
-0.005664 0.002874 11.727431
-0.005792 0.002703 11.727431
-0.005956 0.002566 11.727431
-0.006092 0.002401 11.727431
-0.006234 0.002241 11.727431
-0.006394 0.002098 11.727431
-0.006533 0.001936 11.727431
-0.006689 0.001789 11.727431
-0.006819 0.001619 11.727431
-0.006981 0.001479 11.727431
-0.007111 0.001309 11.727431
-0.007273 0.001170 11.727431
-0.007409 0.001004 11.727431
-0.007573 0.000866 11.727431
-0.007716 0.000707 11.727431
-0.007878 0.000567 11.727431
-0.008016 0.000404 11.727431
-0.008168 0.000254 11.727431
-0.008215 0.000045 11.727431
-0.008062 -0.000105 11.727431
-0.007927 -0.000271 11.727431
-0.007781 -0.000428 11.727431
-0.007655 -0.000600 11.727431
-0.007511 -0.000759 11.727431
-0.007393 -0.000937 11.727431
-0.007247 -0.001094 11.727431
-0.007115 -0.001263 11.727431
-0.006952 -0.001402 11.727431
-0.006816 -0.001567 11.727431
-0.006667 -0.001720 11.727431
-0.006539 -0.001892 11.727431
-0.006375 -0.002029 11.727431
-0.006239 -0.002194 11.727431
-0.006081 -0.002338 11.727431
-0.005933 -0.002493 11.727431
-0.005786 -0.002649 11.727431
-0.005612 -0.002773 11.727431
-0.005504 -0.002958 11.727431
-0.005480 -0.003171 11.727431
-0.005391 -0.003365 11.727431
-0.005339 -0.003573 11.727431
-0.005287 -0.003781 11.727431
-0.005210 -0.003980 11.727431
-0.005173 -0.004191 11.727431
-0.005087 -0.004387 11.727431
-0.005060 -0.004599 11.727431
-0.004984 -0.004799 11.727431
-0.004934 -0.005007 11.727431
-0.004854 -0.005206 11.727431
-0.004805 -0.005414 11.727431
-0.004729 -0.005614 11.727431
-0.004683 -0.005823 11.727431
-0.004612 -0.006025 11.727431
-0.004566 -0.006234 11.727431
-0.004495 -0.006436 11.727431
-0.004449 -0.006645 11.727431
-0.004374 -0.006845 11.727431
-0.004333 -0.007056 11.727431
-0.004152 -0.007169 11.727431
-0.003943 -0.007121 11.727431
-0.003739 -0.007057 11.727431
-0.003529 -0.007015 11.727431
-0.003323 -0.006960 11.727431
-0.003113 -0.006919 11.727431
-0.002906 -0.006862 11.727431
-0.002694 -0.006832 11.727431
-0.002486 -0.006784 11.727431
-0.002275 -0.006744 11.727431
-0.002070 -0.006685 11.727431
-0.001864 -0.006624 11.727431
-0.001655 -0.006580 11.727431
-0.001446 -0.006536 11.727431
-0.001235 -0.006500 11.727431
-0.001025 -0.006458 11.727431
-0.000816 -0.006411 11.727431
-0.000604 -0.006385 11.727431
-0.000414 -0.006285 11.727431
-0.000201 -0.006267 11.727431
-0.000002 -0.006347 11.727431
0.000211 -0.006366 11.727431
0.000409 -0.006446 11.727431
0.000619 -0.006491 11.727431
0.000828 -0.006537 11.727431
0.001032 -0.006600 11.727431
0.001244 -0.006628 11.727431
0.001445 -0.006701 11.727431
0.001656 -0.006741 11.727431
0.001865 -0.006788 11.727431
0.002074 -0.006833 11.727431
0.002283 -0.006877 11.727431
0.002492 -0.006926 11.727431
0.002702 -0.006966 11.727431
0.002908 -0.007023 11.727431
0.003120 -0.007055 11.727431
0.003327 -0.007108 11.727431
0.003539 -0.007135 11.727431
0.003749 -0.007179 11.727431
0.003959 -0.007219 11.727431
0.004156 -0.007135 11.727431
0.004212 -0.006929 11.727431
0.004239 -0.006717 11.727431
0.004303 -0.006512 11.727431
0.004340 -0.006301 11.727431
0.004413 -0.006100 11.727431
0.004447 -0.005889 11.727431
0.004529 -0.005691 11.727431
0.004581 -0.005484 11.727431
0.004649 -0.005281 11.727431
0.004707 -0.005075 11.727431
0.004759 -0.004867 11.727431
0.004832 -0.004666 11.727431
0.004859 -0.004454 11.727431
0.004960 -0.004265 11.727431
0.004987 -0.004053 11.727431
0.005088 -0.003864 11.727431
0.005299 -0.003826 11.727431
0.005375 -0.003626 11.727431
0.005371 -0.003412 11.727431
0.005421 -0.003204 11.727431
0.005564 -0.003044 11.727431
0.005697 -0.002877 11.727431
0.005863 -0.002741 11.727431
0.006002 -0.002579 11.727431
0.006159 -0.002433 11.727431
0.006298 -0.002270 11.727431
0.006443 -0.002113 11.727431
0.006601 -0.001969 11.727431
0.006737 -0.001804 11.727431
0.006889 -0.001653 11.727431
0.007023 -0.001486 11.727431
0.007179 -0.001339 11.727431
0.007306 -0.001167 11.727431
0.007466 -0.001025 11.727431
0.007591 -0.000851 11.727431
0.007747 -0.000705 11.727431
0.007872 -0.000531 11.727431
0.008019 -0.000376 11.727431
0.008149 -0.000205 11.727431
0.008208 0.000000 11.727431

