0.006278 -0.000000 2.524306
0.006225 0.000150 2.524306
0.006126 0.000274 2.524306
0.006025 0.000397 2.524306
0.005924 0.000519 2.524306
0.005826 0.000645 2.524306
0.005731 0.000772 2.524306
0.005631 0.000896 2.524306
0.005526 0.001015 2.524306
0.005423 0.001136 2.524306
0.005327 0.001263 2.524306
0.005235 0.001392 2.524306
0.005138 0.001518 2.524306
0.005035 0.001639 2.524306
0.004928 0.001757 2.524306
0.004821 0.001874 2.524306
0.004716 0.001993 2.524306
0.004614 0.002116 2.524306
0.004519 0.002243 2.524306
0.004428 0.002373 2.524306
0.004343 0.002507 2.524306
0.004269 0.002648 2.524306
0.004201 0.002792 2.524306
0.004139 0.002938 2.524306
0.004084 0.003087 2.524306
0.004033 0.003238 2.524306
0.003985 0.003389 2.524306
0.003937 0.003541 2.524306
0.003884 0.003691 2.524306
0.003823 0.003837 2.524306
0.003757 0.003982 2.524306
0.003695 0.004128 2.524306
0.003642 0.004278 2.524306
0.003591 0.004429 2.524306
0.003534 0.004577 2.524306
0.003471 0.004723 2.524306
0.003411 0.004870 2.524306
0.003357 0.005019 2.524306
0.003301 0.005168 2.524306
0.003242 0.005316 2.524306
0.003139 0.005437 2.524306
0.002983 0.005466 2.524306
0.002825 0.005442 2.524306
0.002669 0.005417 2.524306
0.002512 0.005390 2.524306
0.002355 0.005368 2.524306
0.002197 0.005349 2.524306
0.002040 0.005324 2.524306
0.001884 0.005293 2.524306
0.001728 0.005264 2.524306
0.001570 0.005245 2.524306
0.001412 0.005229 2.524306
0.001254 0.005209 2.524306
0.001098 0.005180 2.524306
0.000943 0.005146 2.524306
0.000787 0.005112 2.524306
0.000632 0.005080 2.524306
0.000475 0.005054 2.524306
0.000317 0.005035 2.524306
0.000159 0.005021 2.524306
-0.000000 0.005015 2.524306
-0.000159 0.005021 2.524306
-0.000317 0.005035 2.524306
-0.000475 0.005054 2.524306
-0.000632 0.005080 2.524306
-0.000787 0.005112 2.524306
-0.000943 0.005146 2.524306
-0.001098 0.005180 2.524306
-0.001254 0.005209 2.524306
-0.001412 0.005229 2.524306
-0.001570 0.005245 2.524306
-0.001728 0.005264 2.524306
-0.001884 0.005293 2.524306
-0.002040 0.005324 2.524306
-0.002197 0.005349 2.524306
-0.002355 0.005368 2.524306
-0.002512 0.005390 2.524306
-0.002669 0.005417 2.524306
-0.002825 0.005442 2.524306
-0.002983 0.005466 2.524306
-0.003139 0.005437 2.524306
-0.003242 0.005316 2.524306
-0.003301 0.005168 2.524306
-0.003357 0.005019 2.524306
-0.003411 0.004870 2.524306
-0.003471 0.004723 2.524306
-0.003534 0.004577 2.524306
-0.003591 0.004429 2.524306
-0.003642 0.004278 2.524306
-0.003695 0.004128 2.524306
-0.003757 0.003982 2.524306
-0.003823 0.003837 2.524306
-0.003884 0.003691 2.524306
-0.003937 0.003541 2.524306
-0.003985 0.003389 2.524306
-0.004033 0.003238 2.524306
-0.004084 0.003087 2.524306
-0.004139 0.002938 2.524306
-0.004201 0.002792 2.524306
-0.004269 0.002648 2.524306
-0.004343 0.002507 2.524306
-0.004428 0.002373 2.524306
-0.004519 0.002243 2.524306
-0.004614 0.002116 2.524306
-0.004716 0.001993 2.524306
-0.004821 0.001874 2.524306
-0.004928 0.001757 2.524306
-0.005035 0.001639 2.524306
-0.005138 0.001518 2.524306
-0.005235 0.001392 2.524306
-0.005327 0.001263 2.524306
-0.005423 0.001136 2.524306
-0.005526 0.001015 2.524306
-0.005631 0.000896 2.524306
-0.005731 0.000772 2.524306
-0.005826 0.000645 2.524306
-0.005924 0.000519 2.524306
-0.006025 0.000397 2.524306
-0.006126 0.000274 2.524306
-0.006225 0.000150 2.524306
-0.006278 0.000000 2.524306
-0.006225 -0.000150 2.524306
-0.006126 -0.000274 2.524306
-0.006025 -0.000397 2.524306
-0.005924 -0.000519 2.524306
-0.005826 -0.000645 2.524306
-0.005731 -0.000772 2.524306
-0.005631 -0.000896 2.524306
-0.005526 -0.001015 2.524306
-0.005423 -0.001136 2.524306
-0.005327 -0.001263 2.524306
-0.005235 -0.001392 2.524306
-0.005138 -0.001518 2.524306
-0.005035 -0.001639 2.524306
-0.004928 -0.001757 2.524306
-0.004821 -0.001874 2.524306
-0.004716 -0.001993 2.524306
-0.004614 -0.002116 2.524306
-0.004519 -0.002243 2.524306
-0.004428 -0.002373 2.524306
-0.004343 -0.002507 2.524306
-0.004269 -0.002648 2.524306
-0.004201 -0.002792 2.524306
-0.004139 -0.002938 2.524306
-0.004084 -0.003087 2.524306
-0.004033 -0.003238 2.524306
-0.003985 -0.003389 2.524306
-0.003937 -0.003541 2.524306
-0.003884 -0.003691 2.524306
-0.003823 -0.003837 2.524306
-0.003757 -0.003982 2.524306
-0.003695 -0.004128 2.524306
-0.003642 -0.004278 2.524306
-0.003591 -0.004429 2.524306
-0.003534 -0.004577 2.524306
-0.003471 -0.004723 2.524306
-0.003411 -0.004870 2.524306
-0.003357 -0.005019 2.524306
-0.003301 -0.005168 2.524306
-0.003242 -0.005316 2.524306
-0.003139 -0.005437 2.524306
-0.002983 -0.005466 2.524306
-0.002825 -0.005442 2.524306
-0.002669 -0.005417 2.524306
-0.002512 -0.005390 2.524306
-0.002355 -0.005368 2.524306
-0.002197 -0.005349 2.524306
-0.002040 -0.005324 2.524306
-0.001884 -0.005293 2.524306
-0.001728 -0.005264 2.524306
-0.001570 -0.005245 2.524306
-0.001412 -0.005229 2.524306
-0.001254 -0.005209 2.524306
-0.001098 -0.005180 2.524306
-0.000943 -0.005146 2.524306
-0.000787 -0.005112 2.524306
-0.000632 -0.005080 2.524306
-0.000475 -0.005054 2.524306
-0.000317 -0.005035 2.524306
-0.000159 -0.005021 2.524306
0.000000 -0.005015 2.524306
0.000159 -0.005021 2.524306
0.000317 -0.005035 2.524306
0.000475 -0.005054 2.524306
0.000632 -0.005080 2.524306
0.000787 -0.005112 2.524306
0.000943 -0.005146 2.524306
0.001098 -0.005180 2.524306
0.001254 -0.005209 2.524306
0.001412 -0.005229 2.524306
0.001570 -0.005245 2.524306
0.001728 -0.005264 2.524306
0.001884 -0.005293 2.524306
0.002040 -0.005324 2.524306
0.002197 -0.005349 2.524306
0.002355 -0.005368 2.524306
0.002512 -0.005390 2.524306
0.002669 -0.005417 2.524306
0.002825 -0.005442 2.524306
0.002983 -0.005466 2.524306
0.003139 -0.005437 2.524306
0.003242 -0.005316 2.524306
0.003301 -0.005168 2.524306
0.003357 -0.005019 2.524306
0.003411 -0.004870 2.524306
0.003471 -0.004723 2.524306
0.003534 -0.004577 2.524306
0.003591 -0.004429 2.524306
0.003642 -0.004278 2.524306
0.003695 -0.004128 2.524306
0.003757 -0.003982 2.524306
0.003823 -0.003837 2.524306
0.003884 -0.003691 2.524306
0.003937 -0.003541 2.524306
0.003985 -0.003389 2.524306
0.004033 -0.003238 2.524306
0.004084 -0.003087 2.524306
0.004139 -0.002938 2.524306
0.004201 -0.002792 2.524306
0.004269 -0.002648 2.524306
0.004343 -0.002507 2.524306
0.004428 -0.002373 2.524306
0.004519 -0.002243 2.524306
0.004614 -0.002116 2.524306
0.004716 -0.001993 2.524306
0.004821 -0.001874 2.524306
0.004928 -0.001757 2.524306
0.005035 -0.001639 2.524306
0.005138 -0.001518 2.524306
0.005235 -0.001392 2.524306
0.005327 -0.001263 2.524306
0.005423 -0.001136 2.524306
0.005526 -0.001015 2.524306
0.005631 -0.000896 2.524306
0.005731 -0.000772 2.524306
0.005826 -0.000645 2.524306
0.005924 -0.000519 2.524306
0.006025 -0.000397 2.524306
0.006126 -0.000274 2.524306
0.006225 -0.000150 2.524306
0.006278 -0.000000 2.524306

