0.006532 -0.000000 3.758681
0.006477 0.000156 3.758681
0.006373 0.000285 3.758681
0.006271 0.000414 3.758681
0.006168 0.000544 3.758681
0.006063 0.000671 3.758681
0.005958 0.000799 3.758681
0.005858 0.000930 3.758681
0.005757 0.001061 3.758681
0.005651 0.001188 3.758681
0.005544 0.001314 3.758681
0.005440 0.001442 3.758681
0.005343 0.001576 3.758681
0.005242 0.001707 3.758681
0.005138 0.001835 3.758681
0.005026 0.001957 3.758681
0.004922 0.002085 3.758681
0.004820 0.002215 3.758681
0.004724 0.002350 3.758681
0.004625 0.002482 3.758681
0.004520 0.002609 3.758681
0.004463 0.002765 3.758681
0.004397 0.002916 3.758681
0.004328 0.003067 3.758681
0.004267 0.003220 3.758681
0.004208 0.003374 3.758681
0.004158 0.003532 3.758681
0.004099 0.003686 3.758681
0.004036 0.003839 3.758681
0.003969 0.003990 3.758681
0.003910 0.004144 3.758681
0.003855 0.004300 3.758681
0.003798 0.004455 3.758681
0.003734 0.004608 3.758681
0.003671 0.004760 3.758681
0.003612 0.004915 3.758681
0.003555 0.005070 3.758681
0.003495 0.005224 3.758681
0.003433 0.005377 3.758681
0.003373 0.005531 3.758681
0.003266 0.005657 3.758681
0.003104 0.005687 3.758681
0.002940 0.005662 3.758681
0.002777 0.005638 3.758681
0.002613 0.005614 3.758681
0.002450 0.005586 3.758681
0.002287 0.005559 3.758681
0.002123 0.005538 3.758681
0.001960 0.005517 3.758681
0.001797 0.005488 3.758681
0.001634 0.005458 3.758681
0.001471 0.005433 3.758681
0.001307 0.005415 3.758681
0.001143 0.005393 3.758681
0.000980 0.005367 3.758681
0.000818 0.005331 3.758681
0.000655 0.005305 3.758681
0.000492 0.005282 3.758681
0.000327 0.005266 3.758681
0.000163 0.005247 3.758681
-0.000000 0.005219 3.758681
-0.000163 0.005247 3.758681
-0.000327 0.005266 3.758681
-0.000492 0.005282 3.758681
-0.000655 0.005305 3.758681
-0.000818 0.005331 3.758681
-0.000980 0.005367 3.758681
-0.001143 0.005393 3.758681
-0.001307 0.005415 3.758681
-0.001471 0.005433 3.758681
-0.001634 0.005458 3.758681
-0.001797 0.005488 3.758681
-0.001960 0.005517 3.758681
-0.002123 0.005538 3.758681
-0.002287 0.005559 3.758681
-0.002450 0.005586 3.758681
-0.002613 0.005614 3.758681
-0.002777 0.005638 3.758681
-0.002940 0.005662 3.758681
-0.003104 0.005687 3.758681
-0.003266 0.005657 3.758681
-0.003373 0.005531 3.758681
-0.003433 0.005377 3.758681
-0.003495 0.005224 3.758681
-0.003555 0.005070 3.758681
-0.003612 0.004915 3.758681
-0.003671 0.004760 3.758681
-0.003734 0.004608 3.758681
-0.003798 0.004455 3.758681
-0.003855 0.004300 3.758681
-0.003910 0.004144 3.758681
-0.003969 0.003990 3.758681
-0.004036 0.003839 3.758681
-0.004099 0.003686 3.758681
-0.004158 0.003532 3.758681
-0.004208 0.003374 3.758681
-0.004267 0.003220 3.758681
-0.004328 0.003067 3.758681
-0.004397 0.002916 3.758681
-0.004463 0.002765 3.758681
-0.004520 0.002609 3.758681
-0.004625 0.002482 3.758681
-0.004724 0.002350 3.758681
-0.004820 0.002215 3.758681
-0.004922 0.002085 3.758681
-0.005026 0.001957 3.758681
-0.005138 0.001835 3.758681
-0.005242 0.001707 3.758681
-0.005343 0.001576 3.758681
-0.005440 0.001442 3.758681
-0.005544 0.001314 3.758681
-0.005651 0.001188 3.758681
-0.005757 0.001061 3.758681
-0.005858 0.000930 3.758681
-0.005958 0.000799 3.758681
-0.006063 0.000671 3.758681
-0.006168 0.000544 3.758681
-0.006271 0.000414 3.758681
-0.006373 0.000285 3.758681
-0.006477 0.000156 3.758681
-0.006532 0.000000 3.758681
-0.006477 -0.000156 3.758681
-0.006373 -0.000285 3.758681
-0.006271 -0.000414 3.758681
-0.006168 -0.000544 3.758681
-0.006063 -0.000671 3.758681
-0.005958 -0.000799 3.758681
-0.005858 -0.000930 3.758681
-0.005757 -0.001061 3.758681
-0.005651 -0.001188 3.758681
-0.005544 -0.001314 3.758681
-0.005440 -0.001442 3.758681
-0.005343 -0.001576 3.758681
-0.005242 -0.001707 3.758681
-0.005138 -0.001835 3.758681
-0.005026 -0.001957 3.758681
-0.004922 -0.002085 3.758681
-0.004820 -0.002215 3.758681
-0.004724 -0.002350 3.758681
-0.004625 -0.002482 3.758681
-0.004520 -0.002609 3.758681
-0.004463 -0.002765 3.758681
-0.004397 -0.002916 3.758681
-0.004328 -0.003067 3.758681
-0.004267 -0.003220 3.758681
-0.004208 -0.003374 3.758681
-0.004158 -0.003532 3.758681
-0.004099 -0.003686 3.758681
-0.004036 -0.003839 3.758681
-0.003969 -0.003990 3.758681
-0.003910 -0.004144 3.758681
-0.003855 -0.004300 3.758681
-0.003798 -0.004455 3.758681
-0.003734 -0.004608 3.758681
-0.003671 -0.004760 3.758681
-0.003612 -0.004915 3.758681
-0.003555 -0.005070 3.758681
-0.003495 -0.005224 3.758681
-0.003433 -0.005377 3.758681
-0.003373 -0.005531 3.758681
-0.003266 -0.005657 3.758681
-0.003104 -0.005687 3.758681
-0.002940 -0.005662 3.758681
-0.002777 -0.005638 3.758681
-0.002613 -0.005614 3.758681
-0.002450 -0.005586 3.758681
-0.002287 -0.005559 3.758681
-0.002123 -0.005538 3.758681
-0.001960 -0.005517 3.758681
-0.001797 -0.005488 3.758681
-0.001634 -0.005458 3.758681
-0.001471 -0.005433 3.758681
-0.001307 -0.005415 3.758681
-0.001143 -0.005393 3.758681
-0.000980 -0.005367 3.758681
-0.000818 -0.005331 3.758681
-0.000655 -0.005305 3.758681
-0.000492 -0.005282 3.758681
-0.000327 -0.005266 3.758681
-0.000163 -0.005247 3.758681
0.000000 -0.005219 3.758681
0.000163 -0.005247 3.758681
0.000327 -0.005266 3.758681
0.000492 -0.005282 3.758681
0.000655 -0.005305 3.758681
0.000818 -0.005331 3.758681
0.000980 -0.005367 3.758681
0.001143 -0.005393 3.758681
0.001307 -0.005415 3.758681
0.001471 -0.005433 3.758681
0.001634 -0.005458 3.758681
0.001797 -0.005488 3.758681
0.001960 -0.005517 3.758681
0.002123 -0.005538 3.758681
0.002287 -0.005559 3.758681
0.002450 -0.005586 3.758681
0.002613 -0.005614 3.758681
0.002777 -0.005638 3.758681
0.002940 -0.005662 3.758681
0.003104 -0.005687 3.758681
0.003266 -0.005657 3.758681
0.003373 -0.005531 3.758681
0.003433 -0.005377 3.758681
0.003495 -0.005224 3.758681
0.003555 -0.005070 3.758681
0.003612 -0.004915 3.758681
0.003671 -0.004760 3.758681
0.003734 -0.004608 3.758681
0.003798 -0.004455 3.758681
0.003855 -0.004300 3.758681
0.003910 -0.004144 3.758681
0.003969 -0.003990 3.758681
0.004036 -0.003839 3.758681
0.004099 -0.003686 3.758681
0.004158 -0.003532 3.758681
0.004208 -0.003374 3.758681
0.004267 -0.003220 3.758681
0.004328 -0.003067 3.758681
0.004397 -0.002916 3.758681
0.004463 -0.002765 3.758681
0.004520 -0.002609 3.758681
0.004625 -0.002482 3.758681
0.004724 -0.002350 3.758681
0.004820 -0.002215 3.758681
0.004922 -0.002085 3.758681
0.005026 -0.001957 3.758681
0.005138 -0.001835 3.758681
0.005242 -0.001707 3.758681
0.005343 -0.001576 3.758681
0.005440 -0.001442 3.758681
0.005544 -0.001314 3.758681
0.005651 -0.001188 3.758681
0.005757 -0.001061 3.758681
0.005858 -0.000930 3.758681
0.005958 -0.000799 3.758681
0.006063 -0.000671 3.758681
0.006168 -0.000544 3.758681
0.006271 -0.000414 3.758681
0.006373 -0.000285 3.758681
0.006477 -0.000156 3.758681
0.006532 -0.000000 3.758681

