0.006155 -0.000000 2.026042
0.006103 0.000146 2.026042
0.006006 0.000268 2.026042
0.005911 0.000391 2.026042
0.005813 0.000511 2.026042
0.005711 0.000629 2.026042
0.005612 0.000748 2.026042
0.005520 0.000874 2.026042
0.005429 0.001000 2.026042
0.005331 0.001121 2.026042
0.005227 0.001236 2.026042
0.005121 0.001349 2.026042
0.005017 0.001465 2.026042
0.004917 0.001585 2.026042
0.004824 0.001709 2.026042
0.004736 0.001837 2.026042
0.004652 0.001968 2.026042
0.004571 0.002101 2.026042
0.004492 0.002234 2.026042
0.004413 0.002368 2.026042
0.004335 0.002503 2.026042
0.004257 0.002638 2.026042
0.004181 0.002773 2.026042
0.004105 0.002908 2.026042
0.004031 0.003045 2.026042
0.003959 0.003183 2.026042
0.003892 0.003323 2.026042
0.003831 0.003466 2.026042
0.003777 0.003612 2.026042
0.003729 0.003760 2.026042
0.003684 0.003908 2.026042
0.003636 0.004057 2.026042
0.003581 0.004202 2.026042
0.003517 0.004344 2.026042
0.003454 0.004486 2.026042
0.003400 0.004631 2.026042
0.003349 0.004778 2.026042
0.003294 0.004924 2.026042
0.003235 0.005068 2.026042
0.003178 0.005212 2.026042
0.003078 0.005331 2.026042
0.002925 0.005359 2.026042
0.002771 0.005335 2.026042
0.002617 0.005315 2.026042
0.002464 0.005290 2.026042
0.002311 0.005260 2.026042
0.002158 0.005234 2.026042
0.002003 0.005218 2.026042
0.001848 0.005202 2.026042
0.001695 0.005177 2.026042
0.001543 0.005144 2.026042
0.001392 0.005109 2.026042
0.001240 0.005077 2.026042
0.001086 0.005051 2.026042
0.000932 0.005032 2.026042
0.000777 0.005020 2.026042
0.000622 0.005013 2.026042
0.000466 0.005009 2.026042
0.000311 0.005007 2.026042
0.000155 0.005006 2.026042
-0.000000 0.005005 2.026042
-0.000155 0.005006 2.026042
-0.000311 0.005007 2.026042
-0.000466 0.005009 2.026042
-0.000622 0.005013 2.026042
-0.000777 0.005020 2.026042
-0.000932 0.005032 2.026042
-0.001086 0.005051 2.026042
-0.001240 0.005077 2.026042
-0.001392 0.005109 2.026042
-0.001543 0.005144 2.026042
-0.001695 0.005177 2.026042
-0.001848 0.005202 2.026042
-0.002003 0.005218 2.026042
-0.002158 0.005234 2.026042
-0.002311 0.005260 2.026042
-0.002464 0.005290 2.026042
-0.002617 0.005315 2.026042
-0.002771 0.005335 2.026042
-0.002925 0.005359 2.026042
-0.003078 0.005331 2.026042
-0.003178 0.005212 2.026042
-0.003235 0.005068 2.026042
-0.003294 0.004924 2.026042
-0.003349 0.004778 2.026042
-0.003400 0.004631 2.026042
-0.003454 0.004486 2.026042
-0.003517 0.004344 2.026042
-0.003581 0.004202 2.026042
-0.003636 0.004057 2.026042
-0.003684 0.003908 2.026042
-0.003729 0.003760 2.026042
-0.003777 0.003612 2.026042
-0.003831 0.003466 2.026042
-0.003892 0.003323 2.026042
-0.003959 0.003183 2.026042
-0.004031 0.003045 2.026042
-0.004105 0.002908 2.026042
-0.004181 0.002773 2.026042
-0.004257 0.002638 2.026042
-0.004335 0.002503 2.026042
-0.004413 0.002368 2.026042
-0.004492 0.002234 2.026042
-0.004571 0.002101 2.026042
-0.004652 0.001968 2.026042
-0.004736 0.001837 2.026042
-0.004824 0.001709 2.026042
-0.004917 0.001585 2.026042
-0.005017 0.001465 2.026042
-0.005121 0.001349 2.026042
-0.005227 0.001236 2.026042
-0.005331 0.001121 2.026042
-0.005429 0.001000 2.026042
-0.005520 0.000874 2.026042
-0.005612 0.000748 2.026042
-0.005711 0.000629 2.026042
-0.005813 0.000511 2.026042
-0.005911 0.000391 2.026042
-0.006006 0.000268 2.026042
-0.006103 0.000146 2.026042
-0.006155 0.000000 2.026042
-0.006103 -0.000146 2.026042
-0.006006 -0.000268 2.026042
-0.005911 -0.000391 2.026042
-0.005813 -0.000511 2.026042
-0.005711 -0.000629 2.026042
-0.005612 -0.000748 2.026042
-0.005520 -0.000874 2.026042
-0.005429 -0.001000 2.026042
-0.005331 -0.001121 2.026042
-0.005227 -0.001236 2.026042
-0.005121 -0.001349 2.026042
-0.005017 -0.001465 2.026042
-0.004917 -0.001585 2.026042
-0.004824 -0.001709 2.026042
-0.004736 -0.001837 2.026042
-0.004652 -0.001968 2.026042
-0.004571 -0.002101 2.026042
-0.004492 -0.002234 2.026042
-0.004413 -0.002368 2.026042
-0.004335 -0.002503 2.026042
-0.004257 -0.002638 2.026042
-0.004181 -0.002773 2.026042
-0.004105 -0.002908 2.026042
-0.004031 -0.003045 2.026042
-0.003959 -0.003183 2.026042
-0.003892 -0.003323 2.026042
-0.003831 -0.003466 2.026042
-0.003777 -0.003612 2.026042
-0.003729 -0.003760 2.026042
-0.003684 -0.003908 2.026042
-0.003636 -0.004057 2.026042
-0.003581 -0.004202 2.026042
-0.003517 -0.004344 2.026042
-0.003454 -0.004486 2.026042
-0.003400 -0.004631 2.026042
-0.003349 -0.004778 2.026042
-0.003294 -0.004924 2.026042
-0.003235 -0.005068 2.026042
-0.003178 -0.005212 2.026042
-0.003078 -0.005331 2.026042
-0.002925 -0.005359 2.026042
-0.002771 -0.005335 2.026042
-0.002617 -0.005315 2.026042
-0.002464 -0.005290 2.026042
-0.002311 -0.005260 2.026042
-0.002158 -0.005234 2.026042
-0.002003 -0.005218 2.026042
-0.001848 -0.005202 2.026042
-0.001695 -0.005177 2.026042
-0.001543 -0.005144 2.026042
-0.001392 -0.005109 2.026042
-0.001240 -0.005077 2.026042
-0.001086 -0.005051 2.026042
-0.000932 -0.005032 2.026042
-0.000777 -0.005020 2.026042
-0.000622 -0.005013 2.026042
-0.000466 -0.005009 2.026042
-0.000311 -0.005007 2.026042
-0.000155 -0.005006 2.026042
0.000000 -0.005005 2.026042
0.000155 -0.005006 2.026042
0.000311 -0.005007 2.026042
0.000466 -0.005009 2.026042
0.000622 -0.005013 2.026042
0.000777 -0.005020 2.026042
0.000932 -0.005032 2.026042
0.001086 -0.005051 2.026042
0.001240 -0.005077 2.026042
0.001392 -0.005109 2.026042
0.001543 -0.005144 2.026042
0.001695 -0.005177 2.026042
0.001848 -0.005202 2.026042
0.002003 -0.005218 2.026042
0.002158 -0.005234 2.026042
0.002311 -0.005260 2.026042
0.002464 -0.005290 2.026042
0.002617 -0.005315 2.026042
0.002771 -0.005335 2.026042
0.002925 -0.005359 2.026042
0.003078 -0.005331 2.026042
0.003178 -0.005212 2.026042
0.003235 -0.005068 2.026042
0.003294 -0.004924 2.026042
0.003349 -0.004778 2.026042
0.003400 -0.004631 2.026042
0.003454 -0.004486 2.026042
0.003517 -0.004344 2.026042
0.003581 -0.004202 2.026042
0.003636 -0.004057 2.026042
0.003684 -0.003908 2.026042
0.003729 -0.003760 2.026042
0.003777 -0.003612 2.026042
0.003831 -0.003466 2.026042
0.003892 -0.003323 2.026042
0.003959 -0.003183 2.026042
0.004031 -0.003045 2.026042
0.004105 -0.002908 2.026042
0.004181 -0.002773 2.026042
0.004257 -0.002638 2.026042
0.004335 -0.002503 2.026042
0.004413 -0.002368 2.026042
0.004492 -0.002234 2.026042
0.004571 -0.002101 2.026042
0.004652 -0.001968 2.026042
0.004736 -0.001837 2.026042
0.004824 -0.001709 2.026042
0.004917 -0.001585 2.026042
0.005017 -0.001465 2.026042
0.005121 -0.001349 2.026042
0.005227 -0.001236 2.026042
0.005331 -0.001121 2.026042
0.005429 -0.001000 2.026042
0.005520 -0.000874 2.026042
0.005612 -0.000748 2.026042
0.005711 -0.000629 2.026042
0.005813 -0.000511 2.026042
0.005911 -0.000391 2.026042
0.006006 -0.000268 2.026042
0.006103 -0.000146 2.026042
0.006155 -0.000000 2.026042

