0.007415 -0.000081 7.850694
0.007284 0.000055 7.850694
0.007157 0.000195 7.850694
0.007030 0.000335 7.850694
0.006907 0.000479 7.850694
0.006786 0.000624 7.850694
0.006658 0.000763 7.850694
0.006536 0.000907 7.850694
0.006422 0.001058 7.850694
0.006312 0.001212 7.850694
0.006206 0.001368 7.850694
0.006105 0.001528 7.850694
0.005999 0.001685 7.850694
0.005904 0.001849 7.850694
0.005786 0.001996 7.850694
0.005680 0.002153 7.850694
0.005561 0.002300 7.850694
0.005460 0.002460 7.850694
0.005330 0.002597 7.850694
0.005222 0.002752 7.850694
0.005096 0.002893 7.850694
0.005015 0.003064 7.850694
0.004956 0.003244 7.850694
0.004879 0.003416 7.850694
0.004821 0.003596 7.850694
0.004731 0.003762 7.850694
0.004672 0.003942 7.850694
0.004595 0.004115 7.850694
0.004523 0.004289 7.850694
0.004442 0.004460 7.850694
0.004371 0.004635 7.850694
0.004298 0.004810 7.850694
0.004232 0.004987 7.850694
0.004164 0.005163 7.850694
0.004101 0.005342 7.850694
0.004050 0.005524 7.850694
0.003997 0.005705 7.850694
0.003945 0.005887 7.850694
0.003896 0.006070 7.850694
0.003841 0.006251 7.850694
0.003691 0.006366 7.850694
0.003507 0.006323 7.850694
0.003322 0.006284 7.850694
0.003138 0.006238 7.850694
0.002954 0.006196 7.850694
0.002768 0.006160 7.850694
0.002582 0.006129 7.850694
0.002394 0.006114 7.850694
0.002205 0.006105 7.850694
0.002016 0.006091 7.850694
0.001827 0.006079 7.850694
0.001639 0.006063 7.850694
0.001450 0.006052 7.850694
0.001262 0.006032 7.850694
0.001074 0.006013 7.850694
0.000889 0.005976 7.850694
0.000700 0.005973 7.850694
0.000515 0.005931 7.850694
0.000327 0.005914 7.850694
0.000142 0.005873 7.850694
-0.000046 0.005860 7.850694
-0.000231 0.005899 7.850694
-0.000420 0.005914 7.850694
-0.000603 0.005960 7.850694
-0.000792 0.005966 7.850694
-0.000979 0.005995 7.850694
-0.001167 0.006010 7.850694
-0.001354 0.006037 7.850694
-0.001543 0.006039 7.850694
-0.001732 0.006052 7.850694
-0.001921 0.006064 7.850694
-0.002109 0.006082 7.850694
-0.002296 0.006107 7.850694
-0.002483 0.006135 7.850694
-0.002669 0.006169 7.850694
-0.002855 0.006204 7.850694
-0.003043 0.006228 7.850694
-0.003230 0.006256 7.850694
-0.003415 0.006295 7.850694
-0.003599 0.006337 7.850694
-0.003782 0.006383 7.850694
-0.003932 0.006269 7.850694
-0.003986 0.006087 7.850694
-0.004035 0.005905 7.850694
-0.004088 0.005723 7.850694
-0.004139 0.005541 7.850694
-0.004188 0.005358 7.850694
-0.004244 0.005178 7.850694
-0.004300 0.004997 7.850694
-0.004353 0.004816 7.850694
-0.004414 0.004637 7.850694
-0.004476 0.004458 7.850694
-0.004547 0.004283 7.850694
-0.004615 0.004107 7.850694
-0.004686 0.003931 7.850694
-0.004742 0.003751 7.850694
-0.004832 0.003585 7.850694
-0.004885 0.003403 7.850694
-0.004967 0.003232 7.850694
-0.005019 0.003051 7.850694
-0.005104 0.002882 7.850694
-0.005234 0.002744 7.850694
-0.005339 0.002587 7.850694
-0.005473 0.002454 7.850694
-0.005573 0.002293 7.850694
-0.005695 0.002149 7.850694
-0.005806 0.001996 7.850694
-0.005929 0.001852 7.850694
-0.006035 0.001695 7.850694
-0.006153 0.001548 7.850694
-0.006271 0.001400 7.850694
-0.006393 0.001256 7.850694
-0.006517 0.001113 7.850694
-0.006640 0.000969 7.850694
-0.006767 0.000830 7.850694
-0.006900 0.000695 7.850694
-0.007028 0.000556 7.850694
-0.007158 0.000419 7.850694
-0.007291 0.000284 7.850694
-0.007419 0.000145 7.850694
-0.007443 -0.000043 7.850694
-0.007315 -0.000182 7.850694
-0.007192 -0.000326 7.850694
-0.007062 -0.000462 7.850694
-0.006927 -0.000595 7.850694
-0.006791 -0.000726 7.850694
-0.006654 -0.000856 7.850694
-0.006527 -0.000996 7.850694
-0.006409 -0.001145 7.850694
-0.006293 -0.001294 7.850694
-0.006185 -0.001449 7.850694
-0.006074 -0.001602 7.850694
-0.005973 -0.001762 7.850694
-0.005861 -0.001914 7.850694
-0.005754 -0.002070 7.850694
-0.005628 -0.002211 7.850694
-0.005530 -0.002373 7.850694
-0.005405 -0.002514 7.850694
-0.005293 -0.002666 7.850694
-0.005167 -0.002808 7.850694
-0.005060 -0.002964 7.850694
-0.005000 -0.003143 7.850694
-0.004923 -0.003316 7.850694
-0.004869 -0.003497 7.850694
-0.004785 -0.003666 7.850694
-0.004723 -0.003845 7.850694
-0.004648 -0.004018 7.850694
-0.004594 -0.004200 7.850694
-0.004516 -0.004372 7.850694
-0.004456 -0.004551 7.850694
-0.004392 -0.004729 7.850694
-0.004336 -0.004910 7.850694
-0.004281 -0.005090 7.850694
-0.004221 -0.005270 7.850694
-0.004163 -0.005450 7.850694
-0.004113 -0.005632 7.850694
-0.004060 -0.005813 7.850694
-0.004008 -0.005995 7.850694
-0.003958 -0.006178 7.850694
-0.003903 -0.006358 7.850694
-0.003751 -0.006471 7.850694
-0.003568 -0.006422 7.850694
-0.003383 -0.006383 7.850694
-0.003197 -0.006350 7.850694
-0.003010 -0.006321 7.850694
-0.002825 -0.006283 7.850694
-0.002643 -0.006232 7.850694
-0.002460 -0.006185 7.850694
-0.002275 -0.006144 7.850694
-0.002090 -0.006105 7.850694
-0.001904 -0.006075 7.850694
-0.001716 -0.006054 7.850694
-0.001527 -0.006039 7.850694
-0.001338 -0.006033 7.850694
-0.001151 -0.006010 7.850694
-0.000962 -0.005992 7.850694
-0.000775 -0.005967 7.850694
-0.000586 -0.005958 7.850694
-0.000401 -0.005918 7.850694
-0.000213 -0.005898 7.850694
-0.000027 -0.005864 7.850694
0.000161 -0.005884 7.850694
0.000346 -0.005922 7.850694
0.000534 -0.005945 7.850694
0.000719 -0.005981 7.850694
0.000908 -0.005993 7.850694
0.001093 -0.006033 7.850694
0.001280 -0.006064 7.850694
0.001466 -0.006093 7.850694
0.001653 -0.006124 7.850694
0.001838 -0.006162 7.850694
0.002023 -0.006202 7.850694
0.002206 -0.006249 7.850694
0.002390 -0.006292 7.850694
0.002575 -0.006333 7.850694
0.002758 -0.006381 7.850694
0.002941 -0.006426 7.850694
0.003125 -0.006470 7.850694
0.003308 -0.006518 7.850694
0.003492 -0.006561 7.850694
0.003667 -0.006488 7.850694
0.003717 -0.006306 7.850694
0.003771 -0.006124 7.850694
0.003827 -0.005944 7.850694
0.003893 -0.005767 7.850694
0.003965 -0.005592 7.850694
0.004026 -0.005413 7.850694
0.004087 -0.005234 7.850694
0.004151 -0.005056 7.850694
0.004216 -0.004879 7.850694
0.004287 -0.004703 7.850694
0.004370 -0.004533 7.850694
0.004449 -0.004361 7.850694
0.004546 -0.004199 7.850694
0.004613 -0.004022 7.850694
0.004699 -0.003854 7.850694
0.004765 -0.003677 7.850694
0.004857 -0.003512 7.850694
0.004907 -0.003329 7.850694
0.004991 -0.003160 7.850694
0.005047 -0.002979 7.850694
0.005151 -0.002822 7.850694
0.005280 -0.002684 7.850694
0.005387 -0.002528 7.850694
0.005520 -0.002394 7.850694
0.005617 -0.002231 7.850694
0.005747 -0.002094 7.850694
0.005860 -0.001942 7.850694
0.005982 -0.001798 7.850694
0.006096 -0.001647 7.850694
0.006221 -0.001505 7.850694
0.006345 -0.001362 7.850694
0.006476 -0.001226 7.850694
0.006604 -0.001087 7.850694
0.006732 -0.000948 7.850694
0.006865 -0.000814 7.850694
0.006997 -0.000678 7.850694
0.007126 -0.000540 7.850694
0.007259 -0.000406 7.850694
0.007390 -0.000269 7.850694
0.007415 -0.000081 7.850694

