0.006598 -0.000000 4.071181
0.006542 0.000158 4.071181
0.006437 0.000287 4.071181
0.006332 0.000417 4.071181
0.006229 0.000548 4.071181
0.006126 0.000680 4.071181
0.006021 0.000809 4.071181
0.005913 0.000937 4.071181
0.005810 0.001068 4.071181
0.005709 0.001201 4.071181
0.005607 0.001333 4.071181
0.005497 0.001458 4.071181
0.005391 0.001588 4.071181
0.005287 0.001718 4.071181
0.005190 0.001854 4.071181
0.005086 0.001984 4.071181
0.004978 0.002112 4.071181
0.004869 0.002238 4.071181
0.004761 0.002366 4.071181
0.004663 0.002501 4.071181
0.004562 0.002634 4.071181
0.004497 0.002788 4.071181
0.004429 0.002940 4.071181
0.004373 0.003097 4.071181
0.004318 0.003255 4.071181
0.004261 0.003412 4.071181
0.004201 0.003568 4.071181
0.004131 0.003719 4.071181
0.004071 0.003875 4.071181
0.004011 0.004031 4.071181
0.003958 0.004189 4.071181
0.003894 0.004344 4.071181
0.003830 0.004498 4.071181
0.003768 0.004652 4.071181
0.003711 0.004810 4.071181
0.003652 0.004966 4.071181
0.003589 0.005120 4.071181
0.003527 0.005275 4.071181
0.003468 0.005431 4.071181
0.003408 0.005587 4.071181
0.003299 0.005714 4.071181
0.003135 0.005745 4.071181
0.002970 0.005719 4.071181
0.002805 0.005692 4.071181
0.002640 0.005668 4.071181
0.002474 0.005645 4.071181
0.002310 0.005619 4.071181
0.002145 0.005589 4.071181
0.001980 0.005566 4.071181
0.001814 0.005545 4.071181
0.001649 0.005522 4.071181
0.001485 0.005490 4.071181
0.001321 0.005463 4.071181
0.001156 0.005437 4.071181
0.000989 0.005422 4.071181
0.000824 0.005396 4.071181
0.000660 0.005367 4.071181
0.000496 0.005336 4.071181
0.000332 0.005306 4.071181
0.000166 0.005288 4.071181
-0.000000 0.005268 4.071181
-0.000166 0.005288 4.071181
-0.000332 0.005306 4.071181
-0.000496 0.005336 4.071181
-0.000660 0.005367 4.071181
-0.000824 0.005396 4.071181
-0.000989 0.005422 4.071181
-0.001156 0.005437 4.071181
-0.001321 0.005463 4.071181
-0.001485 0.005490 4.071181
-0.001649 0.005522 4.071181
-0.001814 0.005545 4.071181
-0.001980 0.005566 4.071181
-0.002145 0.005589 4.071181
-0.002310 0.005619 4.071181
-0.002474 0.005645 4.071181
-0.002640 0.005668 4.071181
-0.002805 0.005692 4.071181
-0.002970 0.005719 4.071181
-0.003135 0.005745 4.071181
-0.003299 0.005714 4.071181
-0.003408 0.005587 4.071181
-0.003468 0.005431 4.071181
-0.003527 0.005275 4.071181
-0.003589 0.005120 4.071181
-0.003652 0.004966 4.071181
-0.003711 0.004810 4.071181
-0.003768 0.004652 4.071181
-0.003830 0.004498 4.071181
-0.003894 0.004344 4.071181
-0.003958 0.004189 4.071181
-0.004011 0.004031 4.071181
-0.004071 0.003875 4.071181
-0.004131 0.003719 4.071181
-0.004201 0.003568 4.071181
-0.004261 0.003412 4.071181
-0.004318 0.003255 4.071181
-0.004373 0.003097 4.071181
-0.004429 0.002940 4.071181
-0.004497 0.002788 4.071181
-0.004562 0.002634 4.071181
-0.004663 0.002501 4.071181
-0.004761 0.002366 4.071181
-0.004869 0.002238 4.071181
-0.004978 0.002112 4.071181
-0.005086 0.001984 4.071181
-0.005190 0.001854 4.071181
-0.005287 0.001718 4.071181
-0.005391 0.001588 4.071181
-0.005497 0.001458 4.071181
-0.005607 0.001333 4.071181
-0.005709 0.001201 4.071181
-0.005810 0.001068 4.071181
-0.005913 0.000937 4.071181
-0.006021 0.000809 4.071181
-0.006126 0.000680 4.071181
-0.006229 0.000548 4.071181
-0.006332 0.000417 4.071181
-0.006437 0.000287 4.071181
-0.006542 0.000158 4.071181
-0.006598 0.000000 4.071181
-0.006542 -0.000158 4.071181
-0.006437 -0.000287 4.071181
-0.006332 -0.000417 4.071181
-0.006229 -0.000548 4.071181
-0.006126 -0.000680 4.071181
-0.006021 -0.000809 4.071181
-0.005913 -0.000937 4.071181
-0.005810 -0.001068 4.071181
-0.005709 -0.001201 4.071181
-0.005607 -0.001333 4.071181
-0.005497 -0.001458 4.071181
-0.005391 -0.001588 4.071181
-0.005287 -0.001718 4.071181
-0.005190 -0.001854 4.071181
-0.005086 -0.001984 4.071181
-0.004978 -0.002112 4.071181
-0.004869 -0.002238 4.071181
-0.004761 -0.002366 4.071181
-0.004663 -0.002501 4.071181
-0.004562 -0.002634 4.071181
-0.004497 -0.002788 4.071181
-0.004429 -0.002940 4.071181
-0.004373 -0.003097 4.071181
-0.004318 -0.003255 4.071181
-0.004261 -0.003412 4.071181
-0.004201 -0.003568 4.071181
-0.004131 -0.003719 4.071181
-0.004071 -0.003875 4.071181
-0.004011 -0.004031 4.071181
-0.003958 -0.004189 4.071181
-0.003894 -0.004344 4.071181
-0.003830 -0.004498 4.071181
-0.003768 -0.004652 4.071181
-0.003711 -0.004810 4.071181
-0.003652 -0.004966 4.071181
-0.003589 -0.005120 4.071181
-0.003527 -0.005275 4.071181
-0.003468 -0.005431 4.071181
-0.003408 -0.005587 4.071181
-0.003299 -0.005714 4.071181
-0.003135 -0.005745 4.071181
-0.002970 -0.005719 4.071181
-0.002805 -0.005692 4.071181
-0.002640 -0.005668 4.071181
-0.002474 -0.005645 4.071181
-0.002310 -0.005619 4.071181
-0.002145 -0.005589 4.071181
-0.001980 -0.005566 4.071181
-0.001814 -0.005545 4.071181
-0.001649 -0.005522 4.071181
-0.001485 -0.005490 4.071181
-0.001321 -0.005463 4.071181
-0.001156 -0.005437 4.071181
-0.000989 -0.005422 4.071181
-0.000824 -0.005396 4.071181
-0.000660 -0.005367 4.071181
-0.000496 -0.005336 4.071181
-0.000332 -0.005306 4.071181
-0.000166 -0.005288 4.071181
0.000000 -0.005268 4.071181
0.000166 -0.005288 4.071181
0.000332 -0.005306 4.071181
0.000496 -0.005336 4.071181
0.000660 -0.005367 4.071181
0.000824 -0.005396 4.071181
0.000989 -0.005422 4.071181
0.001156 -0.005437 4.071181
0.001321 -0.005463 4.071181
0.001485 -0.005490 4.071181
0.001649 -0.005522 4.071181
0.001814 -0.005545 4.071181
0.001980 -0.005566 4.071181
0.002145 -0.005589 4.071181
0.002310 -0.005619 4.071181
0.002474 -0.005645 4.071181
0.002640 -0.005668 4.071181
0.002805 -0.005692 4.071181
0.002970 -0.005719 4.071181
0.003135 -0.005745 4.071181
0.003299 -0.005714 4.071181
0.003408 -0.005587 4.071181
0.003468 -0.005431 4.071181
0.003527 -0.005275 4.071181
0.003589 -0.005120 4.071181
0.003652 -0.004966 4.071181
0.003711 -0.004810 4.071181
0.003768 -0.004652 4.071181
0.003830 -0.004498 4.071181
0.003894 -0.004344 4.071181
0.003958 -0.004189 4.071181
0.004011 -0.004031 4.071181
0.004071 -0.003875 4.071181
0.004131 -0.003719 4.071181
0.004201 -0.003568 4.071181
0.004261 -0.003412 4.071181
0.004318 -0.003255 4.071181
0.004373 -0.003097 4.071181
0.004429 -0.002940 4.071181
0.004497 -0.002788 4.071181
0.004562 -0.002634 4.071181
0.004663 -0.002501 4.071181
0.004761 -0.002366 4.071181
0.004869 -0.002238 4.071181
0.004978 -0.002112 4.071181
0.005086 -0.001984 4.071181
0.005190 -0.001854 4.071181
0.005287 -0.001718 4.071181
0.005391 -0.001588 4.071181
0.005497 -0.001458 4.071181
0.005607 -0.001333 4.071181
0.005709 -0.001201 4.071181
0.005810 -0.001068 4.071181
0.005913 -0.000937 4.071181
0.006021 -0.000809 4.071181
0.006126 -0.000680 4.071181
0.006229 -0.000548 4.071181
0.006332 -0.000417 4.071181
0.006437 -0.000287 4.071181
0.006542 -0.000158 4.071181
0.006598 -0.000000 4.071181

