0.007757 -0.000071 9.312500
0.007621 0.000074 9.312500
0.007482 0.000217 9.312500
0.007346 0.000362 9.312500
0.007211 0.000509 9.312500
0.007074 0.000653 9.312500
0.006932 0.000792 9.312500
0.006802 0.000944 9.312500
0.006667 0.001090 9.312500
0.006540 0.001243 9.312500
0.006402 0.001387 9.312500
0.006276 0.001541 9.312500
0.006130 0.001677 9.312500
0.006033 0.001850 9.312500
0.005903 0.002001 9.312500
0.005801 0.002172 9.312500
0.005681 0.002331 9.312500
0.005574 0.002499 9.312500
0.005448 0.002653 9.312500
0.005340 0.002820 9.312500
0.005224 0.002982 9.312500
0.005147 0.003165 9.312500
0.005071 0.003350 9.312500
0.004988 0.003530 9.312500
0.004923 0.003719 9.312500
0.004832 0.003896 9.312500
0.004768 0.004084 9.312500
0.004695 0.004269 9.312500
0.004644 0.004462 9.312500
0.004564 0.004644 9.312500
0.004525 0.004839 9.312500
0.004458 0.005027 9.312500
0.004417 0.005222 9.312500
0.004356 0.005411 9.312500
0.004303 0.005603 9.312500
0.004240 0.005792 9.312500
0.004185 0.005983 9.312500
0.004121 0.006172 9.312500
0.004061 0.006361 9.312500
0.004002 0.006552 9.312500
0.003845 0.006674 9.312500
0.003652 0.006625 9.312500
0.003460 0.006573 9.312500
0.003267 0.006524 9.312500
0.003072 0.006481 9.312500
0.002879 0.006433 9.312500
0.002684 0.006393 9.312500
0.002491 0.006345 9.312500
0.002296 0.006304 9.312500
0.002105 0.006248 9.312500
0.001910 0.006209 9.312500
0.001715 0.006171 9.312500
0.001518 0.006137 9.312500
0.001319 0.006141 9.312500
0.001131 0.006206 9.312500
0.000942 0.006145 9.312500
0.000744 0.006124 9.312500
0.000550 0.006077 9.312500
0.000352 0.006061 9.312500
0.000155 0.006031 9.312500
-0.000043 0.006014 9.312500
-0.000241 0.006039 9.312500
-0.000440 0.006047 9.312500
-0.000634 0.006089 9.312500
-0.000832 0.006109 9.312500
-0.001024 0.006164 9.312500
-0.001218 0.006121 9.312500
-0.001416 0.006142 9.312500
-0.001611 0.006182 9.312500
-0.001807 0.006220 9.312500
-0.002004 0.006246 9.312500
-0.002198 0.006290 9.312500
-0.002396 0.006312 9.312500
-0.002589 0.006360 9.312500
-0.002785 0.006399 9.312500
-0.002975 0.006456 9.312500
-0.003169 0.006503 9.312500
-0.003363 0.006545 9.312500
-0.003557 0.006589 9.312500
-0.003751 0.006636 9.312500
-0.003944 0.006683 9.312500
-0.004102 0.006561 9.312500
-0.004160 0.006370 9.312500
-0.004221 0.006181 9.312500
-0.004283 0.005992 9.312500
-0.004338 0.005800 9.312500
-0.004400 0.005611 9.312500
-0.004454 0.005420 9.312500
-0.004512 0.005229 9.312500
-0.004557 0.005035 9.312500
-0.004623 0.004847 9.312500
-0.004660 0.004652 9.312500
-0.004737 0.004468 9.312500
-0.004766 0.004271 9.312500
-0.004838 0.004086 9.312500
-0.004888 0.003893 9.312500
-0.004972 0.003712 9.312500
-0.005019 0.003519 9.312500
-0.005103 0.003339 9.312500
-0.005163 0.003149 9.312500
-0.005247 0.002968 9.312500
-0.005377 0.002817 9.312500
-0.005485 0.002650 9.312500
-0.005622 0.002506 9.312500
-0.005733 0.002341 9.312500
-0.005868 0.002194 9.312500
-0.005983 0.002032 9.312500
-0.006136 0.001904 9.312500
-0.006253 0.001743 9.312500
-0.006398 0.001607 9.312500
-0.006525 0.001453 9.312500
-0.006673 0.001320 9.312500
-0.006803 0.001169 9.312500
-0.006947 0.001031 9.312500
-0.007077 0.000881 9.312500
-0.007215 0.000738 9.312500
-0.007351 0.000592 9.312500
-0.007483 0.000443 9.312500
-0.007619 0.000298 9.312500
-0.007759 0.000156 9.312500
-0.007795 -0.000040 9.312500
-0.007664 -0.000190 9.312500
-0.007528 -0.000335 9.312500
-0.007387 -0.000477 9.312500
-0.007251 -0.000621 9.312500
-0.007111 -0.000763 9.312500
-0.006986 -0.000918 9.312500
-0.006849 -0.001063 9.312500
-0.006716 -0.001211 9.312500
-0.006565 -0.001340 9.312500
-0.006430 -0.001487 9.312500
-0.006281 -0.001619 9.312500
-0.006157 -0.001774 9.312500
-0.006010 -0.001908 9.312500
-0.005895 -0.002071 9.312500
-0.005774 -0.002229 9.312500
-0.005674 -0.002401 9.312500
-0.005543 -0.002551 9.312500
-0.005436 -0.002719 9.312500
-0.005306 -0.002869 9.312500
-0.005206 -0.003042 9.312500
-0.005157 -0.003235 9.312500
-0.005069 -0.003413 9.312500
-0.005022 -0.003607 9.312500
-0.004944 -0.003790 9.312500
-0.004886 -0.003980 9.312500
-0.004813 -0.004166 9.312500
-0.004774 -0.004361 9.312500
-0.004704 -0.004547 9.312500
-0.004654 -0.004740 9.312500
-0.004584 -0.004926 9.312500
-0.004544 -0.005121 9.312500
-0.004478 -0.005309 9.312500
-0.004437 -0.005504 9.312500
-0.004371 -0.005692 9.312500
-0.004315 -0.005883 9.312500
-0.004255 -0.006073 9.312500
-0.004195 -0.006262 9.312500
-0.004136 -0.006452 9.312500
-0.004083 -0.006644 9.312500
-0.003929 -0.006771 9.312500
-0.003734 -0.006731 9.312500
-0.003539 -0.006688 9.312500
-0.003345 -0.006645 9.312500
-0.003151 -0.006600 9.312500
-0.002960 -0.006545 9.312500
-0.002768 -0.006491 9.312500
-0.002572 -0.006455 9.312500
-0.002377 -0.006418 9.312500
-0.002180 -0.006389 9.312500
-0.001987 -0.006340 9.312500
-0.001792 -0.006301 9.312500
-0.001601 -0.006244 9.312500
-0.001405 -0.006210 9.312500
-0.001215 -0.006151 9.312500
-0.001019 -0.006116 9.312500
-0.000822 -0.006087 9.312500
-0.000623 -0.006070 9.312500
-0.000425 -0.006050 9.312500
-0.000228 -0.006025 9.312500
-0.000029 -0.006026 9.312500
0.000165 -0.006073 9.312500
0.000362 -0.006099 9.312500
0.000557 -0.006140 9.312500
0.000752 -0.006181 9.312500
0.000948 -0.006210 9.312500
0.001142 -0.006258 9.312500
0.001336 -0.006302 9.312500
0.001526 -0.006362 9.312500
0.001722 -0.006395 9.312500
0.001912 -0.006453 9.312500
0.002108 -0.006492 9.312500
0.002300 -0.006544 9.312500
0.002493 -0.006591 9.312500
0.002687 -0.006637 9.312500
0.002882 -0.006679 9.312500
0.003075 -0.006726 9.312500
0.003270 -0.006767 9.312500
0.003464 -0.006809 9.312500
0.003658 -0.006856 9.312500
0.003843 -0.006785 9.312500
0.003904 -0.006595 9.312500
0.003960 -0.006404 9.312500
0.004018 -0.006214 9.312500
0.004078 -0.006024 9.312500
0.004135 -0.005833 9.312500
0.004179 -0.005639 9.312500
0.004241 -0.005450 9.312500
0.004294 -0.005258 9.312500
0.004372 -0.005075 9.312500
0.004424 -0.004883 9.312500
0.004510 -0.004703 9.312500
0.004553 -0.004509 9.312500
0.004628 -0.004324 9.312500
0.004683 -0.004133 9.312500
0.004771 -0.003955 9.312500
0.004850 -0.003772 9.312500
0.004965 -0.003609 9.312500
0.005028 -0.003421 9.312500
0.005118 -0.003243 9.312500
0.005191 -0.003058 9.312500
0.005310 -0.002898 9.312500
0.005440 -0.002747 9.312500
0.005556 -0.002586 9.312500
0.005699 -0.002446 9.312500
0.005814 -0.002285 9.312500
0.005954 -0.002143 9.312500
0.006079 -0.001988 9.312500
0.006236 -0.001865 9.312500
0.006356 -0.001706 9.312500
0.006508 -0.001578 9.312500
0.006634 -0.001424 9.312500
0.006782 -0.001290 9.312500
0.006914 -0.001141 9.312500
0.007055 -0.001001 9.312500
0.007187 -0.000852 9.312500
0.007327 -0.000710 9.312500
0.007459 -0.000561 9.312500
0.007592 -0.000413 9.312500
0.007728 -0.000268 9.312500
0.007757 -0.000071 9.312500

