0.006493 -0.000000 3.569444
0.006438 0.000155 3.569444
0.006336 0.000284 3.569444
0.006233 0.000412 3.569444
0.006129 0.000539 3.569444
0.006025 0.000666 3.569444
0.005924 0.000796 3.569444
0.005824 0.000927 3.569444
0.005720 0.001053 3.569444
0.005612 0.001178 3.569444
0.005510 0.001306 3.569444
0.005412 0.001438 3.569444
0.005313 0.001569 3.569444
0.005207 0.001694 3.569444
0.005099 0.001819 3.569444
0.004992 0.001943 3.569444
0.004895 0.002076 3.569444
0.004796 0.002208 3.569444
0.004700 0.002340 3.569444
0.004594 0.002467 3.569444
0.004486 0.002590 3.569444
0.004433 0.002746 3.569444
0.004377 0.002900 3.569444
0.004310 0.003050 3.569444
0.004246 0.003201 3.569444
0.004179 0.003351 3.569444
0.004125 0.003507 3.569444
0.004071 0.003662 3.569444
0.004016 0.003817 3.569444
0.003952 0.003968 3.569444
0.003886 0.004119 3.569444
0.003826 0.004272 3.569444
0.003772 0.004427 3.569444
0.003715 0.004581 3.569444
0.003652 0.004733 3.569444
0.003589 0.004884 3.569444
0.003531 0.005038 3.569444
0.003474 0.005192 3.569444
0.003413 0.005345 3.569444
0.003353 0.005498 3.569444
0.003246 0.005623 3.569444
0.003085 0.005653 3.569444
0.002922 0.005629 3.569444
0.002760 0.005604 3.569444
0.002598 0.005577 3.569444
0.002436 0.005550 3.569444
0.002273 0.005529 3.569444
0.002110 0.005507 3.569444
0.001948 0.005480 3.569444
0.001786 0.005449 3.569444
0.001624 0.005425 3.569444
0.001461 0.005406 3.569444
0.001297 0.005386 3.569444
0.001136 0.005356 3.569444
0.000974 0.005326 3.569444
0.000813 0.005295 3.569444
0.000650 0.005277 3.569444
0.000486 0.005258 3.569444
0.000323 0.005240 3.569444
0.000161 0.005212 3.569444
-0.000000 0.005179 3.569444
-0.000161 0.005212 3.569444
-0.000323 0.005240 3.569444
-0.000486 0.005258 3.569444
-0.000650 0.005277 3.569444
-0.000813 0.005295 3.569444
-0.000974 0.005326 3.569444
-0.001136 0.005356 3.569444
-0.001297 0.005386 3.569444
-0.001461 0.005406 3.569444
-0.001624 0.005425 3.569444
-0.001786 0.005449 3.569444
-0.001948 0.005480 3.569444
-0.002110 0.005507 3.569444
-0.002273 0.005529 3.569444
-0.002436 0.005550 3.569444
-0.002598 0.005577 3.569444
-0.002760 0.005604 3.569444
-0.002922 0.005629 3.569444
-0.003085 0.005653 3.569444
-0.003246 0.005623 3.569444
-0.003353 0.005498 3.569444
-0.003413 0.005345 3.569444
-0.003474 0.005192 3.569444
-0.003531 0.005038 3.569444
-0.003589 0.004884 3.569444
-0.003652 0.004733 3.569444
-0.003715 0.004581 3.569444
-0.003772 0.004427 3.569444
-0.003826 0.004272 3.569444
-0.003886 0.004119 3.569444
-0.003952 0.003968 3.569444
-0.004016 0.003817 3.569444
-0.004071 0.003662 3.569444
-0.004125 0.003507 3.569444
-0.004179 0.003351 3.569444
-0.004246 0.003201 3.569444
-0.004310 0.003050 3.569444
-0.004377 0.002900 3.569444
-0.004433 0.002746 3.569444
-0.004486 0.002590 3.569444
-0.004594 0.002467 3.569444
-0.004700 0.002340 3.569444
-0.004796 0.002208 3.569444
-0.004895 0.002076 3.569444
-0.004992 0.001943 3.569444
-0.005099 0.001819 3.569444
-0.005207 0.001694 3.569444
-0.005313 0.001569 3.569444
-0.005412 0.001438 3.569444
-0.005510 0.001306 3.569444
-0.005612 0.001178 3.569444
-0.005720 0.001053 3.569444
-0.005824 0.000927 3.569444
-0.005924 0.000796 3.569444
-0.006025 0.000666 3.569444
-0.006129 0.000539 3.569444
-0.006233 0.000412 3.569444
-0.006336 0.000284 3.569444
-0.006438 0.000155 3.569444
-0.006493 0.000000 3.569444
-0.006438 -0.000155 3.569444
-0.006336 -0.000284 3.569444
-0.006233 -0.000412 3.569444
-0.006129 -0.000539 3.569444
-0.006025 -0.000666 3.569444
-0.005924 -0.000796 3.569444
-0.005824 -0.000927 3.569444
-0.005720 -0.001053 3.569444
-0.005612 -0.001178 3.569444
-0.005510 -0.001306 3.569444
-0.005412 -0.001438 3.569444
-0.005313 -0.001569 3.569444
-0.005207 -0.001694 3.569444
-0.005099 -0.001819 3.569444
-0.004992 -0.001943 3.569444
-0.004895 -0.002076 3.569444
-0.004796 -0.002208 3.569444
-0.004700 -0.002340 3.569444
-0.004594 -0.002467 3.569444
-0.004486 -0.002590 3.569444
-0.004433 -0.002746 3.569444
-0.004377 -0.002900 3.569444
-0.004310 -0.003050 3.569444
-0.004246 -0.003201 3.569444
-0.004179 -0.003351 3.569444
-0.004125 -0.003507 3.569444
-0.004071 -0.003662 3.569444
-0.004016 -0.003817 3.569444
-0.003952 -0.003968 3.569444
-0.003886 -0.004119 3.569444
-0.003826 -0.004272 3.569444
-0.003772 -0.004427 3.569444
-0.003715 -0.004581 3.569444
-0.003652 -0.004733 3.569444
-0.003589 -0.004884 3.569444
-0.003531 -0.005038 3.569444
-0.003474 -0.005192 3.569444
-0.003413 -0.005345 3.569444
-0.003353 -0.005498 3.569444
-0.003246 -0.005623 3.569444
-0.003085 -0.005653 3.569444
-0.002922 -0.005629 3.569444
-0.002760 -0.005604 3.569444
-0.002598 -0.005577 3.569444
-0.002436 -0.005550 3.569444
-0.002273 -0.005529 3.569444
-0.002110 -0.005507 3.569444
-0.001948 -0.005480 3.569444
-0.001786 -0.005449 3.569444
-0.001624 -0.005425 3.569444
-0.001461 -0.005406 3.569444
-0.001297 -0.005386 3.569444
-0.001136 -0.005356 3.569444
-0.000974 -0.005326 3.569444
-0.000813 -0.005295 3.569444
-0.000650 -0.005277 3.569444
-0.000486 -0.005258 3.569444
-0.000323 -0.005240 3.569444
-0.000161 -0.005212 3.569444
0.000000 -0.005179 3.569444
0.000161 -0.005212 3.569444
0.000323 -0.005240 3.569444
0.000486 -0.005258 3.569444
0.000650 -0.005277 3.569444
0.000813 -0.005295 3.569444
0.000974 -0.005326 3.569444
0.001136 -0.005356 3.569444
0.001297 -0.005386 3.569444
0.001461 -0.005406 3.569444
0.001624 -0.005425 3.569444
0.001786 -0.005449 3.569444
0.001948 -0.005480 3.569444
0.002110 -0.005507 3.569444
0.002273 -0.005529 3.569444
0.002436 -0.005550 3.569444
0.002598 -0.005577 3.569444
0.002760 -0.005604 3.569444
0.002922 -0.005629 3.569444
0.003085 -0.005653 3.569444
0.003246 -0.005623 3.569444
0.003353 -0.005498 3.569444
0.003413 -0.005345 3.569444
0.003474 -0.005192 3.569444
0.003531 -0.005038 3.569444
0.003589 -0.004884 3.569444
0.003652 -0.004733 3.569444
0.003715 -0.004581 3.569444
0.003772 -0.004427 3.569444
0.003826 -0.004272 3.569444
0.003886 -0.004119 3.569444
0.003952 -0.003968 3.569444
0.004016 -0.003817 3.569444
0.004071 -0.003662 3.569444
0.004125 -0.003507 3.569444
0.004179 -0.003351 3.569444
0.004246 -0.003201 3.569444
0.004310 -0.003050 3.569444
0.004377 -0.002900 3.569444
0.004433 -0.002746 3.569444
0.004486 -0.002590 3.569444
0.004594 -0.002467 3.569444
0.004700 -0.002340 3.569444
0.004796 -0.002208 3.569444
0.004895 -0.002076 3.569444
0.004992 -0.001943 3.569444
0.005099 -0.001819 3.569444
0.005207 -0.001694 3.569444
0.005313 -0.001569 3.569444
0.005412 -0.001438 3.569444
0.005510 -0.001306 3.569444
0.005612 -0.001178 3.569444
0.005720 -0.001053 3.569444
0.005824 -0.000927 3.569444
0.005924 -0.000796 3.569444
0.006025 -0.000666 3.569444
0.006129 -0.000539 3.569444
0.006233 -0.000412 3.569444
0.006336 -0.000284 3.569444
0.006438 -0.000155 3.569444
0.006493 -0.000000 3.569444

