0.007574 -0.000082 8.479167
0.007441 0.000059 8.479167
0.007307 0.000199 8.479167
0.007176 0.000341 8.479167
0.007041 0.000480 8.479167
0.006912 0.000624 8.479167
0.006787 0.000773 8.479167
0.006659 0.000918 8.479167
0.006528 0.001060 8.479167
0.006404 0.001208 8.479167
0.006276 0.001354 8.479167
0.006163 0.001511 8.479167
0.006048 0.001667 8.479167
0.005960 0.001840 8.479167
0.005842 0.001993 8.479167
0.005745 0.002161 8.479167
0.005619 0.002308 8.479167
0.005517 0.002472 8.479167
0.005397 0.002624 8.479167
0.005290 0.002786 8.479167
0.005162 0.002930 8.479167
0.005080 0.003106 8.479167
0.005020 0.003290 8.479167
0.004932 0.003463 8.479167
0.004865 0.003644 8.479167
0.004783 0.003820 8.479167
0.004721 0.004003 8.479167
0.004626 0.004172 8.479167
0.004566 0.004356 8.479167
0.004488 0.004533 8.479167
0.004428 0.004717 8.479167
0.004358 0.004898 8.479167
0.004301 0.005083 8.479167
0.004243 0.005268 8.479167
0.004196 0.005455 8.479167
0.004142 0.005641 8.479167
0.004087 0.005827 8.479167
0.004034 0.006013 8.479167
0.003976 0.006198 8.479167
0.003918 0.006383 8.479167
0.003767 0.006504 8.479167
0.003579 0.006455 8.479167
0.003391 0.006411 8.479167
0.003201 0.006371 8.479167
0.003013 0.006326 8.479167
0.002825 0.006282 8.479167
0.002636 0.006239 8.479167
0.002448 0.006192 8.479167
0.002257 0.006158 8.479167
0.002066 0.006131 8.479167
0.001872 0.006119 8.479167
0.001680 0.006101 8.479167
0.001486 0.006094 8.479167
0.001294 0.006071 8.479167
0.001101 0.006082 8.479167
0.000911 0.006042 8.479167
0.000718 0.006030 8.479167
0.000527 0.005998 8.479167
0.000333 0.005990 8.479167
0.000144 0.005949 8.479167
-0.000049 0.005934 8.479167
-0.000238 0.005976 8.479167
-0.000431 0.005986 8.479167
-0.000623 0.006015 8.479167
-0.000816 0.006019 8.479167
-0.001006 0.006057 8.479167
-0.001200 0.006051 8.479167
-0.001393 0.006071 8.479167
-0.001586 0.006076 8.479167
-0.001776 0.006111 8.479167
-0.001969 0.006132 8.479167
-0.002158 0.006171 8.479167
-0.002350 0.006202 8.479167
-0.002540 0.006236 8.479167
-0.002732 0.006266 8.479167
-0.002923 0.006295 8.479167
-0.003112 0.006337 8.479167
-0.003299 0.006387 8.479167
-0.003488 0.006432 8.479167
-0.003676 0.006477 8.479167
-0.003864 0.006521 8.479167
-0.004013 0.006397 8.479167
-0.004071 0.006212 8.479167
-0.004128 0.006027 8.479167
-0.004180 0.005841 8.479167
-0.004236 0.005655 8.479167
-0.004288 0.005469 8.479167
-0.004336 0.005281 8.479167
-0.004393 0.005096 8.479167
-0.004446 0.004910 8.479167
-0.004505 0.004725 8.479167
-0.004556 0.004539 8.479167
-0.004621 0.004356 8.479167
-0.004669 0.004169 8.479167
-0.004757 0.003996 8.479167
-0.004804 0.003808 8.479167
-0.004886 0.003633 8.479167
-0.004945 0.003448 8.479167
-0.005034 0.003277 8.479167
-0.005088 0.003091 8.479167
-0.005174 0.002917 8.479167
-0.005307 0.002777 8.479167
-0.005413 0.002615 8.479167
-0.005540 0.002469 8.479167
-0.005644 0.002305 8.479167
-0.005781 0.002168 8.479167
-0.005882 0.002003 8.479167
-0.006010 0.001858 8.479167
-0.006127 0.001704 8.479167
-0.006263 0.001566 8.479167
-0.006383 0.001414 8.479167
-0.006517 0.001274 8.479167
-0.006645 0.001129 8.479167
-0.006780 0.000990 8.479167
-0.006916 0.000852 8.479167
-0.007047 0.000710 8.479167
-0.007180 0.000569 8.479167
-0.007315 0.000430 8.479167
-0.007445 0.000286 8.479167
-0.007576 0.000144 8.479167
-0.007607 -0.000047 8.479167
-0.007469 -0.000184 8.479167
-0.007335 -0.000323 8.479167
-0.007207 -0.000469 8.479167
-0.007079 -0.000613 8.479167
-0.006948 -0.000757 8.479167
-0.006812 -0.000894 8.479167
-0.006668 -0.001023 8.479167
-0.006533 -0.001162 8.479167
-0.006396 -0.001299 8.479167
-0.006274 -0.001449 8.479167
-0.006145 -0.001594 8.479167
-0.006035 -0.001753 8.479167
-0.005915 -0.001905 8.479167
-0.005825 -0.002077 8.479167
-0.005701 -0.002225 8.479167
-0.005590 -0.002384 8.479167
-0.005469 -0.002535 8.479167
-0.005365 -0.002698 8.479167
-0.005236 -0.002843 8.479167
-0.005128 -0.003003 8.479167
-0.005073 -0.003189 8.479167
-0.004990 -0.003364 8.479167
-0.004925 -0.003546 8.479167
-0.004846 -0.003723 8.479167
-0.004796 -0.003910 8.479167
-0.004717 -0.004087 8.479167
-0.004659 -0.004272 8.479167
-0.004588 -0.004452 8.479167
-0.004546 -0.004641 8.479167
-0.004477 -0.004822 8.479167
-0.004427 -0.005009 8.479167
-0.004364 -0.005192 8.479167
-0.004311 -0.005378 8.479167
-0.004261 -0.005565 8.479167
-0.004207 -0.005751 8.479167
-0.004151 -0.005936 8.479167
-0.004099 -0.006123 8.479167
-0.004039 -0.006307 8.479167
-0.003981 -0.006492 8.479167
-0.003832 -0.006616 8.479167
-0.003644 -0.006570 8.479167
-0.003457 -0.006522 8.479167
-0.003269 -0.006473 8.479167
-0.003082 -0.006425 8.479167
-0.002891 -0.006392 8.479167
-0.002699 -0.006365 8.479167
-0.002510 -0.006324 8.479167
-0.002322 -0.006278 8.479167
-0.002134 -0.006233 8.479167
-0.001947 -0.006183 8.479167
-0.001756 -0.006146 8.479167
-0.001568 -0.006102 8.479167
-0.001376 -0.006077 8.479167
-0.001184 -0.006052 8.479167
-0.000990 -0.006052 8.479167
-0.000799 -0.006021 8.479167
-0.000606 -0.006010 8.479167
-0.000413 -0.005989 8.479167
-0.000220 -0.005973 8.479167
-0.000029 -0.005943 8.479167
0.000163 -0.005969 8.479167
0.000353 -0.006003 8.479167
0.000546 -0.006022 8.479167
0.000736 -0.006059 8.479167
0.000928 -0.006089 8.479167
0.001116 -0.006133 8.479167
0.001309 -0.006153 8.479167
0.001496 -0.006203 8.479167
0.001685 -0.006244 8.479167
0.001873 -0.006291 8.479167
0.002061 -0.006336 8.479167
0.002249 -0.006381 8.479167
0.002438 -0.006424 8.479167
0.002625 -0.006474 8.479167
0.002813 -0.006520 8.479167
0.003002 -0.006563 8.479167
0.003190 -0.006611 8.479167
0.003378 -0.006654 8.479167
0.003568 -0.006695 8.479167
0.003749 -0.006628 8.479167
0.003804 -0.006442 8.479167
0.003858 -0.006256 8.479167
0.003913 -0.006071 8.479167
0.003962 -0.005883 8.479167
0.004018 -0.005698 8.479167
0.004085 -0.005516 8.479167
0.004154 -0.005335 8.479167
0.004217 -0.005152 8.479167
0.004286 -0.004971 8.479167
0.004343 -0.004786 8.479167
0.004414 -0.004606 8.479167
0.004471 -0.004421 8.479167
0.004571 -0.004255 8.479167
0.004641 -0.004075 8.479167
0.004737 -0.003906 8.479167
0.004802 -0.003724 8.479167
0.004904 -0.003560 8.479167
0.004967 -0.003377 8.479167
0.005054 -0.003204 8.479167
0.005112 -0.003019 8.479167
0.005221 -0.002859 8.479167
0.005354 -0.002719 8.479167
0.005460 -0.002556 8.479167
0.005589 -0.002412 8.479167
0.005699 -0.002253 8.479167
0.005839 -0.002119 8.479167
0.005943 -0.001956 8.479167
0.006083 -0.001822 8.479167
0.006206 -0.001672 8.479167
0.006345 -0.001538 8.479167
0.006474 -0.001393 8.479167
0.006610 -0.001255 8.479167
0.006740 -0.001112 8.479167
0.006878 -0.000976 8.479167
0.007012 -0.000836 8.479167
0.007144 -0.000695 8.479167
0.007280 -0.000557 8.479167
0.007412 -0.000416 8.479167
0.007543 -0.000273 8.479167
0.007574 -0.000082 8.479167

