0.008177 0.000000 11.517361
0.008034 0.000157 11.517361
0.007874 0.000299 11.517361
0.007727 0.000452 11.517361
0.007568 0.000594 11.517361
0.007422 0.000749 11.517361
0.007263 0.000890 11.517361
0.007132 0.001058 11.517361
0.006968 0.001194 11.517361
0.006839 0.001363 11.517361
0.006676 0.001500 11.517361
0.006534 0.001659 11.517361
0.006390 0.001816 11.517361
0.006255 0.001980 11.517361
0.006108 0.002134 11.517361
0.005957 0.002284 11.517361
0.005824 0.002450 11.517361
0.005678 0.002605 11.517361
0.005536 0.002764 11.517361
0.005427 0.002946 11.517361
0.005370 0.003152 11.517361
0.005290 0.003349 11.517361
0.005220 0.003550 11.517361
0.005176 0.003758 11.517361
0.005097 0.003956 11.517361
0.005051 0.004163 11.517361
0.004978 0.004364 11.517361
0.004933 0.004572 11.517361
0.004878 0.004777 11.517361
0.004803 0.004977 11.517361
0.004745 0.005181 11.517361
0.004672 0.005381 11.517361
0.004615 0.005586 11.517361
0.004536 0.005784 11.517361
0.004481 0.005990 11.517361
0.004393 0.006184 11.517361
0.004333 0.006388 11.517361
0.004240 0.006579 11.517361
0.004175 0.006782 11.517361
0.004091 0.006978 11.517361
0.003936 0.007123 11.517361
0.003738 0.007045 11.517361
0.003536 0.006978 11.517361
0.003336 0.006905 11.517361
0.003131 0.006847 11.517361
0.002928 0.006783 11.517361
0.002722 0.006728 11.517361
0.002515 0.006681 11.517361
0.002311 0.006618 11.517361
0.002103 0.006574 11.517361
0.001894 0.006534 11.517361
0.001692 0.006467 11.517361
0.001480 0.006447 11.517361
0.001297 0.006556 11.517361
0.001161 0.006719 11.517361
0.000983 0.006602 11.517361
0.000790 0.006513 11.517361
0.000590 0.006440 11.517361
0.000390 0.006368 11.517361
0.000185 0.006311 11.517361
-0.000021 0.006254 11.517361
-0.000228 0.006303 11.517361
-0.000426 0.006381 11.517361
-0.000631 0.006439 11.517361
-0.000822 0.006532 11.517361
-0.001009 0.006635 11.517361
-0.001124 0.006456 11.517361
-0.001328 0.006395 11.517361
-0.001539 0.006419 11.517361
-0.001747 0.006466 11.517361
-0.001947 0.006537 11.517361
-0.002158 0.006570 11.517361
-0.002359 0.006640 11.517361
-0.002568 0.006677 11.517361
-0.002776 0.006723 11.517361
-0.002980 0.006783 11.517361
-0.003187 0.006833 11.517361
-0.003385 0.006911 11.517361
-0.003590 0.006970 11.517361
-0.003782 0.007062 11.517361
-0.003976 0.007149 11.517361
-0.004148 0.007023 11.517361
-0.004230 0.006827 11.517361
-0.004300 0.006626 11.517361
-0.004398 0.006437 11.517361
-0.004464 0.006235 11.517361
-0.004561 0.006045 11.517361
-0.004613 0.005839 11.517361
-0.004700 0.005645 11.517361
-0.004748 0.005437 11.517361
-0.004828 0.005240 11.517361
-0.004880 0.005034 11.517361
-0.004959 0.004836 11.517361
-0.004999 0.004627 11.517361
-0.005065 0.004424 11.517361
-0.005129 0.004221 11.517361
-0.005180 0.004015 11.517361
-0.005252 0.003814 11.517361
-0.005277 0.003603 11.517361
-0.005367 0.003410 11.517361
-0.005397 0.003199 11.517361
-0.005483 0.003004 11.517361
-0.005641 0.002862 11.517361
-0.005767 0.002691 11.517361
-0.005929 0.002552 11.517361
-0.006069 0.002392 11.517361
-0.006205 0.002228 11.517361
-0.006364 0.002086 11.517361
-0.006503 0.001925 11.517361
-0.006661 0.001783 11.517361
-0.006789 0.001612 11.517361
-0.006950 0.001474 11.517361
-0.007080 0.001305 11.517361
-0.007240 0.001164 11.517361
-0.007374 0.000999 11.517361
-0.007535 0.000860 11.517361
-0.007678 0.000702 11.517361
-0.007840 0.000564 11.517361
-0.007980 0.000404 11.517361
-0.008131 0.000254 11.517361
-0.008179 0.000046 11.517361
-0.008029 -0.000105 11.517361
-0.007897 -0.000272 11.517361
-0.007754 -0.000430 11.517361
-0.007629 -0.000602 11.517361
-0.007488 -0.000762 11.517361
-0.007369 -0.000938 11.517361
-0.007219 -0.001090 11.517361
-0.007084 -0.001254 11.517361
-0.006922 -0.001393 11.517361
-0.006790 -0.001559 11.517361
-0.006643 -0.001714 11.517361
-0.006512 -0.001881 11.517361
-0.006347 -0.002016 11.517361
-0.006213 -0.002181 11.517361
-0.006053 -0.002321 11.517361
-0.005908 -0.002477 11.517361
-0.005758 -0.002628 11.517361
-0.005594 -0.002764 11.517361
-0.005486 -0.002947 11.517361
-0.005456 -0.003158 11.517361
-0.005372 -0.003354 11.517361
-0.005310 -0.003557 11.517361
-0.005264 -0.003765 11.517361
-0.005186 -0.003963 11.517361
-0.005152 -0.004173 11.517361
-0.005065 -0.004368 11.517361
-0.005035 -0.004578 11.517361
-0.004962 -0.004778 11.517361
-0.004914 -0.004986 11.517361
-0.004834 -0.005183 11.517361
-0.004785 -0.005390 11.517361
-0.004709 -0.005589 11.517361
-0.004661 -0.005797 11.517361
-0.004590 -0.005997 11.517361
-0.004545 -0.006205 11.517361
-0.004474 -0.006406 11.517361
-0.004430 -0.006614 11.517361
-0.004355 -0.006813 11.517361
-0.004309 -0.007021 11.517361
-0.004130 -0.007136 11.517361
-0.003924 -0.007085 11.517361
-0.003720 -0.007023 11.517361
-0.003511 -0.006983 11.517361
-0.003305 -0.006928 11.517361
-0.003096 -0.006887 11.517361
-0.002890 -0.006834 11.517361
-0.002679 -0.006806 11.517361
-0.002473 -0.006754 11.517361
-0.002264 -0.006712 11.517361
-0.002061 -0.006648 11.517361
-0.001855 -0.006593 11.517361
-0.001646 -0.006552 11.517361
-0.001438 -0.006511 11.517361
-0.001228 -0.006474 11.517361
-0.001020 -0.006431 11.517361
-0.000811 -0.006388 11.517361
-0.000601 -0.006352 11.517361
-0.000411 -0.006257 11.517361
-0.000198 -0.006243 11.517361
-0.000000 -0.006321 11.517361
0.000212 -0.006341 11.517361
0.000412 -0.006412 11.517361
0.000619 -0.006463 11.517361
0.000827 -0.006506 11.517361
0.001029 -0.006574 11.517361
0.001240 -0.006600 11.517361
0.001442 -0.006669 11.517361
0.001650 -0.006713 11.517361
0.001858 -0.006760 11.517361
0.002066 -0.006805 11.517361
0.002274 -0.006848 11.517361
0.002481 -0.006898 11.517361
0.002691 -0.006936 11.517361
0.002895 -0.006994 11.517361
0.003106 -0.007027 11.517361
0.003312 -0.007082 11.517361
0.003522 -0.007112 11.517361
0.003731 -0.007152 11.517361
0.003941 -0.007190 11.517361
0.004135 -0.007102 11.517361
0.004184 -0.006895 11.517361
0.004214 -0.006684 11.517361
0.004278 -0.006481 11.517361
0.004318 -0.006272 11.517361
0.004391 -0.006072 11.517361
0.004428 -0.005862 11.517361
0.004511 -0.005667 11.517361
0.004558 -0.005459 11.517361
0.004628 -0.005258 11.517361
0.004681 -0.005052 11.517361
0.004736 -0.004846 11.517361
0.004806 -0.004645 11.517361
0.004843 -0.004435 11.517361
0.004943 -0.004247 11.517361
0.004971 -0.004036 11.517361
0.005078 -0.003853 11.517361
0.005284 -0.003799 11.517361
0.005345 -0.003595 11.517361
0.005338 -0.003382 11.517361
0.005400 -0.003179 11.517361
0.005549 -0.003027 11.517361
0.005678 -0.002857 11.517361
0.005841 -0.002720 11.517361
0.005980 -0.002559 11.517361
0.006136 -0.002414 11.517361
0.006278 -0.002255 11.517361
0.006418 -0.002095 11.517361
0.006577 -0.001954 11.517361
0.006714 -0.001791 11.517361
0.006866 -0.001641 11.517361
0.006998 -0.001474 11.517361
0.007155 -0.001331 11.517361
0.007281 -0.001159 11.517361
0.007440 -0.001018 11.517361
0.007565 -0.000846 11.517361
0.007721 -0.000700 11.517361
0.007847 -0.000529 11.517361
0.007993 -0.000374 11.517361
0.008123 -0.000206 11.517361
0.008177 0.000000 11.517361

