0.007476 -0.000082 8.079861
0.007344 0.000055 8.079861
0.007213 0.000195 8.079861
0.007084 0.000335 8.079861
0.006956 0.000476 8.079861
0.006834 0.000624 8.079861
0.006708 0.000766 8.079861
0.006579 0.000908 8.079861
0.006457 0.001054 8.079861
0.006341 0.001206 8.079861
0.006228 0.001359 8.079861
0.006124 0.001519 8.079861
0.006015 0.001676 8.079861
0.005925 0.001844 8.079861
0.005810 0.001996 8.079861
0.005706 0.002156 8.079861
0.005582 0.002302 8.079861
0.005485 0.002466 8.079861
0.005359 0.002609 8.079861
0.005248 0.002764 8.079861
0.005121 0.002906 8.079861
0.005039 0.003079 8.079861
0.004982 0.003261 8.079861
0.004902 0.003434 8.079861
0.004837 0.003614 8.079861
0.004748 0.003782 8.079861
0.004694 0.003965 8.079861
0.004608 0.004136 8.079861
0.004536 0.004312 8.079861
0.004456 0.004486 8.079861
0.004390 0.004664 8.079861
0.004318 0.004841 8.079861
0.004254 0.005021 8.079861
0.004189 0.005200 8.079861
0.004135 0.005383 8.079861
0.004085 0.005568 8.079861
0.004031 0.005750 8.079861
0.003980 0.005934 8.079861
0.003928 0.006118 8.079861
0.003871 0.006300 8.079861
0.003720 0.006417 8.079861
0.003535 0.006372 8.079861
0.003348 0.006333 8.079861
0.003162 0.006289 8.079861
0.002977 0.006243 8.079861
0.002790 0.006203 8.079861
0.002604 0.006162 8.079861
0.002415 0.006132 8.079861
0.002225 0.006118 8.079861
0.002035 0.006105 8.079861
0.001844 0.006094 8.079861
0.001654 0.006077 8.079861
0.001464 0.006067 8.079861
0.001274 0.006049 8.079861
0.001083 0.006042 8.079861
0.000897 0.005999 8.079861
0.000706 0.005995 8.079861
0.000519 0.005960 8.079861
0.000329 0.005944 8.079861
0.000143 0.005901 8.079861
-0.000048 0.005887 8.079861
-0.000234 0.005928 8.079861
-0.000424 0.005944 8.079861
-0.000611 0.005984 8.079861
-0.000801 0.005985 8.079861
-0.000989 0.006020 8.079861
-0.001180 0.006030 8.079861
-0.001369 0.006051 8.079861
-0.001560 0.006049 8.079861
-0.001750 0.006069 8.079861
-0.001940 0.006084 8.079861
-0.002129 0.006111 8.079861
-0.002317 0.006140 8.079861
-0.002505 0.006173 8.079861
-0.002693 0.006208 8.079861
-0.002881 0.006237 8.079861
-0.003071 0.006262 8.079861
-0.003257 0.006301 8.079861
-0.003443 0.006345 8.079861
-0.003628 0.006390 8.079861
-0.003814 0.006436 8.079861
-0.003963 0.006318 8.079861
-0.004019 0.006136 8.079861
-0.004070 0.005952 8.079861
-0.004123 0.005768 8.079861
-0.004176 0.005585 8.079861
-0.004224 0.005400 8.079861
-0.004277 0.005217 8.079861
-0.004335 0.005035 8.079861
-0.004387 0.004852 8.079861
-0.004445 0.004670 8.079861
-0.004502 0.004488 8.079861
-0.004570 0.004309 8.079861
-0.004635 0.004130 8.079861
-0.004714 0.003956 8.079861
-0.004762 0.003772 8.079861
-0.004851 0.003603 8.079861
-0.004909 0.003421 8.079861
-0.004993 0.003250 8.079861
-0.005045 0.003066 8.079861
-0.005130 0.002895 8.079861
-0.005261 0.002757 8.079861
-0.005368 0.002599 8.079861
-0.005500 0.002461 8.079861
-0.005597 0.002297 8.079861
-0.005727 0.002157 8.079861
-0.005837 0.002001 8.079861
-0.005958 0.001853 8.079861
-0.006065 0.001696 8.079861
-0.006191 0.001553 8.079861
-0.006312 0.001405 8.079861
-0.006438 0.001262 8.079861
-0.006563 0.001118 8.079861
-0.006690 0.000975 8.079861
-0.006823 0.000838 8.079861
-0.006956 0.000701 8.079861
-0.007085 0.000560 8.079861
-0.007218 0.000424 8.079861
-0.007349 0.000286 8.079861
-0.007479 0.000145 8.079861
-0.007503 -0.000044 8.079861
-0.007370 -0.000181 8.079861
-0.007245 -0.000325 8.079861
-0.007119 -0.000468 8.079861
-0.006986 -0.000605 8.079861
-0.006851 -0.000740 8.079861
-0.006711 -0.000869 8.079861
-0.006575 -0.001003 8.079861
-0.006449 -0.001147 8.079861
-0.006326 -0.001292 8.079861
-0.006213 -0.001446 8.079861
-0.006096 -0.001597 8.079861
-0.005994 -0.001758 8.079861
-0.005881 -0.001912 8.079861
-0.005782 -0.002075 8.079861
-0.005654 -0.002216 8.079861
-0.005551 -0.002377 8.079861
-0.005432 -0.002526 8.079861
-0.005321 -0.002681 8.079861
-0.005192 -0.002822 8.079861
-0.005084 -0.002979 8.079861
-0.005026 -0.003161 8.079861
-0.004950 -0.003336 8.079861
-0.004890 -0.003517 8.079861
-0.004804 -0.003687 8.079861
-0.004748 -0.003870 8.079861
-0.004674 -0.004046 8.079861
-0.004617 -0.004228 8.079861
-0.004538 -0.004401 8.079861
-0.004488 -0.004585 8.079861
-0.004423 -0.004765 8.079861
-0.004370 -0.004948 8.079861
-0.004311 -0.005130 8.079861
-0.004252 -0.005311 8.079861
-0.004198 -0.005494 8.079861
-0.004149 -0.005678 8.079861
-0.004094 -0.005861 8.079861
-0.004043 -0.006045 8.079861
-0.003990 -0.006228 8.079861
-0.003932 -0.006410 8.079861
-0.003781 -0.006527 8.079861
-0.003597 -0.006477 8.079861
-0.003412 -0.006431 8.079861
-0.003225 -0.006390 8.079861
-0.003037 -0.006359 8.079861
-0.002848 -0.006331 8.079861
-0.002663 -0.006287 8.079861
-0.002479 -0.006237 8.079861
-0.002293 -0.006193 8.079861
-0.002107 -0.006149 8.079861
-0.001921 -0.006110 8.079861
-0.001732 -0.006080 8.079861
-0.001543 -0.006053 8.079861
-0.001352 -0.006047 8.079861
-0.001162 -0.006030 8.079861
-0.000972 -0.006016 8.079861
-0.000784 -0.005986 8.079861
-0.000593 -0.005981 8.079861
-0.000405 -0.005949 8.079861
-0.000215 -0.005928 8.079861
-0.000027 -0.005894 8.079861
0.000162 -0.005916 8.079861
0.000349 -0.005954 8.079861
0.000539 -0.005975 8.079861
0.000727 -0.006007 8.079861
0.000917 -0.006025 8.079861
0.001102 -0.006072 8.079861
0.001291 -0.006096 8.079861
0.001479 -0.006129 8.079861
0.001666 -0.006166 8.079861
0.001852 -0.006209 8.079861
0.002038 -0.006253 8.079861
0.002223 -0.006299 8.079861
0.002409 -0.006341 8.079861
0.002594 -0.006385 8.079861
0.002779 -0.006434 8.079861
0.002965 -0.006478 8.079861
0.003150 -0.006524 8.079861
0.003335 -0.006571 8.079861
0.003521 -0.006612 8.079861
0.003698 -0.006541 8.079861
0.003750 -0.006358 8.079861
0.003803 -0.006174 8.079861
0.003856 -0.005991 8.079861
0.003912 -0.005809 8.079861
0.003983 -0.005631 8.079861
0.004051 -0.005453 8.079861
0.004113 -0.005273 8.079861
0.004175 -0.005092 8.079861
0.004240 -0.004913 8.079861
0.004302 -0.004732 8.079861
0.004379 -0.004558 8.079861
0.004453 -0.004382 8.079861
0.004555 -0.004221 8.079861
0.004625 -0.004043 8.079861
0.004714 -0.003875 8.079861
0.004777 -0.003694 8.079861
0.004876 -0.003531 8.079861
0.004931 -0.003348 8.079861
0.005015 -0.003177 8.079861
0.005070 -0.002994 8.079861
0.005176 -0.002835 8.079861
0.005308 -0.002698 8.079861
0.005416 -0.002541 8.079861
0.005546 -0.002400 8.079861
0.005645 -0.002237 8.079861
0.005782 -0.002105 8.079861
0.005891 -0.001948 8.079861
0.006016 -0.001804 8.079861
0.006134 -0.001654 8.079861
0.006265 -0.001516 8.079861
0.006392 -0.001374 8.079861
0.006526 -0.001237 8.079861
0.006654 -0.001096 8.079861
0.006786 -0.000958 8.079861
0.006921 -0.000823 8.079861
0.007052 -0.000684 8.079861
0.007184 -0.000546 8.079861
0.007318 -0.000411 8.079861
0.007448 -0.000271 8.079861
0.007476 -0.000082 8.079861

