0.008131 0.000001 11.237847
0.007982 0.000150 11.237847
0.007823 0.000290 11.237847
0.007677 0.000442 11.237847
0.007519 0.000583 11.237847
0.007376 0.000738 11.237847
0.007222 0.000883 11.237847
0.007090 0.001048 11.237847
0.006928 0.001184 11.237847
0.006799 0.001351 11.237847
0.006634 0.001483 11.237847
0.006500 0.001647 11.237847
0.006359 0.001803 11.237847
0.006223 0.001965 11.237847
0.006072 0.002113 11.237847
0.005928 0.002268 11.237847
0.005796 0.002433 11.237847
0.005651 0.002586 11.237847
0.005523 0.002754 11.237847
0.005409 0.002932 11.237847
0.005343 0.003133 11.237847
0.005269 0.003331 11.237847
0.005188 0.003526 11.237847
0.005146 0.003733 11.237847
0.005069 0.003930 11.237847
0.005020 0.004135 11.237847
0.004948 0.004334 11.237847
0.004896 0.004538 11.237847
0.004850 0.004745 11.237847
0.004778 0.004943 11.237847
0.004721 0.005147 11.237847
0.004647 0.005345 11.237847
0.004593 0.005549 11.237847
0.004514 0.005745 11.237847
0.004464 0.005950 11.237847
0.004379 0.006143 11.237847
0.004321 0.006347 11.237847
0.004232 0.006538 11.237847
0.004163 0.006738 11.237847
0.004082 0.006933 11.237847
0.003921 0.007070 11.237847
0.003725 0.006990 11.237847
0.003524 0.006924 11.237847
0.003325 0.006854 11.237847
0.003121 0.006799 11.237847
0.002919 0.006736 11.237847
0.002714 0.006686 11.237847
0.002509 0.006636 11.237847
0.002306 0.006576 11.237847
0.002098 0.006539 11.237847
0.001892 0.006492 11.237847
0.001689 0.006433 11.237847
0.001480 0.006407 11.237847
0.001291 0.006503 11.237847
0.001152 0.006662 11.237847
0.000981 0.006538 11.237847
0.000786 0.006456 11.237847
0.000587 0.006386 11.237847
0.000386 0.006318 11.237847
0.000182 0.006266 11.237847
-0.000023 0.006213 11.237847
-0.000229 0.006257 11.237847
-0.000427 0.006331 11.237847
-0.000631 0.006387 11.237847
-0.000825 0.006471 11.237847
-0.001000 0.006589 11.237847
-0.001124 0.006418 11.237847
-0.001328 0.006361 11.237847
-0.001537 0.006391 11.237847
-0.001746 0.006423 11.237847
-0.001944 0.006496 11.237847
-0.002153 0.006530 11.237847
-0.002353 0.006597 11.237847
-0.002559 0.006642 11.237847
-0.002767 0.006681 11.237847
-0.002970 0.006739 11.237847
-0.003177 0.006784 11.237847
-0.003374 0.006859 11.237847
-0.003578 0.006916 11.237847
-0.003771 0.007000 11.237847
-0.003962 0.007091 11.237847
-0.004139 0.006976 11.237847
-0.004222 0.006782 11.237847
-0.004299 0.006585 11.237847
-0.004392 0.006395 11.237847
-0.004456 0.006194 11.237847
-0.004547 0.006003 11.237847
-0.004595 0.005798 11.237847
-0.004681 0.005604 11.237847
-0.004725 0.005398 11.237847
-0.004806 0.005203 11.237847
-0.004855 0.004997 11.237847
-0.004930 0.004800 11.237847
-0.004966 0.004592 11.237847
-0.005039 0.004393 11.237847
-0.005096 0.004190 11.237847
-0.005150 0.003985 11.237847
-0.005216 0.003785 11.237847
-0.005250 0.003576 11.237847
-0.005339 0.003385 11.237847
-0.005368 0.003176 11.237847
-0.005457 0.002984 11.237847
-0.005614 0.002843 11.237847
-0.005739 0.002673 11.237847
-0.005893 0.002528 11.237847
-0.006041 0.002377 11.237847
-0.006172 0.002211 11.237847
-0.006327 0.002068 11.237847
-0.006465 0.001908 11.237847
-0.006626 0.001771 11.237847
-0.006753 0.001602 11.237847
-0.006912 0.001463 11.237847
-0.007041 0.001296 11.237847
-0.007198 0.001155 11.237847
-0.007332 0.000991 11.237847
-0.007489 0.000850 11.237847
-0.007630 0.000692 11.237847
-0.007791 0.000556 11.237847
-0.007933 0.000400 11.237847
-0.008083 0.000251 11.237847
-0.008131 0.000045 11.237847
-0.007986 -0.000109 11.237847
-0.007857 -0.000276 11.237847
-0.007718 -0.000435 11.237847
-0.007595 -0.000606 11.237847
-0.007456 -0.000766 11.237847
-0.007333 -0.000937 11.237847
-0.007179 -0.001082 11.237847
-0.007042 -0.001243 11.237847
-0.006884 -0.001383 11.237847
-0.006757 -0.001551 11.237847
-0.006609 -0.001703 11.237847
-0.006474 -0.001865 11.237847
-0.006310 -0.001999 11.237847
-0.006178 -0.002163 11.237847
-0.006015 -0.002298 11.237847
-0.005874 -0.002455 11.237847
-0.005721 -0.002601 11.237847
-0.005572 -0.002751 11.237847
-0.005463 -0.002932 11.237847
-0.005423 -0.003139 11.237847
-0.005348 -0.003337 11.237847
-0.005274 -0.003535 11.237847
-0.005233 -0.003742 11.237847
-0.005154 -0.003938 11.237847
-0.005124 -0.004147 11.237847
-0.005038 -0.004340 11.237847
-0.005001 -0.004548 11.237847
-0.004931 -0.004747 11.237847
-0.004887 -0.004954 11.237847
-0.004809 -0.005150 11.237847
-0.004759 -0.005356 11.237847
-0.004683 -0.005553 11.237847
-0.004634 -0.005758 11.237847
-0.004562 -0.005957 11.237847
-0.004518 -0.006163 11.237847
-0.004447 -0.006363 11.237847
-0.004405 -0.006570 11.237847
-0.004332 -0.006768 11.237847
-0.004281 -0.006973 11.237847
-0.004106 -0.007091 11.237847
-0.003901 -0.007037 11.237847
-0.003698 -0.006981 11.237847
-0.003490 -0.006942 11.237847
-0.003286 -0.006887 11.237847
-0.003078 -0.006848 11.237847
-0.002873 -0.006800 11.237847
-0.002664 -0.006770 11.237847
-0.002460 -0.006712 11.237847
-0.002254 -0.006667 11.237847
-0.002053 -0.006602 11.237847
-0.001847 -0.006555 11.237847
-0.001639 -0.006519 11.237847
-0.001432 -0.006478 11.237847
-0.001224 -0.006441 11.237847
-0.001017 -0.006395 11.237847
-0.000810 -0.006354 11.237847
-0.000604 -0.006308 11.237847
-0.000410 -0.006223 11.237847
-0.000199 -0.006211 11.237847
-0.000002 -0.006286 11.237847
0.000208 -0.006308 11.237847
0.000411 -0.006366 11.237847
0.000615 -0.006424 11.237847
0.000822 -0.006462 11.237847
0.001021 -0.006535 11.237847
0.001230 -0.006563 11.237847
0.001433 -0.006623 11.237847
0.001638 -0.006673 11.237847
0.001844 -0.006720 11.237847
0.002050 -0.006766 11.237847
0.002257 -0.006807 11.237847
0.002462 -0.006859 11.237847
0.002670 -0.006894 11.237847
0.002873 -0.006954 11.237847
0.003082 -0.006988 11.237847
0.003286 -0.007043 11.237847
0.003494 -0.007078 11.237847
0.003702 -0.007117 11.237847
0.003910 -0.007152 11.237847
0.004100 -0.007061 11.237847
0.004145 -0.006854 11.237847
0.004180 -0.006646 11.237847
0.004246 -0.006445 11.237847
0.004288 -0.006238 11.237847
0.004360 -0.006040 11.237847
0.004402 -0.005833 11.237847
0.004486 -0.005639 11.237847
0.004525 -0.005431 11.237847
0.004596 -0.005232 11.237847
0.004645 -0.005027 11.237847
0.004705 -0.004824 11.237847
0.004770 -0.004623 11.237847
0.004821 -0.004418 11.237847
0.004917 -0.004230 11.237847
0.004947 -0.004021 11.237847
0.005054 -0.003839 11.237847
0.005251 -0.003761 11.237847
0.005301 -0.003556 11.237847
0.005299 -0.003345 11.237847
0.005373 -0.003147 11.237847
0.005527 -0.003003 11.237847
0.005653 -0.002833 11.237847
0.005811 -0.002692 11.237847
0.005951 -0.002534 11.237847
0.006104 -0.002389 11.237847
0.006250 -0.002236 11.237847
0.006385 -0.002073 11.237847
0.006543 -0.001933 11.237847
0.006681 -0.001773 11.237847
0.006834 -0.001627 11.237847
0.006963 -0.001460 11.237847
0.007121 -0.001320 11.237847
0.007246 -0.001150 11.237847
0.007404 -0.001009 11.237847
0.007530 -0.000840 11.237847
0.007683 -0.000694 11.237847
0.007812 -0.000527 11.237847
0.007956 -0.000372 11.237847
0.008086 -0.000206 11.237847
0.008131 0.000001 11.237847

