0.006970 -0.000007 6.043403
0.006889 0.000149 6.043403
0.006794 0.000297 6.043403
0.006690 0.000440 6.043403
0.006587 0.000582 6.043403
0.006483 0.000725 6.043403
0.006374 0.000863 6.043403
0.006265 0.001001 6.043403
0.006154 0.001138 6.043403
0.006049 0.001279 6.043403
0.005940 0.001418 6.043403
0.005826 0.001552 6.043403
0.005716 0.001689 6.043403
0.005607 0.001828 6.043403
0.005500 0.001968 6.043403
0.005391 0.002106 6.043403
0.005275 0.002239 6.043403
0.005164 0.002375 6.043403
0.005060 0.002518 6.043403
0.004952 0.002656 6.043403
0.004840 0.002792 6.043403
0.004777 0.002957 6.043403
0.004712 0.003121 6.043403
0.004640 0.003282 6.043403
0.004578 0.003446 6.043403
0.004521 0.003613 6.043403
0.004456 0.003776 6.043403
0.004388 0.003939 6.043403
0.004322 0.004102 6.043403
0.004258 0.004266 6.043403
0.004200 0.004433 6.043403
0.004133 0.004596 6.043403
0.004064 0.004758 6.043403
0.004002 0.004922 6.043403
0.003936 0.005086 6.043403
0.003873 0.005250 6.043403
0.003803 0.005412 6.043403
0.003734 0.005574 6.043403
0.003668 0.005737 6.043403
0.003596 0.005898 6.043403
0.003487 0.006036 6.043403
0.003312 0.006056 6.043403
0.003136 0.006041 6.043403
0.002961 0.006019 6.043403
0.002787 0.005998 6.043403
0.002612 0.005979 6.043403
0.002437 0.005952 6.043403
0.002263 0.005927 6.043403
0.002089 0.005899 6.043403
0.001914 0.005878 6.043403
0.001740 0.005853 6.043403
0.001567 0.005821 6.043403
0.001393 0.005794 6.043403
0.001218 0.005770 6.043403
0.001044 0.005747 6.043403
0.000869 0.005722 6.043403
0.000697 0.005688 6.043403
0.000523 0.005660 6.043403
0.000348 0.005641 6.043403
0.000173 0.005616 6.043403
-0.000001 0.005588 6.043403
-0.000174 0.005616 6.043403
-0.000349 0.005641 6.043403
-0.000524 0.005660 6.043403
-0.000698 0.005688 6.043403
-0.000870 0.005722 6.043403
-0.001045 0.005747 6.043403
-0.001219 0.005770 6.043403
-0.001394 0.005795 6.043403
-0.001568 0.005821 6.043403
-0.001741 0.005853 6.043403
-0.001916 0.005878 6.043403
-0.002090 0.005898 6.043403
-0.002264 0.005926 6.043403
-0.002439 0.005951 6.043403
-0.002613 0.005977 6.043403
-0.002788 0.005995 6.043403
-0.002963 0.006013 6.043403
-0.003138 0.006031 6.043403
-0.003314 0.006039 6.043403
-0.003490 0.006033 6.043403
-0.003611 0.005905 6.043403
-0.003677 0.005742 6.043403
-0.003739 0.005577 6.043403
-0.003806 0.005414 6.043403
-0.003874 0.005252 6.043403
-0.003937 0.005087 6.043403
-0.004002 0.004923 6.043403
-0.004064 0.004759 6.043403
-0.004133 0.004597 6.043403
-0.004199 0.004433 6.043403
-0.004258 0.004267 6.043403
-0.004322 0.004103 6.043403
-0.004388 0.003940 6.043403
-0.004455 0.003777 6.043403
-0.004521 0.003614 6.043403
-0.004577 0.003447 6.043403
-0.004640 0.003282 6.043403
-0.004711 0.003121 6.043403
-0.004777 0.002958 6.043403
-0.004839 0.002793 6.043403
-0.004951 0.002657 6.043403
-0.005060 0.002518 6.043403
-0.005163 0.002376 6.043403
-0.005275 0.002239 6.043403
-0.005391 0.002107 6.043403
-0.005500 0.001969 6.043403
-0.005607 0.001829 6.043403
-0.005715 0.001690 6.043403
-0.005825 0.001553 6.043403
-0.005940 0.001419 6.043403
-0.006048 0.001280 6.043403
-0.006154 0.001139 6.043403
-0.006265 0.001003 6.043403
-0.006374 0.000864 6.043403
-0.006485 0.000727 6.043403
-0.006590 0.000586 6.043403
-0.006696 0.000446 6.043403
-0.006805 0.000307 6.043403
-0.006909 0.000164 6.043403
-0.006971 -0.000000 6.043403
-0.006898 -0.000161 6.043403
-0.006798 -0.000306 6.043403
-0.006692 -0.000446 6.043403
-0.006587 -0.000588 6.043403
-0.006482 -0.000729 6.043403
-0.006372 -0.000867 6.043403
-0.006263 -0.001005 6.043403
-0.006152 -0.001142 6.043403
-0.006046 -0.001283 6.043403
-0.005938 -0.001422 6.043403
-0.005823 -0.001555 6.043403
-0.005713 -0.001693 6.043403
-0.005605 -0.001832 6.043403
-0.005498 -0.001971 6.043403
-0.005389 -0.002110 6.043403
-0.005272 -0.002242 6.043403
-0.005161 -0.002379 6.043403
-0.005058 -0.002521 6.043403
-0.004949 -0.002660 6.043403
-0.004838 -0.002796 6.043403
-0.004776 -0.002961 6.043403
-0.004710 -0.003125 6.043403
-0.004639 -0.003286 6.043403
-0.004576 -0.003450 6.043403
-0.004520 -0.003617 6.043403
-0.004454 -0.003780 6.043403
-0.004387 -0.003943 6.043403
-0.004321 -0.004106 6.043403
-0.004257 -0.004270 6.043403
-0.004198 -0.004437 6.043403
-0.004132 -0.004600 6.043403
-0.004063 -0.004762 6.043403
-0.004001 -0.004927 6.043403
-0.003936 -0.005091 6.043403
-0.003874 -0.005255 6.043403
-0.003806 -0.005418 6.043403
-0.003741 -0.005581 6.043403
-0.003680 -0.005747 6.043403
-0.003617 -0.005911 6.043403
-0.003490 -0.006033 6.043403
-0.003314 -0.006030 6.043403
-0.003138 -0.006026 6.043403
-0.002963 -0.006010 6.043403
-0.002787 -0.005993 6.043403
-0.002612 -0.005976 6.043403
-0.002438 -0.005950 6.043403
-0.002263 -0.005926 6.043403
-0.002089 -0.005898 6.043403
-0.001914 -0.005877 6.043403
-0.001740 -0.005853 6.043403
-0.001567 -0.005821 6.043403
-0.001393 -0.005794 6.043403
-0.001218 -0.005770 6.043403
-0.001044 -0.005747 6.043403
-0.000869 -0.005722 6.043403
-0.000697 -0.005687 6.043403
-0.000523 -0.005660 6.043403
-0.000348 -0.005641 6.043403
-0.000173 -0.005616 6.043403
0.000001 -0.005588 6.043403
0.000174 -0.005616 6.043403
0.000349 -0.005641 6.043403
0.000524 -0.005660 6.043403
0.000698 -0.005688 6.043403
0.000870 -0.005722 6.043403
0.001045 -0.005747 6.043403
0.001219 -0.005770 6.043403
0.001394 -0.005795 6.043403
0.001568 -0.005821 6.043403
0.001741 -0.005854 6.043403
0.001915 -0.005878 6.043403
0.002090 -0.005900 6.043403
0.002264 -0.005928 6.043403
0.002438 -0.005954 6.043403
0.002612 -0.005983 6.043403
0.002787 -0.006005 6.043403
0.002961 -0.006031 6.043403
0.003134 -0.006061 6.043403
0.003308 -0.006090 6.043403
0.003477 -0.006041 6.043403
0.003562 -0.005886 6.043403
0.003647 -0.005732 6.043403
0.003722 -0.005573 6.043403
0.003795 -0.005413 6.043403
0.003868 -0.005252 6.043403
0.003933 -0.005089 6.043403
0.003999 -0.004925 6.043403
0.004062 -0.004761 6.043403
0.004132 -0.004599 6.043403
0.004198 -0.004436 6.043403
0.004256 -0.004270 6.043403
0.004321 -0.004106 6.043403
0.004387 -0.003943 6.043403
0.004454 -0.003780 6.043403
0.004520 -0.003616 6.043403
0.004576 -0.003450 6.043403
0.004639 -0.003285 6.043403
0.004710 -0.003124 6.043403
0.004776 -0.002961 6.043403
0.004838 -0.002796 6.043403
0.004949 -0.002659 6.043403
0.005058 -0.002521 6.043403
0.005162 -0.002378 6.043403
0.005273 -0.002242 6.043403
0.005389 -0.002109 6.043403
0.005498 -0.001971 6.043403
0.005605 -0.001831 6.043403
0.005714 -0.001692 6.043403
0.005823 -0.001555 6.043403
0.005938 -0.001421 6.043403
0.006047 -0.001282 6.043403
0.006153 -0.001142 6.043403
0.006264 -0.001005 6.043403
0.006373 -0.000867 6.043403
0.006484 -0.000730 6.043403
0.006591 -0.000590 6.043403
0.006698 -0.000451 6.043403
0.006809 -0.000314 6.043403
0.006918 -0.000175 6.043403
0.006970 -0.000007 6.043403

