0.005294 -0.000000 0.755208
0.005291 0.000136 0.755208
0.005283 0.000272 0.755208
0.005269 0.000407 0.755208
0.005249 0.000541 0.755208
0.005223 0.000675 0.755208
0.005189 0.000806 0.755208
0.005148 0.000936 0.755208
0.005100 0.001063 0.755208
0.005047 0.001188 0.755208
0.004990 0.001312 0.755208
0.004931 0.001435 0.755208
0.004870 0.001556 0.755208
0.004806 0.001676 0.755208
0.004740 0.001795 0.755208
0.004672 0.001913 0.755208
0.004604 0.002030 0.755208
0.004536 0.002148 0.755208
0.004468 0.002266 0.755208
0.004400 0.002383 0.755208
0.004332 0.002501 0.755208
0.004264 0.002619 0.755208
0.004196 0.002737 0.755208
0.004128 0.002854 0.755208
0.004060 0.002972 0.755208
0.003992 0.003090 0.755208
0.003924 0.003207 0.755208
0.003854 0.003324 0.755208
0.003782 0.003440 0.755208
0.003708 0.003553 0.755208
0.003631 0.003666 0.755208
0.003552 0.003776 0.755208
0.003470 0.003885 0.755208
0.003384 0.003990 0.755208
0.003293 0.004091 0.755208
0.003196 0.004186 0.755208
0.003094 0.004275 0.755208
0.002987 0.004360 0.755208
0.002877 0.004439 0.755208
0.002763 0.004514 0.755208
0.002647 0.004585 0.755208
0.002528 0.004650 0.755208
0.002406 0.004711 0.755208
0.002282 0.004767 0.755208
0.002156 0.004817 0.755208
0.002027 0.004861 0.755208
0.001896 0.004897 0.755208
0.001763 0.004926 0.755208
0.001629 0.004948 0.755208
0.001494 0.004965 0.755208
0.001359 0.004978 0.755208
0.001223 0.004988 0.755208
0.001088 0.004995 0.755208
0.000952 0.005000 0.755208
0.000816 0.005002 0.755208
0.000680 0.005003 0.755208
0.000544 0.005002 0.755208
0.000408 0.005002 0.755208
0.000272 0.005002 0.755208
0.000136 0.005002 0.755208
0.000000 0.005002 0.755208
-0.000136 0.005002 0.755208
-0.000272 0.005002 0.755208
-0.000408 0.005002 0.755208
-0.000544 0.005002 0.755208
-0.000680 0.005003 0.755208
-0.000816 0.005002 0.755208
-0.000952 0.005000 0.755208
-0.001088 0.004995 0.755208
-0.001223 0.004988 0.755208
-0.001359 0.004978 0.755208
-0.001494 0.004965 0.755208
-0.001629 0.004948 0.755208
-0.001763 0.004926 0.755208
-0.001896 0.004897 0.755208
-0.002027 0.004861 0.755208
-0.002156 0.004817 0.755208
-0.002282 0.004767 0.755208
-0.002406 0.004711 0.755208
-0.002528 0.004650 0.755208
-0.002647 0.004585 0.755208
-0.002763 0.004514 0.755208
-0.002877 0.004439 0.755208
-0.002987 0.004360 0.755208
-0.003094 0.004275 0.755208
-0.003196 0.004186 0.755208
-0.003293 0.004091 0.755208
-0.003384 0.003990 0.755208
-0.003470 0.003885 0.755208
-0.003552 0.003776 0.755208
-0.003631 0.003666 0.755208
-0.003708 0.003553 0.755208
-0.003782 0.003440 0.755208
-0.003854 0.003324 0.755208
-0.003924 0.003207 0.755208
-0.003992 0.003090 0.755208
-0.004060 0.002972 0.755208
-0.004128 0.002854 0.755208
-0.004196 0.002737 0.755208
-0.004264 0.002619 0.755208
-0.004332 0.002501 0.755208
-0.004400 0.002383 0.755208
-0.004468 0.002266 0.755208
-0.004536 0.002148 0.755208
-0.004604 0.002030 0.755208
-0.004672 0.001913 0.755208
-0.004740 0.001795 0.755208
-0.004806 0.001676 0.755208
-0.004870 0.001556 0.755208
-0.004931 0.001435 0.755208
-0.004990 0.001312 0.755208
-0.005047 0.001188 0.755208
-0.005100 0.001063 0.755208
-0.005148 0.000936 0.755208
-0.005189 0.000806 0.755208
-0.005223 0.000675 0.755208
-0.005249 0.000541 0.755208
-0.005269 0.000407 0.755208
-0.005283 0.000272 0.755208
-0.005291 0.000136 0.755208
-0.005294 0.000000 0.755208
-0.005291 -0.000136 0.755208
-0.005283 -0.000272 0.755208
-0.005269 -0.000407 0.755208
-0.005249 -0.000541 0.755208
-0.005223 -0.000675 0.755208
-0.005189 -0.000806 0.755208
-0.005148 -0.000936 0.755208
-0.005100 -0.001063 0.755208
-0.005047 -0.001188 0.755208
-0.004990 -0.001312 0.755208
-0.004931 -0.001435 0.755208
-0.004870 -0.001556 0.755208
-0.004806 -0.001676 0.755208
-0.004740 -0.001795 0.755208
-0.004672 -0.001913 0.755208
-0.004604 -0.002030 0.755208
-0.004536 -0.002148 0.755208
-0.004468 -0.002266 0.755208
-0.004400 -0.002383 0.755208
-0.004332 -0.002501 0.755208
-0.004264 -0.002619 0.755208
-0.004196 -0.002737 0.755208
-0.004128 -0.002854 0.755208
-0.004060 -0.002972 0.755208
-0.003992 -0.003090 0.755208
-0.003924 -0.003207 0.755208
-0.003854 -0.003324 0.755208
-0.003782 -0.003440 0.755208
-0.003708 -0.003553 0.755208
-0.003631 -0.003666 0.755208
-0.003552 -0.003776 0.755208
-0.003470 -0.003885 0.755208
-0.003384 -0.003990 0.755208
-0.003293 -0.004091 0.755208
-0.003196 -0.004186 0.755208
-0.003094 -0.004275 0.755208
-0.002987 -0.004360 0.755208
-0.002877 -0.004439 0.755208
-0.002763 -0.004514 0.755208
-0.002647 -0.004585 0.755208
-0.002528 -0.004650 0.755208
-0.002406 -0.004711 0.755208
-0.002282 -0.004767 0.755208
-0.002156 -0.004817 0.755208
-0.002027 -0.004861 0.755208
-0.001896 -0.004897 0.755208
-0.001763 -0.004926 0.755208
-0.001629 -0.004948 0.755208
-0.001494 -0.004965 0.755208
-0.001359 -0.004978 0.755208
-0.001223 -0.004988 0.755208
-0.001088 -0.004995 0.755208
-0.000952 -0.005000 0.755208
-0.000816 -0.005002 0.755208
-0.000680 -0.005003 0.755208
-0.000544 -0.005002 0.755208
-0.000408 -0.005002 0.755208
-0.000272 -0.005002 0.755208
-0.000136 -0.005002 0.755208
0.000000 -0.005002 0.755208
0.000136 -0.005002 0.755208
0.000272 -0.005002 0.755208
0.000408 -0.005002 0.755208
0.000544 -0.005002 0.755208
0.000680 -0.005003 0.755208
0.000816 -0.005002 0.755208
0.000952 -0.005000 0.755208
0.001088 -0.004995 0.755208
0.001223 -0.004988 0.755208
0.001359 -0.004978 0.755208
0.001494 -0.004965 0.755208
0.001629 -0.004948 0.755208
0.001763 -0.004926 0.755208
0.001896 -0.004897 0.755208
0.002027 -0.004861 0.755208
0.002156 -0.004817 0.755208
0.002282 -0.004767 0.755208
0.002406 -0.004711 0.755208
0.002528 -0.004650 0.755208
0.002647 -0.004585 0.755208
0.002763 -0.004514 0.755208
0.002877 -0.004439 0.755208
0.002987 -0.004360 0.755208
0.003094 -0.004275 0.755208
0.003196 -0.004186 0.755208
0.003293 -0.004091 0.755208
0.003384 -0.003990 0.755208
0.003470 -0.003885 0.755208
0.003552 -0.003776 0.755208
0.003631 -0.003666 0.755208
0.003708 -0.003553 0.755208
0.003782 -0.003440 0.755208
0.003854 -0.003324 0.755208
0.003924 -0.003207 0.755208
0.003992 -0.003090 0.755208
0.004060 -0.002972 0.755208
0.004128 -0.002854 0.755208
0.004196 -0.002737 0.755208
0.004264 -0.002619 0.755208
0.004332 -0.002501 0.755208
0.004400 -0.002383 0.755208
0.004468 -0.002266 0.755208
0.004536 -0.002148 0.755208
0.004604 -0.002030 0.755208
0.004672 -0.001913 0.755208
0.004740 -0.001795 0.755208
0.004806 -0.001676 0.755208
0.004870 -0.001556 0.755208
0.004931 -0.001435 0.755208
0.004990 -0.001312 0.755208
0.005047 -0.001188 0.755208
0.005100 -0.001063 0.755208
0.005148 -0.000936 0.755208
0.005189 -0.000806 0.755208
0.005223 -0.000675 0.755208
0.005249 -0.000541 0.755208
0.005269 -0.000407 0.755208
0.005283 -0.000272 0.755208
0.005291 -0.000136 0.755208
0.005294 -0.000000 0.755208

