0.006470 -0.000000 3.460069
0.006416 0.000155 3.460069
0.006314 0.000283 3.460069
0.006211 0.000410 3.460069
0.006106 0.000536 3.460069
0.006004 0.000665 3.460069
0.005905 0.000795 3.460069
0.005803 0.000923 3.460069
0.005697 0.001048 3.460069
0.005592 0.001173 3.460069
0.005493 0.001304 3.460069
0.005395 0.001436 3.460069
0.005293 0.001563 3.460069
0.005184 0.001686 3.460069
0.005078 0.001811 3.460069
0.004976 0.001939 3.460069
0.004882 0.002073 3.460069
0.004782 0.002203 3.460069
0.004682 0.002333 3.460069
0.004574 0.002455 3.460069
0.004464 0.002578 3.460069
0.004413 0.002733 3.460069
0.004362 0.002889 3.460069
0.004299 0.003040 3.460069
0.004236 0.003191 3.460069
0.004167 0.003340 3.460069
0.004108 0.003493 3.460069
0.004052 0.003647 3.460069
0.004000 0.003802 3.460069
0.003941 0.003955 3.460069
0.003876 0.004105 3.460069
0.003812 0.004256 3.460069
0.003756 0.004410 3.460069
0.003701 0.004564 3.460069
0.003641 0.004717 3.460069
0.003578 0.004868 3.460069
0.003518 0.005020 3.460069
0.003460 0.005174 3.460069
0.003402 0.005327 3.460069
0.003342 0.005479 3.460069
0.003235 0.005603 3.460069
0.003074 0.005634 3.460069
0.002912 0.005609 3.460069
0.002750 0.005584 3.460069
0.002589 0.005556 3.460069
0.002427 0.005532 3.460069
0.002264 0.005512 3.460069
0.002102 0.005487 3.460069
0.001941 0.005457 3.460069
0.001780 0.005429 3.460069
0.001617 0.005409 3.460069
0.001454 0.005390 3.460069
0.001292 0.005365 3.460069
0.001132 0.005333 3.460069
0.000971 0.005304 3.460069
0.000809 0.005278 3.460069
0.000646 0.005264 3.460069
0.000483 0.005243 3.460069
0.000321 0.005222 3.460069
0.000160 0.005188 3.460069
-0.000000 0.005155 3.460069
-0.000160 0.005188 3.460069
-0.000321 0.005222 3.460069
-0.000483 0.005243 3.460069
-0.000646 0.005264 3.460069
-0.000809 0.005278 3.460069
-0.000971 0.005304 3.460069
-0.001132 0.005333 3.460069
-0.001292 0.005365 3.460069
-0.001454 0.005390 3.460069
-0.001617 0.005409 3.460069
-0.001780 0.005429 3.460069
-0.001941 0.005457 3.460069
-0.002102 0.005487 3.460069
-0.002264 0.005512 3.460069
-0.002427 0.005532 3.460069
-0.002589 0.005556 3.460069
-0.002750 0.005584 3.460069
-0.002912 0.005609 3.460069
-0.003074 0.005634 3.460069
-0.003235 0.005603 3.460069
-0.003342 0.005479 3.460069
-0.003402 0.005327 3.460069
-0.003460 0.005174 3.460069
-0.003518 0.005020 3.460069
-0.003578 0.004868 3.460069
-0.003641 0.004717 3.460069
-0.003701 0.004564 3.460069
-0.003756 0.004410 3.460069
-0.003812 0.004256 3.460069
-0.003876 0.004105 3.460069
-0.003941 0.003955 3.460069
-0.004000 0.003802 3.460069
-0.004052 0.003647 3.460069
-0.004108 0.003493 3.460069
-0.004167 0.003340 3.460069
-0.004236 0.003191 3.460069
-0.004299 0.003040 3.460069
-0.004362 0.002889 3.460069
-0.004413 0.002733 3.460069
-0.004464 0.002578 3.460069
-0.004574 0.002455 3.460069
-0.004682 0.002333 3.460069
-0.004782 0.002203 3.460069
-0.004882 0.002073 3.460069
-0.004976 0.001939 3.460069
-0.005078 0.001811 3.460069
-0.005184 0.001686 3.460069
-0.005293 0.001563 3.460069
-0.005395 0.001436 3.460069
-0.005493 0.001304 3.460069
-0.005592 0.001173 3.460069
-0.005697 0.001048 3.460069
-0.005803 0.000923 3.460069
-0.005905 0.000795 3.460069
-0.006004 0.000665 3.460069
-0.006106 0.000536 3.460069
-0.006211 0.000410 3.460069
-0.006314 0.000283 3.460069
-0.006416 0.000155 3.460069
-0.006470 0.000000 3.460069
-0.006416 -0.000155 3.460069
-0.006314 -0.000283 3.460069
-0.006211 -0.000410 3.460069
-0.006106 -0.000536 3.460069
-0.006004 -0.000665 3.460069
-0.005905 -0.000795 3.460069
-0.005803 -0.000923 3.460069
-0.005697 -0.001048 3.460069
-0.005592 -0.001173 3.460069
-0.005493 -0.001304 3.460069
-0.005395 -0.001436 3.460069
-0.005293 -0.001563 3.460069
-0.005184 -0.001686 3.460069
-0.005078 -0.001811 3.460069
-0.004976 -0.001939 3.460069
-0.004882 -0.002073 3.460069
-0.004782 -0.002203 3.460069
-0.004682 -0.002333 3.460069
-0.004574 -0.002455 3.460069
-0.004464 -0.002578 3.460069
-0.004413 -0.002733 3.460069
-0.004362 -0.002889 3.460069
-0.004299 -0.003040 3.460069
-0.004236 -0.003191 3.460069
-0.004167 -0.003340 3.460069
-0.004108 -0.003493 3.460069
-0.004052 -0.003647 3.460069
-0.004000 -0.003802 3.460069
-0.003941 -0.003955 3.460069
-0.003876 -0.004105 3.460069
-0.003812 -0.004256 3.460069
-0.003756 -0.004410 3.460069
-0.003701 -0.004564 3.460069
-0.003641 -0.004717 3.460069
-0.003578 -0.004868 3.460069
-0.003518 -0.005020 3.460069
-0.003460 -0.005174 3.460069
-0.003402 -0.005327 3.460069
-0.003342 -0.005479 3.460069
-0.003235 -0.005603 3.460069
-0.003074 -0.005634 3.460069
-0.002912 -0.005609 3.460069
-0.002750 -0.005584 3.460069
-0.002589 -0.005556 3.460069
-0.002427 -0.005532 3.460069
-0.002264 -0.005512 3.460069
-0.002102 -0.005487 3.460069
-0.001941 -0.005457 3.460069
-0.001780 -0.005429 3.460069
-0.001617 -0.005409 3.460069
-0.001454 -0.005390 3.460069
-0.001292 -0.005365 3.460069
-0.001132 -0.005333 3.460069
-0.000971 -0.005304 3.460069
-0.000809 -0.005278 3.460069
-0.000646 -0.005264 3.460069
-0.000483 -0.005243 3.460069
-0.000321 -0.005222 3.460069
-0.000160 -0.005188 3.460069
0.000000 -0.005155 3.460069
0.000160 -0.005188 3.460069
0.000321 -0.005222 3.460069
0.000483 -0.005243 3.460069
0.000646 -0.005264 3.460069
0.000809 -0.005278 3.460069
0.000971 -0.005304 3.460069
0.001132 -0.005333 3.460069
0.001292 -0.005365 3.460069
0.001454 -0.005390 3.460069
0.001617 -0.005409 3.460069
0.001780 -0.005429 3.460069
0.001941 -0.005457 3.460069
0.002102 -0.005487 3.460069
0.002264 -0.005512 3.460069
0.002427 -0.005532 3.460069
0.002589 -0.005556 3.460069
0.002750 -0.005584 3.460069
0.002912 -0.005609 3.460069
0.003074 -0.005634 3.460069
0.003235 -0.005603 3.460069
0.003342 -0.005479 3.460069
0.003402 -0.005327 3.460069
0.003460 -0.005174 3.460069
0.003518 -0.005020 3.460069
0.003578 -0.004868 3.460069
0.003641 -0.004717 3.460069
0.003701 -0.004564 3.460069
0.003756 -0.004410 3.460069
0.003812 -0.004256 3.460069
0.003876 -0.004105 3.460069
0.003941 -0.003955 3.460069
0.004000 -0.003802 3.460069
0.004052 -0.003647 3.460069
0.004108 -0.003493 3.460069
0.004167 -0.003340 3.460069
0.004236 -0.003191 3.460069
0.004299 -0.003040 3.460069
0.004362 -0.002889 3.460069
0.004413 -0.002733 3.460069
0.004464 -0.002578 3.460069
0.004574 -0.002455 3.460069
0.004682 -0.002333 3.460069
0.004782 -0.002203 3.460069
0.004882 -0.002073 3.460069
0.004976 -0.001939 3.460069
0.005078 -0.001811 3.460069
0.005184 -0.001686 3.460069
0.005293 -0.001563 3.460069
0.005395 -0.001436 3.460069
0.005493 -0.001304 3.460069
0.005592 -0.001173 3.460069
0.005697 -0.001048 3.460069
0.005803 -0.000923 3.460069
0.005905 -0.000795 3.460069
0.006004 -0.000665 3.460069
0.006106 -0.000536 3.460069
0.006211 -0.000410 3.460069
0.006314 -0.000283 3.460069
0.006416 -0.000155 3.460069
0.006470 -0.000000 3.460069

