0.007320 -0.000079 7.508681
0.007194 0.000058 7.508681
0.007072 0.000199 7.508681
0.006951 0.000340 7.508681
0.006831 0.000483 7.508681
0.006708 0.000623 7.508681
0.006590 0.000767 7.508681
0.006484 0.000921 7.508681
0.006379 0.001075 7.508681
0.006276 0.001230 7.508681
0.006176 0.001388 7.508681
0.006075 0.001544 7.508681
0.005970 0.001698 7.508681
0.005862 0.001850 7.508681
0.005743 0.001993 7.508681
0.005641 0.002149 7.508681
0.005523 0.002293 7.508681
0.005413 0.002444 7.508681
0.005284 0.002579 7.508681
0.005182 0.002735 7.508681
0.005057 0.002873 7.508681
0.004978 0.003042 7.508681
0.004918 0.003218 7.508681
0.004837 0.003386 7.508681
0.004788 0.003566 7.508681
0.004708 0.003734 7.508681
0.004638 0.003907 7.508681
0.004565 0.004079 7.508681
0.004500 0.004253 7.508681
0.004424 0.004423 7.508681
0.004349 0.004594 7.508681
0.004273 0.004764 7.508681
0.004202 0.004936 7.508681
0.004135 0.005110 7.508681
0.004063 0.005282 7.508681
0.004000 0.005458 7.508681
0.003946 0.005636 7.508681
0.003891 0.005814 7.508681
0.003843 0.005994 7.508681
0.003792 0.006173 7.508681
0.003645 0.006288 7.508681
0.003463 0.006247 7.508681
0.003281 0.006205 7.508681
0.003099 0.006164 7.508681
0.002915 0.006135 7.508681
0.002730 0.006114 7.508681
0.002544 0.006102 7.508681
0.002358 0.006097 7.508681
0.002172 0.006082 7.508681
0.001986 0.006067 7.508681
0.001800 0.006054 7.508681
0.001615 0.006037 7.508681
0.001429 0.006019 7.508681
0.001245 0.005991 7.508681
0.001060 0.005967 7.508681
0.000875 0.005943 7.508681
0.000690 0.005928 7.508681
0.000509 0.005881 7.508681
0.000323 0.005868 7.508681
0.000141 0.005830 7.508681
-0.000045 0.005816 7.508681
-0.000227 0.005857 7.508681
-0.000413 0.005866 7.508681
-0.000594 0.005911 7.508681
-0.000779 0.005931 7.508681
-0.000963 0.005959 7.508681
-0.001149 0.005971 7.508681
-0.001333 0.006002 7.508681
-0.001519 0.006020 7.508681
-0.001704 0.006033 7.508681
-0.001891 0.006043 7.508681
-0.002077 0.006053 7.508681
-0.002262 0.006068 7.508681
-0.002448 0.006087 7.508681
-0.002633 0.006108 7.508681
-0.002816 0.006143 7.508681
-0.002999 0.006177 7.508681
-0.003184 0.006203 7.508681
-0.003368 0.006229 7.508681
-0.003552 0.006260 7.508681
-0.003734 0.006301 7.508681
-0.003883 0.006189 7.508681
-0.003933 0.006009 7.508681
-0.003981 0.005829 7.508681
-0.004034 0.005650 7.508681
-0.004082 0.005470 7.508681
-0.004136 0.005292 7.508681
-0.004195 0.005115 7.508681
-0.004248 0.004937 7.508681
-0.004308 0.004760 7.508681
-0.004376 0.004586 7.508681
-0.004444 0.004413 7.508681
-0.004514 0.004240 7.508681
-0.004578 0.004065 7.508681
-0.004647 0.003892 7.508681
-0.004718 0.003720 7.508681
-0.004796 0.003551 7.508681
-0.004845 0.003371 7.508681
-0.004928 0.003204 7.508681
-0.004983 0.003026 7.508681
-0.005067 0.002859 7.508681
-0.005195 0.002724 7.508681
-0.005295 0.002567 7.508681
-0.005425 0.002434 7.508681
-0.005536 0.002284 7.508681
-0.005653 0.002138 7.508681
-0.005759 0.001985 7.508681
-0.005880 0.001844 7.508681
-0.005993 0.001695 7.508681
-0.006104 0.001546 7.508681
-0.006216 0.001397 7.508681
-0.006329 0.001249 7.508681
-0.006449 0.001106 7.508681
-0.006570 0.000964 7.508681
-0.006688 0.000820 7.508681
-0.006814 0.000683 7.508681
-0.006942 0.000547 7.508681
-0.007068 0.000410 7.508681
-0.007198 0.000277 7.508681
-0.007327 0.000142 7.508681
-0.007354 -0.000043 7.508681
-0.007231 -0.000183 7.508681
-0.007103 -0.000318 7.508681
-0.006967 -0.000446 7.508681
-0.006833 -0.000576 7.508681
-0.006702 -0.000708 7.508681
-0.006580 -0.000848 7.508681
-0.006470 -0.000999 7.508681
-0.006360 -0.001150 7.508681
-0.006253 -0.001302 7.508681
-0.006149 -0.001457 7.508681
-0.006042 -0.001610 7.508681
-0.005937 -0.001763 7.508681
-0.005819 -0.001908 7.508681
-0.005709 -0.002058 7.508681
-0.005593 -0.002204 7.508681
-0.005489 -0.002359 7.508681
-0.005358 -0.002491 7.508681
-0.005252 -0.002644 7.508681
-0.005130 -0.002786 7.508681
-0.005023 -0.002938 7.508681
-0.004964 -0.003115 7.508681
-0.004882 -0.003282 7.508681
-0.004829 -0.003461 7.508681
-0.004755 -0.003632 7.508681
-0.004693 -0.003807 7.508681
-0.004611 -0.003975 7.508681
-0.004554 -0.004153 7.508681
-0.004485 -0.004325 7.508681
-0.004418 -0.004499 7.508681
-0.004351 -0.004673 7.508681
-0.004288 -0.004849 7.508681
-0.004231 -0.005026 7.508681
-0.004176 -0.005204 7.508681
-0.004115 -0.005380 7.508681
-0.004060 -0.005558 7.508681
-0.004007 -0.005737 7.508681
-0.003954 -0.005916 7.508681
-0.003905 -0.006096 7.508681
-0.003854 -0.006275 7.508681
-0.003705 -0.006387 7.508681
-0.003523 -0.006349 7.508681
-0.003339 -0.006321 7.508681
-0.003155 -0.006288 7.508681
-0.002973 -0.006247 7.508681
-0.002794 -0.006196 7.508681
-0.002614 -0.006148 7.508681
-0.002431 -0.006113 7.508681
-0.002248 -0.006080 7.508681
-0.002063 -0.006055 7.508681
-0.001877 -0.006042 7.508681
-0.001691 -0.006030 7.508681
-0.001505 -0.006018 7.508681
-0.001320 -0.005999 7.508681
-0.001135 -0.005972 7.508681
-0.000950 -0.005957 7.508681
-0.000765 -0.005933 7.508681
-0.000580 -0.005909 7.508681
-0.000398 -0.005869 7.508681
-0.000212 -0.005855 7.508681
-0.000029 -0.005820 7.508681
0.000157 -0.005838 7.508681
0.000340 -0.005872 7.508681
0.000525 -0.005892 7.508681
0.000707 -0.005934 7.508681
0.000892 -0.005953 7.508681
0.001077 -0.005977 7.508681
0.001261 -0.006007 7.508681
0.001444 -0.006039 7.508681
0.001629 -0.006067 7.508681
0.001813 -0.006097 7.508681
0.001996 -0.006129 7.508681
0.002178 -0.006169 7.508681
0.002359 -0.006214 7.508681
0.002541 -0.006254 7.508681
0.002722 -0.006297 7.508681
0.002903 -0.006343 7.508681
0.003084 -0.006386 7.508681
0.003265 -0.006432 7.508681
0.003446 -0.006478 7.508681
0.003617 -0.006404 7.508681
0.003670 -0.006225 7.508681
0.003732 -0.006049 7.508681
0.003798 -0.005875 7.508681
0.003867 -0.005702 7.508681
0.003927 -0.005526 7.508681
0.003985 -0.005349 7.508681
0.004052 -0.005175 7.508681
0.004121 -0.005002 7.508681
0.004196 -0.004831 7.508681
0.004280 -0.004664 7.508681
0.004365 -0.004499 7.508681
0.004447 -0.004331 7.508681
0.004527 -0.004163 7.508681
0.004591 -0.003988 7.508681
0.004677 -0.003823 7.508681
0.004742 -0.003648 7.508681
0.004820 -0.003479 7.508681
0.004869 -0.003299 7.508681
0.004957 -0.003135 7.508681
0.005010 -0.002956 7.508681
0.005112 -0.002801 7.508681
0.005240 -0.002664 7.508681
0.005340 -0.002508 7.508681
0.005475 -0.002379 7.508681
0.005579 -0.002224 7.508681
0.005696 -0.002079 7.508681
0.005809 -0.001930 7.508681
0.005930 -0.001789 7.508681
0.006043 -0.001641 7.508681
0.006159 -0.001495 7.508681
0.006276 -0.001350 7.508681
0.006398 -0.001210 7.508681
0.006526 -0.001074 7.508681
0.006651 -0.000935 7.508681
0.006778 -0.000799 7.508681
0.006909 -0.000667 7.508681
0.007037 -0.000531 7.508681
0.007167 -0.000397 7.508681
0.007297 -0.000264 7.508681
0.007320 -0.000079 7.508681

