0.007614 -0.000080 8.651042
0.007480 0.000061 8.651042
0.007346 0.000202 8.651042
0.007214 0.000345 8.651042
0.007078 0.000485 8.651042
0.006945 0.000627 8.651042
0.006818 0.000775 8.651042
0.006692 0.000923 8.651042
0.006559 0.001065 8.651042
0.006433 0.001214 8.651042
0.006301 0.001358 8.651042
0.006183 0.001512 8.651042
0.006063 0.001666 8.651042
0.005976 0.001840 8.651042
0.005854 0.001992 8.651042
0.005759 0.002162 8.651042
0.005634 0.002312 8.651042
0.005529 0.002476 8.651042
0.005409 0.002629 8.651042
0.005305 0.002794 8.651042
0.005178 0.002941 8.651042
0.005096 0.003118 8.651042
0.005033 0.003302 8.651042
0.004943 0.003475 8.651042
0.004878 0.003659 8.651042
0.004796 0.003835 8.651042
0.004729 0.004018 8.651042
0.004635 0.004189 8.651042
0.004582 0.004376 8.651042
0.004503 0.004555 8.651042
0.004446 0.004740 8.651042
0.004377 0.004923 8.651042
0.004324 0.005110 8.651042
0.004268 0.005297 8.651042
0.004221 0.005486 8.651042
0.004164 0.005672 8.651042
0.004109 0.005859 8.651042
0.004055 0.006046 8.651042
0.003995 0.006231 8.651042
0.003936 0.006417 8.651042
0.003786 0.006540 8.651042
0.003597 0.006492 8.651042
0.003408 0.006444 8.651042
0.003218 0.006404 8.651042
0.003028 0.006360 8.651042
0.002838 0.006315 8.651042
0.002648 0.006273 8.651042
0.002460 0.006224 8.651042
0.002269 0.006184 8.651042
0.002078 0.006148 8.651042
0.001884 0.006131 8.651042
0.001690 0.006110 8.651042
0.001495 0.006104 8.651042
0.001302 0.006084 8.651042
0.001108 0.006101 8.651042
0.000917 0.006062 8.651042
0.000723 0.006047 8.651042
0.000531 0.006013 8.651042
0.000336 0.006007 8.651042
0.000145 0.005968 8.651042
-0.000049 0.005954 8.651042
-0.000240 0.005993 8.651042
-0.000434 0.005999 8.651042
-0.000627 0.006027 8.651042
-0.000822 0.006035 8.651042
-0.001013 0.006074 8.651042
-0.001207 0.006061 8.651042
-0.001401 0.006081 8.651042
-0.001595 0.006093 8.651042
-0.001786 0.006133 8.651042
-0.001979 0.006156 8.651042
-0.002169 0.006198 8.651042
-0.002362 0.006227 8.651042
-0.002554 0.006261 8.651042
-0.002746 0.006290 8.651042
-0.002938 0.006325 8.651042
-0.003127 0.006373 8.651042
-0.003315 0.006423 8.651042
-0.003505 0.006466 8.651042
-0.003694 0.006512 8.651042
-0.003884 0.006555 8.651042
-0.004033 0.006430 8.651042
-0.004092 0.006244 8.651042
-0.004150 0.006058 8.651042
-0.004203 0.005871 8.651042
-0.004259 0.005684 8.651042
-0.004315 0.005498 8.651042
-0.004362 0.005309 8.651042
-0.004418 0.005122 8.651042
-0.004470 0.004935 8.651042
-0.004530 0.004749 8.651042
-0.004579 0.004561 8.651042
-0.004646 0.004378 8.651042
-0.004686 0.004187 8.651042
-0.004773 0.004013 8.651042
-0.004823 0.003824 8.651042
-0.004904 0.003647 8.651042
-0.004959 0.003460 8.651042
-0.005050 0.003288 8.651042
-0.005105 0.003101 8.651042
-0.005191 0.002927 8.651042
-0.005325 0.002785 8.651042
-0.005429 0.002620 8.651042
-0.005558 0.002474 8.651042
-0.005665 0.002311 8.651042
-0.005801 0.002172 8.651042
-0.005901 0.002005 8.651042
-0.006036 0.001864 8.651042
-0.006156 0.001710 8.651042
-0.006293 0.001572 8.651042
-0.006414 0.001419 8.651042
-0.006551 0.001281 8.651042
-0.006680 0.001135 8.651042
-0.006818 0.000998 8.651042
-0.006953 0.000857 8.651042
-0.007085 0.000714 8.651042
-0.007219 0.000573 8.651042
-0.007354 0.000432 8.651042
-0.007483 0.000287 8.651042
-0.007616 0.000144 8.651042
-0.007649 -0.000048 8.651042
-0.007513 -0.000187 8.651042
-0.007375 -0.000324 8.651042
-0.007244 -0.000468 8.651042
-0.007115 -0.000614 8.651042
-0.006986 -0.000760 8.651042
-0.006853 -0.000903 8.651042
-0.006708 -0.001033 8.651042
-0.006571 -0.001172 8.651042
-0.006429 -0.001305 8.651042
-0.006304 -0.001454 8.651042
-0.006171 -0.001596 8.651042
-0.006056 -0.001754 8.651042
-0.005932 -0.001904 8.651042
-0.005842 -0.002077 8.651042
-0.005720 -0.002228 8.651042
-0.005608 -0.002388 8.651042
-0.005483 -0.002537 8.651042
-0.005381 -0.002703 8.651042
-0.005254 -0.002850 8.651042
-0.005146 -0.003012 8.651042
-0.005091 -0.003199 8.651042
-0.005005 -0.003374 8.651042
-0.004943 -0.003559 8.651042
-0.004867 -0.003738 8.651042
-0.004815 -0.003926 8.651042
-0.004734 -0.004103 8.651042
-0.004680 -0.004290 8.651042
-0.004612 -0.004473 8.651042
-0.004570 -0.004663 8.651042
-0.004499 -0.004844 8.651042
-0.004451 -0.005033 8.651042
-0.004387 -0.005217 8.651042
-0.004339 -0.005405 8.651042
-0.004286 -0.005593 8.651042
-0.004231 -0.005780 8.651042
-0.004175 -0.005966 8.651042
-0.004120 -0.006153 8.651042
-0.004059 -0.006338 8.651042
-0.004002 -0.006524 8.651042
-0.003853 -0.006651 8.651042
-0.003663 -0.006607 8.651042
-0.003475 -0.006560 8.651042
-0.003286 -0.006512 8.651042
-0.003098 -0.006460 8.651042
-0.002908 -0.006418 8.651042
-0.002715 -0.006391 8.651042
-0.002523 -0.006356 8.651042
-0.002334 -0.006313 8.651042
-0.002144 -0.006269 8.651042
-0.001956 -0.006216 8.651042
-0.001765 -0.006178 8.651042
-0.001576 -0.006130 8.651042
-0.001384 -0.006099 8.651042
-0.001193 -0.006064 8.651042
-0.000998 -0.006062 8.651042
-0.000805 -0.006036 8.651042
-0.000610 -0.006022 8.651042
-0.000417 -0.006001 8.651042
-0.000222 -0.005988 8.651042
-0.000029 -0.005963 8.651042
0.000163 -0.005991 8.651042
0.000356 -0.006022 8.651042
0.000549 -0.006043 8.651042
0.000740 -0.006084 8.651042
0.000932 -0.006115 8.651042
0.001122 -0.006156 8.651042
0.001316 -0.006180 8.651042
0.001502 -0.006237 8.651042
0.001693 -0.006277 8.651042
0.001881 -0.006326 8.651042
0.002071 -0.006370 8.651042
0.002260 -0.006415 8.651042
0.002450 -0.006460 8.651042
0.002638 -0.006510 8.651042
0.002828 -0.006555 8.651042
0.003017 -0.006599 8.651042
0.003206 -0.006646 8.651042
0.003397 -0.006687 8.651042
0.003587 -0.006729 8.651042
0.003770 -0.006662 8.651042
0.003826 -0.006476 8.651042
0.003880 -0.006289 8.651042
0.003938 -0.006103 8.651042
0.003987 -0.005914 8.651042
0.004039 -0.005726 8.651042
0.004100 -0.005542 8.651042
0.004170 -0.005360 8.651042
0.004234 -0.005176 8.651042
0.004305 -0.004995 8.651042
0.004361 -0.004808 8.651042
0.004434 -0.004627 8.651042
0.004482 -0.004439 8.651042
0.004577 -0.004269 8.651042
0.004647 -0.004087 8.651042
0.004745 -0.003918 8.651042
0.004812 -0.003736 8.651042
0.004916 -0.003571 8.651042
0.004980 -0.003387 8.651042
0.005070 -0.003214 8.651042
0.005129 -0.003028 8.651042
0.005240 -0.002868 8.651042
0.005373 -0.002726 8.651042
0.005478 -0.002562 8.651042
0.005610 -0.002418 8.651042
0.005724 -0.002260 8.651042
0.005862 -0.002124 8.651042
0.005968 -0.001960 8.651042
0.006115 -0.001832 8.651042
0.006237 -0.001680 8.651042
0.006380 -0.001547 8.651042
0.006507 -0.001400 8.651042
0.006645 -0.001263 8.651042
0.006777 -0.001119 8.651042
0.006916 -0.000983 8.651042
0.007049 -0.000841 8.651042
0.007183 -0.000699 8.651042
0.007319 -0.000560 8.651042
0.007451 -0.000416 8.651042
0.007582 -0.000272 8.651042
0.007614 -0.000080 8.651042

