0.007868 -0.000047 9.876736
0.007723 0.000095 9.876736
0.007582 0.000241 9.876736
0.007441 0.000386 9.876736
0.007300 0.000533 9.876736
0.007167 0.000685 9.876736
0.007021 0.000826 9.876736
0.006884 0.000976 9.876736
0.006742 0.001120 9.876736
0.006613 0.001277 9.876736
0.006469 0.001419 9.876736
0.006350 0.001583 9.876736
0.006190 0.001708 9.876736
0.006071 0.001872 9.876736
0.005939 0.002026 9.876736
0.005825 0.002194 9.876736
0.005701 0.002354 9.876736
0.005595 0.002527 9.876736
0.005476 0.002691 9.876736
0.005352 0.002852 9.876736
0.005248 0.003026 9.876736
0.005182 0.003218 9.876736
0.005098 0.003402 9.876736
0.005023 0.003590 9.876736
0.004948 0.003779 9.876736
0.004871 0.003966 9.876736
0.004823 0.004163 9.876736
0.004748 0.004352 9.876736
0.004693 0.004547 9.876736
0.004626 0.004738 9.876736
0.004592 0.004938 9.876736
0.004522 0.005128 9.876736
0.004482 0.005327 9.876736
0.004409 0.005517 9.876736
0.004357 0.005712 9.876736
0.004290 0.005904 9.876736
0.004232 0.006098 9.876736
0.004164 0.006289 9.876736
0.004107 0.006484 9.876736
0.004039 0.006675 9.876736
0.003871 0.006788 9.876736
0.003677 0.006729 9.876736
0.003481 0.006677 9.876736
0.003286 0.006620 9.876736
0.003089 0.006575 9.876736
0.002892 0.006523 9.876736
0.002694 0.006481 9.876736
0.002498 0.006432 9.876736
0.002298 0.006394 9.876736
0.002102 0.006343 9.876736
0.001906 0.006291 9.876736
0.001707 0.006253 9.876736
0.001512 0.006197 9.876736
0.001311 0.006225 9.876736
0.001144 0.006340 9.876736
0.000965 0.006245 9.876736
0.000766 0.006205 9.876736
0.000571 0.006153 9.876736
0.000371 0.006119 9.876736
0.000171 0.006086 9.876736
-0.000030 0.006057 9.876736
-0.000232 0.006078 9.876736
-0.000432 0.006109 9.876736
-0.000629 0.006160 9.876736
-0.000828 0.006194 9.876736
-0.001013 0.006279 9.876736
-0.001197 0.006194 9.876736
-0.001399 0.006201 9.876736
-0.001595 0.006255 9.876736
-0.001796 0.006279 9.876736
-0.001996 0.006316 9.876736
-0.002194 0.006357 9.876736
-0.002394 0.006389 9.876736
-0.002587 0.006451 9.876736
-0.002786 0.006493 9.876736
-0.002980 0.006551 9.876736
-0.003179 0.006588 9.876736
-0.003377 0.006634 9.876736
-0.003573 0.006684 9.876736
-0.003769 0.006736 9.876736
-0.003962 0.006799 9.876736
-0.004134 0.006692 9.876736
-0.004202 0.006501 9.876736
-0.004262 0.006307 9.876736
-0.004329 0.006116 9.876736
-0.004388 0.005922 9.876736
-0.004452 0.005730 9.876736
-0.004506 0.005534 9.876736
-0.004576 0.005344 9.876736
-0.004616 0.005145 9.876736
-0.004689 0.004956 9.876736
-0.004717 0.004755 9.876736
-0.004794 0.004567 9.876736
-0.004834 0.004369 9.876736
-0.004903 0.004178 9.876736
-0.004937 0.003978 9.876736
-0.005017 0.003792 9.876736
-0.005070 0.003596 9.876736
-0.005145 0.003408 9.876736
-0.005209 0.003215 9.876736
-0.005279 0.003025 9.876736
-0.005400 0.002863 9.876736
-0.005522 0.002700 9.876736
-0.005659 0.002552 9.876736
-0.005773 0.002384 9.876736
-0.005919 0.002243 9.876736
-0.006046 0.002085 9.876736
-0.006197 0.001950 9.876736
-0.006316 0.001785 9.876736
-0.006473 0.001656 9.876736
-0.006602 0.001500 9.876736
-0.006753 0.001365 9.876736
-0.006882 0.001209 9.876736
-0.007028 0.001068 9.876736
-0.007159 0.000913 9.876736
-0.007303 0.000770 9.876736
-0.007436 0.000617 9.876736
-0.007576 0.000471 9.876736
-0.007719 0.000327 9.876736
-0.007863 0.000185 9.876736
-0.007901 -0.000014 9.876736
-0.007773 -0.000171 9.876736
-0.007645 -0.000329 9.876736
-0.007507 -0.000477 9.876736
-0.007372 -0.000629 9.876736
-0.007224 -0.000767 9.876736
-0.007089 -0.000918 9.876736
-0.006948 -0.001064 9.876736
-0.006824 -0.001225 9.876736
-0.006677 -0.001364 9.876736
-0.006542 -0.001516 9.876736
-0.006383 -0.001641 9.876736
-0.006253 -0.001797 9.876736
-0.006102 -0.001933 9.876736
-0.005971 -0.002087 9.876736
-0.005824 -0.002227 9.876736
-0.005719 -0.002400 9.876736
-0.005590 -0.002557 9.876736
-0.005485 -0.002730 9.876736
-0.005351 -0.002883 9.876736
-0.005260 -0.003064 9.876736
-0.005217 -0.003262 9.876736
-0.005129 -0.003445 9.876736
-0.005087 -0.003643 9.876736
-0.005002 -0.003827 9.876736
-0.004958 -0.004025 9.876736
-0.004890 -0.004216 9.876736
-0.004846 -0.004414 9.876736
-0.004770 -0.004602 9.876736
-0.004726 -0.004800 9.876736
-0.004660 -0.004992 9.876736
-0.004619 -0.005190 9.876736
-0.004549 -0.005381 9.876736
-0.004503 -0.005578 9.876736
-0.004430 -0.005767 9.876736
-0.004380 -0.005964 9.876736
-0.004313 -0.006155 9.876736
-0.004258 -0.006350 9.876736
-0.004202 -0.006545 9.876736
-0.004148 -0.006741 9.876736
-0.003988 -0.006865 9.876736
-0.003789 -0.006822 9.876736
-0.003591 -0.006781 9.876736
-0.003393 -0.006737 9.876736
-0.003194 -0.006697 9.876736
-0.002996 -0.006656 9.876736
-0.002802 -0.006596 9.876736
-0.002605 -0.006548 9.876736
-0.002409 -0.006493 9.876736
-0.002209 -0.006464 9.876736
-0.002010 -0.006423 9.876736
-0.001810 -0.006394 9.876736
-0.001615 -0.006336 9.876736
-0.001416 -0.006300 9.876736
-0.001219 -0.006249 9.876736
-0.001023 -0.006199 9.876736
-0.000826 -0.006151 9.876736
-0.000627 -0.006113 9.876736
-0.000425 -0.006096 9.876736
-0.000224 -0.006066 9.876736
-0.000023 -0.006090 9.876736
0.000171 -0.006149 9.876736
0.000373 -0.006169 9.876736
0.000568 -0.006224 9.876736
0.000768 -0.006255 9.876736
0.000966 -0.006301 9.876736
0.001160 -0.006359 9.876736
0.001358 -0.006404 9.876736
0.001554 -0.006454 9.876736
0.001754 -0.006492 9.876736
0.001947 -0.006554 9.876736
0.002146 -0.006590 9.876736
0.002340 -0.006648 9.876736
0.002539 -0.006687 9.876736
0.002737 -0.006734 9.876736
0.002935 -0.006777 9.876736
0.003133 -0.006822 9.876736
0.003331 -0.006863 9.876736
0.003528 -0.006912 9.876736
0.003726 -0.006958 9.876736
0.003910 -0.006874 9.876736
0.003966 -0.006679 9.876736
0.004025 -0.006485 9.876736
0.004084 -0.006291 9.876736
0.004140 -0.006096 9.876736
0.004209 -0.005905 9.876736
0.004255 -0.005708 9.876736
0.004319 -0.005515 9.876736
0.004355 -0.005316 9.876736
0.004433 -0.005128 9.876736
0.004476 -0.004930 9.876736
0.004561 -0.004746 9.876736
0.004620 -0.004552 9.876736
0.004695 -0.004364 9.876736
0.004748 -0.004168 9.876736
0.004812 -0.003976 9.876736
0.004896 -0.003791 9.876736
0.005030 -0.003639 9.876736
0.005085 -0.003444 9.876736
0.005158 -0.003255 9.876736
0.005244 -0.003071 9.876736
0.005377 -0.002918 9.876736
0.005507 -0.002763 9.876736
0.005636 -0.002607 9.876736
0.005776 -0.002460 9.876736
0.005899 -0.002298 9.876736
0.006052 -0.002166 9.876736
0.006185 -0.002012 9.876736
0.006336 -0.001877 9.876736
0.006459 -0.001716 9.876736
0.006618 -0.001591 9.876736
0.006744 -0.001431 9.876736
0.006898 -0.001300 9.876736
0.007026 -0.001142 9.876736
0.007171 -0.001001 9.876736
0.007303 -0.000847 9.876736
0.007444 -0.000701 9.876736
0.007575 -0.000546 9.876736
0.007716 -0.000400 9.876736
0.007851 -0.000249 9.876736
0.007868 -0.000047 9.876736

