0.006919 -0.000002 5.723958
0.006851 0.000159 5.723958
0.006749 0.000301 5.723958
0.006642 0.000440 5.723958
0.006537 0.000580 5.723958
0.006427 0.000716 5.723958
0.006317 0.000852 5.723958
0.006211 0.000991 5.723958
0.006102 0.001128 5.723958
0.005994 0.001266 5.723958
0.005880 0.001398 5.723958
0.005772 0.001536 5.723958
0.005667 0.001676 5.723958
0.005557 0.001812 5.723958
0.005447 0.001948 5.723958
0.005334 0.002081 5.723958
0.005225 0.002218 5.723958
0.005123 0.002360 5.723958
0.005013 0.002496 5.723958
0.004899 0.002629 5.723958
0.004789 0.002765 5.723958
0.004726 0.002928 5.723958
0.004668 0.003093 5.723958
0.004605 0.003256 5.723958
0.004533 0.003416 5.723958
0.004469 0.003578 5.723958
0.004410 0.003743 5.723958
0.004348 0.003907 5.723958
0.004285 0.004070 5.723958
0.004216 0.004231 5.723958
0.004151 0.004393 5.723958
0.004094 0.004558 5.723958
0.004029 0.004721 5.723958
0.003964 0.004883 5.723958
0.003897 0.005045 5.723958
0.003834 0.005208 5.723958
0.003772 0.005372 5.723958
0.003704 0.005533 5.723958
0.003639 0.005695 5.723958
0.003570 0.005856 5.723958
0.003460 0.005992 5.723958
0.003287 0.006018 5.723958
0.003113 0.005998 5.723958
0.002940 0.005973 5.723958
0.002766 0.005953 5.723958
0.002593 0.005924 5.723958
0.002421 0.005897 5.723958
0.002247 0.005874 5.723958
0.002074 0.005849 5.723958
0.001901 0.005824 5.723958
0.001729 0.005792 5.723958
0.001556 0.005766 5.723958
0.001382 0.005746 5.723958
0.001209 0.005719 5.723958
0.001037 0.005691 5.723958
0.000865 0.005660 5.723958
0.000691 0.005634 5.723958
0.000517 0.005617 5.723958
0.000345 0.005590 5.723958
0.000173 0.005557 5.723958
-0.000000 0.005530 5.723958
-0.000173 0.005557 5.723958
-0.000345 0.005590 5.723958
-0.000518 0.005617 5.723958
-0.000692 0.005634 5.723958
-0.000865 0.005660 5.723958
-0.001037 0.005691 5.723958
-0.001209 0.005719 5.723958
-0.001382 0.005746 5.723958
-0.001556 0.005766 5.723958
-0.001729 0.005792 5.723958
-0.001901 0.005824 5.723958
-0.002074 0.005849 5.723958
-0.002247 0.005874 5.723958
-0.002421 0.005897 5.723958
-0.002594 0.005924 5.723958
-0.002766 0.005952 5.723958
-0.002940 0.005971 5.723958
-0.003113 0.005995 5.723958
-0.003287 0.006012 5.723958
-0.003461 0.005991 5.723958
-0.003574 0.005858 5.723958
-0.003642 0.005696 5.723958
-0.003705 0.005533 5.723958
-0.003773 0.005372 5.723958
-0.003835 0.005208 5.723958
-0.003897 0.005045 5.723958
-0.003964 0.004883 5.723958
-0.004029 0.004721 5.723958
-0.004094 0.004558 5.723958
-0.004151 0.004393 5.723958
-0.004216 0.004231 5.723958
-0.004285 0.004070 5.723958
-0.004348 0.003907 5.723958
-0.004410 0.003743 5.723958
-0.004469 0.003578 5.723958
-0.004533 0.003416 5.723958
-0.004606 0.003256 5.723958
-0.004668 0.003093 5.723958
-0.004726 0.002928 5.723958
-0.004789 0.002765 5.723958
-0.004899 0.002629 5.723958
-0.005013 0.002496 5.723958
-0.005123 0.002360 5.723958
-0.005225 0.002218 5.723958
-0.005334 0.002081 5.723958
-0.005447 0.001948 5.723958
-0.005558 0.001812 5.723958
-0.005667 0.001676 5.723958
-0.005772 0.001536 5.723958
-0.005880 0.001398 5.723958
-0.005995 0.001266 5.723958
-0.006103 0.001128 5.723958
-0.006211 0.000991 5.723958
-0.006318 0.000852 5.723958
-0.006428 0.000716 5.723958
-0.006538 0.000581 5.723958
-0.006643 0.000441 5.723958
-0.006752 0.000304 5.723958
-0.006857 0.000164 5.723958
-0.006919 0.000000 5.723958
-0.006854 -0.000162 5.723958
-0.006751 -0.000303 5.723958
-0.006643 -0.000441 5.723958
-0.006538 -0.000581 5.723958
-0.006427 -0.000716 5.723958
-0.006317 -0.000852 5.723958
-0.006211 -0.000991 5.723958
-0.006102 -0.001129 5.723958
-0.005994 -0.001266 5.723958
-0.005880 -0.001399 5.723958
-0.005772 -0.001536 5.723958
-0.005667 -0.001676 5.723958
-0.005557 -0.001812 5.723958
-0.005447 -0.001948 5.723958
-0.005334 -0.002081 5.723958
-0.005225 -0.002218 5.723958
-0.005123 -0.002360 5.723958
-0.005013 -0.002496 5.723958
-0.004899 -0.002629 5.723958
-0.004789 -0.002765 5.723958
-0.004726 -0.002928 5.723958
-0.004668 -0.003093 5.723958
-0.004605 -0.003257 5.723958
-0.004533 -0.003416 5.723958
-0.004469 -0.003579 5.723958
-0.004410 -0.003744 5.723958
-0.004348 -0.003907 5.723958
-0.004285 -0.004070 5.723958
-0.004216 -0.004231 5.723958
-0.004151 -0.004393 5.723958
-0.004094 -0.004559 5.723958
-0.004029 -0.004721 5.723958
-0.003964 -0.004884 5.723958
-0.003897 -0.005045 5.723958
-0.003835 -0.005209 5.723958
-0.003774 -0.005373 5.723958
-0.003706 -0.005534 5.723958
-0.003643 -0.005697 5.723958
-0.003577 -0.005859 5.723958
-0.003462 -0.005991 5.723958
-0.003288 -0.006010 5.723958
-0.003113 -0.005994 5.723958
-0.002940 -0.005971 5.723958
-0.002766 -0.005951 5.723958
-0.002593 -0.005923 5.723958
-0.002421 -0.005897 5.723958
-0.002247 -0.005874 5.723958
-0.002074 -0.005849 5.723958
-0.001901 -0.005824 5.723958
-0.001729 -0.005792 5.723958
-0.001556 -0.005766 5.723958
-0.001382 -0.005746 5.723958
-0.001209 -0.005719 5.723958
-0.001037 -0.005691 5.723958
-0.000865 -0.005660 5.723958
-0.000691 -0.005634 5.723958
-0.000517 -0.005617 5.723958
-0.000345 -0.005590 5.723958
-0.000173 -0.005557 5.723958
0.000000 -0.005530 5.723958
0.000173 -0.005557 5.723958
0.000345 -0.005590 5.723958
0.000518 -0.005617 5.723958
0.000692 -0.005634 5.723958
0.000865 -0.005660 5.723958
0.001037 -0.005691 5.723958
0.001209 -0.005719 5.723958
0.001382 -0.005746 5.723958
0.001556 -0.005766 5.723958
0.001729 -0.005792 5.723958
0.001901 -0.005825 5.723958
0.002074 -0.005849 5.723958
0.002247 -0.005875 5.723958
0.002421 -0.005898 5.723958
0.002593 -0.005925 5.723958
0.002766 -0.005955 5.723958
0.002939 -0.005977 5.723958
0.003112 -0.006004 5.723958
0.003285 -0.006028 5.723958
0.003457 -0.005993 5.723958
0.003560 -0.005852 5.723958
0.003634 -0.005693 5.723958
0.003700 -0.005531 5.723958
0.003770 -0.005371 5.723958
0.003833 -0.005208 5.723958
0.003896 -0.005045 5.723958
0.003963 -0.004883 5.723958
0.004028 -0.004721 5.723958
0.004093 -0.004558 5.723958
0.004151 -0.004393 5.723958
0.004216 -0.004231 5.723958
0.004285 -0.004070 5.723958
0.004348 -0.003907 5.723958
0.004410 -0.003743 5.723958
0.004469 -0.003579 5.723958
0.004533 -0.003416 5.723958
0.004605 -0.003257 5.723958
0.004668 -0.003093 5.723958
0.004726 -0.002928 5.723958
0.004789 -0.002765 5.723958
0.004899 -0.002629 5.723958
0.005013 -0.002496 5.723958
0.005123 -0.002360 5.723958
0.005225 -0.002218 5.723958
0.005334 -0.002081 5.723958
0.005447 -0.001948 5.723958
0.005557 -0.001812 5.723958
0.005667 -0.001676 5.723958
0.005772 -0.001536 5.723958
0.005880 -0.001398 5.723958
0.005994 -0.001266 5.723958
0.006103 -0.001129 5.723958
0.006211 -0.000991 5.723958
0.006318 -0.000853 5.723958
0.006428 -0.000717 5.723958
0.006539 -0.000582 5.723958
0.006644 -0.000442 5.723958
0.006754 -0.000306 5.723958
0.006860 -0.000166 5.723958
0.006919 -0.000002 5.723958

