0.005108 -0.000000 0.317708
0.005106 0.000133 0.317708
0.005100 0.000265 0.317708
0.005090 0.000398 0.317708
0.005076 0.000530 0.317708
0.005058 0.000661 0.317708
0.005036 0.000792 0.317708
0.005009 0.000922 0.317708
0.004978 0.001051 0.317708
0.004944 0.001179 0.317708
0.004904 0.001306 0.317708
0.004861 0.001432 0.317708
0.004814 0.001556 0.317708
0.004763 0.001678 0.317708
0.004709 0.001800 0.317708
0.004652 0.001920 0.317708
0.004592 0.002038 0.317708
0.004529 0.002155 0.317708
0.004464 0.002271 0.317708
0.004398 0.002386 0.317708
0.004331 0.002501 0.317708
0.004265 0.002616 0.317708
0.004198 0.002731 0.317708
0.004131 0.002845 0.317708
0.004061 0.002958 0.317708
0.003988 0.003069 0.317708
0.003913 0.003178 0.317708
0.003835 0.003286 0.317708
0.003754 0.003391 0.317708
0.003670 0.003494 0.317708
0.003583 0.003594 0.317708
0.003493 0.003692 0.317708
0.003400 0.003786 0.317708
0.003303 0.003877 0.317708
0.003204 0.003965 0.317708
0.003102 0.004050 0.317708
0.002997 0.004131 0.317708
0.002889 0.004209 0.317708
0.002780 0.004284 0.317708
0.002668 0.004355 0.317708
0.002554 0.004424 0.317708
0.002438 0.004488 0.317708
0.002320 0.004549 0.317708
0.002200 0.004607 0.317708
0.002079 0.004661 0.317708
0.001956 0.004711 0.317708
0.001832 0.004757 0.317708
0.001706 0.004799 0.317708
0.001579 0.004837 0.317708
0.001450 0.004871 0.317708
0.001321 0.004900 0.317708
0.001191 0.004926 0.317708
0.001059 0.004947 0.317708
0.000928 0.004964 0.317708
0.000796 0.004978 0.317708
0.000663 0.004988 0.317708
0.000531 0.004996 0.317708
0.000398 0.005000 0.317708
0.000266 0.005001 0.317708
0.000133 0.005001 0.317708
-0.000000 0.005001 0.317708
-0.000133 0.005001 0.317708
-0.000266 0.005001 0.317708
-0.000398 0.005000 0.317708
-0.000531 0.004996 0.317708
-0.000663 0.004988 0.317708
-0.000796 0.004978 0.317708
-0.000928 0.004964 0.317708
-0.001059 0.004947 0.317708
-0.001191 0.004926 0.317708
-0.001321 0.004900 0.317708
-0.001450 0.004871 0.317708
-0.001579 0.004837 0.317708
-0.001706 0.004799 0.317708
-0.001832 0.004757 0.317708
-0.001956 0.004711 0.317708
-0.002079 0.004661 0.317708
-0.002200 0.004607 0.317708
-0.002320 0.004549 0.317708
-0.002438 0.004488 0.317708
-0.002554 0.004424 0.317708
-0.002668 0.004355 0.317708
-0.002780 0.004284 0.317708
-0.002889 0.004209 0.317708
-0.002997 0.004131 0.317708
-0.003102 0.004050 0.317708
-0.003204 0.003965 0.317708
-0.003303 0.003877 0.317708
-0.003400 0.003786 0.317708
-0.003493 0.003692 0.317708
-0.003583 0.003594 0.317708
-0.003670 0.003494 0.317708
-0.003754 0.003391 0.317708
-0.003835 0.003286 0.317708
-0.003913 0.003178 0.317708
-0.003988 0.003069 0.317708
-0.004061 0.002958 0.317708
-0.004131 0.002845 0.317708
-0.004198 0.002731 0.317708
-0.004265 0.002616 0.317708
-0.004331 0.002501 0.317708
-0.004398 0.002386 0.317708
-0.004464 0.002271 0.317708
-0.004529 0.002155 0.317708
-0.004592 0.002038 0.317708
-0.004652 0.001920 0.317708
-0.004709 0.001800 0.317708
-0.004763 0.001678 0.317708
-0.004814 0.001556 0.317708
-0.004861 0.001432 0.317708
-0.004904 0.001306 0.317708
-0.004944 0.001179 0.317708
-0.004978 0.001051 0.317708
-0.005009 0.000922 0.317708
-0.005036 0.000792 0.317708
-0.005058 0.000661 0.317708
-0.005076 0.000530 0.317708
-0.005090 0.000398 0.317708
-0.005100 0.000265 0.317708
-0.005106 0.000133 0.317708
-0.005108 0.000000 0.317708
-0.005106 -0.000133 0.317708
-0.005100 -0.000265 0.317708
-0.005090 -0.000398 0.317708
-0.005076 -0.000530 0.317708
-0.005058 -0.000661 0.317708
-0.005036 -0.000792 0.317708
-0.005009 -0.000922 0.317708
-0.004978 -0.001051 0.317708
-0.004944 -0.001179 0.317708
-0.004904 -0.001306 0.317708
-0.004861 -0.001432 0.317708
-0.004814 -0.001556 0.317708
-0.004763 -0.001678 0.317708
-0.004709 -0.001800 0.317708
-0.004652 -0.001920 0.317708
-0.004592 -0.002038 0.317708
-0.004529 -0.002155 0.317708
-0.004464 -0.002271 0.317708
-0.004398 -0.002386 0.317708
-0.004331 -0.002501 0.317708
-0.004265 -0.002616 0.317708
-0.004198 -0.002731 0.317708
-0.004131 -0.002845 0.317708
-0.004061 -0.002958 0.317708
-0.003988 -0.003069 0.317708
-0.003913 -0.003178 0.317708
-0.003835 -0.003286 0.317708
-0.003754 -0.003391 0.317708
-0.003670 -0.003494 0.317708
-0.003583 -0.003594 0.317708
-0.003493 -0.003692 0.317708
-0.003400 -0.003786 0.317708
-0.003303 -0.003877 0.317708
-0.003204 -0.003965 0.317708
-0.003102 -0.004050 0.317708
-0.002997 -0.004131 0.317708
-0.002889 -0.004209 0.317708
-0.002780 -0.004284 0.317708
-0.002668 -0.004355 0.317708
-0.002554 -0.004424 0.317708
-0.002438 -0.004488 0.317708
-0.002320 -0.004549 0.317708
-0.002200 -0.004607 0.317708
-0.002079 -0.004661 0.317708
-0.001956 -0.004711 0.317708
-0.001832 -0.004757 0.317708
-0.001706 -0.004799 0.317708
-0.001579 -0.004837 0.317708
-0.001450 -0.004871 0.317708
-0.001321 -0.004900 0.317708
-0.001191 -0.004926 0.317708
-0.001059 -0.004947 0.317708
-0.000928 -0.004964 0.317708
-0.000796 -0.004978 0.317708
-0.000663 -0.004988 0.317708
-0.000531 -0.004996 0.317708
-0.000398 -0.005000 0.317708
-0.000266 -0.005001 0.317708
-0.000133 -0.005001 0.317708
-0.000000 -0.005001 0.317708
0.000133 -0.005001 0.317708
0.000266 -0.005001 0.317708
0.000398 -0.005000 0.317708
0.000531 -0.004996 0.317708
0.000663 -0.004988 0.317708
0.000796 -0.004978 0.317708
0.000928 -0.004964 0.317708
0.001059 -0.004947 0.317708
0.001191 -0.004926 0.317708
0.001321 -0.004900 0.317708
0.001450 -0.004871 0.317708
0.001579 -0.004837 0.317708
0.001706 -0.004799 0.317708
0.001832 -0.004757 0.317708
0.001956 -0.004711 0.317708
0.002079 -0.004661 0.317708
0.002200 -0.004607 0.317708
0.002320 -0.004549 0.317708
0.002438 -0.004488 0.317708
0.002554 -0.004424 0.317708
0.002668 -0.004355 0.317708
0.002780 -0.004284 0.317708
0.002889 -0.004209 0.317708
0.002997 -0.004131 0.317708
0.003102 -0.004050 0.317708
0.003204 -0.003965 0.317708
0.003303 -0.003877 0.317708
0.003400 -0.003786 0.317708
0.003493 -0.003692 0.317708
0.003583 -0.003594 0.317708
0.003670 -0.003494 0.317708
0.003754 -0.003391 0.317708
0.003835 -0.003286 0.317708
0.003913 -0.003178 0.317708
0.003988 -0.003069 0.317708
0.004061 -0.002958 0.317708
0.004131 -0.002845 0.317708
0.004198 -0.002731 0.317708
0.004265 -0.002616 0.317708
0.004331 -0.002501 0.317708
0.004398 -0.002386 0.317708
0.004464 -0.002271 0.317708
0.004529 -0.002155 0.317708
0.004592 -0.002038 0.317708
0.004652 -0.001920 0.317708
0.004709 -0.001800 0.317708
0.004763 -0.001678 0.317708
0.004814 -0.001556 0.317708
0.004861 -0.001432 0.317708
0.004904 -0.001306 0.317708
0.004944 -0.001179 0.317708
0.004978 -0.001051 0.317708
0.005009 -0.000922 0.317708
0.005036 -0.000792 0.317708
0.005058 -0.000661 0.317708
0.005076 -0.000530 0.317708
0.005090 -0.000398 0.317708
0.005100 -0.000265 0.317708
0.005106 -0.000133 0.317708
0.005108 -0.000000 0.317708

