0.008116 0.000001 11.156250
0.007965 0.000148 11.156250
0.007808 0.000288 11.156250
0.007662 0.000440 11.156250
0.007505 0.000581 11.156250
0.007362 0.000735 11.156250
0.007210 0.000881 11.156250
0.007078 0.001046 11.156250
0.006916 0.001181 11.156250
0.006787 0.001348 11.156250
0.006622 0.001479 11.156250
0.006491 0.001644 11.156250
0.006349 0.001800 11.156250
0.006212 0.001960 11.156250
0.006062 0.002108 11.156250
0.005920 0.002263 11.156250
0.005788 0.002428 11.156250
0.005643 0.002581 11.156250
0.005520 0.002752 11.156250
0.005405 0.002929 11.156250
0.005335 0.003128 11.156250
0.005263 0.003326 11.156250
0.005179 0.003519 11.156250
0.005137 0.003726 11.156250
0.005060 0.003922 11.156250
0.005011 0.004127 11.156250
0.004939 0.004325 11.156250
0.004885 0.004529 11.156250
0.004841 0.004735 11.156250
0.004770 0.004934 11.156250
0.004714 0.005137 11.156250
0.004640 0.005334 11.156250
0.004586 0.005538 11.156250
0.004507 0.005733 11.156250
0.004458 0.005938 11.156250
0.004374 0.006131 11.156250
0.004317 0.006334 11.156250
0.004230 0.006526 11.156250
0.004160 0.006725 11.156250
0.004079 0.006920 11.156250
0.003916 0.007053 11.156250
0.003721 0.006973 11.156250
0.003520 0.006908 11.156250
0.003321 0.006839 11.156250
0.003118 0.006785 11.156250
0.002916 0.006723 11.156250
0.002711 0.006673 11.156250
0.002506 0.006623 11.156250
0.002304 0.006565 11.156250
0.002096 0.006529 11.156250
0.001891 0.006479 11.156250
0.001688 0.006423 11.156250
0.001479 0.006396 11.156250
0.001290 0.006488 11.156250
0.001149 0.006645 11.156250
0.000980 0.006519 11.156250
0.000785 0.006439 11.156250
0.000585 0.006371 11.156250
0.000385 0.006304 11.156250
0.000181 0.006254 11.156250
-0.000024 0.006202 11.156250
-0.000230 0.006244 11.156250
-0.000428 0.006317 11.156250
-0.000631 0.006372 11.156250
-0.000826 0.006454 11.156250
-0.000999 0.006573 11.156250
-0.001126 0.006405 11.156250
-0.001329 0.006350 11.156250
-0.001537 0.006384 11.156250
-0.001746 0.006412 11.156250
-0.001944 0.006484 11.156250
-0.002152 0.006519 11.156250
-0.002352 0.006585 11.156250
-0.002558 0.006631 11.156250
-0.002765 0.006670 11.156250
-0.002968 0.006726 11.156250
-0.003174 0.006771 11.156250
-0.003372 0.006844 11.156250
-0.003575 0.006901 11.156250
-0.003769 0.006983 11.156250
-0.003959 0.007074 11.156250
-0.004137 0.006961 11.156250
-0.004221 0.006768 11.156250
-0.004299 0.006572 11.156250
-0.004390 0.006382 11.156250
-0.004453 0.006181 11.156250
-0.004543 0.005990 11.156250
-0.004589 0.005785 11.156250
-0.004675 0.005592 11.156250
-0.004718 0.005386 11.156250
-0.004799 0.005191 11.156250
-0.004848 0.004986 11.156250
-0.004922 0.004788 11.156250
-0.004957 0.004581 11.156250
-0.005031 0.004383 11.156250
-0.005086 0.004180 11.156250
-0.005141 0.003976 11.156250
-0.005205 0.003775 11.156250
-0.005243 0.003568 11.156250
-0.005332 0.003377 11.156250
-0.005360 0.003168 11.156250
-0.005450 0.002978 11.156250
-0.005607 0.002837 11.156250
-0.005732 0.002667 11.156250
-0.005883 0.002520 11.156250
-0.006033 0.002371 11.156250
-0.006163 0.002205 11.156250
-0.006317 0.002062 11.156250
-0.006454 0.001902 11.156250
-0.006616 0.001767 11.156250
-0.006742 0.001598 11.156250
-0.006901 0.001460 11.156250
-0.007030 0.001293 11.156250
-0.007187 0.001152 11.156250
-0.007320 0.000988 11.156250
-0.007476 0.000846 11.156250
-0.007616 0.000689 11.156250
-0.007777 0.000553 11.156250
-0.007920 0.000398 11.156250
-0.008070 0.000250 11.156250
-0.008117 0.000044 11.156250
-0.007974 -0.000110 11.156250
-0.007846 -0.000278 11.156250
-0.007708 -0.000437 11.156250
-0.007585 -0.000608 11.156250
-0.007446 -0.000767 11.156250
-0.007322 -0.000937 11.156250
-0.007166 -0.001079 11.156250
-0.007030 -0.001240 11.156250
-0.006872 -0.001380 11.156250
-0.006747 -0.001549 11.156250
-0.006599 -0.001700 11.156250
-0.006462 -0.001860 11.156250
-0.006299 -0.001994 11.156250
-0.006167 -0.002158 11.156250
-0.006004 -0.002292 11.156250
-0.005864 -0.002449 11.156250
-0.005711 -0.002594 11.156250
-0.005567 -0.002748 11.156250
-0.005457 -0.002928 11.156250
-0.005413 -0.003134 11.156250
-0.005341 -0.003332 11.156250
-0.005264 -0.003528 11.156250
-0.005225 -0.003735 11.156250
-0.005144 -0.003930 11.156250
-0.005116 -0.004139 11.156250
-0.005030 -0.004332 11.156250
-0.004991 -0.004539 11.156250
-0.004921 -0.004738 11.156250
-0.004879 -0.004944 11.156250
-0.004802 -0.005140 11.156250
-0.004751 -0.005345 11.156250
-0.004675 -0.005542 11.156250
-0.004626 -0.005747 11.156250
-0.004554 -0.005945 11.156250
-0.004510 -0.006151 11.156250
-0.004439 -0.006349 11.156250
-0.004398 -0.006556 11.156250
-0.004326 -0.006754 11.156250
-0.004274 -0.006958 11.156250
-0.004099 -0.007077 11.156250
-0.003895 -0.007023 11.156250
-0.003692 -0.006969 11.156250
-0.003485 -0.006930 11.156250
-0.003281 -0.006875 11.156250
-0.003074 -0.006837 11.156250
-0.002868 -0.006790 11.156250
-0.002660 -0.006759 11.156250
-0.002458 -0.006700 11.156250
-0.002252 -0.006654 11.156250
-0.002051 -0.006589 11.156250
-0.001845 -0.006545 11.156250
-0.001637 -0.006509 11.156250
-0.001431 -0.006469 11.156250
-0.001223 -0.006431 11.156250
-0.001018 -0.006385 11.156250
-0.000811 -0.006343 11.156250
-0.000606 -0.006294 11.156250
-0.000411 -0.006214 11.156250
-0.000201 -0.006202 11.156250
-0.000003 -0.006275 11.156250
0.000207 -0.006299 11.156250
0.000410 -0.006352 11.156250
0.000612 -0.006413 11.156250
0.000820 -0.006449 11.156250
0.001017 -0.006523 11.156250
0.001226 -0.006552 11.156250
0.001429 -0.006609 11.156250
0.001634 -0.006660 11.156250
0.001839 -0.006707 11.156250
0.002044 -0.006755 11.156250
0.002251 -0.006795 11.156250
0.002455 -0.006848 11.156250
0.002663 -0.006882 11.156250
0.002866 -0.006942 11.156250
0.003073 -0.006976 11.156250
0.003277 -0.007030 11.156250
0.003485 -0.007068 11.156250
0.003692 -0.007107 11.156250
0.003900 -0.007142 11.156250
0.004089 -0.007050 11.156250
0.004133 -0.006843 11.156250
0.004170 -0.006636 11.156250
0.004236 -0.006436 11.156250
0.004279 -0.006229 11.156250
0.004351 -0.006031 11.156250
0.004394 -0.005825 11.156250
0.004478 -0.005631 11.156250
0.004515 -0.005424 11.156250
0.004587 -0.005226 11.156250
0.004634 -0.005020 11.156250
0.004695 -0.004819 11.156250
0.004760 -0.004618 11.156250
0.004814 -0.004414 11.156250
0.004909 -0.004226 11.156250
0.004940 -0.004018 11.156250
0.005046 -0.003835 11.156250
0.005239 -0.003751 11.156250
0.005287 -0.003546 11.156250
0.005288 -0.003335 11.156250
0.005366 -0.003139 11.156250
0.005521 -0.002996 11.156250
0.005646 -0.002826 11.156250
0.005802 -0.002684 11.156250
0.005942 -0.002526 11.156250
0.006094 -0.002381 11.156250
0.006242 -0.002230 11.156250
0.006375 -0.002067 11.156250
0.006533 -0.001927 11.156250
0.006670 -0.001767 11.156250
0.006824 -0.001623 11.156250
0.006953 -0.001456 11.156250
0.007111 -0.001317 11.156250
0.007236 -0.001147 11.156250
0.007393 -0.001007 11.156250
0.007519 -0.000838 11.156250
0.007672 -0.000693 11.156250
0.007802 -0.000527 11.156250
0.007944 -0.000372 11.156250
0.008075 -0.000206 11.156250
0.008116 0.000001 11.156250

