0.008048 -0.000004 10.800347
0.007894 0.000137 10.800347
0.007741 0.000278 10.800347
0.007596 0.000429 10.800347
0.007442 0.000570 10.800347
0.007303 0.000725 10.800347
0.007156 0.000873 10.800347
0.007021 0.001033 10.800347
0.006864 0.001169 10.800347
0.006735 0.001333 10.800347
0.006572 0.001464 10.800347
0.006450 0.001633 10.800347
0.006304 0.001782 10.800347
0.006166 0.001939 10.800347
0.006017 0.002085 10.800347
0.005885 0.002246 10.800347
0.005753 0.002408 10.800347
0.005617 0.002566 10.800347
0.005507 0.002743 10.800347
0.005384 0.002912 10.800347
0.005303 0.003104 10.800347
0.005239 0.003303 10.800347
0.005148 0.003490 10.800347
0.005097 0.003693 10.800347
0.005023 0.003888 10.800347
0.004971 0.004090 10.800347
0.004905 0.004287 10.800347
0.004838 0.004485 10.800347
0.004799 0.004690 10.800347
0.004734 0.004889 10.800347
0.004682 0.005090 10.800347
0.004607 0.005285 10.800347
0.004558 0.005488 10.800347
0.004478 0.005681 10.800347
0.004432 0.005884 10.800347
0.004352 0.006077 10.800347
0.004296 0.006278 10.800347
0.004217 0.006471 10.800347
0.004147 0.006668 10.800347
0.004066 0.006860 10.800347
0.003896 0.006981 10.800347
0.003703 0.006902 10.800347
0.003504 0.006841 10.800347
0.003305 0.006776 10.800347
0.003103 0.006724 10.800347
0.002903 0.006665 10.800347
0.002700 0.006619 10.800347
0.002498 0.006566 10.800347
0.002295 0.006516 10.800347
0.002090 0.006481 10.800347
0.001889 0.006424 10.800347
0.001685 0.006379 10.800347
0.001480 0.006341 10.800347
0.001286 0.006417 10.800347
0.001140 0.006566 10.800347
0.000974 0.006439 10.800347
0.000778 0.006368 10.800347
0.000579 0.006304 10.800347
0.000379 0.006246 10.800347
0.000175 0.006201 10.800347
-0.000028 0.006154 10.800347
-0.000233 0.006190 10.800347
-0.000432 0.006256 10.800347
-0.000633 0.006309 10.800347
-0.000830 0.006378 10.800347
-0.000999 0.006501 10.800347
-0.001137 0.006345 10.800347
-0.001341 0.006302 10.800347
-0.001544 0.006351 10.800347
-0.001752 0.006369 10.800347
-0.001950 0.006434 10.800347
-0.002156 0.006470 10.800347
-0.002356 0.006528 10.800347
-0.002557 0.006585 10.800347
-0.002762 0.006621 10.800347
-0.002964 0.006676 10.800347
-0.003169 0.006715 10.800347
-0.003366 0.006782 10.800347
-0.003568 0.006837 10.800347
-0.003763 0.006909 10.800347
-0.003952 0.006998 10.800347
-0.004133 0.006895 10.800347
-0.004220 0.006705 10.800347
-0.004297 0.006511 10.800347
-0.004378 0.006319 10.800347
-0.004440 0.006120 10.800347
-0.004521 0.005927 10.800347
-0.004566 0.005724 10.800347
-0.004649 0.005532 10.800347
-0.004690 0.005328 10.800347
-0.004771 0.005136 10.800347
-0.004813 0.004931 10.800347
-0.004883 0.004735 10.800347
-0.004921 0.004530 10.800347
-0.004999 0.004336 10.800347
-0.005042 0.004132 10.800347
-0.005101 0.003932 10.800347
-0.005161 0.003732 10.800347
-0.005212 0.003530 10.800347
-0.005297 0.003339 10.800347
-0.005329 0.003133 10.800347
-0.005427 0.002948 10.800347
-0.005578 0.002804 10.800347
-0.005705 0.002639 10.800347
-0.005844 0.002483 10.800347
-0.005998 0.002343 10.800347
-0.006127 0.002179 10.800347
-0.006278 0.002035 10.800347
-0.006410 0.001873 10.800347
-0.006574 0.001744 10.800347
-0.006701 0.001578 10.800347
-0.006857 0.001440 10.800347
-0.006986 0.001276 10.800347
-0.007139 0.001134 10.800347
-0.007271 0.000973 10.800347
-0.007423 0.000830 10.800347
-0.007560 0.000673 10.800347
-0.007717 0.000535 10.800347
-0.007862 0.000385 10.800347
-0.008011 0.000240 10.800347
-0.008058 0.000036 10.800347
-0.007921 -0.000121 10.800347
-0.007796 -0.000288 10.800347
-0.007661 -0.000447 10.800347
-0.007538 -0.000615 10.800347
-0.007398 -0.000770 10.800347
-0.007266 -0.000931 10.800347
-0.007108 -0.001068 10.800347
-0.006974 -0.001228 10.800347
-0.006824 -0.001373 10.800347
-0.006701 -0.001542 10.800347
-0.006548 -0.001683 10.800347
-0.006409 -0.001839 10.800347
-0.006250 -0.001974 10.800347
-0.006119 -0.002136 10.800347
-0.005954 -0.002265 10.800347
-0.005819 -0.002424 10.800347
-0.005670 -0.002569 10.800347
-0.005546 -0.002737 10.800347
-0.005429 -0.002910 10.800347
-0.005368 -0.003109 10.800347
-0.005310 -0.003310 10.800347
-0.005225 -0.003501 10.800347
-0.005186 -0.003705 10.800347
-0.005104 -0.003897 10.800347
-0.005077 -0.004104 10.800347
-0.004997 -0.004296 10.800347
-0.004949 -0.004500 10.800347
-0.004880 -0.004696 10.800347
-0.004841 -0.004901 10.800347
-0.004768 -0.005097 10.800347
-0.004719 -0.005300 10.800347
-0.004643 -0.005494 10.800347
-0.004593 -0.005697 10.800347
-0.004520 -0.005892 10.800347
-0.004475 -0.006096 10.800347
-0.004404 -0.006292 10.800347
-0.004362 -0.006496 10.800347
-0.004296 -0.006694 10.800347
-0.004241 -0.006896 10.800347
-0.004072 -0.007017 10.800347
-0.003869 -0.006965 10.800347
-0.003666 -0.006918 10.800347
-0.003461 -0.006878 10.800347
-0.003260 -0.006825 10.800347
-0.003054 -0.006791 10.800347
-0.002850 -0.006745 10.800347
-0.002645 -0.006707 10.800347
-0.002447 -0.006642 10.800347
-0.002243 -0.006597 10.800347
-0.002044 -0.006536 10.800347
-0.001837 -0.006505 10.800347
-0.001632 -0.006467 10.800347
-0.001428 -0.006425 10.800347
-0.001223 -0.006385 10.800347
-0.001020 -0.006338 10.800347
-0.000816 -0.006294 10.800347
-0.000615 -0.006236 10.800347
-0.000416 -0.006176 10.800347
-0.000208 -0.006162 10.800347
-0.000009 -0.006226 10.800347
0.000197 -0.006259 10.800347
0.000402 -0.006295 10.800347
0.000601 -0.006360 10.800347
0.000807 -0.006393 10.800347
0.001002 -0.006467 10.800347
0.001207 -0.006504 10.800347
0.001410 -0.006551 10.800347
0.001612 -0.006603 10.800347
0.001815 -0.006651 10.800347
0.002018 -0.006703 10.800347
0.002223 -0.006741 10.800347
0.002424 -0.006796 10.800347
0.002630 -0.006828 10.800347
0.002831 -0.006886 10.800347
0.003036 -0.006923 10.800347
0.003238 -0.006974 10.800347
0.003442 -0.007018 10.800347
0.003646 -0.007060 10.800347
0.003852 -0.007095 10.800347
0.004039 -0.007002 10.800347
0.004083 -0.006798 10.800347
0.004129 -0.006594 10.800347
0.004194 -0.006396 10.800347
0.004239 -0.006192 10.800347
0.004311 -0.005997 10.800347
0.004359 -0.005794 10.800347
0.004439 -0.005601 10.800347
0.004471 -0.005395 10.800347
0.004544 -0.005199 10.800347
0.004586 -0.004995 10.800347
0.004654 -0.004797 10.800347
0.004716 -0.004598 10.800347
0.004785 -0.004401 10.800347
0.004871 -0.004211 10.800347
0.004907 -0.004006 10.800347
0.005005 -0.003822 10.800347
0.005181 -0.003709 10.800347
0.005227 -0.003506 10.800347
0.005247 -0.003298 10.800347
0.005334 -0.003109 10.800347
0.005488 -0.002968 10.800347
0.005613 -0.002801 10.800347
0.005761 -0.002654 10.800347
0.005900 -0.002498 10.800347
0.006047 -0.002350 10.800347
0.006200 -0.002209 10.800347
0.006331 -0.002046 10.800347
0.006484 -0.001905 10.800347
0.006620 -0.001747 10.800347
0.006777 -0.001609 10.800347
0.006903 -0.001443 10.800347
0.007062 -0.001307 10.800347
0.007186 -0.001139 10.800347
0.007341 -0.001000 10.800347
0.007468 -0.000834 10.800347
0.007617 -0.000688 10.800347
0.007750 -0.000527 10.800347
0.007892 -0.000375 10.800347
0.008021 -0.000211 10.800347
0.008048 -0.000004 10.800347

