0.006336 -0.000000 2.800347
0.006282 0.000151 2.800347
0.006182 0.000277 2.800347
0.006083 0.000403 2.800347
0.005982 0.000528 2.800347
0.005878 0.000650 2.800347
0.005777 0.000775 2.800347
0.005681 0.000904 2.800347
0.005584 0.001031 2.800347
0.005479 0.001153 2.800347
0.005373 0.001274 2.800347
0.005272 0.001398 2.800347
0.005177 0.001528 2.800347
0.005083 0.001658 2.800347
0.004984 0.001784 2.800347
0.004878 0.001905 2.800347
0.004771 0.002024 2.800347
0.004662 0.002143 2.800347
0.004558 0.002264 2.800347
0.004454 0.002387 2.800347
0.004361 0.002518 2.800347
0.004295 0.002664 2.800347
0.004240 0.002815 2.800347
0.004187 0.002966 2.800347
0.004138 0.003119 2.800347
0.004089 0.003272 2.800347
0.004037 0.003424 2.800347
0.003978 0.003573 2.800347
0.003912 0.003720 2.800347
0.003847 0.003866 2.800347
0.003790 0.004016 2.800347
0.003739 0.004169 2.800347
0.003685 0.004320 2.800347
0.003624 0.004468 2.800347
0.003560 0.004616 2.800347
0.003502 0.004765 2.800347
0.003448 0.004916 2.800347
0.003391 0.005066 2.800347
0.003330 0.005215 2.800347
0.003272 0.005365 2.800347
0.003168 0.005487 2.800347
0.003010 0.005516 2.800347
0.002851 0.005492 2.800347
0.002692 0.005469 2.800347
0.002534 0.005444 2.800347
0.002376 0.005416 2.800347
0.002217 0.005391 2.800347
0.002058 0.005372 2.800347
0.001899 0.005351 2.800347
0.001741 0.005322 2.800347
0.001583 0.005290 2.800347
0.001425 0.005265 2.800347
0.001265 0.005248 2.800347
0.001106 0.005231 2.800347
0.000947 0.005208 2.800347
0.000789 0.005177 2.800347
0.000632 0.005144 2.800347
0.000476 0.005109 2.800347
0.000318 0.005079 2.800347
0.000160 0.005051 2.800347
-0.000000 0.005035 2.800347
-0.000160 0.005051 2.800347
-0.000318 0.005079 2.800347
-0.000476 0.005109 2.800347
-0.000632 0.005144 2.800347
-0.000789 0.005177 2.800347
-0.000947 0.005208 2.800347
-0.001106 0.005231 2.800347
-0.001265 0.005248 2.800347
-0.001425 0.005265 2.800347
-0.001583 0.005290 2.800347
-0.001741 0.005322 2.800347
-0.001899 0.005351 2.800347
-0.002058 0.005372 2.800347
-0.002217 0.005391 2.800347
-0.002376 0.005416 2.800347
-0.002534 0.005444 2.800347
-0.002692 0.005469 2.800347
-0.002851 0.005492 2.800347
-0.003010 0.005516 2.800347
-0.003168 0.005487 2.800347
-0.003272 0.005365 2.800347
-0.003330 0.005215 2.800347
-0.003391 0.005066 2.800347
-0.003448 0.004916 2.800347
-0.003502 0.004765 2.800347
-0.003560 0.004616 2.800347
-0.003624 0.004468 2.800347
-0.003685 0.004320 2.800347
-0.003739 0.004169 2.800347
-0.003790 0.004016 2.800347
-0.003847 0.003866 2.800347
-0.003912 0.003720 2.800347
-0.003978 0.003573 2.800347
-0.004037 0.003424 2.800347
-0.004089 0.003272 2.800347
-0.004138 0.003119 2.800347
-0.004187 0.002966 2.800347
-0.004240 0.002815 2.800347
-0.004295 0.002664 2.800347
-0.004361 0.002518 2.800347
-0.004454 0.002387 2.800347
-0.004558 0.002264 2.800347
-0.004662 0.002143 2.800347
-0.004771 0.002024 2.800347
-0.004878 0.001905 2.800347
-0.004984 0.001784 2.800347
-0.005083 0.001658 2.800347
-0.005177 0.001528 2.800347
-0.005272 0.001398 2.800347
-0.005373 0.001274 2.800347
-0.005479 0.001153 2.800347
-0.005584 0.001031 2.800347
-0.005681 0.000904 2.800347
-0.005777 0.000775 2.800347
-0.005878 0.000650 2.800347
-0.005982 0.000528 2.800347
-0.006083 0.000403 2.800347
-0.006182 0.000277 2.800347
-0.006282 0.000151 2.800347
-0.006336 0.000000 2.800347
-0.006282 -0.000151 2.800347
-0.006182 -0.000277 2.800347
-0.006083 -0.000403 2.800347
-0.005982 -0.000528 2.800347
-0.005878 -0.000650 2.800347
-0.005777 -0.000775 2.800347
-0.005681 -0.000904 2.800347
-0.005584 -0.001031 2.800347
-0.005479 -0.001153 2.800347
-0.005373 -0.001274 2.800347
-0.005272 -0.001398 2.800347
-0.005177 -0.001528 2.800347
-0.005083 -0.001658 2.800347
-0.004984 -0.001784 2.800347
-0.004878 -0.001905 2.800347
-0.004771 -0.002024 2.800347
-0.004662 -0.002143 2.800347
-0.004558 -0.002264 2.800347
-0.004454 -0.002387 2.800347
-0.004361 -0.002518 2.800347
-0.004295 -0.002664 2.800347
-0.004240 -0.002815 2.800347
-0.004187 -0.002966 2.800347
-0.004138 -0.003119 2.800347
-0.004089 -0.003272 2.800347
-0.004037 -0.003424 2.800347
-0.003978 -0.003573 2.800347
-0.003912 -0.003720 2.800347
-0.003847 -0.003866 2.800347
-0.003790 -0.004016 2.800347
-0.003739 -0.004169 2.800347
-0.003685 -0.004320 2.800347
-0.003624 -0.004468 2.800347
-0.003560 -0.004616 2.800347
-0.003502 -0.004765 2.800347
-0.003448 -0.004916 2.800347
-0.003391 -0.005066 2.800347
-0.003330 -0.005215 2.800347
-0.003272 -0.005365 2.800347
-0.003168 -0.005487 2.800347
-0.003010 -0.005516 2.800347
-0.002851 -0.005492 2.800347
-0.002692 -0.005469 2.800347
-0.002534 -0.005444 2.800347
-0.002376 -0.005416 2.800347
-0.002217 -0.005391 2.800347
-0.002058 -0.005372 2.800347
-0.001899 -0.005351 2.800347
-0.001741 -0.005322 2.800347
-0.001583 -0.005290 2.800347
-0.001425 -0.005265 2.800347
-0.001265 -0.005248 2.800347
-0.001106 -0.005231 2.800347
-0.000947 -0.005208 2.800347
-0.000789 -0.005177 2.800347
-0.000632 -0.005144 2.800347
-0.000476 -0.005109 2.800347
-0.000318 -0.005079 2.800347
-0.000160 -0.005051 2.800347
0.000000 -0.005035 2.800347
0.000160 -0.005051 2.800347
0.000318 -0.005079 2.800347
0.000476 -0.005109 2.800347
0.000632 -0.005144 2.800347
0.000789 -0.005177 2.800347
0.000947 -0.005208 2.800347
0.001106 -0.005231 2.800347
0.001265 -0.005248 2.800347
0.001425 -0.005265 2.800347
0.001583 -0.005290 2.800347
0.001741 -0.005322 2.800347
0.001899 -0.005351 2.800347
0.002058 -0.005372 2.800347
0.002217 -0.005391 2.800347
0.002376 -0.005416 2.800347
0.002534 -0.005444 2.800347
0.002692 -0.005469 2.800347
0.002851 -0.005492 2.800347
0.003010 -0.005516 2.800347
0.003168 -0.005487 2.800347
0.003272 -0.005365 2.800347
0.003330 -0.005215 2.800347
0.003391 -0.005066 2.800347
0.003448 -0.004916 2.800347
0.003502 -0.004765 2.800347
0.003560 -0.004616 2.800347
0.003624 -0.004468 2.800347
0.003685 -0.004320 2.800347
0.003739 -0.004169 2.800347
0.003790 -0.004016 2.800347
0.003847 -0.003866 2.800347
0.003912 -0.003720 2.800347
0.003978 -0.003573 2.800347
0.004037 -0.003424 2.800347
0.004089 -0.003272 2.800347
0.004138 -0.003119 2.800347
0.004187 -0.002966 2.800347
0.004240 -0.002815 2.800347
0.004295 -0.002664 2.800347
0.004361 -0.002518 2.800347
0.004454 -0.002387 2.800347
0.004558 -0.002264 2.800347
0.004662 -0.002143 2.800347
0.004771 -0.002024 2.800347
0.004878 -0.001905 2.800347
0.004984 -0.001784 2.800347
0.005083 -0.001658 2.800347
0.005177 -0.001528 2.800347
0.005272 -0.001398 2.800347
0.005373 -0.001274 2.800347
0.005479 -0.001153 2.800347
0.005584 -0.001031 2.800347
0.005681 -0.000904 2.800347
0.005777 -0.000775 2.800347
0.005878 -0.000650 2.800347
0.005982 -0.000528 2.800347
0.006083 -0.000403 2.800347
0.006182 -0.000277 2.800347
0.006282 -0.000151 2.800347
0.006336 -0.000000 2.800347

