0.005444 -0.000000 1.005208
0.005440 0.000138 1.005208
0.005428 0.000277 1.005208
0.005408 0.000413 1.005208
0.005374 0.000548 1.005208
0.005327 0.000678 1.005208
0.005271 0.000805 1.005208
0.005212 0.000930 1.005208
0.005151 0.001055 1.005208
0.005088 0.001178 1.005208
0.005023 0.001300 1.005208
0.004956 0.001422 1.005208
0.004887 0.001542 1.005208
0.004818 0.001662 1.005208
0.004748 0.001782 1.005208
0.004679 0.001902 1.005208
0.004610 0.002022 1.005208
0.004540 0.002141 1.005208
0.004471 0.002261 1.005208
0.004402 0.002381 1.005208
0.004332 0.002501 1.005208
0.004263 0.002621 1.005208
0.004194 0.002741 1.005208
0.004125 0.002861 1.005208
0.004056 0.002981 1.005208
0.003986 0.003101 1.005208
0.003917 0.003221 1.005208
0.003848 0.003341 1.005208
0.003779 0.003461 1.005208
0.003709 0.003581 1.005208
0.003638 0.003700 1.005208
0.003565 0.003817 1.005208
0.003489 0.003934 1.005208
0.003412 0.004048 1.005208
0.003332 0.004162 1.005208
0.003251 0.004274 1.005208
0.003162 0.004380 1.005208
0.003062 0.004476 1.005208
0.002954 0.004563 1.005208
0.002840 0.004642 1.005208
0.002722 0.004714 1.005208
0.002600 0.004780 1.005208
0.002475 0.004839 1.005208
0.002346 0.004890 1.005208
0.002213 0.004928 1.005208
0.002076 0.004952 1.005208
0.001938 0.004967 1.005208
0.001800 0.004979 1.005208
0.001662 0.004988 1.005208
0.001524 0.004996 1.005208
0.001385 0.005000 1.005208
0.001247 0.005003 1.005208
0.001108 0.005003 1.005208
0.000970 0.005003 1.005208
0.000831 0.005003 1.005208
0.000693 0.005003 1.005208
0.000554 0.005003 1.005208
0.000416 0.005003 1.005208
0.000277 0.005003 1.005208
0.000139 0.005002 1.005208
0.000000 0.005002 1.005208
-0.000139 0.005002 1.005208
-0.000277 0.005003 1.005208
-0.000416 0.005003 1.005208
-0.000554 0.005003 1.005208
-0.000693 0.005003 1.005208
-0.000831 0.005003 1.005208
-0.000970 0.005003 1.005208
-0.001108 0.005003 1.005208
-0.001247 0.005003 1.005208
-0.001385 0.005000 1.005208
-0.001524 0.004996 1.005208
-0.001662 0.004988 1.005208
-0.001800 0.004979 1.005208
-0.001938 0.004967 1.005208
-0.002076 0.004952 1.005208
-0.002213 0.004928 1.005208
-0.002346 0.004890 1.005208
-0.002475 0.004839 1.005208
-0.002600 0.004780 1.005208
-0.002722 0.004714 1.005208
-0.002840 0.004642 1.005208
-0.002954 0.004563 1.005208
-0.003062 0.004476 1.005208
-0.003162 0.004380 1.005208
-0.003251 0.004274 1.005208
-0.003332 0.004162 1.005208
-0.003412 0.004048 1.005208
-0.003489 0.003934 1.005208
-0.003565 0.003817 1.005208
-0.003638 0.003700 1.005208
-0.003709 0.003581 1.005208
-0.003779 0.003461 1.005208
-0.003848 0.003341 1.005208
-0.003917 0.003221 1.005208
-0.003986 0.003101 1.005208
-0.004056 0.002981 1.005208
-0.004125 0.002861 1.005208
-0.004194 0.002741 1.005208
-0.004263 0.002621 1.005208
-0.004332 0.002501 1.005208
-0.004402 0.002381 1.005208
-0.004471 0.002261 1.005208
-0.004540 0.002141 1.005208
-0.004610 0.002022 1.005208
-0.004679 0.001902 1.005208
-0.004748 0.001782 1.005208
-0.004818 0.001662 1.005208
-0.004887 0.001542 1.005208
-0.004956 0.001422 1.005208
-0.005023 0.001300 1.005208
-0.005088 0.001178 1.005208
-0.005151 0.001055 1.005208
-0.005212 0.000930 1.005208
-0.005271 0.000805 1.005208
-0.005327 0.000678 1.005208
-0.005374 0.000548 1.005208
-0.005408 0.000413 1.005208
-0.005428 0.000277 1.005208
-0.005440 0.000138 1.005208
-0.005444 -0.000000 1.005208
-0.005440 -0.000138 1.005208
-0.005428 -0.000277 1.005208
-0.005408 -0.000413 1.005208
-0.005374 -0.000548 1.005208
-0.005327 -0.000678 1.005208
-0.005271 -0.000805 1.005208
-0.005212 -0.000930 1.005208
-0.005151 -0.001055 1.005208
-0.005088 -0.001178 1.005208
-0.005023 -0.001300 1.005208
-0.004956 -0.001422 1.005208
-0.004887 -0.001542 1.005208
-0.004818 -0.001662 1.005208
-0.004748 -0.001782 1.005208
-0.004679 -0.001902 1.005208
-0.004610 -0.002022 1.005208
-0.004540 -0.002141 1.005208
-0.004471 -0.002261 1.005208
-0.004402 -0.002381 1.005208
-0.004332 -0.002501 1.005208
-0.004263 -0.002621 1.005208
-0.004194 -0.002741 1.005208
-0.004125 -0.002861 1.005208
-0.004056 -0.002981 1.005208
-0.003986 -0.003101 1.005208
-0.003917 -0.003221 1.005208
-0.003848 -0.003341 1.005208
-0.003779 -0.003461 1.005208
-0.003709 -0.003581 1.005208
-0.003638 -0.003700 1.005208
-0.003565 -0.003817 1.005208
-0.003489 -0.003934 1.005208
-0.003412 -0.004048 1.005208
-0.003332 -0.004162 1.005208
-0.003251 -0.004274 1.005208
-0.003162 -0.004380 1.005208
-0.003062 -0.004476 1.005208
-0.002954 -0.004563 1.005208
-0.002840 -0.004642 1.005208
-0.002722 -0.004714 1.005208
-0.002600 -0.004780 1.005208
-0.002475 -0.004839 1.005208
-0.002346 -0.004890 1.005208
-0.002213 -0.004928 1.005208
-0.002076 -0.004952 1.005208
-0.001938 -0.004967 1.005208
-0.001800 -0.004979 1.005208
-0.001662 -0.004988 1.005208
-0.001524 -0.004996 1.005208
-0.001385 -0.005000 1.005208
-0.001247 -0.005003 1.005208
-0.001108 -0.005003 1.005208
-0.000970 -0.005003 1.005208
-0.000831 -0.005003 1.005208
-0.000693 -0.005003 1.005208
-0.000554 -0.005003 1.005208
-0.000416 -0.005003 1.005208
-0.000277 -0.005003 1.005208
-0.000139 -0.005002 1.005208
-0.000000 -0.005002 1.005208
0.000139 -0.005002 1.005208
0.000277 -0.005003 1.005208
0.000416 -0.005003 1.005208
0.000554 -0.005003 1.005208
0.000693 -0.005003 1.005208
0.000831 -0.005003 1.005208
0.000970 -0.005003 1.005208
0.001108 -0.005003 1.005208
0.001247 -0.005003 1.005208
0.001385 -0.005000 1.005208
0.001524 -0.004996 1.005208
0.001662 -0.004988 1.005208
0.001800 -0.004979 1.005208
0.001938 -0.004967 1.005208
0.002076 -0.004952 1.005208
0.002213 -0.004928 1.005208
0.002346 -0.004890 1.005208
0.002475 -0.004839 1.005208
0.002600 -0.004780 1.005208
0.002722 -0.004714 1.005208
0.002840 -0.004642 1.005208
0.002954 -0.004563 1.005208
0.003062 -0.004476 1.005208
0.003162 -0.004380 1.005208
0.003251 -0.004274 1.005208
0.003332 -0.004162 1.005208
0.003412 -0.004048 1.005208
0.003489 -0.003934 1.005208
0.003565 -0.003817 1.005208
0.003638 -0.003700 1.005208
0.003709 -0.003581 1.005208
0.003779 -0.003461 1.005208
0.003848 -0.003341 1.005208
0.003917 -0.003221 1.005208
0.003986 -0.003101 1.005208
0.004056 -0.002981 1.005208
0.004125 -0.002861 1.005208
0.004194 -0.002741 1.005208
0.004263 -0.002621 1.005208
0.004332 -0.002501 1.005208
0.004402 -0.002381 1.005208
0.004471 -0.002261 1.005208
0.004540 -0.002141 1.005208
0.004610 -0.002022 1.005208
0.004679 -0.001902 1.005208
0.004748 -0.001782 1.005208
0.004818 -0.001662 1.005208
0.004887 -0.001542 1.005208
0.004956 -0.001422 1.005208
0.005023 -0.001300 1.005208
0.005088 -0.001178 1.005208
0.005151 -0.001055 1.005208
0.005212 -0.000930 1.005208
0.005271 -0.000805 1.005208
0.005327 -0.000678 1.005208
0.005374 -0.000548 1.005208
0.005408 -0.000413 1.005208
0.005428 -0.000277 1.005208
0.005440 -0.000138 1.005208
0.005444 -0.000000 1.005208

