0.007072 -0.000053 6.541667
0.006961 0.000087 6.541667
0.006857 0.000233 6.541667
0.006765 0.000387 6.541667
0.006669 0.000538 6.541667
0.006572 0.000688 6.541667
0.006470 0.000835 6.541667
0.006367 0.000982 6.541667
0.006264 0.001128 6.541667
0.006151 0.001267 6.541667
0.006041 0.001408 6.541667
0.005934 0.001551 6.541667
0.005823 0.001692 6.541667
0.005712 0.001833 6.541667
0.005597 0.001970 6.541667
0.005484 0.002109 6.541667
0.005379 0.002253 6.541667
0.005269 0.002395 6.541667
0.005150 0.002529 6.541667
0.005040 0.002670 6.541667
0.004925 0.002807 6.541667
0.004851 0.002970 6.541667
0.004789 0.003138 6.541667
0.004728 0.003307 6.541667
0.004665 0.003474 6.541667
0.004592 0.003637 6.541667
0.004526 0.003804 6.541667
0.004465 0.003972 6.541667
0.004401 0.004139 6.541667
0.004335 0.004306 6.541667
0.004265 0.004470 6.541667
0.004197 0.004636 6.541667
0.004135 0.004804 6.541667
0.004065 0.004969 6.541667
0.003994 0.005133 6.541667
0.003924 0.005298 6.541667
0.003852 0.005462 6.541667
0.003784 0.005627 6.541667
0.003710 0.005791 6.541667
0.003643 0.005957 6.541667
0.003525 0.006092 6.541667
0.003346 0.006095 6.541667
0.003168 0.006086 6.541667
0.002989 0.006077 6.541667
0.002811 0.006060 6.541667
0.002632 0.006043 6.541667
0.002455 0.006023 6.541667
0.002277 0.006004 6.541667
0.002099 0.005983 6.541667
0.001922 0.005953 6.541667
0.001745 0.005929 6.541667
0.001567 0.005907 6.541667
0.001390 0.005881 6.541667
0.001213 0.005854 6.541667
0.001037 0.005823 6.541667
0.000860 0.005796 6.541667
0.000682 0.005778 6.541667
0.000505 0.005749 6.541667
0.000329 0.005716 6.541667
0.000152 0.005688 6.541667
-0.000026 0.005669 6.541667
-0.000202 0.005698 6.541667
-0.000380 0.005724 6.541667
-0.000555 0.005759 6.541667
-0.000732 0.005784 6.541667
-0.000910 0.005803 6.541667
-0.001087 0.005831 6.541667
-0.001263 0.005862 6.541667
-0.001441 0.005889 6.541667
-0.001618 0.005914 6.541667
-0.001796 0.005935 6.541667
-0.001973 0.005960 6.541667
-0.002150 0.005988 6.541667
-0.002328 0.006004 6.541667
-0.002506 0.006020 6.541667
-0.002685 0.006034 6.541667
-0.002864 0.006043 6.541667
-0.003042 0.006053 6.541667
-0.003221 0.006061 6.541667
-0.003398 0.006086 6.541667
-0.003575 0.006118 6.541667
-0.003703 0.005993 6.541667
-0.003753 0.005821 6.541667
-0.003811 0.005652 6.541667
-0.003867 0.005482 6.541667
-0.003931 0.005315 6.541667
-0.003996 0.005148 6.541667
-0.004064 0.004982 6.541667
-0.004133 0.004817 6.541667
-0.004194 0.004649 6.541667
-0.004261 0.004483 6.541667
-0.004331 0.004318 6.541667
-0.004396 0.004151 6.541667
-0.004461 0.003985 6.541667
-0.004522 0.003816 6.541667
-0.004587 0.003649 6.541667
-0.004661 0.003486 6.541667
-0.004725 0.003319 6.541667
-0.004784 0.003150 6.541667
-0.004847 0.002983 6.541667
-0.004919 0.002818 6.541667
-0.005032 0.002679 6.541667
-0.005142 0.002539 6.541667
-0.005260 0.002404 6.541667
-0.005371 0.002264 6.541667
-0.005477 0.002119 6.541667
-0.005589 0.001980 6.541667
-0.005705 0.001843 6.541667
-0.005816 0.001703 6.541667
-0.005927 0.001562 6.541667
-0.006034 0.001419 6.541667
-0.006145 0.001278 6.541667
-0.006260 0.001141 6.541667
-0.006366 0.000997 6.541667
-0.006473 0.000853 6.541667
-0.006582 0.000711 6.541667
-0.006690 0.000568 6.541667
-0.006801 0.000428 6.541667
-0.006911 0.000287 6.541667
-0.007029 0.000152 6.541667
-0.007060 -0.000025 6.541667
-0.006941 -0.000159 6.541667
-0.006839 -0.000306 6.541667
-0.006744 -0.000458 6.541667
-0.006643 -0.000605 6.541667
-0.006540 -0.000752 6.541667
-0.006435 -0.000897 6.541667
-0.006329 -0.001041 6.541667
-0.006223 -0.001185 6.541667
-0.006108 -0.001323 6.541667
-0.005999 -0.001464 6.541667
-0.005891 -0.001608 6.541667
-0.005780 -0.001748 6.541667
-0.005668 -0.001888 6.541667
-0.005553 -0.002024 6.541667
-0.005441 -0.002165 6.541667
-0.005337 -0.002310 6.541667
-0.005223 -0.002448 6.541667
-0.005108 -0.002585 6.541667
-0.004992 -0.002722 6.541667
-0.004890 -0.002869 6.541667
-0.004831 -0.003038 6.541667
-0.004762 -0.003203 6.541667
-0.004706 -0.003373 6.541667
-0.004638 -0.003539 6.541667
-0.004566 -0.003703 6.541667
-0.004502 -0.003870 6.541667
-0.004442 -0.004038 6.541667
-0.004376 -0.004205 6.541667
-0.004309 -0.004371 6.541667
-0.004240 -0.004536 6.541667
-0.004175 -0.004703 6.541667
-0.004114 -0.004871 6.541667
-0.004045 -0.005036 6.541667
-0.003979 -0.005203 6.541667
-0.003916 -0.005370 6.541667
-0.003855 -0.005539 6.541667
-0.003800 -0.005709 6.541667
-0.003741 -0.005878 6.541667
-0.003687 -0.006049 6.541667
-0.003549 -0.006164 6.541667
-0.003378 -0.006113 6.541667
-0.003203 -0.006072 6.541667
-0.003025 -0.006052 6.541667
-0.002847 -0.006038 6.541667
-0.002668 -0.006028 6.541667
-0.002490 -0.006015 6.541667
-0.002311 -0.006001 6.541667
-0.002133 -0.005985 6.541667
-0.001956 -0.005957 6.541667
-0.001779 -0.005932 6.541667
-0.001601 -0.005912 6.541667
-0.001424 -0.005886 6.541667
-0.001247 -0.005860 6.541667
-0.001070 -0.005829 6.541667
-0.000893 -0.005801 6.541667
-0.000715 -0.005783 6.541667
-0.000538 -0.005756 6.541667
-0.000363 -0.005722 6.541667
-0.000186 -0.005695 6.541667
-0.000008 -0.005669 6.541667
0.000169 -0.005692 6.541667
0.000346 -0.005719 6.541667
0.000522 -0.005753 6.541667
0.000699 -0.005781 6.541667
0.000877 -0.005799 6.541667
0.001054 -0.005826 6.541667
0.001230 -0.005858 6.541667
0.001407 -0.005885 6.541667
0.001584 -0.005911 6.541667
0.001762 -0.005933 6.541667
0.001939 -0.005960 6.541667
0.002115 -0.005992 6.541667
0.002292 -0.006015 6.541667
0.002470 -0.006041 6.541667
0.002646 -0.006070 6.541667
0.002822 -0.006102 6.541667
0.002997 -0.006142 6.541667
0.003172 -0.006179 6.541667
0.003346 -0.006222 6.541667
0.003518 -0.006173 6.541667
0.003576 -0.006004 6.541667
0.003635 -0.005835 6.541667
0.003710 -0.005673 6.541667
0.003789 -0.005512 6.541667
0.003871 -0.005353 6.541667
0.003950 -0.005192 6.541667
0.004027 -0.005030 6.541667
0.004103 -0.004869 6.541667
0.004169 -0.004702 6.541667
0.004236 -0.004536 6.541667
0.004307 -0.004371 6.541667
0.004374 -0.004206 6.541667
0.004440 -0.004039 6.541667
0.004501 -0.003871 6.541667
0.004565 -0.003704 6.541667
0.004637 -0.003540 6.541667
0.004705 -0.003374 6.541667
0.004761 -0.003204 6.541667
0.004830 -0.003039 6.541667
0.004889 -0.002870 6.541667
0.004991 -0.002723 6.541667
0.005106 -0.002586 6.541667
0.005222 -0.002449 6.541667
0.005336 -0.002311 6.541667
0.005441 -0.002166 6.541667
0.005552 -0.002025 6.541667
0.005667 -0.001889 6.541667
0.005779 -0.001749 6.541667
0.005891 -0.001609 6.541667
0.005999 -0.001466 6.541667
0.006109 -0.001325 6.541667
0.006224 -0.001188 6.541667
0.006333 -0.001046 6.541667
0.006442 -0.000904 6.541667
0.006553 -0.000764 6.541667
0.006666 -0.000624 6.541667
0.006784 -0.000490 6.541667
0.006902 -0.000355 6.541667
0.007026 -0.000226 6.541667
0.007072 -0.000053 6.541667

