0.006690 -0.000000 4.527778
0.006634 0.000160 4.527778
0.006528 0.000292 4.527778
0.006423 0.000425 4.527778
0.006316 0.000556 4.527778
0.006208 0.000686 4.527778
0.006104 0.000820 4.527778
0.006000 0.000954 4.527778
0.005895 0.001086 4.527778
0.005783 0.001214 4.527778
0.005680 0.001348 4.527778
0.005576 0.001481 4.527778
0.005474 0.001617 4.527778
0.005364 0.001746 4.527778
0.005254 0.001874 4.527778
0.005150 0.002008 4.527778
0.005047 0.002142 4.527778
0.004947 0.002279 4.527778
0.004838 0.002409 4.527778
0.004726 0.002535 4.527778
0.004619 0.002667 4.527778
0.004559 0.002825 4.527778
0.004505 0.002986 4.527778
0.004447 0.003145 4.527778
0.004378 0.003300 4.527778
0.004314 0.003456 4.527778
0.004250 0.003613 4.527778
0.004194 0.003773 4.527778
0.004137 0.003932 4.527778
0.004071 0.004088 4.527778
0.004007 0.004245 4.527778
0.003943 0.004402 4.527778
0.003888 0.004562 4.527778
0.003826 0.004719 4.527778
0.003763 0.004876 4.527778
0.003698 0.005033 4.527778
0.003640 0.005192 4.527778
0.003579 0.005350 4.527778
0.003517 0.005508 4.527778
0.003455 0.005665 4.527778
0.003345 0.005794 4.527778
0.003179 0.005825 4.527778
0.003011 0.005800 4.527778
0.002844 0.005775 4.527778
0.002676 0.005748 4.527778
0.002510 0.005719 4.527778
0.002342 0.005697 4.527778
0.002174 0.005673 4.527778
0.002007 0.005648 4.527778
0.001840 0.005615 4.527778
0.001673 0.005593 4.527778
0.001505 0.005569 4.527778
0.001337 0.005549 4.527778
0.001170 0.005518 4.527778
0.001004 0.005487 4.527778
0.000836 0.005464 4.527778
0.000668 0.005442 4.527778
0.000500 0.005423 4.527778
0.000333 0.005394 4.527778
0.000167 0.005360 4.527778
-0.000000 0.005333 4.527778
-0.000167 0.005360 4.527778
-0.000333 0.005394 4.527778
-0.000500 0.005423 4.527778
-0.000668 0.005442 4.527778
-0.000836 0.005464 4.527778
-0.001004 0.005487 4.527778
-0.001170 0.005518 4.527778
-0.001337 0.005549 4.527778
-0.001505 0.005569 4.527778
-0.001673 0.005593 4.527778
-0.001840 0.005615 4.527778
-0.002007 0.005648 4.527778
-0.002174 0.005673 4.527778
-0.002342 0.005697 4.527778
-0.002510 0.005719 4.527778
-0.002676 0.005748 4.527778
-0.002844 0.005775 4.527778
-0.003011 0.005800 4.527778
-0.003179 0.005825 4.527778
-0.003345 0.005794 4.527778
-0.003455 0.005665 4.527778
-0.003517 0.005508 4.527778
-0.003579 0.005350 4.527778
-0.003640 0.005192 4.527778
-0.003698 0.005033 4.527778
-0.003763 0.004876 4.527778
-0.003826 0.004719 4.527778
-0.003888 0.004562 4.527778
-0.003943 0.004402 4.527778
-0.004007 0.004245 4.527778
-0.004071 0.004088 4.527778
-0.004137 0.003932 4.527778
-0.004194 0.003773 4.527778
-0.004250 0.003613 4.527778
-0.004314 0.003456 4.527778
-0.004378 0.003300 4.527778
-0.004447 0.003145 4.527778
-0.004505 0.002986 4.527778
-0.004559 0.002825 4.527778
-0.004619 0.002667 4.527778
-0.004726 0.002535 4.527778
-0.004838 0.002409 4.527778
-0.004947 0.002279 4.527778
-0.005047 0.002142 4.527778
-0.005150 0.002008 4.527778
-0.005254 0.001874 4.527778
-0.005364 0.001746 4.527778
-0.005474 0.001617 4.527778
-0.005576 0.001481 4.527778
-0.005680 0.001348 4.527778
-0.005783 0.001214 4.527778
-0.005895 0.001086 4.527778
-0.006000 0.000954 4.527778
-0.006104 0.000820 4.527778
-0.006208 0.000686 4.527778
-0.006316 0.000556 4.527778
-0.006423 0.000425 4.527778
-0.006528 0.000292 4.527778
-0.006634 0.000160 4.527778
-0.006690 0.000000 4.527778
-0.006634 -0.000160 4.527778
-0.006528 -0.000292 4.527778
-0.006423 -0.000425 4.527778
-0.006316 -0.000556 4.527778
-0.006208 -0.000686 4.527778
-0.006104 -0.000820 4.527778
-0.006000 -0.000954 4.527778
-0.005895 -0.001086 4.527778
-0.005783 -0.001214 4.527778
-0.005680 -0.001348 4.527778
-0.005576 -0.001481 4.527778
-0.005474 -0.001617 4.527778
-0.005364 -0.001746 4.527778
-0.005254 -0.001874 4.527778
-0.005150 -0.002008 4.527778
-0.005047 -0.002142 4.527778
-0.004947 -0.002279 4.527778
-0.004838 -0.002409 4.527778
-0.004726 -0.002535 4.527778
-0.004619 -0.002667 4.527778
-0.004559 -0.002825 4.527778
-0.004505 -0.002986 4.527778
-0.004447 -0.003145 4.527778
-0.004378 -0.003300 4.527778
-0.004314 -0.003456 4.527778
-0.004250 -0.003613 4.527778
-0.004194 -0.003773 4.527778
-0.004137 -0.003932 4.527778
-0.004071 -0.004088 4.527778
-0.004007 -0.004245 4.527778
-0.003943 -0.004402 4.527778
-0.003888 -0.004562 4.527778
-0.003826 -0.004719 4.527778
-0.003763 -0.004876 4.527778
-0.003698 -0.005033 4.527778
-0.003640 -0.005192 4.527778
-0.003579 -0.005350 4.527778
-0.003517 -0.005508 4.527778
-0.003455 -0.005665 4.527778
-0.003345 -0.005794 4.527778
-0.003179 -0.005825 4.527778
-0.003011 -0.005800 4.527778
-0.002844 -0.005775 4.527778
-0.002676 -0.005748 4.527778
-0.002510 -0.005719 4.527778
-0.002342 -0.005697 4.527778
-0.002174 -0.005673 4.527778
-0.002007 -0.005648 4.527778
-0.001840 -0.005615 4.527778
-0.001673 -0.005593 4.527778
-0.001505 -0.005569 4.527778
-0.001337 -0.005549 4.527778
-0.001170 -0.005518 4.527778
-0.001004 -0.005487 4.527778
-0.000836 -0.005464 4.527778
-0.000668 -0.005442 4.527778
-0.000500 -0.005423 4.527778
-0.000333 -0.005394 4.527778
-0.000167 -0.005360 4.527778
0.000000 -0.005333 4.527778
0.000167 -0.005360 4.527778
0.000333 -0.005394 4.527778
0.000500 -0.005423 4.527778
0.000668 -0.005442 4.527778
0.000836 -0.005464 4.527778
0.001004 -0.005487 4.527778
0.001170 -0.005518 4.527778
0.001337 -0.005549 4.527778
0.001505 -0.005569 4.527778
0.001673 -0.005593 4.527778
0.001840 -0.005615 4.527778
0.002007 -0.005648 4.527778
0.002174 -0.005673 4.527778
0.002342 -0.005697 4.527778
0.002510 -0.005720 4.527778
0.002676 -0.005748 4.527778
0.002844 -0.005775 4.527778
0.003011 -0.005800 4.527778
0.003179 -0.005825 4.527778
0.003345 -0.005794 4.527778
0.003455 -0.005665 4.527778
0.003517 -0.005508 4.527778
0.003579 -0.005350 4.527778
0.003640 -0.005192 4.527778
0.003698 -0.005033 4.527778
0.003763 -0.004876 4.527778
0.003826 -0.004719 4.527778
0.003888 -0.004562 4.527778
0.003943 -0.004402 4.527778
0.004007 -0.004245 4.527778
0.004071 -0.004088 4.527778
0.004137 -0.003932 4.527778
0.004194 -0.003773 4.527778
0.004250 -0.003613 4.527778
0.004314 -0.003456 4.527778
0.004378 -0.003300 4.527778
0.004447 -0.003145 4.527778
0.004505 -0.002986 4.527778
0.004559 -0.002825 4.527778
0.004619 -0.002667 4.527778
0.004726 -0.002535 4.527778
0.004838 -0.002409 4.527778
0.004947 -0.002279 4.527778
0.005047 -0.002142 4.527778
0.005150 -0.002008 4.527778
0.005254 -0.001874 4.527778
0.005364 -0.001746 4.527778
0.005474 -0.001617 4.527778
0.005576 -0.001481 4.527778
0.005680 -0.001348 4.527778
0.005783 -0.001214 4.527778
0.005895 -0.001086 4.527778
0.006000 -0.000954 4.527778
0.006104 -0.000820 4.527778
0.006208 -0.000686 4.527778
0.006316 -0.000556 4.527778
0.006423 -0.000425 4.527778
0.006528 -0.000292 4.527778
0.006634 -0.000160 4.527778
0.006690 -0.000000 4.527778

