0.007039 -0.000040 6.411458
0.006933 0.000103 6.411458
0.006838 0.000254 6.411458
0.006747 0.000407 6.411458
0.006648 0.000555 6.411458
0.006549 0.000703 6.411458
0.006446 0.000848 6.411458
0.006342 0.000993 6.411458
0.006234 0.001134 6.411458
0.006121 0.001272 6.411458
0.006014 0.001414 6.411458
0.005906 0.001556 6.411458
0.005794 0.001695 6.411458
0.005682 0.001833 6.411458
0.005568 0.001970 6.411458
0.005460 0.002111 6.411458
0.005354 0.002255 6.411458
0.005239 0.002390 6.411458
0.005123 0.002525 6.411458
0.005016 0.002668 6.411458
0.004903 0.002806 6.411458
0.004832 0.002969 6.411458
0.004765 0.003134 6.411458
0.004704 0.003301 6.411458
0.004645 0.003469 6.411458
0.004575 0.003633 6.411458
0.004506 0.003797 6.411458
0.004444 0.003964 6.411458
0.004380 0.004131 6.411458
0.004317 0.004297 6.411458
0.004249 0.004462 6.411458
0.004179 0.004625 6.411458
0.004117 0.004792 6.411458
0.004051 0.004958 6.411458
0.003981 0.005121 6.411458
0.003911 0.005285 6.411458
0.003840 0.005448 6.411458
0.003772 0.005613 6.411458
0.003700 0.005776 6.411458
0.003629 0.005939 6.411458
0.003517 0.006078 6.411458
0.003339 0.006089 6.411458
0.003161 0.006077 6.411458
0.002984 0.006065 6.411458
0.002807 0.006045 6.411458
0.002630 0.006028 6.411458
0.002453 0.006007 6.411458
0.002276 0.005987 6.411458
0.002099 0.005962 6.411458
0.001924 0.005932 6.411458
0.001747 0.005911 6.411458
0.001570 0.005888 6.411458
0.001394 0.005860 6.411458
0.001219 0.005832 6.411458
0.001043 0.005802 6.411458
0.000866 0.005780 6.411458
0.000689 0.005759 6.411458
0.000514 0.005726 6.411458
0.000339 0.005695 6.411458
0.000163 0.005670 6.411458
-0.000014 0.005649 6.411458
-0.000190 0.005676 6.411458
-0.000367 0.005698 6.411458
-0.000542 0.005731 6.411458
-0.000717 0.005763 6.411458
-0.000894 0.005783 6.411458
-0.001071 0.005806 6.411458
-0.001246 0.005836 6.411458
-0.001422 0.005864 6.411458
-0.001598 0.005892 6.411458
-0.001775 0.005914 6.411458
-0.001952 0.005936 6.411458
-0.002127 0.005965 6.411458
-0.002304 0.005988 6.411458
-0.002481 0.006005 6.411458
-0.002658 0.006022 6.411458
-0.002836 0.006034 6.411458
-0.003014 0.006046 6.411458
-0.003192 0.006050 6.411458
-0.003370 0.006062 6.411458
-0.003545 0.006091 6.411458
-0.003676 0.005970 6.411458
-0.003729 0.005801 6.411458
-0.003789 0.005633 6.411458
-0.003848 0.005465 6.411458
-0.003914 0.005299 6.411458
-0.003981 0.005134 6.411458
-0.004049 0.004970 6.411458
-0.004115 0.004804 6.411458
-0.004175 0.004637 6.411458
-0.004245 0.004473 6.411458
-0.004313 0.004308 6.411458
-0.004376 0.004142 6.411458
-0.004440 0.003975 6.411458
-0.004502 0.003808 6.411458
-0.004571 0.003644 6.411458
-0.004641 0.003481 6.411458
-0.004700 0.003312 6.411458
-0.004761 0.003145 6.411458
-0.004828 0.002980 6.411458
-0.004897 0.002816 6.411458
-0.005008 0.002676 6.411458
-0.005116 0.002535 6.411458
-0.005231 0.002399 6.411458
-0.005347 0.002264 6.411458
-0.005453 0.002121 6.411458
-0.005561 0.001979 6.411458
-0.005675 0.001842 6.411458
-0.005787 0.001704 6.411458
-0.005899 0.001566 6.411458
-0.006007 0.001424 6.411458
-0.006115 0.001282 6.411458
-0.006229 0.001145 6.411458
-0.006339 0.001005 6.411458
-0.006445 0.000862 6.411458
-0.006553 0.000720 6.411458
-0.006659 0.000577 6.411458
-0.006769 0.000437 6.411458
-0.006877 0.000295 6.411458
-0.006989 0.000158 6.411458
-0.007027 -0.000016 6.411458
-0.006922 -0.000160 6.411458
-0.006828 -0.000311 6.411458
-0.006732 -0.000461 6.411458
-0.006627 -0.000605 6.411458
-0.006524 -0.000751 6.411458
-0.006418 -0.000894 6.411458
-0.006312 -0.001037 6.411458
-0.006202 -0.001177 6.411458
-0.006088 -0.001314 6.411458
-0.005982 -0.001457 6.411458
-0.005873 -0.001598 6.411458
-0.005761 -0.001736 6.411458
-0.005648 -0.001874 6.411458
-0.005535 -0.002012 6.411458
-0.005428 -0.002154 6.411458
-0.005321 -0.002296 6.411458
-0.005204 -0.002431 6.411458
-0.005091 -0.002568 6.411458
-0.004980 -0.002708 6.411458
-0.004876 -0.002852 6.411458
-0.004815 -0.003020 6.411458
-0.004745 -0.003183 6.411458
-0.004687 -0.003352 6.411458
-0.004626 -0.003519 6.411458
-0.004555 -0.003682 6.411458
-0.004487 -0.003847 6.411458
-0.004426 -0.004014 6.411458
-0.004362 -0.004181 6.411458
-0.004298 -0.004347 6.411458
-0.004230 -0.004511 6.411458
-0.004161 -0.004676 6.411458
-0.004101 -0.004843 6.411458
-0.004035 -0.005009 6.411458
-0.003967 -0.005173 6.411458
-0.003903 -0.005340 6.411458
-0.003839 -0.005506 6.411458
-0.003783 -0.005675 6.411458
-0.003724 -0.005843 6.411458
-0.003668 -0.006012 6.411458
-0.003529 -0.006123 6.411458
-0.003357 -0.006076 6.411458
-0.003181 -0.006050 6.411458
-0.003003 -0.006040 6.411458
-0.002825 -0.006028 6.411458
-0.002647 -0.006018 6.411458
-0.002470 -0.006002 6.411458
-0.002293 -0.005985 6.411458
-0.002116 -0.005963 6.411458
-0.001940 -0.005934 6.411458
-0.001763 -0.005913 6.411458
-0.001587 -0.005890 6.411458
-0.001411 -0.005863 6.411458
-0.001235 -0.005834 6.411458
-0.001059 -0.005804 6.411458
-0.000883 -0.005782 6.411458
-0.000706 -0.005762 6.411458
-0.000531 -0.005729 6.411458
-0.000355 -0.005697 6.411458
-0.000179 -0.005674 6.411458
-0.000003 -0.005649 6.411458
0.000174 -0.005673 6.411458
0.000351 -0.005696 6.411458
0.000526 -0.005728 6.411458
0.000701 -0.005761 6.411458
0.000878 -0.005782 6.411458
0.001054 -0.005804 6.411458
0.001230 -0.005834 6.411458
0.001406 -0.005863 6.411458
0.001582 -0.005891 6.411458
0.001758 -0.005914 6.411458
0.001935 -0.005936 6.411458
0.002110 -0.005968 6.411458
0.002286 -0.005995 6.411458
0.002463 -0.006018 6.411458
0.002639 -0.006046 6.411458
0.002815 -0.006074 6.411458
0.002989 -0.006110 6.411458
0.003163 -0.006146 6.411458
0.003337 -0.006187 6.411458
0.003507 -0.006134 6.411458
0.003563 -0.005965 6.411458
0.003633 -0.005801 6.411458
0.003715 -0.005643 6.411458
0.003794 -0.005484 6.411458
0.003875 -0.005325 6.411458
0.003951 -0.005164 6.411458
0.004026 -0.005002 6.411458
0.004096 -0.004838 6.411458
0.004159 -0.004672 6.411458
0.004228 -0.004508 6.411458
0.004298 -0.004344 6.411458
0.004362 -0.004178 6.411458
0.004426 -0.004011 6.411458
0.004487 -0.003844 6.411458
0.004556 -0.003680 6.411458
0.004627 -0.003517 6.411458
0.004688 -0.003349 6.411458
0.004746 -0.003181 6.411458
0.004816 -0.003017 6.411458
0.004878 -0.002850 6.411458
0.004982 -0.002706 6.411458
0.005092 -0.002566 6.411458
0.005206 -0.002429 6.411458
0.005323 -0.002294 6.411458
0.005430 -0.002152 6.411458
0.005537 -0.002010 6.411458
0.005650 -0.001872 6.411458
0.005763 -0.001734 6.411458
0.005875 -0.001596 6.411458
0.005984 -0.001455 6.411458
0.006091 -0.001313 6.411458
0.006205 -0.001176 6.411458
0.006317 -0.001037 6.411458
0.006424 -0.000895 6.411458
0.006534 -0.000755 6.411458
0.006644 -0.000615 6.411458
0.006759 -0.000479 6.411458
0.006874 -0.000343 6.411458
0.006995 -0.000212 6.411458
0.007039 -0.000040 6.411458

