0.006617 -0.000000 4.163194
0.006561 0.000158 4.163194
0.006456 0.000289 4.163194
0.006350 0.000418 4.163194
0.006246 0.000549 4.163194
0.006143 0.000681 4.163194
0.006039 0.000812 4.163194
0.005931 0.000940 4.163194
0.005826 0.001070 4.163194
0.005723 0.001203 4.163194
0.005623 0.001337 4.163194
0.005515 0.001465 4.163194
0.005408 0.001593 4.163194
0.005300 0.001722 4.163194
0.005202 0.001858 4.163194
0.005100 0.001991 4.163194
0.004994 0.002120 4.163194
0.004886 0.002247 4.163194
0.004774 0.002373 4.163194
0.004673 0.002506 4.163194
0.004573 0.002640 4.163194
0.004507 0.002794 4.163194
0.004442 0.002948 4.163194
0.004389 0.003107 4.163194
0.004333 0.003265 4.163194
0.004274 0.003422 4.163194
0.004210 0.003576 4.163194
0.004141 0.003729 4.163194
0.004084 0.003886 4.163194
0.004026 0.004043 4.163194
0.003970 0.004201 4.163194
0.003903 0.004355 4.163194
0.003840 0.004510 4.163194
0.003780 0.004666 4.163194
0.003723 0.004824 4.163194
0.003662 0.004980 4.163194
0.003598 0.005135 4.163194
0.003537 0.005291 4.163194
0.003478 0.005447 4.163194
0.003417 0.005603 4.163194
0.003308 0.005730 4.163194
0.003144 0.005761 4.163194
0.002978 0.005736 4.163194
0.002813 0.005709 4.163194
0.002647 0.005684 4.163194
0.002482 0.005661 4.163194
0.002316 0.005636 4.163194
0.002151 0.005607 4.163194
0.001986 0.005580 4.163194
0.001820 0.005558 4.163194
0.001654 0.005538 4.163194
0.001489 0.005508 4.163194
0.001324 0.005480 4.163194
0.001159 0.005451 4.163194
0.000992 0.005434 4.163194
0.000826 0.005412 4.163194
0.000661 0.005385 4.163194
0.000496 0.005355 4.163194
0.000332 0.005321 4.163194
0.000166 0.005300 4.163194
-0.000000 0.005280 4.163194
-0.000166 0.005300 4.163194
-0.000332 0.005321 4.163194
-0.000496 0.005355 4.163194
-0.000661 0.005385 4.163194
-0.000826 0.005412 4.163194
-0.000992 0.005434 4.163194
-0.001159 0.005451 4.163194
-0.001324 0.005480 4.163194
-0.001489 0.005508 4.163194
-0.001654 0.005538 4.163194
-0.001820 0.005558 4.163194
-0.001986 0.005580 4.163194
-0.002151 0.005607 4.163194
-0.002316 0.005636 4.163194
-0.002482 0.005661 4.163194
-0.002647 0.005684 4.163194
-0.002813 0.005709 4.163194
-0.002978 0.005736 4.163194
-0.003144 0.005761 4.163194
-0.003308 0.005730 4.163194
-0.003418 0.005603 4.163194
-0.003478 0.005447 4.163194
-0.003537 0.005291 4.163194
-0.003598 0.005135 4.163194
-0.003662 0.004980 4.163194
-0.003723 0.004824 4.163194
-0.003780 0.004666 4.163194
-0.003840 0.004510 4.163194
-0.003903 0.004355 4.163194
-0.003970 0.004201 4.163194
-0.004026 0.004043 4.163194
-0.004084 0.003886 4.163194
-0.004141 0.003729 4.163194
-0.004210 0.003576 4.163194
-0.004274 0.003422 4.163194
-0.004333 0.003265 4.163194
-0.004389 0.003107 4.163194
-0.004442 0.002948 4.163194
-0.004507 0.002794 4.163194
-0.004573 0.002640 4.163194
-0.004673 0.002506 4.163194
-0.004774 0.002373 4.163194
-0.004886 0.002247 4.163194
-0.004994 0.002120 4.163194
-0.005100 0.001991 4.163194
-0.005202 0.001858 4.163194
-0.005300 0.001722 4.163194
-0.005408 0.001593 4.163194
-0.005515 0.001465 4.163194
-0.005623 0.001337 4.163194
-0.005723 0.001203 4.163194
-0.005826 0.001070 4.163194
-0.005931 0.000940 4.163194
-0.006039 0.000812 4.163194
-0.006143 0.000681 4.163194
-0.006246 0.000549 4.163194
-0.006350 0.000418 4.163194
-0.006456 0.000289 4.163194
-0.006561 0.000158 4.163194
-0.006617 0.000000 4.163194
-0.006561 -0.000158 4.163194
-0.006456 -0.000289 4.163194
-0.006350 -0.000418 4.163194
-0.006246 -0.000549 4.163194
-0.006143 -0.000681 4.163194
-0.006039 -0.000812 4.163194
-0.005931 -0.000940 4.163194
-0.005826 -0.001070 4.163194
-0.005723 -0.001203 4.163194
-0.005623 -0.001337 4.163194
-0.005515 -0.001465 4.163194
-0.005408 -0.001593 4.163194
-0.005300 -0.001722 4.163194
-0.005202 -0.001858 4.163194
-0.005100 -0.001991 4.163194
-0.004994 -0.002120 4.163194
-0.004886 -0.002247 4.163194
-0.004774 -0.002373 4.163194
-0.004673 -0.002506 4.163194
-0.004573 -0.002640 4.163194
-0.004507 -0.002794 4.163194
-0.004442 -0.002948 4.163194
-0.004389 -0.003107 4.163194
-0.004333 -0.003265 4.163194
-0.004274 -0.003422 4.163194
-0.004210 -0.003576 4.163194
-0.004141 -0.003729 4.163194
-0.004084 -0.003886 4.163194
-0.004026 -0.004043 4.163194
-0.003970 -0.004201 4.163194
-0.003903 -0.004355 4.163194
-0.003840 -0.004510 4.163194
-0.003780 -0.004666 4.163194
-0.003723 -0.004824 4.163194
-0.003662 -0.004980 4.163194
-0.003598 -0.005135 4.163194
-0.003537 -0.005291 4.163194
-0.003478 -0.005447 4.163194
-0.003418 -0.005603 4.163194
-0.003308 -0.005730 4.163194
-0.003144 -0.005761 4.163194
-0.002978 -0.005736 4.163194
-0.002813 -0.005709 4.163194
-0.002647 -0.005684 4.163194
-0.002482 -0.005661 4.163194
-0.002316 -0.005636 4.163194
-0.002151 -0.005607 4.163194
-0.001986 -0.005580 4.163194
-0.001820 -0.005558 4.163194
-0.001654 -0.005538 4.163194
-0.001489 -0.005508 4.163194
-0.001324 -0.005480 4.163194
-0.001159 -0.005451 4.163194
-0.000992 -0.005434 4.163194
-0.000826 -0.005412 4.163194
-0.000661 -0.005385 4.163194
-0.000496 -0.005355 4.163194
-0.000332 -0.005321 4.163194
-0.000166 -0.005300 4.163194
0.000000 -0.005280 4.163194
0.000166 -0.005300 4.163194
0.000332 -0.005321 4.163194
0.000496 -0.005355 4.163194
0.000661 -0.005385 4.163194
0.000826 -0.005412 4.163194
0.000992 -0.005434 4.163194
0.001159 -0.005451 4.163194
0.001324 -0.005480 4.163194
0.001489 -0.005508 4.163194
0.001654 -0.005538 4.163194
0.001820 -0.005558 4.163194
0.001986 -0.005580 4.163194
0.002151 -0.005607 4.163194
0.002316 -0.005636 4.163194
0.002482 -0.005661 4.163194
0.002647 -0.005684 4.163194
0.002813 -0.005709 4.163194
0.002978 -0.005736 4.163194
0.003144 -0.005761 4.163194
0.003308 -0.005730 4.163194
0.003417 -0.005603 4.163194
0.003478 -0.005447 4.163194
0.003537 -0.005291 4.163194
0.003598 -0.005135 4.163194
0.003662 -0.004980 4.163194
0.003723 -0.004824 4.163194
0.003780 -0.004666 4.163194
0.003840 -0.004510 4.163194
0.003903 -0.004355 4.163194
0.003970 -0.004201 4.163194
0.004026 -0.004043 4.163194
0.004084 -0.003886 4.163194
0.004141 -0.003729 4.163194
0.004210 -0.003576 4.163194
0.004274 -0.003422 4.163194
0.004333 -0.003265 4.163194
0.004389 -0.003107 4.163194
0.004442 -0.002948 4.163194
0.004507 -0.002794 4.163194
0.004573 -0.002640 4.163194
0.004673 -0.002506 4.163194
0.004774 -0.002373 4.163194
0.004886 -0.002247 4.163194
0.004994 -0.002120 4.163194
0.005100 -0.001991 4.163194
0.005202 -0.001858 4.163194
0.005300 -0.001722 4.163194
0.005408 -0.001593 4.163194
0.005515 -0.001465 4.163194
0.005623 -0.001337 4.163194
0.005723 -0.001203 4.163194
0.005826 -0.001070 4.163194
0.005931 -0.000940 4.163194
0.006039 -0.000812 4.163194
0.006143 -0.000681 4.163194
0.006246 -0.000549 4.163194
0.006350 -0.000418 4.163194
0.006456 -0.000289 4.163194
0.006561 -0.000158 4.163194
0.006617 -0.000000 4.163194

