0.005949 -0.000000 1.460069
0.005899 0.000141 1.460069
0.005809 0.000261 1.460069
0.005717 0.000378 1.460069
0.005615 0.000488 1.460069
0.005511 0.000595 1.460069
0.005412 0.000708 1.460069
0.005324 0.000828 1.460069
0.005242 0.000953 1.460069
0.005163 0.001081 1.460069
0.005086 0.001209 1.460069
0.005009 0.001337 1.460069
0.004933 0.001466 1.460069
0.004858 0.001596 1.460069
0.004783 0.001725 1.460069
0.004708 0.001854 1.460069
0.004633 0.001984 1.460069
0.004558 0.002113 1.460069
0.004483 0.002243 1.460069
0.004408 0.002372 1.460069
0.004333 0.002502 1.460069
0.004259 0.002632 1.460069
0.004184 0.002761 1.460069
0.004109 0.002891 1.460069
0.004035 0.003020 1.460069
0.003960 0.003150 1.460069
0.003885 0.003280 1.460069
0.003811 0.003409 1.460069
0.003737 0.003539 1.460069
0.003663 0.003669 1.460069
0.003590 0.003800 1.460069
0.003517 0.003931 1.460069
0.003447 0.004063 1.460069
0.003379 0.004196 1.460069
0.003319 0.004333 1.460069
0.003271 0.004475 1.460069
0.003230 0.004619 1.460069
0.003186 0.004762 1.460069
0.003130 0.004901 1.460069
0.003072 0.005038 1.460069
0.002974 0.005152 1.460069
0.002827 0.005180 1.460069
0.002679 0.005161 1.460069
0.002531 0.005140 1.460069
0.002385 0.005107 1.460069
0.002240 0.005070 1.460069
0.002093 0.005041 1.460069
0.001944 0.005024 1.460069
0.001795 0.005016 1.460069
0.001646 0.005011 1.460069
0.001496 0.005009 1.460069
0.001346 0.005007 1.460069
0.001197 0.005006 1.460069
0.001047 0.005005 1.460069
0.000898 0.005005 1.460069
0.000748 0.005004 1.460069
0.000598 0.005004 1.460069
0.000449 0.005004 1.460069
0.000299 0.005004 1.460069
0.000150 0.005004 1.460069
0.000000 0.005004 1.460069
-0.000150 0.005004 1.460069
-0.000299 0.005004 1.460069
-0.000449 0.005004 1.460069
-0.000598 0.005004 1.460069
-0.000748 0.005004 1.460069
-0.000898 0.005005 1.460069
-0.001047 0.005005 1.460069
-0.001197 0.005006 1.460069
-0.001346 0.005007 1.460069
-0.001496 0.005009 1.460069
-0.001646 0.005011 1.460069
-0.001795 0.005016 1.460069
-0.001944 0.005024 1.460069
-0.002093 0.005041 1.460069
-0.002240 0.005070 1.460069
-0.002385 0.005107 1.460069
-0.002531 0.005140 1.460069
-0.002679 0.005161 1.460069
-0.002827 0.005180 1.460069
-0.002974 0.005152 1.460069
-0.003072 0.005038 1.460069
-0.003130 0.004901 1.460069
-0.003186 0.004762 1.460069
-0.003230 0.004619 1.460069
-0.003271 0.004475 1.460069
-0.003319 0.004333 1.460069
-0.003379 0.004196 1.460069
-0.003447 0.004063 1.460069
-0.003517 0.003931 1.460069
-0.003590 0.003800 1.460069
-0.003663 0.003669 1.460069
-0.003737 0.003539 1.460069
-0.003811 0.003409 1.460069
-0.003885 0.003280 1.460069
-0.003960 0.003150 1.460069
-0.004035 0.003020 1.460069
-0.004109 0.002891 1.460069
-0.004184 0.002761 1.460069
-0.004259 0.002632 1.460069
-0.004333 0.002502 1.460069
-0.004408 0.002372 1.460069
-0.004483 0.002243 1.460069
-0.004558 0.002113 1.460069
-0.004633 0.001984 1.460069
-0.004708 0.001854 1.460069
-0.004783 0.001725 1.460069
-0.004858 0.001596 1.460069
-0.004933 0.001466 1.460069
-0.005009 0.001337 1.460069
-0.005086 0.001209 1.460069
-0.005163 0.001081 1.460069
-0.005242 0.000953 1.460069
-0.005324 0.000828 1.460069
-0.005412 0.000708 1.460069
-0.005511 0.000595 1.460069
-0.005615 0.000488 1.460069
-0.005717 0.000378 1.460069
-0.005809 0.000261 1.460069
-0.005899 0.000141 1.460069
-0.005949 0.000000 1.460069
-0.005899 -0.000141 1.460069
-0.005809 -0.000261 1.460069
-0.005717 -0.000378 1.460069
-0.005615 -0.000488 1.460069
-0.005511 -0.000595 1.460069
-0.005412 -0.000708 1.460069
-0.005324 -0.000828 1.460069
-0.005242 -0.000953 1.460069
-0.005163 -0.001081 1.460069
-0.005086 -0.001209 1.460069
-0.005009 -0.001337 1.460069
-0.004933 -0.001466 1.460069
-0.004858 -0.001596 1.460069
-0.004783 -0.001725 1.460069
-0.004708 -0.001854 1.460069
-0.004633 -0.001984 1.460069
-0.004558 -0.002113 1.460069
-0.004483 -0.002243 1.460069
-0.004408 -0.002372 1.460069
-0.004333 -0.002502 1.460069
-0.004259 -0.002632 1.460069
-0.004184 -0.002761 1.460069
-0.004109 -0.002891 1.460069
-0.004035 -0.003020 1.460069
-0.003960 -0.003150 1.460069
-0.003885 -0.003280 1.460069
-0.003811 -0.003409 1.460069
-0.003737 -0.003539 1.460069
-0.003663 -0.003669 1.460069
-0.003590 -0.003800 1.460069
-0.003517 -0.003931 1.460069
-0.003447 -0.004063 1.460069
-0.003379 -0.004196 1.460069
-0.003319 -0.004333 1.460069
-0.003271 -0.004475 1.460069
-0.003230 -0.004619 1.460069
-0.003186 -0.004762 1.460069
-0.003130 -0.004901 1.460069
-0.003072 -0.005038 1.460069
-0.002974 -0.005152 1.460069
-0.002827 -0.005180 1.460069
-0.002679 -0.005161 1.460069
-0.002531 -0.005140 1.460069
-0.002385 -0.005107 1.460069
-0.002240 -0.005070 1.460069
-0.002093 -0.005041 1.460069
-0.001944 -0.005024 1.460069
-0.001795 -0.005016 1.460069
-0.001646 -0.005011 1.460069
-0.001496 -0.005009 1.460069
-0.001346 -0.005007 1.460069
-0.001197 -0.005006 1.460069
-0.001047 -0.005005 1.460069
-0.000898 -0.005005 1.460069
-0.000748 -0.005004 1.460069
-0.000598 -0.005004 1.460069
-0.000449 -0.005004 1.460069
-0.000299 -0.005004 1.460069
-0.000150 -0.005004 1.460069
0.000000 -0.005004 1.460069
0.000150 -0.005004 1.460069
0.000299 -0.005004 1.460069
0.000449 -0.005004 1.460069
0.000598 -0.005004 1.460069
0.000748 -0.005004 1.460069
0.000898 -0.005005 1.460069
0.001047 -0.005005 1.460069
0.001197 -0.005006 1.460069
0.001346 -0.005007 1.460069
0.001496 -0.005009 1.460069
0.001646 -0.005011 1.460069
0.001795 -0.005016 1.460069
0.001944 -0.005024 1.460069
0.002093 -0.005041 1.460069
0.002240 -0.005070 1.460069
0.002385 -0.005107 1.460069
0.002531 -0.005140 1.460069
0.002679 -0.005161 1.460069
0.002827 -0.005180 1.460069
0.002974 -0.005152 1.460069
0.003072 -0.005038 1.460069
0.003130 -0.004901 1.460069
0.003186 -0.004762 1.460069
0.003230 -0.004619 1.460069
0.003271 -0.004475 1.460069
0.003319 -0.004333 1.460069
0.003379 -0.004196 1.460069
0.003447 -0.004063 1.460069
0.003517 -0.003931 1.460069
0.003590 -0.003800 1.460069
0.003663 -0.003669 1.460069
0.003737 -0.003539 1.460069
0.003811 -0.003409 1.460069
0.003885 -0.003280 1.460069
0.003960 -0.003150 1.460069
0.004035 -0.003020 1.460069
0.004109 -0.002891 1.460069
0.004184 -0.002761 1.460069
0.004259 -0.002632 1.460069
0.004333 -0.002502 1.460069
0.004408 -0.002372 1.460069
0.004483 -0.002243 1.460069
0.004558 -0.002113 1.460069
0.004633 -0.001984 1.460069
0.004708 -0.001854 1.460069
0.004783 -0.001725 1.460069
0.004858 -0.001596 1.460069
0.004933 -0.001466 1.460069
0.005009 -0.001337 1.460069
0.005086 -0.001209 1.460069
0.005163 -0.001081 1.460069
0.005242 -0.000953 1.460069
0.005324 -0.000828 1.460069
0.005412 -0.000708 1.460069
0.005511 -0.000595 1.460069
0.005615 -0.000488 1.460069
0.005717 -0.000378 1.460069
0.005809 -0.000261 1.460069
0.005899 -0.000141 1.460069
0.005949 -0.000000 1.460069

