0.007194 -0.000076 7.039931
0.007079 0.000066 7.039931
0.006961 0.000205 7.039931
0.006844 0.000345 7.039931
0.006733 0.000490 7.039931
0.006629 0.000641 7.039931
0.006534 0.000796 7.039931
0.006433 0.000949 7.039931
0.006332 0.001101 7.039931
0.006234 0.001255 7.039931
0.006128 0.001404 7.039931
0.006019 0.001550 7.039931
0.005907 0.001695 7.039931
0.005795 0.001840 7.039931
0.005687 0.001987 7.039931
0.005576 0.002131 7.039931
0.005453 0.002267 7.039931
0.005345 0.002414 7.039931
0.005229 0.002556 7.039931
0.005124 0.002705 7.039931
0.004998 0.002837 7.039931
0.004921 0.003003 7.039931
0.004869 0.003178 7.039931
0.004789 0.003342 7.039931
0.004724 0.003513 7.039931
0.004660 0.003684 7.039931
0.004598 0.003856 7.039931
0.004524 0.004023 7.039931
0.004455 0.004192 7.039931
0.004387 0.004361 7.039931
0.004319 0.004531 7.039931
0.004250 0.004700 7.039931
0.004173 0.004866 7.039931
0.004100 0.005033 7.039931
0.004032 0.005203 7.039931
0.003958 0.005370 7.039931
0.003890 0.005539 7.039931
0.003825 0.005710 7.039931
0.003767 0.005884 7.039931
0.003717 0.006059 7.039931
0.003577 0.006176 7.039931
0.003397 0.006141 7.039931
0.003217 0.006115 7.039931
0.003034 0.006104 7.039931
0.002852 0.006096 7.039931
0.002669 0.006086 7.039931
0.002487 0.006076 7.039931
0.002305 0.006057 7.039931
0.002123 0.006041 7.039931
0.001941 0.006027 7.039931
0.001760 0.006003 7.039931
0.001579 0.005978 7.039931
0.001398 0.005953 7.039931
0.001217 0.005928 7.039931
0.001036 0.005908 7.039931
0.000856 0.005877 7.039931
0.000676 0.005846 7.039931
0.000495 0.005819 7.039931
0.000313 0.005805 7.039931
0.000135 0.005762 7.039931
-0.000047 0.005747 7.039931
-0.000224 0.005791 7.039931
-0.000406 0.005808 7.039931
-0.000587 0.005836 7.039931
-0.000768 0.005857 7.039931
-0.000947 0.005895 7.039931
-0.001128 0.005920 7.039931
-0.001310 0.005939 7.039931
-0.001491 0.005964 7.039931
-0.001672 0.005988 7.039931
-0.001853 0.006009 7.039931
-0.002035 0.006026 7.039931
-0.002217 0.006034 7.039931
-0.002400 0.006046 7.039931
-0.002582 0.006059 7.039931
-0.002764 0.006069 7.039931
-0.002946 0.006091 7.039931
-0.003126 0.006121 7.039931
-0.003306 0.006153 7.039931
-0.003486 0.006181 7.039931
-0.003668 0.006202 7.039931
-0.003803 0.006079 7.039931
-0.003850 0.005902 7.039931
-0.003902 0.005727 7.039931
-0.003954 0.005552 7.039931
-0.004008 0.005377 7.039931
-0.004068 0.005205 7.039931
-0.004126 0.005031 7.039931
-0.004191 0.004861 7.039931
-0.004263 0.004693 7.039931
-0.004329 0.004522 7.039931
-0.004395 0.004352 7.039931
-0.004462 0.004182 7.039931
-0.004530 0.004013 7.039931
-0.004603 0.003845 7.039931
-0.004666 0.003674 7.039931
-0.004728 0.003502 7.039931
-0.004796 0.003332 7.039931
-0.004873 0.003167 7.039931
-0.004926 0.002992 7.039931
-0.005006 0.002828 7.039931
-0.005133 0.002696 7.039931
-0.005238 0.002547 7.039931
-0.005352 0.002405 7.039931
-0.005462 0.002259 7.039931
-0.005584 0.002123 7.039931
-0.005696 0.001978 7.039931
-0.005805 0.001831 7.039931
-0.005918 0.001688 7.039931
-0.006031 0.001544 7.039931
-0.006143 0.001400 7.039931
-0.006254 0.001255 7.039931
-0.006360 0.001106 7.039931
-0.006473 0.000963 7.039931
-0.006588 0.000821 7.039931
-0.006701 0.000677 7.039931
-0.006820 0.000539 7.039931
-0.006941 0.000402 7.039931
-0.007065 0.000267 7.039931
-0.007191 0.000135 7.039931
-0.007218 -0.000045 7.039931
-0.007089 -0.000175 7.039931
-0.006954 -0.000298 7.039931
-0.006829 -0.000430 7.039931
-0.006714 -0.000573 7.039931
-0.006608 -0.000722 7.039931
-0.006508 -0.000874 7.039931
-0.006402 -0.001023 7.039931
-0.006298 -0.001173 7.039931
-0.006195 -0.001324 7.039931
-0.006085 -0.001470 7.039931
-0.005973 -0.001615 7.039931
-0.005861 -0.001759 7.039931
-0.005749 -0.001903 7.039931
-0.005642 -0.002051 7.039931
-0.005524 -0.002190 7.039931
-0.005409 -0.002332 7.039931
-0.005292 -0.002472 7.039931
-0.005191 -0.002625 7.039931
-0.005065 -0.002757 7.039931
-0.004959 -0.002906 7.039931
-0.004908 -0.003081 7.039931
-0.004830 -0.003247 7.039931
-0.004768 -0.003419 7.039931
-0.004693 -0.003585 7.039931
-0.004639 -0.003760 7.039931
-0.004569 -0.003928 7.039931
-0.004498 -0.004097 7.039931
-0.004430 -0.004266 7.039931
-0.004365 -0.004437 7.039931
-0.004300 -0.004608 7.039931
-0.004234 -0.004778 7.039931
-0.004165 -0.004947 7.039931
-0.004104 -0.005119 7.039931
-0.004048 -0.005293 7.039931
-0.003988 -0.005466 7.039931
-0.003933 -0.005640 7.039931
-0.003877 -0.005814 7.039931
-0.003823 -0.005988 7.039931
-0.003775 -0.006165 7.039931
-0.003639 -0.006287 7.039931
-0.003459 -0.006260 7.039931
-0.003281 -0.006216 7.039931
-0.003105 -0.006167 7.039931
-0.002928 -0.006121 7.039931
-0.002750 -0.006084 7.039931
-0.002568 -0.006063 7.039931
-0.002386 -0.006044 7.039931
-0.002204 -0.006030 7.039931
-0.002022 -0.006022 7.039931
-0.001840 -0.006007 7.039931
-0.001658 -0.005986 7.039931
-0.001477 -0.005962 7.039931
-0.001296 -0.005938 7.039931
-0.001114 -0.005919 7.039931
-0.000934 -0.005893 7.039931
-0.000754 -0.005858 7.039931
-0.000573 -0.005834 7.039931
-0.000392 -0.005810 7.039931
-0.000211 -0.005788 7.039931
-0.000032 -0.005750 7.039931
0.000150 -0.005770 7.039931
0.000329 -0.005806 7.039931
0.000510 -0.005824 7.039931
0.000691 -0.005849 7.039931
0.000871 -0.005883 7.039931
0.001051 -0.005913 7.039931
0.001233 -0.005934 7.039931
0.001413 -0.005960 7.039931
0.001594 -0.005988 7.039931
0.001774 -0.006017 7.039931
0.001954 -0.006047 7.039931
0.002136 -0.006071 7.039931
0.002315 -0.006103 7.039931
0.002494 -0.006143 7.039931
0.002672 -0.006181 7.039931
0.002850 -0.006223 7.039931
0.003028 -0.006266 7.039931
0.003206 -0.006307 7.039931
0.003382 -0.006354 7.039931
0.003555 -0.006295 7.039931
0.003625 -0.006126 7.039931
0.003690 -0.005955 7.039931
0.003750 -0.005783 7.039931
0.003809 -0.005610 7.039931
0.003873 -0.005438 7.039931
0.003949 -0.005273 7.039931
0.004027 -0.005107 7.039931
0.004107 -0.004943 7.039931
0.004193 -0.004782 7.039931
0.004271 -0.004617 7.039931
0.004345 -0.004450 7.039931
0.004415 -0.004281 7.039931
0.004485 -0.004112 7.039931
0.004559 -0.003945 7.039931
0.004630 -0.003777 7.039931
0.004684 -0.003602 7.039931
0.004760 -0.003436 7.039931
0.004822 -0.003264 7.039931
0.004901 -0.003100 7.039931
0.004948 -0.002923 7.039931
0.005049 -0.002771 7.039931
0.005179 -0.002642 7.039931
0.005279 -0.002489 7.039931
0.005395 -0.002348 7.039931
0.005511 -0.002207 7.039931
0.005629 -0.002068 7.039931
0.005737 -0.001920 7.039931
0.005850 -0.001776 7.039931
0.005963 -0.001633 7.039931
0.006077 -0.001491 7.039931
0.006192 -0.001349 7.039931
0.006302 -0.001202 7.039931
0.006416 -0.001060 7.039931
0.006537 -0.000923 7.039931
0.006657 -0.000785 7.039931
0.006781 -0.000651 7.039931
0.006907 -0.000518 7.039931
0.007032 -0.000386 7.039931
0.007160 -0.000255 7.039931
0.007194 -0.000076 7.039931

