0.008149 0.000001 11.340278
0.008001 0.000153 11.340278
0.007842 0.000293 11.340278
0.007695 0.000446 11.340278
0.007537 0.000587 11.340278
0.007393 0.000742 11.340278
0.007237 0.000885 11.340278
0.007106 0.001052 11.340278
0.006943 0.001187 11.340278
0.006814 0.001355 11.340278
0.006650 0.001489 11.340278
0.006513 0.001650 11.340278
0.006371 0.001808 11.340278
0.006235 0.001971 11.340278
0.006086 0.002121 11.340278
0.005939 0.002273 11.340278
0.005807 0.002439 11.340278
0.005660 0.002592 11.340278
0.005528 0.002757 11.340278
0.005416 0.002937 11.340278
0.005353 0.003140 11.340278
0.005276 0.003337 11.340278
0.005199 0.003534 11.340278
0.005157 0.003742 11.340278
0.005079 0.003939 11.340278
0.005031 0.004145 11.340278
0.004959 0.004345 11.340278
0.004910 0.004551 11.340278
0.004861 0.004757 11.340278
0.004788 0.004956 11.340278
0.004730 0.005159 11.340278
0.004656 0.005358 11.340278
0.004601 0.005563 11.340278
0.004522 0.005759 11.340278
0.004470 0.005965 11.340278
0.004384 0.006158 11.340278
0.004325 0.006362 11.340278
0.004235 0.006553 11.340278
0.004167 0.006754 11.340278
0.004086 0.006950 11.340278
0.003926 0.007090 11.340278
0.003730 0.007010 11.340278
0.003529 0.006944 11.340278
0.003329 0.006873 11.340278
0.003125 0.006817 11.340278
0.002923 0.006753 11.340278
0.002717 0.006701 11.340278
0.002511 0.006653 11.340278
0.002308 0.006591 11.340278
0.002100 0.006552 11.340278
0.001893 0.006507 11.340278
0.001690 0.006446 11.340278
0.001480 0.006422 11.340278
0.001293 0.006523 11.340278
0.001155 0.006683 11.340278
0.000982 0.006562 11.340278
0.000788 0.006477 11.340278
0.000588 0.006406 11.340278
0.000388 0.006336 11.340278
0.000183 0.006283 11.340278
-0.000022 0.006228 11.340278
-0.000229 0.006273 11.340278
-0.000427 0.006349 11.340278
-0.000631 0.006406 11.340278
-0.000823 0.006494 11.340278
-0.001003 0.006607 11.340278
-0.001124 0.006433 11.340278
-0.001327 0.006374 11.340278
-0.001537 0.006401 11.340278
-0.001746 0.006438 11.340278
-0.001945 0.006511 11.340278
-0.002154 0.006545 11.340278
-0.002354 0.006613 11.340278
-0.002562 0.006655 11.340278
-0.002770 0.006696 11.340278
-0.002973 0.006754 11.340278
-0.003180 0.006802 11.340278
-0.003378 0.006878 11.340278
-0.003581 0.006936 11.340278
-0.003775 0.007022 11.340278
-0.003966 0.007113 11.340278
-0.004142 0.006994 11.340278
-0.004224 0.006799 11.340278
-0.004299 0.006600 11.340278
-0.004395 0.006411 11.340278
-0.004459 0.006209 11.340278
-0.004552 0.006019 11.340278
-0.004601 0.005813 11.340278
-0.004688 0.005620 11.340278
-0.004734 0.005413 11.340278
-0.004814 0.005217 11.340278
-0.004865 0.005011 11.340278
-0.004941 0.004814 11.340278
-0.004978 0.004605 11.340278
-0.005048 0.004405 11.340278
-0.005108 0.004202 11.340278
-0.005161 0.003997 11.340278
-0.005229 0.003796 11.340278
-0.005260 0.003586 11.340278
-0.005349 0.003395 11.340278
-0.005378 0.003185 11.340278
-0.005466 0.002992 11.340278
-0.005624 0.002850 11.340278
-0.005749 0.002680 11.340278
-0.005906 0.002537 11.340278
-0.006051 0.002383 11.340278
-0.006184 0.002217 11.340278
-0.006340 0.002075 11.340278
-0.006479 0.001915 11.340278
-0.006639 0.001776 11.340278
-0.006766 0.001606 11.340278
-0.006926 0.001467 11.340278
-0.007055 0.001300 11.340278
-0.007213 0.001158 11.340278
-0.007347 0.000994 11.340278
-0.007505 0.000854 11.340278
-0.007647 0.000696 11.340278
-0.007809 0.000559 11.340278
-0.007951 0.000402 11.340278
-0.008101 0.000252 11.340278
-0.008148 0.000046 11.340278
-0.008002 -0.000107 11.340278
-0.007872 -0.000274 11.340278
-0.007731 -0.000433 11.340278
-0.007607 -0.000605 11.340278
-0.007468 -0.000764 11.340278
-0.007347 -0.000938 11.340278
-0.007194 -0.001085 11.340278
-0.007058 -0.001247 11.340278
-0.006898 -0.001386 11.340278
-0.006769 -0.001554 11.340278
-0.006622 -0.001707 11.340278
-0.006488 -0.001871 11.340278
-0.006324 -0.002005 11.340278
-0.006191 -0.002170 11.340278
-0.006029 -0.002307 11.340278
-0.005886 -0.002463 11.340278
-0.005735 -0.002611 11.340278
-0.005580 -0.002756 11.340278
-0.005471 -0.002938 11.340278
-0.005435 -0.003146 11.340278
-0.005356 -0.003343 11.340278
-0.005287 -0.003543 11.340278
-0.005245 -0.003751 11.340278
-0.005165 -0.003947 11.340278
-0.005134 -0.004157 11.340278
-0.005048 -0.004350 11.340278
-0.005013 -0.004559 11.340278
-0.004942 -0.004759 11.340278
-0.004897 -0.004966 11.340278
-0.004819 -0.005163 11.340278
-0.004768 -0.005368 11.340278
-0.004692 -0.005566 11.340278
-0.004644 -0.005772 11.340278
-0.004572 -0.005972 11.340278
-0.004528 -0.006179 11.340278
-0.004457 -0.006379 11.340278
-0.004414 -0.006586 11.340278
-0.004341 -0.006785 11.340278
-0.004291 -0.006991 11.340278
-0.004114 -0.007108 11.340278
-0.003909 -0.007054 11.340278
-0.003706 -0.006996 11.340278
-0.003497 -0.006957 11.340278
-0.003293 -0.006902 11.340278
-0.003085 -0.006862 11.340278
-0.002879 -0.006812 11.340278
-0.002669 -0.006784 11.340278
-0.002464 -0.006728 11.340278
-0.002257 -0.006684 11.340278
-0.002056 -0.006618 11.340278
-0.001850 -0.006569 11.340278
-0.001641 -0.006531 11.340278
-0.001433 -0.006490 11.340278
-0.001225 -0.006453 11.340278
-0.001018 -0.006408 11.340278
-0.000810 -0.006367 11.340278
-0.000602 -0.006324 11.340278
-0.000410 -0.006235 11.340278
-0.000199 -0.006223 11.340278
-0.000001 -0.006299 11.340278
0.000210 -0.006320 11.340278
0.000412 -0.006383 11.340278
0.000617 -0.006439 11.340278
0.000825 -0.006478 11.340278
0.001024 -0.006550 11.340278
0.001234 -0.006577 11.340278
0.001437 -0.006640 11.340278
0.001643 -0.006688 11.340278
0.001850 -0.006734 11.340278
0.002056 -0.006780 11.340278
0.002264 -0.006822 11.340278
0.002470 -0.006873 11.340278
0.002679 -0.006910 11.340278
0.002882 -0.006969 11.340278
0.003091 -0.007003 11.340278
0.003296 -0.007058 11.340278
0.003505 -0.007091 11.340278
0.003713 -0.007130 11.340278
0.003922 -0.007166 11.340278
0.004113 -0.007075 11.340278
0.004159 -0.006869 11.340278
0.004192 -0.006659 11.340278
0.004258 -0.006458 11.340278
0.004299 -0.006250 11.340278
0.004371 -0.006051 11.340278
0.004411 -0.005843 11.340278
0.004496 -0.005648 11.340278
0.004538 -0.005441 11.340278
0.004608 -0.005241 11.340278
0.004658 -0.005035 11.340278
0.004717 -0.004832 11.340278
0.004783 -0.004630 11.340278
0.004829 -0.004423 11.340278
0.004927 -0.004236 11.340278
0.004956 -0.004026 11.340278
0.005064 -0.003844 11.340278
0.005265 -0.003775 11.340278
0.005318 -0.003570 11.340278
0.005313 -0.003358 11.340278
0.005383 -0.003158 11.340278
0.005536 -0.003011 11.340278
0.005662 -0.002842 11.340278
0.005822 -0.002702 11.340278
0.005962 -0.002543 11.340278
0.006116 -0.002398 11.340278
0.006260 -0.002243 11.340278
0.006397 -0.002081 11.340278
0.006556 -0.001941 11.340278
0.006693 -0.001779 11.340278
0.006846 -0.001632 11.340278
0.006976 -0.001465 11.340278
0.007134 -0.001324 11.340278
0.007259 -0.001153 11.340278
0.007418 -0.001012 11.340278
0.007543 -0.000842 11.340278
0.007697 -0.000696 11.340278
0.007825 -0.000528 11.340278
0.007969 -0.000372 11.340278
0.008100 -0.000206 11.340278
0.008149 0.000001 11.340278

