0.008180 0.000000 11.531250
0.008036 0.000158 11.531250
0.007877 0.000299 11.531250
0.007729 0.000453 11.531250
0.007570 0.000594 11.531250
0.007425 0.000750 11.531250
0.007265 0.000890 11.531250
0.007134 0.001058 11.531250
0.006970 0.001194 11.531250
0.006840 0.001363 11.531250
0.006678 0.001500 11.531250
0.006536 0.001659 11.531250
0.006392 0.001816 11.531250
0.006257 0.001981 11.531250
0.006110 0.002135 11.531250
0.005959 0.002285 11.531250
0.005825 0.002451 11.531250
0.005679 0.002606 11.531250
0.005537 0.002764 11.531250
0.005428 0.002947 11.531250
0.005372 0.003153 11.531250
0.005291 0.003350 11.531250
0.005222 0.003551 11.531250
0.005178 0.003759 11.531250
0.005099 0.003957 11.531250
0.005052 0.004165 11.531250
0.004980 0.004365 11.531250
0.004935 0.004573 11.531250
0.004880 0.004779 11.531250
0.004804 0.004978 11.531250
0.004747 0.005183 11.531250
0.004673 0.005383 11.531250
0.004616 0.005588 11.531250
0.004537 0.005786 11.531250
0.004482 0.005992 11.531250
0.004394 0.006186 11.531250
0.004333 0.006390 11.531250
0.004241 0.006582 11.531250
0.004175 0.006784 11.531250
0.004092 0.006980 11.531250
0.003936 0.007126 11.531250
0.003738 0.007048 11.531250
0.003536 0.006980 11.531250
0.003336 0.006907 11.531250
0.003131 0.006850 11.531250
0.002928 0.006785 11.531250
0.002723 0.006730 11.531250
0.002515 0.006683 11.531250
0.002312 0.006620 11.531250
0.002103 0.006576 11.531250
0.001894 0.006536 11.531250
0.001692 0.006468 11.531250
0.001480 0.006449 11.531250
0.001297 0.006558 11.531250
0.001161 0.006722 11.531250
0.000983 0.006605 11.531250
0.000790 0.006516 11.531250
0.000590 0.006443 11.531250
0.000390 0.006370 11.531250
0.000185 0.006313 11.531250
-0.000021 0.006256 11.531250
-0.000228 0.006305 11.531250
-0.000426 0.006383 11.531250
-0.000631 0.006442 11.531250
-0.000822 0.006535 11.531250
-0.001009 0.006637 11.531250
-0.001124 0.006457 11.531250
-0.001328 0.006396 11.531250
-0.001539 0.006420 11.531250
-0.001747 0.006468 11.531250
-0.001948 0.006539 11.531250
-0.002158 0.006572 11.531250
-0.002359 0.006643 11.531250
-0.002569 0.006679 11.531250
-0.002777 0.006725 11.531250
-0.002981 0.006785 11.531250
-0.003188 0.006835 11.531250
-0.003386 0.006914 11.531250
-0.003590 0.006973 11.531250
-0.003783 0.007065 11.531250
-0.003977 0.007152 11.531250
-0.004148 0.007026 11.531250
-0.004230 0.006829 11.531250
-0.004300 0.006628 11.531250
-0.004399 0.006439 11.531250
-0.004464 0.006236 11.531250
-0.004561 0.006047 11.531250
-0.004614 0.005841 11.531250
-0.004701 0.005646 11.531250
-0.004750 0.005439 11.531250
-0.004829 0.005242 11.531250
-0.004881 0.005035 11.531250
-0.004960 0.004837 11.531250
-0.005000 0.004628 11.531250
-0.005067 0.004426 11.531250
-0.005131 0.004223 11.531250
-0.005182 0.004016 11.531250
-0.005254 0.003816 11.531250
-0.005278 0.003604 11.531250
-0.005368 0.003411 11.531250
-0.005399 0.003200 11.531250
-0.005484 0.003005 11.531250
-0.005643 0.002863 11.531250
-0.005769 0.002692 11.531250
-0.005930 0.002553 11.531250
-0.006071 0.002393 11.531250
-0.006207 0.002229 11.531250
-0.006366 0.002087 11.531250
-0.006505 0.001926 11.531250
-0.006663 0.001783 11.531250
-0.006791 0.001613 11.531250
-0.006952 0.001474 11.531250
-0.007082 0.001305 11.531250
-0.007242 0.001165 11.531250
-0.007377 0.001000 11.531250
-0.007538 0.000860 11.531250
-0.007681 0.000702 11.531250
-0.007842 0.000564 11.531250
-0.007983 0.000404 11.531250
-0.008134 0.000254 11.531250
-0.008181 0.000046 11.531250
-0.008031 -0.000105 11.531250
-0.007899 -0.000272 11.531250
-0.007756 -0.000430 11.531250
-0.007630 -0.000602 11.531250
-0.007489 -0.000762 11.531250
-0.007370 -0.000938 11.531250
-0.007221 -0.001090 11.531250
-0.007086 -0.001255 11.531250
-0.006924 -0.001393 11.531250
-0.006792 -0.001560 11.531250
-0.006645 -0.001714 11.531250
-0.006514 -0.001882 11.531250
-0.006349 -0.002017 11.531250
-0.006215 -0.002182 11.531250
-0.006055 -0.002322 11.531250
-0.005909 -0.002478 11.531250
-0.005760 -0.002629 11.531250
-0.005595 -0.002764 11.531250
-0.005487 -0.002948 11.531250
-0.005457 -0.003159 11.531250
-0.005373 -0.003354 11.531250
-0.005312 -0.003558 11.531250
-0.005265 -0.003766 11.531250
-0.005187 -0.003964 11.531250
-0.005153 -0.004175 11.531250
-0.005066 -0.004369 11.531250
-0.005036 -0.004580 11.531250
-0.004963 -0.004780 11.531250
-0.004915 -0.004987 11.531250
-0.004836 -0.005185 11.531250
-0.004786 -0.005392 11.531250
-0.004710 -0.005591 11.531250
-0.004663 -0.005798 11.531250
-0.004591 -0.005999 11.531250
-0.004547 -0.006207 11.531250
-0.004476 -0.006408 11.531250
-0.004432 -0.006616 11.531250
-0.004356 -0.006816 11.531250
-0.004311 -0.007024 11.531250
-0.004132 -0.007139 11.531250
-0.003925 -0.007087 11.531250
-0.003721 -0.007025 11.531250
-0.003512 -0.006985 11.531250
-0.003306 -0.006930 11.531250
-0.003097 -0.006889 11.531250
-0.002891 -0.006836 11.531250
-0.002680 -0.006808 11.531250
-0.002474 -0.006756 11.531250
-0.002265 -0.006714 11.531250
-0.002061 -0.006651 11.531250
-0.001856 -0.006595 11.531250
-0.001647 -0.006554 11.531250
-0.001438 -0.006512 11.531250
-0.001228 -0.006476 11.531250
-0.001020 -0.006432 11.531250
-0.000811 -0.006389 11.531250
-0.000601 -0.006355 11.531250
-0.000411 -0.006259 11.531250
-0.000198 -0.006244 11.531250
-0.000000 -0.006323 11.531250
0.000212 -0.006343 11.531250
0.000412 -0.006414 11.531250
0.000619 -0.006465 11.531250
0.000828 -0.006508 11.531250
0.001030 -0.006575 11.531250
0.001241 -0.006602 11.531250
0.001442 -0.006671 11.531250
0.001651 -0.006715 11.531250
0.001859 -0.006761 11.531250
0.002067 -0.006807 11.531250
0.002275 -0.006850 11.531250
0.002482 -0.006900 11.531250
0.002692 -0.006938 11.531250
0.002896 -0.006996 11.531250
0.003107 -0.007029 11.531250
0.003313 -0.007084 11.531250
0.003524 -0.007113 11.531250
0.003733 -0.007154 11.531250
0.003942 -0.007192 11.531250
0.004136 -0.007104 11.531250
0.004186 -0.006897 11.531250
0.004215 -0.006686 11.531250
0.004280 -0.006483 11.531250
0.004319 -0.006274 11.531250
0.004392 -0.006074 11.531250
0.004429 -0.005864 11.531250
0.004513 -0.005668 11.531250
0.004560 -0.005461 11.531250
0.004629 -0.005259 11.531250
0.004683 -0.005053 11.531250
0.004738 -0.004848 11.531250
0.004808 -0.004646 11.531250
0.004844 -0.004436 11.531250
0.004944 -0.004248 11.531250
0.004972 -0.004037 11.531250
0.005079 -0.003854 11.531250
0.005286 -0.003801 11.531250
0.005347 -0.003597 11.531250
0.005340 -0.003384 11.531250
0.005401 -0.003180 11.531250
0.005550 -0.003028 11.531250
0.005679 -0.002859 11.531250
0.005842 -0.002721 11.531250
0.005982 -0.002561 11.531250
0.006138 -0.002416 11.531250
0.006279 -0.002256 11.531250
0.006420 -0.002096 11.531250
0.006579 -0.001955 11.531250
0.006715 -0.001791 11.531250
0.006867 -0.001642 11.531250
0.006999 -0.001475 11.531250
0.007156 -0.001331 11.531250
0.007283 -0.001160 11.531250
0.007442 -0.001018 11.531250
0.007567 -0.000846 11.531250
0.007722 -0.000701 11.531250
0.007849 -0.000529 11.531250
0.007994 -0.000374 11.531250
0.008125 -0.000206 11.531250
0.008180 0.000000 11.531250

