0.006460 -0.000000 3.411458
0.006406 0.000154 3.411458
0.006304 0.000282 3.411458
0.006201 0.000409 3.411458
0.006097 0.000535 3.411458
0.005996 0.000664 3.411458
0.005897 0.000794 3.411458
0.005793 0.000921 3.411458
0.005687 0.001045 3.411458
0.005584 0.001172 3.411458
0.005486 0.001303 3.411458
0.005387 0.001434 3.411458
0.005283 0.001560 3.411458
0.005175 0.001683 3.411458
0.005070 0.001808 3.411458
0.004969 0.001937 3.411458
0.004875 0.002071 3.411458
0.004775 0.002200 3.411458
0.004674 0.002329 3.411458
0.004564 0.002450 3.411458
0.004455 0.002572 3.411458
0.004404 0.002727 3.411458
0.004354 0.002883 3.411458
0.004293 0.003035 3.411458
0.004231 0.003187 3.411458
0.004162 0.003335 3.411458
0.004101 0.003487 3.411458
0.004044 0.003640 3.411458
0.003993 0.003795 3.411458
0.003936 0.003949 3.411458
0.003872 0.004099 3.411458
0.003807 0.004249 3.411458
0.003749 0.004402 3.411458
0.003694 0.004557 3.411458
0.003636 0.004709 3.411458
0.003573 0.004860 3.411458
0.003512 0.005012 3.411458
0.003455 0.005165 3.411458
0.003396 0.005318 3.411458
0.003337 0.005471 3.411458
0.003230 0.005595 3.411458
0.003069 0.005625 3.411458
0.002908 0.005601 3.411458
0.002746 0.005574 3.411458
0.002585 0.005548 3.411458
0.002423 0.005525 3.411458
0.002260 0.005504 3.411458
0.002099 0.005478 3.411458
0.001938 0.005448 3.411458
0.001777 0.005422 3.411458
0.001614 0.005403 3.411458
0.001452 0.005383 3.411458
0.001290 0.005356 3.411458
0.001130 0.005323 3.411458
0.000969 0.005295 3.411458
0.000807 0.005272 3.411458
0.000644 0.005258 3.411458
0.000482 0.005235 3.411458
0.000320 0.005212 3.411458
0.000160 0.005177 3.411458
-0.000000 0.005144 3.411458
-0.000160 0.005177 3.411458
-0.000320 0.005212 3.411458
-0.000482 0.005235 3.411458
-0.000644 0.005258 3.411458
-0.000807 0.005272 3.411458
-0.000969 0.005295 3.411458
-0.001130 0.005323 3.411458
-0.001290 0.005356 3.411458
-0.001452 0.005383 3.411458
-0.001614 0.005403 3.411458
-0.001777 0.005422 3.411458
-0.001938 0.005448 3.411458
-0.002099 0.005478 3.411458
-0.002260 0.005504 3.411458
-0.002423 0.005525 3.411458
-0.002585 0.005548 3.411458
-0.002746 0.005574 3.411458
-0.002908 0.005601 3.411458
-0.003069 0.005625 3.411458
-0.003230 0.005595 3.411458
-0.003337 0.005471 3.411458
-0.003396 0.005318 3.411458
-0.003455 0.005165 3.411458
-0.003512 0.005012 3.411458
-0.003573 0.004860 3.411458
-0.003636 0.004709 3.411458
-0.003694 0.004557 3.411458
-0.003749 0.004402 3.411458
-0.003807 0.004249 3.411458
-0.003872 0.004099 3.411458
-0.003936 0.003949 3.411458
-0.003993 0.003795 3.411458
-0.004044 0.003640 3.411458
-0.004101 0.003487 3.411458
-0.004162 0.003335 3.411458
-0.004231 0.003187 3.411458
-0.004293 0.003035 3.411458
-0.004354 0.002883 3.411458
-0.004404 0.002727 3.411458
-0.004455 0.002572 3.411458
-0.004564 0.002450 3.411458
-0.004674 0.002329 3.411458
-0.004775 0.002200 3.411458
-0.004875 0.002071 3.411458
-0.004969 0.001937 3.411458
-0.005070 0.001808 3.411458
-0.005175 0.001683 3.411458
-0.005283 0.001560 3.411458
-0.005387 0.001434 3.411458
-0.005486 0.001303 3.411458
-0.005584 0.001172 3.411458
-0.005687 0.001045 3.411458
-0.005793 0.000921 3.411458
-0.005897 0.000794 3.411458
-0.005996 0.000664 3.411458
-0.006097 0.000535 3.411458
-0.006201 0.000409 3.411458
-0.006304 0.000282 3.411458
-0.006406 0.000154 3.411458
-0.006460 0.000000 3.411458
-0.006406 -0.000154 3.411458
-0.006304 -0.000282 3.411458
-0.006201 -0.000409 3.411458
-0.006097 -0.000535 3.411458
-0.005996 -0.000664 3.411458
-0.005897 -0.000794 3.411458
-0.005793 -0.000921 3.411458
-0.005687 -0.001045 3.411458
-0.005584 -0.001172 3.411458
-0.005486 -0.001303 3.411458
-0.005387 -0.001434 3.411458
-0.005283 -0.001560 3.411458
-0.005175 -0.001683 3.411458
-0.005070 -0.001808 3.411458
-0.004969 -0.001937 3.411458
-0.004875 -0.002071 3.411458
-0.004775 -0.002200 3.411458
-0.004674 -0.002329 3.411458
-0.004564 -0.002450 3.411458
-0.004455 -0.002572 3.411458
-0.004404 -0.002727 3.411458
-0.004354 -0.002883 3.411458
-0.004293 -0.003035 3.411458
-0.004231 -0.003187 3.411458
-0.004162 -0.003335 3.411458
-0.004101 -0.003487 3.411458
-0.004044 -0.003640 3.411458
-0.003993 -0.003795 3.411458
-0.003936 -0.003949 3.411458
-0.003872 -0.004099 3.411458
-0.003807 -0.004249 3.411458
-0.003749 -0.004402 3.411458
-0.003694 -0.004557 3.411458
-0.003636 -0.004709 3.411458
-0.003573 -0.004860 3.411458
-0.003512 -0.005012 3.411458
-0.003455 -0.005165 3.411458
-0.003396 -0.005318 3.411458
-0.003337 -0.005471 3.411458
-0.003230 -0.005595 3.411458
-0.003069 -0.005625 3.411458
-0.002908 -0.005601 3.411458
-0.002746 -0.005574 3.411458
-0.002585 -0.005548 3.411458
-0.002423 -0.005525 3.411458
-0.002260 -0.005504 3.411458
-0.002099 -0.005478 3.411458
-0.001938 -0.005448 3.411458
-0.001777 -0.005422 3.411458
-0.001614 -0.005403 3.411458
-0.001452 -0.005383 3.411458
-0.001290 -0.005356 3.411458
-0.001130 -0.005323 3.411458
-0.000969 -0.005295 3.411458
-0.000807 -0.005272 3.411458
-0.000644 -0.005258 3.411458
-0.000482 -0.005235 3.411458
-0.000320 -0.005212 3.411458
-0.000160 -0.005177 3.411458
0.000000 -0.005144 3.411458
0.000160 -0.005177 3.411458
0.000320 -0.005212 3.411458
0.000482 -0.005235 3.411458
0.000644 -0.005258 3.411458
0.000807 -0.005272 3.411458
0.000969 -0.005295 3.411458
0.001130 -0.005323 3.411458
0.001290 -0.005356 3.411458
0.001452 -0.005383 3.411458
0.001614 -0.005403 3.411458
0.001777 -0.005422 3.411458
0.001938 -0.005448 3.411458
0.002099 -0.005478 3.411458
0.002260 -0.005504 3.411458
0.002423 -0.005525 3.411458
0.002585 -0.005548 3.411458
0.002746 -0.005574 3.411458
0.002908 -0.005601 3.411458
0.003069 -0.005625 3.411458
0.003230 -0.005595 3.411458
0.003337 -0.005471 3.411458
0.003396 -0.005318 3.411458
0.003455 -0.005165 3.411458
0.003512 -0.005012 3.411458
0.003573 -0.004860 3.411458
0.003636 -0.004709 3.411458
0.003694 -0.004557 3.411458
0.003749 -0.004402 3.411458
0.003807 -0.004249 3.411458
0.003872 -0.004099 3.411458
0.003936 -0.003949 3.411458
0.003993 -0.003795 3.411458
0.004044 -0.003640 3.411458
0.004101 -0.003487 3.411458
0.004162 -0.003335 3.411458
0.004231 -0.003187 3.411458
0.004293 -0.003035 3.411458
0.004354 -0.002883 3.411458
0.004404 -0.002727 3.411458
0.004455 -0.002572 3.411458
0.004564 -0.002450 3.411458
0.004674 -0.002329 3.411458
0.004775 -0.002200 3.411458
0.004875 -0.002071 3.411458
0.004969 -0.001937 3.411458
0.005070 -0.001808 3.411458
0.005175 -0.001683 3.411458
0.005283 -0.001560 3.411458
0.005387 -0.001434 3.411458
0.005486 -0.001303 3.411458
0.005584 -0.001172 3.411458
0.005687 -0.001045 3.411458
0.005793 -0.000921 3.411458
0.005897 -0.000794 3.411458
0.005996 -0.000664 3.411458
0.006097 -0.000535 3.411458
0.006201 -0.000409 3.411458
0.006304 -0.000282 3.411458
0.006406 -0.000154 3.411458
0.006460 -0.000000 3.411458

