0.006009 -0.000000 1.592014
0.005958 0.000142 1.592014
0.005863 0.000260 1.592014
0.005771 0.000380 1.592014
0.005682 0.000502 1.592014
0.005585 0.000619 1.592014
0.005481 0.000729 1.592014
0.005377 0.000838 1.592014
0.005278 0.000953 1.592014
0.005187 0.001074 1.592014
0.005103 0.001199 1.592014
0.005022 0.001327 1.592014
0.004943 0.001456 1.592014
0.004866 0.001586 1.592014
0.004789 0.001717 1.592014
0.004713 0.001847 1.592014
0.004637 0.001978 1.592014
0.004561 0.002109 1.592014
0.004485 0.002240 1.592014
0.004409 0.002371 1.592014
0.004334 0.002502 1.592014
0.004258 0.002633 1.592014
0.004183 0.002764 1.592014
0.004107 0.002895 1.592014
0.004032 0.003026 1.592014
0.003956 0.003158 1.592014
0.003881 0.003289 1.592014
0.003807 0.003421 1.592014
0.003733 0.003553 1.592014
0.003660 0.003685 1.592014
0.003590 0.003819 1.592014
0.003524 0.003955 1.592014
0.003465 0.004095 1.592014
0.003415 0.004238 1.592014
0.003372 0.004383 1.592014
0.003329 0.004528 1.592014
0.003276 0.004670 1.592014
0.003215 0.004808 1.592014
0.003156 0.004947 1.592014
0.003102 0.005089 1.592014
0.003005 0.005204 1.592014
0.002856 0.005231 1.592014
0.002707 0.005207 1.592014
0.002556 0.005188 1.592014
0.002406 0.005172 1.592014
0.002257 0.005147 1.592014
0.002110 0.005111 1.592014
0.001963 0.005076 1.592014
0.001814 0.005048 1.592014
0.001664 0.005029 1.592014
0.001513 0.005019 1.592014
0.001362 0.005013 1.592014
0.001210 0.005009 1.592014
0.001059 0.005007 1.592014
0.000908 0.005006 1.592014
0.000756 0.005005 1.592014
0.000605 0.005005 1.592014
0.000454 0.005004 1.592014
0.000303 0.005004 1.592014
0.000151 0.005004 1.592014
0.000000 0.005004 1.592014
-0.000151 0.005004 1.592014
-0.000303 0.005004 1.592014
-0.000454 0.005004 1.592014
-0.000605 0.005005 1.592014
-0.000756 0.005005 1.592014
-0.000908 0.005006 1.592014
-0.001059 0.005007 1.592014
-0.001210 0.005009 1.592014
-0.001362 0.005013 1.592014
-0.001513 0.005019 1.592014
-0.001664 0.005029 1.592014
-0.001814 0.005048 1.592014
-0.001963 0.005076 1.592014
-0.002110 0.005111 1.592014
-0.002257 0.005147 1.592014
-0.002406 0.005172 1.592014
-0.002556 0.005188 1.592014
-0.002707 0.005207 1.592014
-0.002856 0.005231 1.592014
-0.003005 0.005204 1.592014
-0.003102 0.005089 1.592014
-0.003156 0.004947 1.592014
-0.003215 0.004808 1.592014
-0.003276 0.004670 1.592014
-0.003329 0.004528 1.592014
-0.003372 0.004383 1.592014
-0.003415 0.004238 1.592014
-0.003465 0.004095 1.592014
-0.003524 0.003955 1.592014
-0.003590 0.003819 1.592014
-0.003660 0.003685 1.592014
-0.003733 0.003553 1.592014
-0.003807 0.003421 1.592014
-0.003881 0.003289 1.592014
-0.003956 0.003158 1.592014
-0.004032 0.003026 1.592014
-0.004107 0.002895 1.592014
-0.004183 0.002764 1.592014
-0.004258 0.002633 1.592014
-0.004334 0.002502 1.592014
-0.004409 0.002371 1.592014
-0.004485 0.002240 1.592014
-0.004561 0.002109 1.592014
-0.004637 0.001978 1.592014
-0.004713 0.001847 1.592014
-0.004789 0.001717 1.592014
-0.004866 0.001586 1.592014
-0.004943 0.001456 1.592014
-0.005022 0.001327 1.592014
-0.005103 0.001199 1.592014
-0.005187 0.001074 1.592014
-0.005278 0.000953 1.592014
-0.005377 0.000838 1.592014
-0.005481 0.000729 1.592014
-0.005585 0.000619 1.592014
-0.005682 0.000502 1.592014
-0.005771 0.000380 1.592014
-0.005863 0.000260 1.592014
-0.005958 0.000142 1.592014
-0.006009 0.000000 1.592014
-0.005958 -0.000142 1.592014
-0.005863 -0.000260 1.592014
-0.005771 -0.000380 1.592014
-0.005682 -0.000502 1.592014
-0.005585 -0.000619 1.592014
-0.005481 -0.000729 1.592014
-0.005377 -0.000838 1.592014
-0.005278 -0.000953 1.592014
-0.005187 -0.001074 1.592014
-0.005103 -0.001199 1.592014
-0.005022 -0.001327 1.592014
-0.004943 -0.001456 1.592014
-0.004866 -0.001586 1.592014
-0.004789 -0.001717 1.592014
-0.004713 -0.001847 1.592014
-0.004637 -0.001978 1.592014
-0.004561 -0.002109 1.592014
-0.004485 -0.002240 1.592014
-0.004409 -0.002371 1.592014
-0.004334 -0.002502 1.592014
-0.004258 -0.002633 1.592014
-0.004183 -0.002764 1.592014
-0.004107 -0.002895 1.592014
-0.004032 -0.003026 1.592014
-0.003956 -0.003158 1.592014
-0.003881 -0.003289 1.592014
-0.003807 -0.003421 1.592014
-0.003733 -0.003553 1.592014
-0.003660 -0.003685 1.592014
-0.003590 -0.003819 1.592014
-0.003524 -0.003955 1.592014
-0.003465 -0.004095 1.592014
-0.003415 -0.004238 1.592014
-0.003372 -0.004383 1.592014
-0.003329 -0.004528 1.592014
-0.003276 -0.004670 1.592014
-0.003215 -0.004808 1.592014
-0.003156 -0.004947 1.592014
-0.003102 -0.005089 1.592014
-0.003005 -0.005204 1.592014
-0.002856 -0.005231 1.592014
-0.002707 -0.005207 1.592014
-0.002556 -0.005188 1.592014
-0.002406 -0.005172 1.592014
-0.002257 -0.005147 1.592014
-0.002110 -0.005111 1.592014
-0.001963 -0.005076 1.592014
-0.001814 -0.005048 1.592014
-0.001664 -0.005029 1.592014
-0.001513 -0.005019 1.592014
-0.001362 -0.005013 1.592014
-0.001210 -0.005009 1.592014
-0.001059 -0.005007 1.592014
-0.000908 -0.005006 1.592014
-0.000756 -0.005005 1.592014
-0.000605 -0.005005 1.592014
-0.000454 -0.005004 1.592014
-0.000303 -0.005004 1.592014
-0.000151 -0.005004 1.592014
0.000000 -0.005004 1.592014
0.000151 -0.005004 1.592014
0.000303 -0.005004 1.592014
0.000454 -0.005004 1.592014
0.000605 -0.005005 1.592014
0.000756 -0.005005 1.592014
0.000908 -0.005006 1.592014
0.001059 -0.005007 1.592014
0.001210 -0.005009 1.592014
0.001362 -0.005013 1.592014
0.001513 -0.005019 1.592014
0.001664 -0.005029 1.592014
0.001814 -0.005048 1.592014
0.001963 -0.005076 1.592014
0.002110 -0.005111 1.592014
0.002257 -0.005147 1.592014
0.002406 -0.005172 1.592014
0.002556 -0.005188 1.592014
0.002707 -0.005207 1.592014
0.002856 -0.005231 1.592014
0.003005 -0.005204 1.592014
0.003102 -0.005089 1.592014
0.003156 -0.004947 1.592014
0.003215 -0.004808 1.592014
0.003276 -0.004670 1.592014
0.003329 -0.004528 1.592014
0.003372 -0.004383 1.592014
0.003415 -0.004238 1.592014
0.003465 -0.004095 1.592014
0.003524 -0.003955 1.592014
0.003590 -0.003819 1.592014
0.003660 -0.003685 1.592014
0.003733 -0.003553 1.592014
0.003807 -0.003421 1.592014
0.003881 -0.003289 1.592014
0.003956 -0.003158 1.592014
0.004032 -0.003026 1.592014
0.004107 -0.002895 1.592014
0.004183 -0.002764 1.592014
0.004258 -0.002633 1.592014
0.004334 -0.002502 1.592014
0.004409 -0.002371 1.592014
0.004485 -0.002240 1.592014
0.004561 -0.002109 1.592014
0.004637 -0.001978 1.592014
0.004713 -0.001847 1.592014
0.004789 -0.001717 1.592014
0.004866 -0.001586 1.592014
0.004943 -0.001456 1.592014
0.005022 -0.001327 1.592014
0.005103 -0.001199 1.592014
0.005187 -0.001074 1.592014
0.005278 -0.000953 1.592014
0.005377 -0.000838 1.592014
0.005481 -0.000729 1.592014
0.005585 -0.000619 1.592014
0.005682 -0.000502 1.592014
0.005771 -0.000380 1.592014
0.005863 -0.000260 1.592014
0.005958 -0.000142 1.592014
0.006009 -0.000000 1.592014

