0.008216 0.000001 11.789931
0.008078 0.000165 11.789931
0.007920 0.000310 11.789931
0.007772 0.000465 11.789931
0.007611 0.000607 11.789931
0.007466 0.000764 11.789931
0.007300 0.000900 11.789931
0.007169 0.001070 11.789931
0.007004 0.001206 11.789931
0.006873 0.001376 11.789931
0.006714 0.001519 11.789931
0.006567 0.001675 11.789931
0.006419 0.001831 11.789931
0.006283 0.001996 11.789931
0.006141 0.002157 11.789931
0.005985 0.002304 11.789931
0.005848 0.002469 11.789931
0.005706 0.002629 11.789931
0.005551 0.002777 11.789931
0.005444 0.002963 11.789931
0.005397 0.003172 11.789931
0.005312 0.003369 11.789931
0.005254 0.003576 11.789931
0.005204 0.003784 11.789931
0.005125 0.003983 11.789931
0.005081 0.004193 11.789931
0.005009 0.004395 11.789931
0.004968 0.004605 11.789931
0.004902 0.004809 11.789931
0.004827 0.005010 11.789931
0.004769 0.005216 11.789931
0.004695 0.005417 11.789931
0.004635 0.005623 11.789931
0.004556 0.005823 11.789931
0.004496 0.006028 11.789931
0.004406 0.006223 11.789931
0.004342 0.006428 11.789931
0.004249 0.006620 11.789931
0.004186 0.006825 11.789931
0.004097 0.007020 11.789931
0.003947 0.007174 11.789931
0.003747 0.007097 11.789931
0.003544 0.007029 11.789931
0.003343 0.006954 11.789931
0.003137 0.006894 11.789931
0.002933 0.006829 11.789931
0.002727 0.006768 11.789931
0.002518 0.006723 11.789931
0.002313 0.006660 11.789931
0.002105 0.006608 11.789931
0.001894 0.006574 11.789931
0.001693 0.006499 11.789931
0.001479 0.006484 11.789931
0.001303 0.006605 11.789931
0.001169 0.006773 11.789931
0.000984 0.006663 11.789931
0.000792 0.006569 11.789931
0.000591 0.006493 11.789931
0.000391 0.006417 11.789931
0.000185 0.006356 11.789931
-0.000021 0.006296 11.789931
-0.000228 0.006350 11.789931
-0.000427 0.006431 11.789931
-0.000632 0.006492 11.789931
-0.000822 0.006591 11.789931
-0.001021 0.006671 11.789931
-0.001128 0.006485 11.789931
-0.001334 0.006426 11.789931
-0.001547 0.006450 11.789931
-0.001752 0.006513 11.789931
-0.001956 0.006577 11.789931
-0.002168 0.006611 11.789931
-0.002370 0.006681 11.789931
-0.002583 0.006712 11.789931
-0.002789 0.006768 11.789931
-0.002995 0.006829 11.789931
-0.003202 0.006884 11.789931
-0.003401 0.006965 11.789931
-0.003606 0.007027 11.789931
-0.003797 0.007123 11.789931
-0.003996 0.007203 11.789931
-0.004160 0.007065 11.789931
-0.004243 0.006867 11.789931
-0.004306 0.006662 11.789931
-0.004405 0.006472 11.789931
-0.004471 0.006268 11.789931
-0.004572 0.006079 11.789931
-0.004630 0.005873 11.789931
-0.004719 0.005678 11.789931
-0.004772 0.005470 11.789931
-0.004852 0.005271 11.789931
-0.004904 0.005064 11.789931
-0.004986 0.004865 11.789931
-0.005033 0.004656 11.789931
-0.005093 0.004451 11.789931
-0.005162 0.004248 11.789931
-0.005210 0.004039 11.789931
-0.005287 0.003839 11.789931
-0.005306 0.003625 11.789931
-0.005395 0.003430 11.789931
-0.005428 0.003218 11.789931
-0.005512 0.003021 11.789931
-0.005671 0.002878 11.789931
-0.005799 0.002706 11.789931
-0.005965 0.002570 11.789931
-0.006099 0.002403 11.789931
-0.006244 0.002244 11.789931
-0.006403 0.002101 11.789931
-0.006542 0.001938 11.789931
-0.006698 0.001791 11.789931
-0.006828 0.001620 11.789931
-0.006990 0.001481 11.789931
-0.007121 0.001310 11.789931
-0.007284 0.001171 11.789931
-0.007419 0.001005 11.789931
-0.007584 0.000868 11.789931
-0.007727 0.000709 11.789931
-0.007889 0.000568 11.789931
-0.008027 0.000404 11.789931
-0.008180 0.000253 11.789931
-0.008226 0.000044 11.789931
-0.008072 -0.000105 11.789931
-0.007936 -0.000271 11.789931
-0.007789 -0.000427 11.789931
-0.007663 -0.000600 11.789931
-0.007518 -0.000758 11.789931
-0.007400 -0.000937 11.789931
-0.007255 -0.001095 11.789931
-0.007124 -0.001265 11.789931
-0.006962 -0.001405 11.789931
-0.006824 -0.001569 11.789931
-0.006674 -0.001722 11.789931
-0.006547 -0.001895 11.789931
-0.006383 -0.002033 11.789931
-0.006247 -0.002198 11.789931
-0.006089 -0.002343 11.789931
-0.005940 -0.002497 11.789931
-0.005795 -0.002655 11.789931
-0.005618 -0.002776 11.789931
-0.005509 -0.002961 11.789931
-0.005487 -0.003174 11.789931
-0.005397 -0.003369 11.789931
-0.005348 -0.003577 11.789931
-0.005294 -0.003785 11.789931
-0.005218 -0.003985 11.789931
-0.005180 -0.004196 11.789931
-0.005093 -0.004392 11.789931
-0.005068 -0.004605 11.789931
-0.004990 -0.004805 11.789931
-0.004940 -0.005013 11.789931
-0.004860 -0.005212 11.789931
-0.004811 -0.005421 11.789931
-0.004736 -0.005621 11.789931
-0.004690 -0.005831 11.789931
-0.004618 -0.006033 11.789931
-0.004573 -0.006242 11.789931
-0.004501 -0.006444 11.789931
-0.004455 -0.006654 11.789931
-0.004380 -0.006854 11.789931
-0.004341 -0.007065 11.789931
-0.004159 -0.007179 11.789931
-0.003950 -0.007132 11.789931
-0.003746 -0.007067 11.789931
-0.003536 -0.007025 11.789931
-0.003329 -0.006970 11.789931
-0.003118 -0.006929 11.789931
-0.002912 -0.006870 11.789931
-0.002700 -0.006840 11.789931
-0.002491 -0.006792 11.789931
-0.002280 -0.006753 11.789931
-0.002073 -0.006696 11.789931
-0.001868 -0.006635 11.789931
-0.001659 -0.006588 11.789931
-0.001449 -0.006544 11.789931
-0.001238 -0.006507 11.789931
-0.001027 -0.006466 11.789931
-0.000819 -0.006418 11.789931
-0.000606 -0.006394 11.789931
-0.000416 -0.006293 11.789931
-0.000203 -0.006274 11.789931
-0.000004 -0.006354 11.789931
0.000209 -0.006374 11.789931
0.000408 -0.006455 11.789931
0.000618 -0.006499 11.789931
0.000827 -0.006546 11.789931
0.001032 -0.006608 11.789931
0.001244 -0.006636 11.789931
0.001446 -0.006710 11.789931
0.001657 -0.006749 11.789931
0.001865 -0.006796 11.789931
0.002075 -0.006841 11.789931
0.002285 -0.006886 11.789931
0.002494 -0.006934 11.789931
0.002704 -0.006975 11.789931
0.002911 -0.007031 11.789931
0.003123 -0.007063 11.789931
0.003331 -0.007116 11.789931
0.003543 -0.007142 11.789931
0.003753 -0.007187 11.789931
0.003963 -0.007228 11.789931
0.004161 -0.007146 11.789931
0.004220 -0.006940 11.789931
0.004246 -0.006727 11.789931
0.004310 -0.006522 11.789931
0.004346 -0.006311 11.789931
0.004420 -0.006110 11.789931
0.004453 -0.005898 11.789931
0.004534 -0.005700 11.789931
0.004587 -0.005492 11.789931
0.004655 -0.005289 11.789931
0.004715 -0.005083 11.789931
0.004765 -0.004874 11.789931
0.004840 -0.004673 11.789931
0.004864 -0.004461 11.789931
0.004965 -0.004271 11.789931
0.004992 -0.004059 11.789931
0.005090 -0.003868 11.789931
0.005302 -0.003833 11.789931
0.005382 -0.003634 11.789931
0.005382 -0.003420 11.789931
0.005428 -0.003211 11.789931
0.005569 -0.003049 11.789931
0.005704 -0.002883 11.789931
0.005870 -0.002747 11.789931
0.006009 -0.002584 11.789931
0.006166 -0.002438 11.789931
0.006304 -0.002274 11.789931
0.006451 -0.002118 11.789931
0.006609 -0.001973 11.789931
0.006744 -0.001807 11.789931
0.006896 -0.001656 11.789931
0.007030 -0.001489 11.789931
0.007186 -0.001342 11.789931
0.007314 -0.001170 11.789931
0.007474 -0.001026 11.789931
0.007599 -0.000852 11.789931
0.007755 -0.000705 11.789931
0.007879 -0.000531 11.789931
0.008027 -0.000376 11.789931
0.008156 -0.000205 11.789931
0.008216 0.000001 11.789931

