0.005430 -0.000000 0.986111
0.005426 0.000138 0.986111
0.005415 0.000276 0.986111
0.005395 0.000413 0.986111
0.005364 0.000548 0.986111
0.005320 0.000679 0.986111
0.005266 0.000806 0.986111
0.005208 0.000931 0.986111
0.005148 0.001056 0.986111
0.005085 0.001180 0.986111
0.005021 0.001302 0.986111
0.004954 0.001423 0.986111
0.004886 0.001543 0.986111
0.004817 0.001663 0.986111
0.004748 0.001783 0.986111
0.004678 0.001903 0.986111
0.004609 0.002022 0.986111
0.004540 0.002142 0.986111
0.004471 0.002262 0.986111
0.004401 0.002381 0.986111
0.004332 0.002501 0.986111
0.004263 0.002621 0.986111
0.004194 0.002741 0.986111
0.004125 0.002861 0.986111
0.004056 0.002980 0.986111
0.003987 0.003100 0.986111
0.003918 0.003220 0.986111
0.003849 0.003340 0.986111
0.003780 0.003460 0.986111
0.003710 0.003579 0.986111
0.003638 0.003697 0.986111
0.003564 0.003814 0.986111
0.003488 0.003930 0.986111
0.003410 0.004044 0.986111
0.003331 0.004157 0.986111
0.003248 0.004268 0.986111
0.003156 0.004372 0.986111
0.003055 0.004466 0.986111
0.002947 0.004552 0.986111
0.002833 0.004630 0.986111
0.002715 0.004702 0.986111
0.002593 0.004768 0.986111
0.002469 0.004828 0.986111
0.002340 0.004879 0.986111
0.002208 0.004919 0.986111
0.002072 0.004946 0.986111
0.001935 0.004963 0.986111
0.001797 0.004976 0.986111
0.001659 0.004986 0.986111
0.001521 0.004994 0.986111
0.001383 0.004999 0.986111
0.001245 0.005002 0.986111
0.001106 0.005003 0.986111
0.000968 0.005003 0.986111
0.000830 0.005003 0.986111
0.000691 0.005003 0.986111
0.000553 0.005003 0.986111
0.000415 0.005003 0.986111
0.000277 0.005003 0.986111
0.000138 0.005002 0.986111
0.000000 0.005002 0.986111
-0.000138 0.005002 0.986111
-0.000277 0.005003 0.986111
-0.000415 0.005003 0.986111
-0.000553 0.005003 0.986111
-0.000691 0.005003 0.986111
-0.000830 0.005003 0.986111
-0.000968 0.005003 0.986111
-0.001106 0.005003 0.986111
-0.001245 0.005002 0.986111
-0.001383 0.004999 0.986111
-0.001521 0.004994 0.986111
-0.001659 0.004986 0.986111
-0.001797 0.004976 0.986111
-0.001935 0.004963 0.986111
-0.002072 0.004946 0.986111
-0.002208 0.004919 0.986111
-0.002340 0.004879 0.986111
-0.002469 0.004828 0.986111
-0.002593 0.004768 0.986111
-0.002715 0.004702 0.986111
-0.002833 0.004630 0.986111
-0.002947 0.004552 0.986111
-0.003055 0.004466 0.986111
-0.003156 0.004372 0.986111
-0.003248 0.004268 0.986111
-0.003331 0.004157 0.986111
-0.003410 0.004044 0.986111
-0.003488 0.003930 0.986111
-0.003564 0.003814 0.986111
-0.003638 0.003697 0.986111
-0.003710 0.003579 0.986111
-0.003780 0.003460 0.986111
-0.003849 0.003340 0.986111
-0.003918 0.003220 0.986111
-0.003987 0.003100 0.986111
-0.004056 0.002980 0.986111
-0.004125 0.002861 0.986111
-0.004194 0.002741 0.986111
-0.004263 0.002621 0.986111
-0.004332 0.002501 0.986111
-0.004401 0.002381 0.986111
-0.004471 0.002262 0.986111
-0.004540 0.002142 0.986111
-0.004609 0.002022 0.986111
-0.004678 0.001903 0.986111
-0.004748 0.001783 0.986111
-0.004817 0.001663 0.986111
-0.004886 0.001543 0.986111
-0.004954 0.001423 0.986111
-0.005021 0.001302 0.986111
-0.005085 0.001180 0.986111
-0.005148 0.001056 0.986111
-0.005208 0.000931 0.986111
-0.005266 0.000806 0.986111
-0.005320 0.000679 0.986111
-0.005364 0.000548 0.986111
-0.005395 0.000413 0.986111
-0.005415 0.000276 0.986111
-0.005426 0.000138 0.986111
-0.005430 -0.000000 0.986111
-0.005426 -0.000138 0.986111
-0.005415 -0.000276 0.986111
-0.005395 -0.000413 0.986111
-0.005364 -0.000548 0.986111
-0.005320 -0.000679 0.986111
-0.005266 -0.000806 0.986111
-0.005208 -0.000931 0.986111
-0.005148 -0.001056 0.986111
-0.005085 -0.001180 0.986111
-0.005021 -0.001302 0.986111
-0.004954 -0.001423 0.986111
-0.004886 -0.001543 0.986111
-0.004817 -0.001663 0.986111
-0.004748 -0.001783 0.986111
-0.004678 -0.001903 0.986111
-0.004609 -0.002022 0.986111
-0.004540 -0.002142 0.986111
-0.004471 -0.002262 0.986111
-0.004401 -0.002381 0.986111
-0.004332 -0.002501 0.986111
-0.004263 -0.002621 0.986111
-0.004194 -0.002741 0.986111
-0.004125 -0.002861 0.986111
-0.004056 -0.002980 0.986111
-0.003987 -0.003100 0.986111
-0.003918 -0.003220 0.986111
-0.003849 -0.003340 0.986111
-0.003780 -0.003460 0.986111
-0.003710 -0.003579 0.986111
-0.003638 -0.003697 0.986111
-0.003564 -0.003814 0.986111
-0.003488 -0.003930 0.986111
-0.003410 -0.004044 0.986111
-0.003331 -0.004157 0.986111
-0.003248 -0.004268 0.986111
-0.003156 -0.004372 0.986111
-0.003055 -0.004466 0.986111
-0.002947 -0.004552 0.986111
-0.002833 -0.004630 0.986111
-0.002715 -0.004702 0.986111
-0.002593 -0.004768 0.986111
-0.002469 -0.004828 0.986111
-0.002340 -0.004879 0.986111
-0.002208 -0.004919 0.986111
-0.002072 -0.004946 0.986111
-0.001935 -0.004963 0.986111
-0.001797 -0.004976 0.986111
-0.001659 -0.004986 0.986111
-0.001521 -0.004994 0.986111
-0.001383 -0.004999 0.986111
-0.001245 -0.005002 0.986111
-0.001106 -0.005003 0.986111
-0.000968 -0.005003 0.986111
-0.000830 -0.005003 0.986111
-0.000691 -0.005003 0.986111
-0.000553 -0.005003 0.986111
-0.000415 -0.005003 0.986111
-0.000277 -0.005003 0.986111
-0.000138 -0.005002 0.986111
-0.000000 -0.005002 0.986111
0.000138 -0.005002 0.986111
0.000277 -0.005003 0.986111
0.000415 -0.005003 0.986111
0.000553 -0.005003 0.986111
0.000691 -0.005003 0.986111
0.000830 -0.005003 0.986111
0.000968 -0.005003 0.986111
0.001106 -0.005003 0.986111
0.001245 -0.005002 0.986111
0.001383 -0.004999 0.986111
0.001521 -0.004994 0.986111
0.001659 -0.004986 0.986111
0.001797 -0.004976 0.986111
0.001935 -0.004963 0.986111
0.002072 -0.004946 0.986111
0.002208 -0.004919 0.986111
0.002340 -0.004879 0.986111
0.002469 -0.004828 0.986111
0.002593 -0.004768 0.986111
0.002715 -0.004702 0.986111
0.002833 -0.004630 0.986111
0.002947 -0.004552 0.986111
0.003055 -0.004466 0.986111
0.003156 -0.004372 0.986111
0.003248 -0.004268 0.986111
0.003331 -0.004157 0.986111
0.003410 -0.004044 0.986111
0.003488 -0.003930 0.986111
0.003564 -0.003814 0.986111
0.003638 -0.003697 0.986111
0.003710 -0.003579 0.986111
0.003780 -0.003460 0.986111
0.003849 -0.003340 0.986111
0.003918 -0.003220 0.986111
0.003987 -0.003100 0.986111
0.004056 -0.002980 0.986111
0.004125 -0.002861 0.986111
0.004194 -0.002741 0.986111
0.004263 -0.002621 0.986111
0.004332 -0.002501 0.986111
0.004401 -0.002381 0.986111
0.004471 -0.002262 0.986111
0.004540 -0.002142 0.986111
0.004609 -0.002022 0.986111
0.004678 -0.001903 0.986111
0.004748 -0.001783 0.986111
0.004817 -0.001663 0.986111
0.004886 -0.001543 0.986111
0.004954 -0.001423 0.986111
0.005021 -0.001302 0.986111
0.005085 -0.001180 0.986111
0.005148 -0.001056 0.986111
0.005208 -0.000931 0.986111
0.005266 -0.000806 0.986111
0.005320 -0.000679 0.986111
0.005364 -0.000548 0.986111
0.005395 -0.000413 0.986111
0.005415 -0.000276 0.986111
0.005426 -0.000138 0.986111
0.005430 -0.000000 0.986111

