0.007836 -0.000055 9.715278
0.007695 0.000088 9.715278
0.007554 0.000233 9.715278
0.007414 0.000378 9.715278
0.007276 0.000525 9.715278
0.007142 0.000676 9.715278
0.006997 0.000816 9.715278
0.006861 0.000965 9.715278
0.006721 0.001110 9.715278
0.006593 0.001266 9.715278
0.006452 0.001410 9.715278
0.006331 0.001571 9.715278
0.006173 0.001696 9.715278
0.006059 0.001863 9.715278
0.005929 0.002017 9.715278
0.005818 0.002186 9.715278
0.005696 0.002346 9.715278
0.005591 0.002519 9.715278
0.005469 0.002679 9.715278
0.005350 0.002842 9.715278
0.005242 0.003012 9.715278
0.005172 0.003202 9.715278
0.005091 0.003386 9.715278
0.005013 0.003572 9.715278
0.004941 0.003760 9.715278
0.004857 0.003944 9.715278
0.004807 0.004139 9.715278
0.004734 0.004328 9.715278
0.004679 0.004521 9.715278
0.004607 0.004710 9.715278
0.004574 0.004909 9.715278
0.004505 0.005098 9.715278
0.004466 0.005296 9.715278
0.004396 0.005486 9.715278
0.004343 0.005680 9.715278
0.004277 0.005871 9.715278
0.004220 0.006064 9.715278
0.004153 0.006254 9.715278
0.004096 0.006448 9.715278
0.004031 0.006639 9.715278
0.003866 0.006754 9.715278
0.003672 0.006700 9.715278
0.003477 0.006648 9.715278
0.003283 0.006593 9.715278
0.003086 0.006549 9.715278
0.002891 0.006498 9.715278
0.002693 0.006457 9.715278
0.002497 0.006408 9.715278
0.002299 0.006370 9.715278
0.002105 0.006316 9.715278
0.001909 0.006268 9.715278
0.001711 0.006229 9.715278
0.001517 0.006176 9.715278
0.001316 0.006197 9.715278
0.001142 0.006300 9.715278
0.000960 0.006214 9.715278
0.000761 0.006180 9.715278
0.000566 0.006129 9.715278
0.000366 0.006100 9.715278
0.000167 0.006069 9.715278
-0.000033 0.006044 9.715278
-0.000234 0.006065 9.715278
-0.000434 0.006089 9.715278
-0.000630 0.006138 9.715278
-0.000829 0.006168 9.715278
-0.001017 0.006242 9.715278
-0.001206 0.006172 9.715278
-0.001407 0.006185 9.715278
-0.001602 0.006236 9.715278
-0.001802 0.006263 9.715278
-0.002001 0.006296 9.715278
-0.002199 0.006338 9.715278
-0.002398 0.006367 9.715278
-0.002591 0.006426 9.715278
-0.002788 0.006468 9.715278
-0.002981 0.006526 9.715278
-0.003179 0.006565 9.715278
-0.003376 0.006609 9.715278
-0.003572 0.006658 9.715278
-0.003767 0.006708 9.715278
-0.003961 0.006765 9.715278
-0.004129 0.006653 9.715278
-0.004192 0.006462 9.715278
-0.004252 0.006269 9.715278
-0.004318 0.006078 9.715278
-0.004375 0.005885 9.715278
-0.004438 0.005693 9.715278
-0.004494 0.005500 9.715278
-0.004560 0.005309 9.715278
-0.004601 0.005111 9.715278
-0.004672 0.004923 9.715278
-0.004701 0.004723 9.715278
-0.004779 0.004537 9.715278
-0.004816 0.004339 9.715278
-0.004884 0.004149 9.715278
-0.004922 0.003951 9.715278
-0.005005 0.003767 9.715278
-0.005056 0.003571 9.715278
-0.005134 0.003385 9.715278
-0.005196 0.003194 9.715278
-0.005271 0.003006 9.715278
-0.005395 0.002848 9.715278
-0.005512 0.002683 9.715278
-0.005651 0.002537 9.715278
-0.005763 0.002369 9.715278
-0.005905 0.002226 9.715278
-0.006030 0.002067 9.715278
-0.006182 0.001935 9.715278
-0.006300 0.001772 9.715278
-0.006453 0.001640 9.715278
-0.006582 0.001485 9.715278
-0.006733 0.001351 9.715278
-0.006862 0.001196 9.715278
-0.007007 0.001056 9.715278
-0.007137 0.000902 9.715278
-0.007280 0.000760 9.715278
-0.007413 0.000608 9.715278
-0.007551 0.000461 9.715278
-0.007692 0.000317 9.715278
-0.007835 0.000175 9.715278
-0.007872 -0.000024 9.715278
-0.007743 -0.000179 9.715278
-0.007613 -0.000333 9.715278
-0.007474 -0.000479 9.715278
-0.007337 -0.000628 9.715278
-0.007190 -0.000766 9.715278
-0.007058 -0.000918 9.715278
-0.006921 -0.001066 9.715278
-0.006795 -0.001223 9.715278
-0.006646 -0.001359 9.715278
-0.006510 -0.001508 9.715278
-0.006353 -0.001635 9.715278
-0.006225 -0.001791 9.715278
-0.006075 -0.001925 9.715278
-0.005945 -0.002080 9.715278
-0.005807 -0.002227 9.715278
-0.005706 -0.002401 9.715278
-0.005578 -0.002557 9.715278
-0.005471 -0.002728 9.715278
-0.005337 -0.002879 9.715278
-0.005244 -0.003058 9.715278
-0.005200 -0.003254 9.715278
-0.005112 -0.003436 9.715278
-0.005069 -0.003633 9.715278
-0.004985 -0.003817 9.715278
-0.004936 -0.004012 9.715278
-0.004868 -0.004202 9.715278
-0.004827 -0.004400 9.715278
-0.004752 -0.004587 9.715278
-0.004705 -0.004783 9.715278
-0.004638 -0.004973 9.715278
-0.004598 -0.005171 9.715278
-0.004530 -0.005361 9.715278
-0.004486 -0.005558 9.715278
-0.004413 -0.005746 9.715278
-0.004362 -0.005941 9.715278
-0.004297 -0.006132 9.715278
-0.004239 -0.006325 9.715278
-0.004183 -0.006519 9.715278
-0.004130 -0.006714 9.715278
-0.003971 -0.006838 9.715278
-0.003774 -0.006797 9.715278
-0.003576 -0.006755 9.715278
-0.003379 -0.006712 9.715278
-0.003182 -0.006672 9.715278
-0.002985 -0.006626 9.715278
-0.002793 -0.006565 9.715278
-0.002596 -0.006519 9.715278
-0.002401 -0.006471 9.715278
-0.002201 -0.006444 9.715278
-0.002004 -0.006402 9.715278
-0.001805 -0.006369 9.715278
-0.001612 -0.006310 9.715278
-0.001413 -0.006276 9.715278
-0.001219 -0.006222 9.715278
-0.001023 -0.006173 9.715278
-0.000826 -0.006129 9.715278
-0.000626 -0.006099 9.715278
-0.000425 -0.006083 9.715278
-0.000226 -0.006052 9.715278
-0.000025 -0.006069 9.715278
0.000168 -0.006128 9.715278
0.000368 -0.006149 9.715278
0.000563 -0.006201 9.715278
0.000762 -0.006234 9.715278
0.000960 -0.006273 9.715278
0.001154 -0.006330 9.715278
0.001350 -0.006377 9.715278
0.001545 -0.006429 9.715278
0.001743 -0.006464 9.715278
0.001936 -0.006526 9.715278
0.002134 -0.006562 9.715278
0.002327 -0.006619 9.715278
0.002525 -0.006661 9.715278
0.002721 -0.006706 9.715278
0.002918 -0.006749 9.715278
0.003115 -0.006795 9.715278
0.003313 -0.006835 9.715278
0.003509 -0.006883 9.715278
0.003705 -0.006930 9.715278
0.003890 -0.006850 9.715278
0.003948 -0.006657 9.715278
0.004007 -0.006464 9.715278
0.004064 -0.006270 9.715278
0.004123 -0.006077 9.715278
0.004189 -0.005887 9.715278
0.004234 -0.005690 9.715278
0.004296 -0.005498 9.715278
0.004336 -0.005301 9.715278
0.004414 -0.005115 9.715278
0.004460 -0.004918 9.715278
0.004547 -0.004736 9.715278
0.004601 -0.004542 9.715278
0.004676 -0.004354 9.715278
0.004727 -0.004159 9.715278
0.004798 -0.003971 9.715278
0.004880 -0.003786 9.715278
0.005009 -0.003631 9.715278
0.005066 -0.003437 9.715278
0.005146 -0.003252 9.715278
0.005228 -0.003068 9.715278
0.005356 -0.002912 9.715278
0.005487 -0.002758 9.715278
0.005613 -0.002601 9.715278
0.005754 -0.002457 9.715278
0.005873 -0.002294 9.715278
0.006023 -0.002159 9.715278
0.006155 -0.002006 9.715278
0.006308 -0.001875 9.715278
0.006429 -0.001714 9.715278
0.006587 -0.001588 9.715278
0.006713 -0.001430 9.715278
0.006865 -0.001298 9.715278
0.006994 -0.001144 9.715278
0.007138 -0.001002 9.715278
0.007270 -0.000850 9.715278
0.007411 -0.000705 9.715278
0.007541 -0.000551 9.715278
0.007680 -0.000405 9.715278
0.007816 -0.000256 9.715278
0.007836 -0.000055 9.715278

