0.007834 -0.000056 9.704861
0.007693 0.000088 9.704861
0.007553 0.000233 9.704861
0.007413 0.000378 9.704861
0.007275 0.000525 9.704861
0.007141 0.000675 9.704861
0.006995 0.000815 9.704861
0.006860 0.000965 9.704861
0.006720 0.001110 9.704861
0.006592 0.001266 9.704861
0.006450 0.001409 9.704861
0.006329 0.001570 9.704861
0.006171 0.001696 9.704861
0.006059 0.001863 9.704861
0.005928 0.002017 9.704861
0.005818 0.002185 9.704861
0.005696 0.002346 9.704861
0.005591 0.002518 9.704861
0.005468 0.002678 9.704861
0.005349 0.002841 9.704861
0.005242 0.003011 9.704861
0.005172 0.003201 9.704861
0.005091 0.003385 9.704861
0.005013 0.003571 9.704861
0.004940 0.003759 9.704861
0.004856 0.003943 9.704861
0.004806 0.004138 9.704861
0.004734 0.004326 9.704861
0.004678 0.004520 9.704861
0.004606 0.004708 9.704861
0.004573 0.004907 9.704861
0.004504 0.005097 9.704861
0.004464 0.005294 9.704861
0.004395 0.005484 9.704861
0.004342 0.005678 9.704861
0.004276 0.005869 9.704861
0.004219 0.006062 9.704861
0.004152 0.006252 9.704861
0.004095 0.006446 9.704861
0.004031 0.006637 9.704861
0.003865 0.006752 9.704861
0.003671 0.006698 9.704861
0.003476 0.006646 9.704861
0.003282 0.006591 9.704861
0.003086 0.006547 9.704861
0.002890 0.006497 9.704861
0.002693 0.006455 9.704861
0.002497 0.006407 9.704861
0.002299 0.006369 9.704861
0.002105 0.006315 9.704861
0.001909 0.006266 9.704861
0.001711 0.006228 9.704861
0.001517 0.006175 9.704861
0.001316 0.006195 9.704861
0.001142 0.006297 9.704861
0.000959 0.006212 9.704861
0.000761 0.006179 9.704861
0.000566 0.006128 9.704861
0.000366 0.006099 9.704861
0.000167 0.006068 9.704861
-0.000033 0.006043 9.704861
-0.000234 0.006064 9.704861
-0.000434 0.006088 9.704861
-0.000630 0.006136 9.704861
-0.000829 0.006166 9.704861
-0.001017 0.006240 9.704861
-0.001206 0.006171 9.704861
-0.001407 0.006184 9.704861
-0.001603 0.006234 9.704861
-0.001802 0.006262 9.704861
-0.002001 0.006295 9.704861
-0.002199 0.006337 9.704861
-0.002398 0.006365 9.704861
-0.002591 0.006424 9.704861
-0.002788 0.006466 9.704861
-0.002981 0.006525 9.704861
-0.003179 0.006564 9.704861
-0.003376 0.006608 9.704861
-0.003572 0.006656 9.704861
-0.003767 0.006706 9.704861
-0.003961 0.006763 9.704861
-0.004128 0.006651 9.704861
-0.004192 0.006459 9.704861
-0.004251 0.006267 9.704861
-0.004317 0.006076 9.704861
-0.004374 0.005883 9.704861
-0.004437 0.005691 9.704861
-0.004493 0.005497 9.704861
-0.004559 0.005307 9.704861
-0.004599 0.005109 9.704861
-0.004670 0.004920 9.704861
-0.004700 0.004721 9.704861
-0.004778 0.004535 9.704861
-0.004815 0.004337 9.704861
-0.004883 0.004147 9.704861
-0.004921 0.003949 9.704861
-0.005004 0.003765 9.704861
-0.005055 0.003570 9.704861
-0.005133 0.003384 9.704861
-0.005195 0.003192 9.704861
-0.005270 0.003005 9.704861
-0.005395 0.002847 9.704861
-0.005512 0.002682 9.704861
-0.005650 0.002536 9.704861
-0.005762 0.002368 9.704861
-0.005904 0.002225 9.704861
-0.006029 0.002066 9.704861
-0.006181 0.001934 9.704861
-0.006299 0.001771 9.704861
-0.006452 0.001639 9.704861
-0.006581 0.001484 9.704861
-0.006731 0.001350 9.704861
-0.006861 0.001196 9.704861
-0.007006 0.001056 9.704861
-0.007136 0.000902 9.704861
-0.007279 0.000759 9.704861
-0.007412 0.000608 9.704861
-0.007549 0.000460 9.704861
-0.007691 0.000316 9.704861
-0.007834 0.000174 9.704861
-0.007870 -0.000024 9.704861
-0.007741 -0.000179 9.704861
-0.007611 -0.000333 9.704861
-0.007471 -0.000479 9.704861
-0.007335 -0.000628 9.704861
-0.007188 -0.000766 9.704861
-0.007056 -0.000918 9.704861
-0.006919 -0.001066 9.704861
-0.006793 -0.001223 9.704861
-0.006644 -0.001359 9.704861
-0.006508 -0.001508 9.704861
-0.006351 -0.001635 9.704861
-0.006224 -0.001791 9.704861
-0.006073 -0.001925 9.704861
-0.005944 -0.002080 9.704861
-0.005806 -0.002227 9.704861
-0.005705 -0.002401 9.704861
-0.005577 -0.002557 9.704861
-0.005470 -0.002728 9.704861
-0.005336 -0.002879 9.704861
-0.005243 -0.003057 9.704861
-0.005198 -0.003254 9.704861
-0.005111 -0.003436 9.704861
-0.005068 -0.003633 9.704861
-0.004984 -0.003816 9.704861
-0.004935 -0.004011 9.704861
-0.004867 -0.004201 9.704861
-0.004825 -0.004399 9.704861
-0.004751 -0.004586 9.704861
-0.004704 -0.004782 9.704861
-0.004637 -0.004972 9.704861
-0.004597 -0.005170 9.704861
-0.004529 -0.005360 9.704861
-0.004485 -0.005556 9.704861
-0.004412 -0.005745 9.704861
-0.004361 -0.005940 9.704861
-0.004296 -0.006131 9.704861
-0.004238 -0.006324 9.704861
-0.004182 -0.006517 9.704861
-0.004129 -0.006712 9.704861
-0.003970 -0.006836 9.704861
-0.003773 -0.006795 9.704861
-0.003575 -0.006753 9.704861
-0.003378 -0.006710 9.704861
-0.003181 -0.006670 9.704861
-0.002985 -0.006624 9.704861
-0.002792 -0.006563 9.704861
-0.002596 -0.006518 9.704861
-0.002400 -0.006469 9.704861
-0.002200 -0.006443 9.704861
-0.002003 -0.006401 9.704861
-0.001804 -0.006367 9.704861
-0.001611 -0.006309 9.704861
-0.001413 -0.006274 9.704861
-0.001218 -0.006220 9.704861
-0.001023 -0.006171 9.704861
-0.000826 -0.006128 9.704861
-0.000626 -0.006098 9.704861
-0.000425 -0.006082 9.704861
-0.000226 -0.006051 9.704861
-0.000025 -0.006067 9.704861
0.000168 -0.006126 9.704861
0.000368 -0.006148 9.704861
0.000563 -0.006199 9.704861
0.000762 -0.006232 9.704861
0.000960 -0.006272 9.704861
0.001153 -0.006328 9.704861
0.001350 -0.006375 9.704861
0.001544 -0.006427 9.704861
0.001743 -0.006462 9.704861
0.001935 -0.006524 9.704861
0.002133 -0.006561 9.704861
0.002327 -0.006617 9.704861
0.002524 -0.006659 9.704861
0.002720 -0.006704 9.704861
0.002917 -0.006748 9.704861
0.003114 -0.006793 9.704861
0.003311 -0.006833 9.704861
0.003507 -0.006881 9.704861
0.003703 -0.006928 9.704861
0.003888 -0.006848 9.704861
0.003947 -0.006655 9.704861
0.004006 -0.006462 9.704861
0.004063 -0.006269 9.704861
0.004122 -0.006076 9.704861
0.004188 -0.005885 9.704861
0.004232 -0.005689 9.704861
0.004294 -0.005497 9.704861
0.004335 -0.005299 9.704861
0.004413 -0.005114 9.704861
0.004459 -0.004917 9.704861
0.004546 -0.004735 9.704861
0.004600 -0.004541 9.704861
0.004674 -0.004354 9.704861
0.004725 -0.004159 9.704861
0.004797 -0.003970 9.704861
0.004879 -0.003786 9.704861
0.005007 -0.003630 9.704861
0.005065 -0.003437 9.704861
0.005145 -0.003252 9.704861
0.005227 -0.003068 9.704861
0.005355 -0.002912 9.704861
0.005486 -0.002758 9.704861
0.005611 -0.002601 9.704861
0.005752 -0.002457 9.704861
0.005871 -0.002294 9.704861
0.006021 -0.002158 9.704861
0.006153 -0.002006 9.704861
0.006306 -0.001875 9.704861
0.006427 -0.001714 9.704861
0.006585 -0.001588 9.704861
0.006710 -0.001430 9.704861
0.006863 -0.001298 9.704861
0.006992 -0.001144 9.704861
0.007136 -0.001002 9.704861
0.007268 -0.000850 9.704861
0.007409 -0.000705 9.704861
0.007539 -0.000551 9.704861
0.007678 -0.000405 9.704861
0.007814 -0.000256 9.704861
0.007834 -0.000056 9.704861

