0.006969 -0.000007 6.032986
0.006888 0.000150 6.032986
0.006792 0.000298 6.032986
0.006689 0.000440 6.032986
0.006585 0.000582 6.032986
0.006481 0.000725 6.032986
0.006372 0.000862 6.032986
0.006263 0.001001 6.032986
0.006152 0.001138 6.032986
0.006047 0.001279 6.032986
0.005938 0.001418 6.032986
0.005824 0.001551 6.032986
0.005714 0.001689 6.032986
0.005606 0.001828 6.032986
0.005499 0.001968 6.032986
0.005389 0.002106 6.032986
0.005273 0.002238 6.032986
0.005162 0.002375 6.032986
0.005059 0.002517 6.032986
0.004950 0.002656 6.032986
0.004838 0.002792 6.032986
0.004776 0.002956 6.032986
0.004711 0.003120 6.032986
0.004639 0.003281 6.032986
0.004576 0.003445 6.032986
0.004519 0.003612 6.032986
0.004454 0.003776 6.032986
0.004387 0.003938 6.032986
0.004321 0.004101 6.032986
0.004256 0.004265 6.032986
0.004198 0.004431 6.032986
0.004132 0.004595 6.032986
0.004063 0.004757 6.032986
0.004000 0.004921 6.032986
0.003935 0.005085 6.032986
0.003872 0.005249 6.032986
0.003802 0.005411 6.032986
0.003733 0.005573 6.032986
0.003667 0.005736 6.032986
0.003595 0.005897 6.032986
0.003486 0.006035 6.032986
0.003311 0.006055 6.032986
0.003135 0.006040 6.032986
0.002961 0.006018 6.032986
0.002786 0.005997 6.032986
0.002611 0.005977 6.032986
0.002437 0.005950 6.032986
0.002263 0.005925 6.032986
0.002089 0.005897 6.032986
0.001914 0.005876 6.032986
0.001740 0.005851 6.032986
0.001567 0.005819 6.032986
0.001392 0.005793 6.032986
0.001218 0.005768 6.032986
0.001043 0.005746 6.032986
0.000869 0.005720 6.032986
0.000697 0.005685 6.032986
0.000523 0.005658 6.032986
0.000348 0.005639 6.032986
0.000173 0.005614 6.032986
-0.000001 0.005586 6.032986
-0.000174 0.005614 6.032986
-0.000349 0.005640 6.032986
-0.000524 0.005658 6.032986
-0.000698 0.005686 6.032986
-0.000870 0.005720 6.032986
-0.001044 0.005746 6.032986
-0.001219 0.005769 6.032986
-0.001393 0.005793 6.032986
-0.001568 0.005819 6.032986
-0.001741 0.005851 6.032986
-0.001915 0.005876 6.032986
-0.002090 0.005897 6.032986
-0.002264 0.005924 6.032986
-0.002438 0.005949 6.032986
-0.002612 0.005975 6.032986
-0.002787 0.005994 6.032986
-0.002962 0.006012 6.032986
-0.003138 0.006030 6.032986
-0.003314 0.006038 6.032986
-0.003489 0.006032 6.032986
-0.003610 0.005904 6.032986
-0.003675 0.005740 6.032986
-0.003738 0.005576 6.032986
-0.003805 0.005413 6.032986
-0.003873 0.005250 6.032986
-0.003936 0.005086 6.032986
-0.004001 0.004922 6.032986
-0.004063 0.004758 6.032986
-0.004132 0.004596 6.032986
-0.004198 0.004432 6.032986
-0.004256 0.004266 6.032986
-0.004321 0.004102 6.032986
-0.004387 0.003939 6.032986
-0.004454 0.003776 6.032986
-0.004519 0.003613 6.032986
-0.004575 0.003446 6.032986
-0.004639 0.003282 6.032986
-0.004710 0.003121 6.032986
-0.004775 0.002957 6.032986
-0.004838 0.002792 6.032986
-0.004949 0.002656 6.032986
-0.005058 0.002518 6.032986
-0.005162 0.002376 6.032986
-0.005273 0.002239 6.032986
-0.005389 0.002106 6.032986
-0.005498 0.001968 6.032986
-0.005605 0.001829 6.032986
-0.005714 0.001690 6.032986
-0.005823 0.001552 6.032986
-0.005938 0.001418 6.032986
-0.006047 0.001280 6.032986
-0.006152 0.001139 6.032986
-0.006263 0.001002 6.032986
-0.006372 0.000864 6.032986
-0.006483 0.000727 6.032986
-0.006588 0.000586 6.032986
-0.006695 0.000445 6.032986
-0.006803 0.000307 6.032986
-0.006907 0.000164 6.032986
-0.006969 -0.000000 6.032986
-0.006897 -0.000161 6.032986
-0.006797 -0.000306 6.032986
-0.006690 -0.000446 6.032986
-0.006585 -0.000587 6.032986
-0.006480 -0.000729 6.032986
-0.006370 -0.000866 6.032986
-0.006261 -0.001004 6.032986
-0.006150 -0.001141 6.032986
-0.006045 -0.001282 6.032986
-0.005936 -0.001421 6.032986
-0.005821 -0.001554 6.032986
-0.005712 -0.001692 6.032986
-0.005603 -0.001831 6.032986
-0.005496 -0.001971 6.032986
-0.005387 -0.002109 6.032986
-0.005271 -0.002241 6.032986
-0.005160 -0.002378 6.032986
-0.005057 -0.002520 6.032986
-0.004947 -0.002659 6.032986
-0.004836 -0.002795 6.032986
-0.004775 -0.002960 6.032986
-0.004709 -0.003123 6.032986
-0.004638 -0.003284 6.032986
-0.004574 -0.003449 6.032986
-0.004518 -0.003616 6.032986
-0.004453 -0.003779 6.032986
-0.004386 -0.003942 6.032986
-0.004319 -0.004105 6.032986
-0.004255 -0.004269 6.032986
-0.004197 -0.004435 6.032986
-0.004131 -0.004598 6.032986
-0.004062 -0.004760 6.032986
-0.004000 -0.004925 6.032986
-0.003935 -0.005089 6.032986
-0.003873 -0.005254 6.032986
-0.003805 -0.005416 6.032986
-0.003739 -0.005580 6.032986
-0.003679 -0.005745 6.032986
-0.003616 -0.005909 6.032986
-0.003489 -0.006032 6.032986
-0.003313 -0.006030 6.032986
-0.003137 -0.006025 6.032986
-0.002962 -0.006009 6.032986
-0.002787 -0.005992 6.032986
-0.002611 -0.005974 6.032986
-0.002437 -0.005948 6.032986
-0.002263 -0.005924 6.032986
-0.002089 -0.005896 6.032986
-0.001914 -0.005876 6.032986
-0.001740 -0.005851 6.032986
-0.001567 -0.005819 6.032986
-0.001392 -0.005793 6.032986
-0.001218 -0.005768 6.032986
-0.001043 -0.005745 6.032986
-0.000869 -0.005720 6.032986
-0.000697 -0.005685 6.032986
-0.000523 -0.005658 6.032986
-0.000348 -0.005639 6.032986
-0.000173 -0.005614 6.032986
0.000001 -0.005586 6.032986
0.000174 -0.005614 6.032986
0.000349 -0.005640 6.032986
0.000524 -0.005658 6.032986
0.000698 -0.005686 6.032986
0.000870 -0.005720 6.032986
0.001044 -0.005746 6.032986
0.001219 -0.005769 6.032986
0.001393 -0.005793 6.032986
0.001568 -0.005819 6.032986
0.001741 -0.005852 6.032986
0.001915 -0.005877 6.032986
0.002090 -0.005898 6.032986
0.002263 -0.005926 6.032986
0.002438 -0.005952 6.032986
0.002611 -0.005981 6.032986
0.002786 -0.006004 6.032986
0.002960 -0.006029 6.032986
0.003134 -0.006059 6.032986
0.003307 -0.006088 6.032986
0.003477 -0.006039 6.032986
0.003562 -0.005885 6.032986
0.003647 -0.005731 6.032986
0.003721 -0.005571 6.032986
0.003795 -0.005411 6.032986
0.003867 -0.005251 6.032986
0.003932 -0.005087 6.032986
0.003998 -0.004924 6.032986
0.004061 -0.004759 6.032986
0.004131 -0.004598 6.032986
0.004197 -0.004434 6.032986
0.004255 -0.004268 6.032986
0.004319 -0.004104 6.032986
0.004386 -0.003941 6.032986
0.004453 -0.003779 6.032986
0.004518 -0.003615 6.032986
0.004575 -0.003448 6.032986
0.004638 -0.003284 6.032986
0.004709 -0.003123 6.032986
0.004775 -0.002959 6.032986
0.004836 -0.002794 6.032986
0.004948 -0.002658 6.032986
0.005057 -0.002520 6.032986
0.005160 -0.002377 6.032986
0.005271 -0.002240 6.032986
0.005387 -0.002108 6.032986
0.005497 -0.001970 6.032986
0.005604 -0.001830 6.032986
0.005712 -0.001692 6.032986
0.005822 -0.001554 6.032986
0.005937 -0.001420 6.032986
0.006045 -0.001282 6.032986
0.006151 -0.001141 6.032986
0.006262 -0.001004 6.032986
0.006372 -0.000866 6.032986
0.006483 -0.000730 6.032986
0.006589 -0.000590 6.032986
0.006697 -0.000450 6.032986
0.006808 -0.000313 6.032986
0.006916 -0.000175 6.032986
0.006969 -0.000007 6.032986

