0.008141 0.000001 11.293403
0.007992 0.000152 11.293403
0.007833 0.000291 11.293403
0.007687 0.000444 11.293403
0.007529 0.000585 11.293403
0.007385 0.000740 11.293403
0.007230 0.000884 11.293403
0.007099 0.001050 11.293403
0.006936 0.001186 11.293403
0.006807 0.001353 11.293403
0.006643 0.001486 11.293403
0.006507 0.001649 11.293403
0.006365 0.001806 11.293403
0.006229 0.001968 11.293403
0.006080 0.002117 11.293403
0.005934 0.002271 11.293403
0.005802 0.002436 11.293403
0.005656 0.002589 11.293403
0.005525 0.002756 11.293403
0.005413 0.002935 11.293403
0.005349 0.003137 11.293403
0.005273 0.003334 11.293403
0.005194 0.003530 11.293403
0.005152 0.003738 11.293403
0.005074 0.003935 11.293403
0.005026 0.004141 11.293403
0.004954 0.004340 11.293403
0.004903 0.004545 11.293403
0.004856 0.004751 11.293403
0.004783 0.004950 11.293403
0.004726 0.005154 11.293403
0.004652 0.005352 11.293403
0.004597 0.005556 11.293403
0.004518 0.005753 11.293403
0.004467 0.005958 11.293403
0.004382 0.006151 11.293403
0.004323 0.006355 11.293403
0.004234 0.006547 11.293403
0.004165 0.006747 11.293403
0.004084 0.006942 11.293403
0.003924 0.007080 11.293403
0.003728 0.007001 11.293403
0.003527 0.006935 11.293403
0.003327 0.006864 11.293403
0.003123 0.006809 11.293403
0.002921 0.006745 11.293403
0.002716 0.006694 11.293403
0.002510 0.006645 11.293403
0.002307 0.006585 11.293403
0.002099 0.006546 11.293403
0.001893 0.006500 11.293403
0.001690 0.006440 11.293403
0.001480 0.006415 11.293403
0.001292 0.006514 11.293403
0.001154 0.006674 11.293403
0.000981 0.006551 11.293403
0.000787 0.006467 11.293403
0.000587 0.006397 11.293403
0.000387 0.006328 11.293403
0.000182 0.006275 11.293403
-0.000022 0.006221 11.293403
-0.000229 0.006266 11.293403
-0.000427 0.006341 11.293403
-0.000631 0.006397 11.293403
-0.000824 0.006483 11.293403
-0.001002 0.006598 11.293403
-0.001124 0.006426 11.293403
-0.001327 0.006368 11.293403
-0.001537 0.006396 11.293403
-0.001746 0.006431 11.293403
-0.001944 0.006504 11.293403
-0.002153 0.006538 11.293403
-0.002353 0.006606 11.293403
-0.002561 0.006649 11.293403
-0.002768 0.006689 11.293403
-0.002972 0.006747 11.293403
-0.003178 0.006793 11.293403
-0.003376 0.006869 11.293403
-0.003580 0.006927 11.293403
-0.003773 0.007012 11.293403
-0.003964 0.007103 11.293403
-0.004140 0.006986 11.293403
-0.004223 0.006791 11.293403
-0.004299 0.006593 11.293403
-0.004394 0.006404 11.293403
-0.004457 0.006202 11.293403
-0.004550 0.006012 11.293403
-0.004598 0.005806 11.293403
-0.004684 0.005613 11.293403
-0.004730 0.005406 11.293403
-0.004810 0.005210 11.293403
-0.004860 0.005005 11.293403
-0.004936 0.004807 11.293403
-0.004972 0.004599 11.293403
-0.005044 0.004400 11.293403
-0.005103 0.004196 11.293403
-0.005156 0.003992 11.293403
-0.005223 0.003791 11.293403
-0.005255 0.003582 11.293403
-0.005345 0.003390 11.293403
-0.005374 0.003181 11.293403
-0.005462 0.002988 11.293403
-0.005619 0.002847 11.293403
-0.005745 0.002676 11.293403
-0.005900 0.002533 11.293403
-0.006046 0.002380 11.293403
-0.006178 0.002214 11.293403
-0.006334 0.002072 11.293403
-0.006472 0.001912 11.293403
-0.006633 0.001774 11.293403
-0.006760 0.001604 11.293403
-0.006919 0.001466 11.293403
-0.007049 0.001298 11.293403
-0.007206 0.001157 11.293403
-0.007340 0.000993 11.293403
-0.007498 0.000852 11.293403
-0.007639 0.000694 11.293403
-0.007801 0.000558 11.293403
-0.007943 0.000401 11.293403
-0.008093 0.000252 11.293403
-0.008140 0.000046 11.293403
-0.007995 -0.000108 11.293403
-0.007865 -0.000275 11.293403
-0.007725 -0.000434 11.293403
-0.007601 -0.000605 11.293403
-0.007463 -0.000765 11.293403
-0.007340 -0.000938 11.293403
-0.007187 -0.001084 11.293403
-0.007051 -0.001245 11.293403
-0.006891 -0.001384 11.293403
-0.006763 -0.001553 11.293403
-0.006616 -0.001705 11.293403
-0.006482 -0.001869 11.293403
-0.006318 -0.002002 11.293403
-0.006185 -0.002167 11.293403
-0.006023 -0.002303 11.293403
-0.005881 -0.002459 11.293403
-0.005728 -0.002606 11.293403
-0.005576 -0.002754 11.293403
-0.005468 -0.002935 11.293403
-0.005429 -0.003143 11.293403
-0.005352 -0.003340 11.293403
-0.005281 -0.003539 11.293403
-0.005239 -0.003747 11.293403
-0.005160 -0.003943 11.293403
-0.005130 -0.004152 11.293403
-0.005043 -0.004345 11.293403
-0.005007 -0.004554 11.293403
-0.004937 -0.004754 11.293403
-0.004893 -0.004960 11.293403
-0.004814 -0.005157 11.293403
-0.004764 -0.005363 11.293403
-0.004688 -0.005560 11.293403
-0.004639 -0.005766 11.293403
-0.004568 -0.005965 11.293403
-0.004523 -0.006172 11.293403
-0.004452 -0.006371 11.293403
-0.004410 -0.006579 11.293403
-0.004337 -0.006777 11.293403
-0.004287 -0.006983 11.293403
-0.004110 -0.007100 11.293403
-0.003906 -0.007046 11.293403
-0.003702 -0.006989 11.293403
-0.003494 -0.006950 11.293403
-0.003290 -0.006895 11.293403
-0.003082 -0.006855 11.293403
-0.002876 -0.006807 11.293403
-0.002666 -0.006778 11.293403
-0.002462 -0.006721 11.293403
-0.002256 -0.006676 11.293403
-0.002054 -0.006611 11.293403
-0.001848 -0.006562 11.293403
-0.001640 -0.006525 11.293403
-0.001432 -0.006485 11.293403
-0.001224 -0.006447 11.293403
-0.001017 -0.006402 11.293403
-0.000810 -0.006361 11.293403
-0.000603 -0.006317 11.293403
-0.000410 -0.006230 11.293403
-0.000199 -0.006217 11.293403
-0.000001 -0.006293 11.293403
0.000209 -0.006315 11.293403
0.000412 -0.006375 11.293403
0.000616 -0.006432 11.293403
0.000824 -0.006471 11.293403
0.001023 -0.006543 11.293403
0.001232 -0.006571 11.293403
0.001435 -0.006632 11.293403
0.001641 -0.006681 11.293403
0.001847 -0.006728 11.293403
0.002054 -0.006774 11.293403
0.002261 -0.006815 11.293403
0.002466 -0.006867 11.293403
0.002675 -0.006903 11.293403
0.002878 -0.006962 11.293403
0.003087 -0.006996 11.293403
0.003291 -0.007051 11.293403
0.003500 -0.007085 11.293403
0.003708 -0.007124 11.293403
0.003916 -0.007160 11.293403
0.004107 -0.007069 11.293403
0.004153 -0.006862 11.293403
0.004187 -0.006653 11.293403
0.004253 -0.006452 11.293403
0.004294 -0.006245 11.293403
0.004366 -0.006046 11.293403
0.004407 -0.005838 11.293403
0.004491 -0.005644 11.293403
0.004532 -0.005436 11.293403
0.004603 -0.005237 11.293403
0.004652 -0.005031 11.293403
0.004711 -0.004828 11.293403
0.004777 -0.004627 11.293403
0.004825 -0.004421 11.293403
0.004923 -0.004233 11.293403
0.004952 -0.004024 11.293403
0.005060 -0.003842 11.293403
0.005259 -0.003769 11.293403
0.005310 -0.003563 11.293403
0.005306 -0.003352 11.293403
0.005379 -0.003153 11.293403
0.005532 -0.003007 11.293403
0.005658 -0.002838 11.293403
0.005817 -0.002698 11.293403
0.005957 -0.002539 11.293403
0.006111 -0.002394 11.293403
0.006256 -0.002239 11.293403
0.006392 -0.002077 11.293403
0.006550 -0.001937 11.293403
0.006687 -0.001776 11.293403
0.006840 -0.001630 11.293403
0.006970 -0.001463 11.293403
0.007128 -0.001322 11.293403
0.007253 -0.001151 11.293403
0.007411 -0.001011 11.293403
0.007537 -0.000841 11.293403
0.007691 -0.000695 11.293403
0.007820 -0.000527 11.293403
0.007963 -0.000372 11.293403
0.008094 -0.000206 11.293403
0.008141 0.000001 11.293403

