0.008220 0.000001 11.814236
0.008082 0.000166 11.814236
0.007924 0.000311 11.814236
0.007776 0.000466 11.814236
0.007615 0.000608 11.814236
0.007470 0.000766 11.814236
0.007303 0.000901 11.814236
0.007172 0.001071 11.814236
0.007007 0.001208 11.814236
0.006876 0.001377 11.814236
0.006717 0.001521 11.814236
0.006570 0.001677 11.814236
0.006421 0.001832 11.814236
0.006285 0.001998 11.814236
0.006143 0.002159 11.814236
0.005988 0.002306 11.814236
0.005850 0.002471 11.814236
0.005708 0.002632 11.814236
0.005552 0.002779 11.814236
0.005445 0.002965 11.814236
0.005399 0.003174 11.814236
0.005315 0.003371 11.814236
0.005257 0.003578 11.814236
0.005207 0.003786 11.814236
0.005128 0.003986 11.814236
0.005084 0.004196 11.814236
0.005012 0.004398 11.814236
0.004971 0.004608 11.814236
0.004903 0.004812 11.814236
0.004829 0.005013 11.814236
0.004771 0.005220 11.814236
0.004697 0.005421 11.814236
0.004637 0.005627 11.814236
0.004558 0.005826 11.814236
0.004497 0.006032 11.814236
0.004407 0.006226 11.814236
0.004343 0.006431 11.814236
0.004249 0.006624 11.814236
0.004187 0.006829 11.814236
0.004097 0.007024 11.814236
0.003948 0.007178 11.814236
0.003748 0.007102 11.814236
0.003544 0.007033 11.814236
0.003344 0.006958 11.814236
0.003138 0.006898 11.814236
0.002933 0.006834 11.814236
0.002728 0.006772 11.814236
0.002518 0.006726 11.814236
0.002313 0.006664 11.814236
0.002105 0.006611 11.814236
0.001893 0.006577 11.814236
0.001693 0.006501 11.814236
0.001479 0.006487 11.814236
0.001303 0.006610 11.814236
0.001169 0.006777 11.814236
0.000984 0.006669 11.814236
0.000792 0.006574 11.814236
0.000591 0.006498 11.814236
0.000391 0.006421 11.814236
0.000185 0.006360 11.814236
-0.000021 0.006300 11.814236
-0.000228 0.006354 11.814236
-0.000427 0.006435 11.814236
-0.000632 0.006497 11.814236
-0.000822 0.006596 11.814236
-0.001022 0.006673 11.814236
-0.001128 0.006487 11.814236
-0.001335 0.006429 11.814236
-0.001548 0.006453 11.814236
-0.001752 0.006517 11.814236
-0.001957 0.006580 11.814236
-0.002169 0.006614 11.814236
-0.002372 0.006685 11.814236
-0.002584 0.006715 11.814236
-0.002791 0.006772 11.814236
-0.002997 0.006833 11.814236
-0.003204 0.006888 11.814236
-0.003402 0.006970 11.814236
-0.003607 0.007032 11.814236
-0.003799 0.007129 11.814236
-0.003998 0.007207 11.814236
-0.004161 0.007068 11.814236
-0.004244 0.006870 11.814236
-0.004307 0.006665 11.814236
-0.004406 0.006475 11.814236
-0.004472 0.006271 11.814236
-0.004573 0.006082 11.814236
-0.004632 0.005876 11.814236
-0.004721 0.005681 11.814236
-0.004774 0.005473 11.814236
-0.004854 0.005274 11.814236
-0.004906 0.005066 11.814236
-0.004988 0.004868 11.814236
-0.005036 0.004659 11.814236
-0.005096 0.004453 11.814236
-0.005165 0.004250 11.814236
-0.005213 0.004041 11.814236
-0.005291 0.003841 11.814236
-0.005309 0.003627 11.814236
-0.005397 0.003432 11.814236
-0.005431 0.003220 11.814236
-0.005514 0.003022 11.814236
-0.005674 0.002879 11.814236
-0.005802 0.002707 11.814236
-0.005968 0.002571 11.814236
-0.006102 0.002404 11.814236
-0.006247 0.002246 11.814236
-0.006407 0.002102 11.814236
-0.006546 0.001939 11.814236
-0.006701 0.001791 11.814236
-0.006831 0.001621 11.814236
-0.006994 0.001481 11.814236
-0.007124 0.001311 11.814236
-0.007288 0.001172 11.814236
-0.007424 0.001006 11.814236
-0.007589 0.000869 11.814236
-0.007732 0.000709 11.814236
-0.007893 0.000568 11.814236
-0.008031 0.000403 11.814236
-0.008184 0.000253 11.814236
-0.008230 0.000044 11.814236
-0.008076 -0.000105 11.814236
-0.007940 -0.000271 11.814236
-0.007793 -0.000427 11.814236
-0.007666 -0.000600 11.814236
-0.007521 -0.000758 11.814236
-0.007402 -0.000936 11.814236
-0.007258 -0.001095 11.814236
-0.007127 -0.001265 11.814236
-0.006965 -0.001406 11.814236
-0.006827 -0.001570 11.814236
-0.006677 -0.001723 11.814236
-0.006550 -0.001896 11.814236
-0.006386 -0.002034 11.814236
-0.006250 -0.002200 11.814236
-0.006093 -0.002345 11.814236
-0.005943 -0.002499 11.814236
-0.005798 -0.002657 11.814236
-0.005620 -0.002777 11.814236
-0.005511 -0.002962 11.814236
-0.005489 -0.003175 11.814236
-0.005399 -0.003370 11.814236
-0.005351 -0.003579 11.814236
-0.005297 -0.003786 11.814236
-0.005221 -0.003987 11.814236
-0.005182 -0.004198 11.814236
-0.005096 -0.004394 11.814236
-0.005071 -0.004607 11.814236
-0.004993 -0.004807 11.814236
-0.004942 -0.005015 11.814236
-0.004862 -0.005214 11.814236
-0.004814 -0.005423 11.814236
-0.004738 -0.005624 11.814236
-0.004692 -0.005834 11.814236
-0.004621 -0.006036 11.814236
-0.004575 -0.006245 11.814236
-0.004504 -0.006447 11.814236
-0.004457 -0.006657 11.814236
-0.004382 -0.006858 11.814236
-0.004344 -0.007069 11.814236
-0.004162 -0.007182 11.814236
-0.003953 -0.007137 11.814236
-0.003748 -0.007072 11.814236
-0.003538 -0.007028 11.814236
-0.003331 -0.006973 11.814236
-0.003120 -0.006932 11.814236
-0.002914 -0.006874 11.814236
-0.002702 -0.006843 11.814236
-0.002493 -0.006796 11.814236
-0.002282 -0.006757 11.814236
-0.002075 -0.006700 11.814236
-0.001870 -0.006639 11.814236
-0.001660 -0.006592 11.814236
-0.001450 -0.006547 11.814236
-0.001239 -0.006510 11.814236
-0.001029 -0.006470 11.814236
-0.000820 -0.006421 11.814236
-0.000606 -0.006398 11.814236
-0.000417 -0.006297 11.814236
-0.000204 -0.006277 11.814236
-0.000005 -0.006357 11.814236
0.000209 -0.006377 11.814236
0.000407 -0.006459 11.814236
0.000617 -0.006502 11.814236
0.000826 -0.006550 11.814236
0.001032 -0.006611 11.814236
0.001244 -0.006640 11.814236
0.001446 -0.006714 11.814236
0.001657 -0.006752 11.814236
0.001866 -0.006800 11.814236
0.002076 -0.006844 11.814236
0.002285 -0.006889 11.814236
0.002494 -0.006937 11.814236
0.002705 -0.006979 11.814236
0.002912 -0.007034 11.814236
0.003124 -0.007066 11.814236
0.003332 -0.007118 11.814236
0.003545 -0.007144 11.814236
0.003754 -0.007190 11.814236
0.003965 -0.007232 11.814236
0.004163 -0.007150 11.814236
0.004223 -0.006944 11.814236
0.004249 -0.006731 11.814236
0.004313 -0.006526 11.814236
0.004348 -0.006315 11.814236
0.004422 -0.006114 11.814236
0.004455 -0.005902 11.814236
0.004536 -0.005703 11.814236
0.004589 -0.005495 11.814236
0.004658 -0.005292 11.814236
0.004718 -0.005086 11.814236
0.004767 -0.004877 11.814236
0.004842 -0.004676 11.814236
0.004866 -0.004463 11.814236
0.004967 -0.004274 11.814236
0.004994 -0.004061 11.814236
0.005091 -0.003870 11.814236
0.005303 -0.003835 11.814236
0.005385 -0.003637 11.814236
0.005386 -0.003423 11.814236
0.005430 -0.003213 11.814236
0.005571 -0.003051 11.814236
0.005706 -0.002885 11.814236
0.005872 -0.002749 11.814236
0.006011 -0.002586 11.814236
0.006168 -0.002440 11.814236
0.006307 -0.002276 11.814236
0.006454 -0.002120 11.814236
0.006612 -0.001975 11.814236
0.006747 -0.001808 11.814236
0.006899 -0.001657 11.814236
0.007033 -0.001490 11.814236
0.007189 -0.001342 11.814236
0.007317 -0.001170 11.814236
0.007477 -0.001027 11.814236
0.007602 -0.000853 11.814236
0.007758 -0.000706 11.814236
0.007882 -0.000531 11.814236
0.008031 -0.000376 11.814236
0.008159 -0.000204 11.814236
0.008220 0.000001 11.814236

