0.007615 -0.000080 8.654514
0.007481 0.000061 8.654514
0.007346 0.000202 8.654514
0.007215 0.000345 8.654514
0.007079 0.000485 8.654514
0.006945 0.000627 8.654514
0.006819 0.000775 8.654514
0.006692 0.000923 8.654514
0.006559 0.001065 8.654514
0.006433 0.001214 8.654514
0.006302 0.001358 8.654514
0.006183 0.001512 8.654514
0.006063 0.001666 8.654514
0.005976 0.001840 8.654514
0.005855 0.001992 8.654514
0.005760 0.002162 8.654514
0.005635 0.002312 8.654514
0.005530 0.002476 8.654514
0.005410 0.002629 8.654514
0.005305 0.002794 8.654514
0.005178 0.002941 8.654514
0.005097 0.003118 8.654514
0.005033 0.003302 8.654514
0.004943 0.003475 8.654514
0.004878 0.003659 8.654514
0.004796 0.003836 8.654514
0.004729 0.004018 8.654514
0.004636 0.004189 8.654514
0.004582 0.004377 8.654514
0.004504 0.004555 8.654514
0.004446 0.004741 8.654514
0.004377 0.004923 8.654514
0.004325 0.005111 8.654514
0.004269 0.005297 8.654514
0.004222 0.005487 8.654514
0.004165 0.005673 8.654514
0.004110 0.005860 8.654514
0.004056 0.006047 8.654514
0.003995 0.006232 8.654514
0.003937 0.006418 8.654514
0.003786 0.006541 8.654514
0.003597 0.006492 8.654514
0.003409 0.006445 8.654514
0.003218 0.006405 8.654514
0.003028 0.006360 8.654514
0.002839 0.006316 8.654514
0.002648 0.006274 8.654514
0.002460 0.006225 8.654514
0.002269 0.006184 8.654514
0.002078 0.006148 8.654514
0.001884 0.006132 8.654514
0.001690 0.006110 8.654514
0.001495 0.006104 8.654514
0.001302 0.006084 8.654514
0.001108 0.006102 8.654514
0.000917 0.006062 8.654514
0.000723 0.006047 8.654514
0.000531 0.006013 8.654514
0.000336 0.006007 8.654514
0.000145 0.005969 8.654514
-0.000049 0.005954 8.654514
-0.000240 0.005993 8.654514
-0.000434 0.005999 8.654514
-0.000627 0.006028 8.654514
-0.000822 0.006035 8.654514
-0.001013 0.006074 8.654514
-0.001207 0.006061 8.654514
-0.001401 0.006081 8.654514
-0.001595 0.006093 8.654514
-0.001786 0.006134 8.654514
-0.001979 0.006156 8.654514
-0.002169 0.006199 8.654514
-0.002362 0.006227 8.654514
-0.002554 0.006262 8.654514
-0.002747 0.006290 8.654514
-0.002938 0.006326 8.654514
-0.003127 0.006374 8.654514
-0.003315 0.006424 8.654514
-0.003505 0.006467 8.654514
-0.003694 0.006513 8.654514
-0.003884 0.006556 8.654514
-0.004034 0.006431 8.654514
-0.004092 0.006245 8.654514
-0.004151 0.006059 8.654514
-0.004204 0.005871 8.654514
-0.004260 0.005685 8.654514
-0.004315 0.005498 8.654514
-0.004363 0.005309 8.654514
-0.004418 0.005123 8.654514
-0.004471 0.004935 8.654514
-0.004531 0.004750 8.654514
-0.004580 0.004561 8.654514
-0.004646 0.004378 8.654514
-0.004687 0.004187 8.654514
-0.004773 0.004013 8.654514
-0.004824 0.003825 8.654514
-0.004904 0.003647 8.654514
-0.004960 0.003461 8.654514
-0.005050 0.003288 8.654514
-0.005105 0.003101 8.654514
-0.005192 0.002927 8.654514
-0.005325 0.002785 8.654514
-0.005430 0.002620 8.654514
-0.005558 0.002474 8.654514
-0.005665 0.002311 8.654514
-0.005801 0.002172 8.654514
-0.005902 0.002005 8.654514
-0.006037 0.001864 8.654514
-0.006156 0.001711 8.654514
-0.006293 0.001572 8.654514
-0.006414 0.001420 8.654514
-0.006552 0.001281 8.654514
-0.006681 0.001136 8.654514
-0.006819 0.000998 8.654514
-0.006954 0.000857 8.654514
-0.007085 0.000714 8.654514
-0.007220 0.000573 8.654514
-0.007354 0.000432 8.654514
-0.007484 0.000287 8.654514
-0.007617 0.000144 8.654514
-0.007650 -0.000048 8.654514
-0.007513 -0.000187 8.654514
-0.007376 -0.000324 8.654514
-0.007245 -0.000468 8.654514
-0.007115 -0.000614 8.654514
-0.006986 -0.000760 8.654514
-0.006854 -0.000903 8.654514
-0.006709 -0.001033 8.654514
-0.006572 -0.001172 8.654514
-0.006430 -0.001305 8.654514
-0.006305 -0.001454 8.654514
-0.006171 -0.001596 8.654514
-0.006057 -0.001754 8.654514
-0.005933 -0.001904 8.654514
-0.005843 -0.002077 8.654514
-0.005720 -0.002228 8.654514
-0.005609 -0.002388 8.654514
-0.005484 -0.002537 8.654514
-0.005382 -0.002703 8.654514
-0.005254 -0.002850 8.654514
-0.005146 -0.003012 8.654514
-0.005091 -0.003199 8.654514
-0.005005 -0.003374 8.654514
-0.004943 -0.003559 8.654514
-0.004867 -0.003738 8.654514
-0.004816 -0.003926 8.654514
-0.004735 -0.004103 8.654514
-0.004681 -0.004290 8.654514
-0.004613 -0.004473 8.654514
-0.004570 -0.004663 8.654514
-0.004499 -0.004844 8.654514
-0.004452 -0.005033 8.654514
-0.004387 -0.005217 8.654514
-0.004339 -0.005406 8.654514
-0.004287 -0.005594 8.654514
-0.004231 -0.005780 8.654514
-0.004175 -0.005967 8.654514
-0.004121 -0.006154 8.654514
-0.004059 -0.006339 8.654514
-0.004002 -0.006525 8.654514
-0.003854 -0.006651 8.654514
-0.003664 -0.006608 8.654514
-0.003475 -0.006560 8.654514
-0.003286 -0.006512 8.654514
-0.003098 -0.006460 8.654514
-0.002908 -0.006419 8.654514
-0.002715 -0.006391 8.654514
-0.002524 -0.006357 8.654514
-0.002334 -0.006313 8.654514
-0.002144 -0.006269 8.654514
-0.001956 -0.006217 8.654514
-0.001765 -0.006179 8.654514
-0.001577 -0.006131 8.654514
-0.001384 -0.006099 8.654514
-0.001193 -0.006064 8.654514
-0.000998 -0.006063 8.654514
-0.000805 -0.006037 8.654514
-0.000611 -0.006022 8.654514
-0.000417 -0.006001 8.654514
-0.000223 -0.005989 8.654514
-0.000029 -0.005963 8.654514
0.000163 -0.005991 8.654514
0.000356 -0.006023 8.654514
0.000549 -0.006044 8.654514
0.000740 -0.006085 8.654514
0.000932 -0.006116 8.654514
0.001123 -0.006157 8.654514
0.001316 -0.006180 8.654514
0.001502 -0.006238 8.654514
0.001693 -0.006277 8.654514
0.001881 -0.006327 8.654514
0.002071 -0.006371 8.654514
0.002261 -0.006416 8.654514
0.002450 -0.006461 8.654514
0.002638 -0.006511 8.654514
0.002828 -0.006555 8.654514
0.003018 -0.006600 8.654514
0.003207 -0.006647 8.654514
0.003397 -0.006688 8.654514
0.003587 -0.006730 8.654514
0.003770 -0.006663 8.654514
0.003826 -0.006476 8.654514
0.003880 -0.006289 8.654514
0.003938 -0.006103 8.654514
0.003988 -0.005915 8.654514
0.004039 -0.005727 8.654514
0.004101 -0.005542 8.654514
0.004171 -0.005360 8.654514
0.004234 -0.005176 8.654514
0.004306 -0.004995 8.654514
0.004362 -0.004808 8.654514
0.004434 -0.004628 8.654514
0.004482 -0.004439 8.654514
0.004578 -0.004269 8.654514
0.004647 -0.004087 8.654514
0.004745 -0.003919 8.654514
0.004813 -0.003736 8.654514
0.004916 -0.003571 8.654514
0.004981 -0.003387 8.654514
0.005070 -0.003214 8.654514
0.005129 -0.003028 8.654514
0.005240 -0.002868 8.654514
0.005373 -0.002726 8.654514
0.005478 -0.002562 8.654514
0.005610 -0.002419 8.654514
0.005724 -0.002261 8.654514
0.005863 -0.002124 8.654514
0.005969 -0.001960 8.654514
0.006115 -0.001832 8.654514
0.006238 -0.001680 8.654514
0.006380 -0.001547 8.654514
0.006508 -0.001400 8.654514
0.006646 -0.001263 8.654514
0.006778 -0.001119 8.654514
0.006917 -0.000983 8.654514
0.007050 -0.000841 8.654514
0.007183 -0.000699 8.654514
0.007320 -0.000560 8.654514
0.007451 -0.000416 8.654514
0.007583 -0.000272 8.654514
0.007615 -0.000080 8.654514

