0.007809 -0.000062 9.572917
0.007669 0.000083 9.572917
0.007530 0.000227 9.572917
0.007391 0.000372 9.572917
0.007254 0.000519 9.572917
0.007119 0.000668 9.572917
0.006974 0.000807 9.572917
0.006841 0.000957 9.572917
0.006703 0.001102 9.572917
0.006575 0.001258 9.572917
0.006435 0.001402 9.572917
0.006312 0.001560 9.572917
0.006157 0.001688 9.572917
0.006050 0.001857 9.572917
0.005920 0.002010 9.572917
0.005812 0.002180 9.572917
0.005691 0.002340 9.572917
0.005587 0.002511 9.572917
0.005462 0.002669 9.572917
0.005347 0.002833 9.572917
0.005236 0.003001 9.572917
0.005163 0.003188 9.572917
0.005085 0.003373 9.572917
0.005005 0.003557 9.572917
0.004934 0.003745 9.572917
0.004847 0.003926 9.572917
0.004793 0.004119 9.572917
0.004721 0.004307 9.572917
0.004666 0.004500 9.572917
0.004591 0.004686 9.572917
0.004557 0.004884 9.572917
0.004489 0.005073 9.572917
0.004450 0.005269 9.572917
0.004383 0.005459 9.572917
0.004329 0.005652 9.572917
0.004265 0.005842 9.572917
0.004208 0.006035 9.572917
0.004142 0.006224 9.572917
0.004084 0.006417 9.572917
0.004022 0.006608 9.572917
0.003860 0.006726 9.572917
0.003666 0.006674 9.572917
0.003472 0.006622 9.572917
0.003278 0.006569 9.572917
0.003082 0.006525 9.572917
0.002888 0.006476 9.572917
0.002691 0.006435 9.572917
0.002496 0.006387 9.572917
0.002299 0.006348 9.572917
0.002106 0.006292 9.572917
0.001911 0.006247 9.572917
0.001714 0.006208 9.572917
0.001519 0.006160 9.572917
0.001318 0.006175 9.572917
0.001139 0.006265 9.572917
0.000954 0.006188 9.572917
0.000755 0.006159 9.572917
0.000561 0.006109 9.572917
0.000361 0.006086 9.572917
0.000163 0.006055 9.572917
-0.000037 0.006033 9.572917
-0.000236 0.006055 9.572917
-0.000436 0.006073 9.572917
-0.000632 0.006119 9.572917
-0.000831 0.006146 9.572917
-0.001020 0.006212 9.572917
-0.001212 0.006153 9.572917
-0.001412 0.006171 9.572917
-0.001607 0.006218 9.572917
-0.001806 0.006249 9.572917
-0.002004 0.006279 9.572917
-0.002200 0.006321 9.572917
-0.002399 0.006347 9.572917
-0.002592 0.006402 9.572917
-0.002789 0.006444 9.572917
-0.002981 0.006503 9.572917
-0.003177 0.006545 9.572917
-0.003373 0.006587 9.572917
-0.003569 0.006634 9.572917
-0.003763 0.006683 9.572917
-0.003957 0.006735 9.572917
-0.004121 0.006619 9.572917
-0.004182 0.006428 9.572917
-0.004242 0.006236 9.572917
-0.004307 0.006047 9.572917
-0.004363 0.005854 9.572917
-0.004426 0.005663 9.572917
-0.004481 0.005470 9.572917
-0.004544 0.005279 9.572917
-0.004586 0.005083 9.572917
-0.004655 0.004895 9.572917
-0.004687 0.004696 9.572917
-0.004766 0.004511 9.572917
-0.004799 0.004313 9.572917
-0.004868 0.004125 9.572917
-0.004910 0.003928 9.572917
-0.004994 0.003746 9.572917
-0.005043 0.003551 9.572917
-0.005123 0.003367 9.572917
-0.005184 0.003176 9.572917
-0.005263 0.002991 9.572917
-0.005390 0.002836 9.572917
-0.005503 0.002670 9.572917
-0.005642 0.002525 9.572917
-0.005753 0.002358 9.572917
-0.005892 0.002213 9.572917
-0.006014 0.002053 9.572917
-0.006167 0.001923 9.572917
-0.006285 0.001760 9.572917
-0.006435 0.001627 9.572917
-0.006563 0.001473 9.572917
-0.006713 0.001339 9.572917
-0.006843 0.001186 9.572917
-0.006987 0.001047 9.572917
-0.007117 0.000894 9.572917
-0.007259 0.000751 9.572917
-0.007393 0.000602 9.572917
-0.007528 0.000453 9.572917
-0.007668 0.000309 9.572917
-0.007809 0.000167 9.572917
-0.007845 -0.000031 9.572917
-0.007716 -0.000184 9.572917
-0.007584 -0.000335 9.572917
-0.007444 -0.000479 9.572917
-0.007307 -0.000626 9.572917
-0.007161 -0.000765 9.572917
-0.007032 -0.000918 9.572917
-0.006896 -0.001066 9.572917
-0.006768 -0.001221 9.572917
-0.006617 -0.001353 9.572917
-0.006482 -0.001501 9.572917
-0.006327 -0.001629 9.572917
-0.006201 -0.001786 9.572917
-0.006051 -0.001919 9.572917
-0.005925 -0.002075 9.572917
-0.005794 -0.002227 9.572917
-0.005695 -0.002402 9.572917
-0.005566 -0.002556 9.572917
-0.005459 -0.002726 9.572917
-0.005325 -0.002876 9.572917
-0.005230 -0.003052 9.572917
-0.005184 -0.003248 9.572917
-0.005097 -0.003428 9.572917
-0.005053 -0.003624 9.572917
-0.004971 -0.003807 9.572917
-0.004918 -0.004001 9.572917
-0.004849 -0.004190 9.572917
-0.004809 -0.004386 9.572917
-0.004735 -0.004573 9.572917
-0.004687 -0.004768 9.572917
-0.004619 -0.004957 9.572917
-0.004580 -0.005154 9.572917
-0.004513 -0.005343 9.572917
-0.004469 -0.005539 9.572917
-0.004399 -0.005727 9.572917
-0.004346 -0.005921 9.572917
-0.004283 -0.006111 9.572917
-0.004223 -0.006303 9.572917
-0.004167 -0.006496 9.572917
-0.004114 -0.006689 9.572917
-0.003956 -0.006814 9.572917
-0.003760 -0.006774 9.572917
-0.003564 -0.006732 9.572917
-0.003367 -0.006689 9.572917
-0.003171 -0.006648 9.572917
-0.002976 -0.006598 9.572917
-0.002785 -0.006538 9.572917
-0.002589 -0.006495 9.572917
-0.002393 -0.006451 9.572917
-0.002194 -0.006426 9.572917
-0.001998 -0.006382 9.572917
-0.001800 -0.006346 9.572917
-0.001608 -0.006287 9.572917
-0.001410 -0.006253 9.572917
-0.001218 -0.006197 9.572917
-0.001022 -0.006151 9.572917
-0.000825 -0.006112 9.572917
-0.000626 -0.006088 9.572917
-0.000426 -0.006072 9.572917
-0.000227 -0.006041 9.572917
-0.000027 -0.006052 9.572917
0.000166 -0.006108 9.572917
0.000365 -0.006131 9.572917
0.000560 -0.006179 9.572917
0.000758 -0.006215 9.572917
0.000956 -0.006250 9.572917
0.001149 -0.006304 9.572917
0.001344 -0.006351 9.572917
0.001537 -0.006406 9.572917
0.001735 -0.006439 9.572917
0.001927 -0.006500 9.572917
0.002124 -0.006538 9.572917
0.002317 -0.006593 9.572917
0.002513 -0.006637 9.572917
0.002708 -0.006682 9.572917
0.002905 -0.006725 9.572917
0.003100 -0.006771 9.572917
0.003297 -0.006811 9.572917
0.003492 -0.006856 9.572917
0.003687 -0.006904 9.572917
0.003873 -0.006828 9.572917
0.003933 -0.006636 9.572917
0.003990 -0.006444 9.572917
0.004048 -0.006251 9.572917
0.004107 -0.006060 9.572917
0.004171 -0.005869 9.572917
0.004214 -0.005673 9.572917
0.004276 -0.005482 9.572917
0.004320 -0.005286 9.572917
0.004399 -0.005101 9.572917
0.004447 -0.004906 9.572917
0.004535 -0.004726 9.572917
0.004585 -0.004531 9.572917
0.004658 -0.004345 9.572917
0.004709 -0.004150 9.572917
0.004787 -0.003965 9.572917
0.004868 -0.003782 9.572917
0.004992 -0.003623 9.572917
0.005051 -0.003432 9.572917
0.005135 -0.003249 9.572917
0.005215 -0.003065 9.572917
0.005339 -0.002907 9.572917
0.005470 -0.002755 9.572917
0.005592 -0.002596 9.572917
0.005734 -0.002454 9.572917
0.005851 -0.002291 9.572917
0.005998 -0.002153 9.572917
0.006128 -0.002000 9.572917
0.006283 -0.001872 9.572917
0.006403 -0.001712 9.572917
0.006559 -0.001585 9.572917
0.006685 -0.001429 9.572917
0.006836 -0.001296 9.572917
0.006966 -0.001144 9.572917
0.007109 -0.001002 9.572917
0.007241 -0.000851 9.572917
0.007381 -0.000708 9.572917
0.007512 -0.000555 9.572917
0.007648 -0.000408 9.572917
0.007785 -0.000261 9.572917
0.007809 -0.000062 9.572917

