0.007186 -0.000076 7.006944
0.007072 0.000066 7.006944
0.006954 0.000205 7.006944
0.006837 0.000346 7.006944
0.006728 0.000492 7.006944
0.006626 0.000643 7.006944
0.006530 0.000799 7.006944
0.006429 0.000950 7.006944
0.006329 0.001103 7.006944
0.006230 0.001256 7.006944
0.006124 0.001404 7.006944
0.006014 0.001550 7.006944
0.005902 0.001694 7.006944
0.005791 0.001839 7.006944
0.005683 0.001986 7.006944
0.005570 0.002129 7.006944
0.005448 0.002265 7.006944
0.005341 0.002413 7.006944
0.005226 0.002554 7.006944
0.005120 0.002702 7.006944
0.004994 0.002834 7.006944
0.004917 0.003000 7.006944
0.004865 0.003175 7.006944
0.004786 0.003339 7.006944
0.004719 0.003509 7.006944
0.004655 0.003680 7.006944
0.004594 0.003852 7.006944
0.004521 0.004019 7.006944
0.004452 0.004187 7.006944
0.004384 0.004357 7.006944
0.004316 0.004526 7.006944
0.004248 0.004695 7.006944
0.004171 0.004861 7.006944
0.004098 0.005028 7.006944
0.004030 0.005197 7.006944
0.003957 0.005364 7.006944
0.003887 0.005533 7.006944
0.003822 0.005703 7.006944
0.003762 0.005876 7.006944
0.003712 0.006051 7.006944
0.003572 0.006168 7.006944
0.003393 0.006135 7.006944
0.003212 0.006112 7.006944
0.003030 0.006102 7.006944
0.002847 0.006094 7.006944
0.002665 0.006084 7.006944
0.002483 0.006074 7.006944
0.002302 0.006054 7.006944
0.002120 0.006038 7.006944
0.001938 0.006023 7.006944
0.001758 0.005998 7.006944
0.001577 0.005973 7.006944
0.001396 0.005948 7.006944
0.001215 0.005924 7.006944
0.001034 0.005903 7.006944
0.000854 0.005871 7.006944
0.000675 0.005840 7.006944
0.000494 0.005815 7.006944
0.000312 0.005799 7.006944
0.000135 0.005757 7.006944
-0.000047 0.005742 7.006944
-0.000224 0.005786 7.006944
-0.000406 0.005803 7.006944
-0.000586 0.005832 7.006944
-0.000767 0.005852 7.006944
-0.000946 0.005889 7.006944
-0.001126 0.005915 7.006944
-0.001308 0.005935 7.006944
-0.001489 0.005959 7.006944
-0.001669 0.005983 7.006944
-0.001851 0.006006 7.006944
-0.002032 0.006024 7.006944
-0.002214 0.006032 7.006944
-0.002396 0.006044 7.006944
-0.002578 0.006057 7.006944
-0.002761 0.006066 7.006944
-0.002942 0.006086 7.006944
-0.003122 0.006115 7.006944
-0.003302 0.006147 7.006944
-0.003482 0.006176 7.006944
-0.003663 0.006196 7.006944
-0.003797 0.006072 7.006944
-0.003844 0.005896 7.006944
-0.003896 0.005721 7.006944
-0.003948 0.005546 7.006944
-0.004003 0.005372 7.006944
-0.004063 0.005200 7.006944
-0.004121 0.005027 7.006944
-0.004188 0.004857 7.006944
-0.004259 0.004689 7.006944
-0.004324 0.004519 7.006944
-0.004391 0.004349 7.006944
-0.004458 0.004179 7.006944
-0.004527 0.004010 7.006944
-0.004599 0.003843 7.006944
-0.004661 0.003671 7.006944
-0.004723 0.003500 7.006944
-0.004792 0.003331 7.006944
-0.004868 0.003165 7.006944
-0.004922 0.002990 7.006944
-0.005000 0.002826 7.006944
-0.005127 0.002694 7.006944
-0.005234 0.002546 7.006944
-0.005347 0.002404 7.006944
-0.005456 0.002258 7.006944
-0.005578 0.002121 7.006944
-0.005691 0.001978 7.006944
-0.005799 0.001832 7.006944
-0.005912 0.001688 7.006944
-0.006025 0.001545 7.006944
-0.006137 0.001401 7.006944
-0.006248 0.001256 7.006944
-0.006354 0.001108 7.006944
-0.006466 0.000964 7.006944
-0.006581 0.000822 7.006944
-0.006694 0.000678 7.006944
-0.006812 0.000539 7.006944
-0.006932 0.000402 7.006944
-0.007055 0.000267 7.006944
-0.007181 0.000135 7.006944
-0.007208 -0.000045 7.006944
-0.007078 -0.000173 7.006944
-0.006944 -0.000297 7.006944
-0.006820 -0.000431 7.006944
-0.006708 -0.000575 7.006944
-0.006603 -0.000724 7.006944
-0.006503 -0.000877 7.006944
-0.006397 -0.001025 7.006944
-0.006293 -0.001175 7.006944
-0.006190 -0.001326 7.006944
-0.006079 -0.001471 7.006944
-0.005967 -0.001615 7.006944
-0.005855 -0.001759 7.006944
-0.005744 -0.001903 7.006944
-0.005636 -0.002050 7.006944
-0.005518 -0.002189 7.006944
-0.005403 -0.002331 7.006944
-0.005287 -0.002472 7.006944
-0.005186 -0.002624 7.006944
-0.005060 -0.002755 7.006944
-0.004954 -0.002904 7.006944
-0.004903 -0.003079 7.006944
-0.004827 -0.003245 7.006944
-0.004764 -0.003416 7.006944
-0.004688 -0.003582 7.006944
-0.004634 -0.003756 7.006944
-0.004566 -0.003926 7.006944
-0.004494 -0.004093 7.006944
-0.004426 -0.004263 7.006944
-0.004361 -0.004433 7.006944
-0.004296 -0.004603 7.006944
-0.004231 -0.004774 7.006944
-0.004161 -0.004942 7.006944
-0.004099 -0.005114 7.006944
-0.004043 -0.005288 7.006944
-0.003983 -0.005460 7.006944
-0.003927 -0.005634 7.006944
-0.003871 -0.005807 7.006944
-0.003817 -0.005982 7.006944
-0.003769 -0.006157 7.006944
-0.003634 -0.006281 7.006944
-0.003454 -0.006252 7.006944
-0.003277 -0.006206 7.006944
-0.003101 -0.006157 7.006944
-0.002924 -0.006113 7.006944
-0.002745 -0.006078 7.006944
-0.002564 -0.006059 7.006944
-0.002382 -0.006041 7.006944
-0.002201 -0.006028 7.006944
-0.002018 -0.006020 7.006944
-0.001837 -0.006003 7.006944
-0.001655 -0.005981 7.006944
-0.001475 -0.005958 7.006944
-0.001294 -0.005934 7.006944
-0.001112 -0.005915 7.006944
-0.000932 -0.005887 7.006944
-0.000753 -0.005852 7.006944
-0.000572 -0.005829 7.006944
-0.000391 -0.005805 7.006944
-0.000210 -0.005783 7.006944
-0.000032 -0.005745 7.006944
0.000150 -0.005765 7.006944
0.000329 -0.005801 7.006944
0.000510 -0.005820 7.006944
0.000691 -0.005844 7.006944
0.000870 -0.005877 7.006944
0.001050 -0.005908 7.006944
0.001231 -0.005930 7.006944
0.001412 -0.005955 7.006944
0.001592 -0.005982 7.006944
0.001772 -0.006011 7.006944
0.001952 -0.006042 7.006944
0.002133 -0.006066 7.006944
0.002313 -0.006096 7.006944
0.002491 -0.006136 7.006944
0.002670 -0.006173 7.006944
0.002847 -0.006215 7.006944
0.003025 -0.006257 7.006944
0.003202 -0.006299 7.006944
0.003379 -0.006345 7.006944
0.003552 -0.006288 7.006944
0.003622 -0.006119 7.006944
0.003687 -0.005948 7.006944
0.003746 -0.005776 7.006944
0.003805 -0.005603 7.006944
0.003871 -0.005433 7.006944
0.003949 -0.005268 7.006944
0.004026 -0.005103 7.006944
0.004107 -0.004940 7.006944
0.004193 -0.004778 7.006944
0.004270 -0.004613 7.006944
0.004342 -0.004446 7.006944
0.004412 -0.004277 7.006944
0.004483 -0.004109 7.006944
0.004556 -0.003942 7.006944
0.004625 -0.003773 7.006944
0.004680 -0.003599 7.006944
0.004756 -0.003433 7.006944
0.004818 -0.003262 7.006944
0.004897 -0.003097 7.006944
0.004944 -0.002921 7.006944
0.005045 -0.002769 7.006944
0.005174 -0.002640 7.006944
0.005275 -0.002488 7.006944
0.005390 -0.002346 7.006944
0.005505 -0.002205 7.006944
0.005624 -0.002066 7.006944
0.005733 -0.001920 7.006944
0.005844 -0.001776 7.006944
0.005957 -0.001632 7.006944
0.006071 -0.001490 7.006944
0.006186 -0.001348 7.006944
0.006296 -0.001203 7.006944
0.006409 -0.001059 7.006944
0.006530 -0.000923 7.006944
0.006649 -0.000784 7.006944
0.006772 -0.000650 7.006944
0.006897 -0.000517 7.006944
0.007023 -0.000385 7.006944
0.007151 -0.000255 7.006944
0.007186 -0.000076 7.006944

