0.008149 0.000001 11.345486
0.008002 0.000153 11.345486
0.007843 0.000293 11.345486
0.007696 0.000446 11.345486
0.007538 0.000587 11.345486
0.007394 0.000742 11.345486
0.007238 0.000885 11.345486
0.007107 0.001052 11.345486
0.006944 0.001187 11.345486
0.006815 0.001355 11.345486
0.006650 0.001489 11.345486
0.006513 0.001651 11.345486
0.006371 0.001808 11.345486
0.006236 0.001971 11.345486
0.006086 0.002121 11.345486
0.005939 0.002273 11.345486
0.005807 0.002439 11.345486
0.005661 0.002592 11.345486
0.005528 0.002757 11.345486
0.005416 0.002937 11.345486
0.005354 0.003140 11.345486
0.005277 0.003337 11.345486
0.005200 0.003535 11.345486
0.005158 0.003742 11.345486
0.005080 0.003940 11.345486
0.005032 0.004146 11.345486
0.004959 0.004345 11.345486
0.004910 0.004551 11.345486
0.004862 0.004757 11.345486
0.004788 0.004956 11.345486
0.004730 0.005160 11.345486
0.004657 0.005359 11.345486
0.004601 0.005563 11.345486
0.004523 0.005760 11.345486
0.004471 0.005965 11.345486
0.004384 0.006159 11.345486
0.004326 0.006363 11.345486
0.004235 0.006554 11.345486
0.004167 0.006755 11.345486
0.004086 0.006950 11.345486
0.003927 0.007091 11.345486
0.003730 0.007011 11.345486
0.003529 0.006945 11.345486
0.003329 0.006874 11.345486
0.003125 0.006818 11.345486
0.002923 0.006754 11.345486
0.002718 0.006702 11.345486
0.002511 0.006654 11.345486
0.002308 0.006592 11.345486
0.002100 0.006553 11.345486
0.001893 0.006508 11.345486
0.001690 0.006446 11.345486
0.001480 0.006423 11.345486
0.001294 0.006524 11.345486
0.001155 0.006684 11.345486
0.000982 0.006563 11.345486
0.000788 0.006478 11.345486
0.000588 0.006407 11.345486
0.000388 0.006337 11.345486
0.000183 0.006283 11.345486
-0.000022 0.006229 11.345486
-0.000229 0.006274 11.345486
-0.000427 0.006350 11.345486
-0.000631 0.006407 11.345486
-0.000823 0.006495 11.345486
-0.001003 0.006607 11.345486
-0.001124 0.006433 11.345486
-0.001327 0.006374 11.345486
-0.001537 0.006401 11.345486
-0.001746 0.006439 11.345486
-0.001945 0.006512 11.345486
-0.002154 0.006545 11.345486
-0.002354 0.006614 11.345486
-0.002562 0.006655 11.345486
-0.002770 0.006697 11.345486
-0.002974 0.006755 11.345486
-0.003180 0.006802 11.345486
-0.003378 0.006879 11.345486
-0.003582 0.006937 11.345486
-0.003775 0.007024 11.345486
-0.003967 0.007114 11.345486
-0.004142 0.006995 11.345486
-0.004225 0.006799 11.345486
-0.004299 0.006601 11.345486
-0.004395 0.006412 11.345486
-0.004459 0.006210 11.345486
-0.004553 0.006020 11.345486
-0.004602 0.005814 11.345486
-0.004688 0.005621 11.345486
-0.004734 0.005414 11.345486
-0.004814 0.005218 11.345486
-0.004865 0.005012 11.345486
-0.004942 0.004814 11.345486
-0.004978 0.004606 11.345486
-0.005049 0.004406 11.345486
-0.005109 0.004203 11.345486
-0.005161 0.003997 11.345486
-0.005230 0.003797 11.345486
-0.005260 0.003587 11.345486
-0.005350 0.003395 11.345486
-0.005379 0.003185 11.345486
-0.005466 0.002992 11.345486
-0.005624 0.002851 11.345486
-0.005750 0.002680 11.345486
-0.005907 0.002538 11.345486
-0.006052 0.002383 11.345486
-0.006184 0.002218 11.345486
-0.006341 0.002075 11.345486
-0.006480 0.001915 11.345486
-0.006640 0.001776 11.345486
-0.006766 0.001606 11.345486
-0.006927 0.001468 11.345486
-0.007056 0.001300 11.345486
-0.007214 0.001159 11.345486
-0.007348 0.000994 11.345486
-0.007506 0.000854 11.345486
-0.007648 0.000696 11.345486
-0.007810 0.000559 11.345486
-0.007951 0.000402 11.345486
-0.008102 0.000252 11.345486
-0.008149 0.000046 11.345486
-0.008003 -0.000107 11.345486
-0.007872 -0.000274 11.345486
-0.007732 -0.000433 11.345486
-0.007608 -0.000605 11.345486
-0.007469 -0.000764 11.345486
-0.007347 -0.000938 11.345486
-0.007195 -0.001085 11.345486
-0.007058 -0.001247 11.345486
-0.006898 -0.001386 11.345486
-0.006769 -0.001554 11.345486
-0.006623 -0.001707 11.345486
-0.006489 -0.001872 11.345486
-0.006324 -0.002005 11.345486
-0.006191 -0.002170 11.345486
-0.006030 -0.002307 11.345486
-0.005887 -0.002463 11.345486
-0.005735 -0.002611 11.345486
-0.005580 -0.002756 11.345486
-0.005472 -0.002938 11.345486
-0.005436 -0.003147 11.345486
-0.005357 -0.003343 11.345486
-0.005287 -0.003544 11.345486
-0.005245 -0.003751 11.345486
-0.005166 -0.003948 11.345486
-0.005135 -0.004157 11.345486
-0.005048 -0.004351 11.345486
-0.005014 -0.004560 11.345486
-0.004943 -0.004759 11.345486
-0.004898 -0.004966 11.345486
-0.004819 -0.005163 11.345486
-0.004769 -0.005369 11.345486
-0.004693 -0.005567 11.345486
-0.004644 -0.005773 11.345486
-0.004573 -0.005973 11.345486
-0.004528 -0.006180 11.345486
-0.004458 -0.006380 11.345486
-0.004415 -0.006587 11.345486
-0.004341 -0.006786 11.345486
-0.004292 -0.006992 11.345486
-0.004115 -0.007108 11.345486
-0.003910 -0.007055 11.345486
-0.003706 -0.006997 11.345486
-0.003498 -0.006958 11.345486
-0.003293 -0.006903 11.345486
-0.003085 -0.006863 11.345486
-0.002879 -0.006813 11.345486
-0.002669 -0.006784 11.345486
-0.002465 -0.006728 11.345486
-0.002257 -0.006685 11.345486
-0.002056 -0.006619 11.345486
-0.001850 -0.006569 11.345486
-0.001641 -0.006531 11.345486
-0.001433 -0.006491 11.345486
-0.001225 -0.006454 11.345486
-0.001018 -0.006409 11.345486
-0.000810 -0.006367 11.345486
-0.000602 -0.006325 11.345486
-0.000410 -0.006236 11.345486
-0.000198 -0.006223 11.345486
-0.000001 -0.006299 11.345486
0.000210 -0.006321 11.345486
0.000412 -0.006384 11.345486
0.000617 -0.006439 11.345486
0.000825 -0.006479 11.345486
0.001024 -0.006550 11.345486
0.001235 -0.006577 11.345486
0.001437 -0.006641 11.345486
0.001643 -0.006689 11.345486
0.001850 -0.006735 11.345486
0.002057 -0.006781 11.345486
0.002265 -0.006823 11.345486
0.002470 -0.006874 11.345486
0.002679 -0.006910 11.345486
0.002882 -0.006970 11.345486
0.003092 -0.007003 11.345486
0.003296 -0.007058 11.345486
0.003505 -0.007092 11.345486
0.003714 -0.007131 11.345486
0.003923 -0.007167 11.345486
0.004114 -0.007076 11.345486
0.004160 -0.006869 11.345486
0.004193 -0.006660 11.345486
0.004259 -0.006459 11.345486
0.004299 -0.006251 11.345486
0.004372 -0.006051 11.345486
0.004412 -0.005843 11.345486
0.004496 -0.005649 11.345486
0.004538 -0.005441 11.345486
0.004609 -0.005241 11.345486
0.004659 -0.005036 11.345486
0.004717 -0.004832 11.345486
0.004784 -0.004631 11.345486
0.004829 -0.004424 11.345486
0.004928 -0.004236 11.345486
0.004956 -0.004026 11.345486
0.005065 -0.003844 11.345486
0.005265 -0.003776 11.345486
0.005318 -0.003571 11.345486
0.005313 -0.003359 11.345486
0.005383 -0.003159 11.345486
0.005536 -0.003012 11.345486
0.005663 -0.002842 11.345486
0.005823 -0.002703 11.345486
0.005962 -0.002543 11.345486
0.006117 -0.002398 11.345486
0.006261 -0.002243 11.345486
0.006398 -0.002081 11.345486
0.006557 -0.001941 11.345486
0.006694 -0.001779 11.345486
0.006846 -0.001632 11.345486
0.006977 -0.001465 11.345486
0.007134 -0.001324 11.345486
0.007260 -0.001153 11.345486
0.007418 -0.001012 11.345486
0.007544 -0.000842 11.345486
0.007698 -0.000697 11.345486
0.007826 -0.000528 11.345486
0.007970 -0.000372 11.345486
0.008101 -0.000206 11.345486
0.008149 0.000001 11.345486

