0.006481 -0.000000 3.510417
0.006426 0.000155 3.510417
0.006324 0.000283 3.510417
0.006221 0.000411 3.510417
0.006117 0.000537 3.510417
0.006014 0.000665 3.510417
0.005914 0.000796 3.510417
0.005813 0.000925 3.510417
0.005707 0.001050 3.510417
0.005601 0.001175 3.510417
0.005501 0.001305 3.510417
0.005403 0.001437 3.510417
0.005302 0.001566 3.510417
0.005195 0.001690 3.510417
0.005088 0.001815 3.510417
0.004983 0.001941 3.510417
0.004888 0.002074 3.510417
0.004789 0.002205 3.510417
0.004691 0.002337 3.510417
0.004583 0.002461 3.510417
0.004474 0.002583 3.510417
0.004423 0.002739 3.510417
0.004369 0.002894 3.510417
0.004304 0.003045 3.510417
0.004240 0.003196 3.510417
0.004172 0.003345 3.510417
0.004115 0.003499 3.510417
0.004061 0.003654 3.510417
0.004008 0.003809 3.510417
0.003946 0.003961 3.510417
0.003881 0.004111 3.510417
0.003818 0.004263 3.510417
0.003763 0.004418 3.510417
0.003708 0.004572 3.510417
0.003646 0.004724 3.510417
0.003583 0.004875 3.510417
0.003524 0.005028 3.510417
0.003467 0.005182 3.510417
0.003407 0.005335 3.510417
0.003347 0.005488 3.510417
0.003240 0.005612 3.510417
0.003079 0.005642 3.510417
0.002917 0.005618 3.510417
0.002755 0.005593 3.510417
0.002593 0.005566 3.510417
0.002431 0.005540 3.510417
0.002268 0.005520 3.510417
0.002106 0.005497 3.510417
0.001944 0.005468 3.510417
0.001783 0.005438 3.510417
0.001620 0.005416 3.510417
0.001457 0.005398 3.510417
0.001295 0.005375 3.510417
0.001134 0.005344 3.510417
0.000972 0.005314 3.510417
0.000811 0.005286 3.510417
0.000647 0.005270 3.510417
0.000485 0.005250 3.510417
0.000322 0.005230 3.510417
0.000161 0.005200 3.510417
-0.000000 0.005166 3.510417
-0.000161 0.005200 3.510417
-0.000322 0.005230 3.510417
-0.000485 0.005250 3.510417
-0.000647 0.005270 3.510417
-0.000811 0.005286 3.510417
-0.000972 0.005314 3.510417
-0.001134 0.005344 3.510417
-0.001295 0.005375 3.510417
-0.001457 0.005398 3.510417
-0.001620 0.005416 3.510417
-0.001783 0.005438 3.510417
-0.001944 0.005468 3.510417
-0.002106 0.005497 3.510417
-0.002268 0.005520 3.510417
-0.002431 0.005540 3.510417
-0.002593 0.005566 3.510417
-0.002755 0.005593 3.510417
-0.002917 0.005618 3.510417
-0.003079 0.005642 3.510417
-0.003240 0.005612 3.510417
-0.003347 0.005488 3.510417
-0.003407 0.005335 3.510417
-0.003467 0.005182 3.510417
-0.003524 0.005028 3.510417
-0.003583 0.004875 3.510417
-0.003646 0.004724 3.510417
-0.003708 0.004572 3.510417
-0.003763 0.004418 3.510417
-0.003818 0.004263 3.510417
-0.003881 0.004111 3.510417
-0.003946 0.003961 3.510417
-0.004008 0.003809 3.510417
-0.004061 0.003654 3.510417
-0.004115 0.003499 3.510417
-0.004172 0.003345 3.510417
-0.004240 0.003196 3.510417
-0.004304 0.003045 3.510417
-0.004369 0.002894 3.510417
-0.004423 0.002739 3.510417
-0.004474 0.002583 3.510417
-0.004583 0.002461 3.510417
-0.004691 0.002337 3.510417
-0.004789 0.002205 3.510417
-0.004888 0.002074 3.510417
-0.004983 0.001941 3.510417
-0.005088 0.001815 3.510417
-0.005195 0.001690 3.510417
-0.005302 0.001566 3.510417
-0.005403 0.001437 3.510417
-0.005501 0.001305 3.510417
-0.005601 0.001175 3.510417
-0.005707 0.001050 3.510417
-0.005813 0.000925 3.510417
-0.005914 0.000796 3.510417
-0.006014 0.000665 3.510417
-0.006117 0.000537 3.510417
-0.006221 0.000411 3.510417
-0.006324 0.000283 3.510417
-0.006426 0.000155 3.510417
-0.006481 0.000000 3.510417
-0.006426 -0.000155 3.510417
-0.006324 -0.000283 3.510417
-0.006221 -0.000411 3.510417
-0.006117 -0.000537 3.510417
-0.006014 -0.000665 3.510417
-0.005914 -0.000796 3.510417
-0.005813 -0.000925 3.510417
-0.005707 -0.001050 3.510417
-0.005601 -0.001175 3.510417
-0.005501 -0.001305 3.510417
-0.005403 -0.001437 3.510417
-0.005302 -0.001566 3.510417
-0.005195 -0.001690 3.510417
-0.005088 -0.001815 3.510417
-0.004983 -0.001941 3.510417
-0.004888 -0.002074 3.510417
-0.004789 -0.002205 3.510417
-0.004691 -0.002337 3.510417
-0.004583 -0.002461 3.510417
-0.004474 -0.002583 3.510417
-0.004423 -0.002739 3.510417
-0.004369 -0.002894 3.510417
-0.004304 -0.003045 3.510417
-0.004240 -0.003196 3.510417
-0.004172 -0.003345 3.510417
-0.004115 -0.003499 3.510417
-0.004061 -0.003654 3.510417
-0.004008 -0.003809 3.510417
-0.003946 -0.003961 3.510417
-0.003881 -0.004111 3.510417
-0.003818 -0.004263 3.510417
-0.003763 -0.004418 3.510417
-0.003708 -0.004572 3.510417
-0.003646 -0.004724 3.510417
-0.003583 -0.004875 3.510417
-0.003524 -0.005028 3.510417
-0.003467 -0.005182 3.510417
-0.003407 -0.005335 3.510417
-0.003347 -0.005488 3.510417
-0.003240 -0.005612 3.510417
-0.003079 -0.005642 3.510417
-0.002917 -0.005618 3.510417
-0.002755 -0.005593 3.510417
-0.002593 -0.005566 3.510417
-0.002431 -0.005540 3.510417
-0.002268 -0.005520 3.510417
-0.002106 -0.005497 3.510417
-0.001944 -0.005468 3.510417
-0.001783 -0.005438 3.510417
-0.001620 -0.005416 3.510417
-0.001457 -0.005398 3.510417
-0.001295 -0.005375 3.510417
-0.001134 -0.005344 3.510417
-0.000972 -0.005314 3.510417
-0.000811 -0.005286 3.510417
-0.000647 -0.005270 3.510417
-0.000485 -0.005250 3.510417
-0.000322 -0.005230 3.510417
-0.000161 -0.005200 3.510417
0.000000 -0.005166 3.510417
0.000161 -0.005200 3.510417
0.000322 -0.005230 3.510417
0.000485 -0.005250 3.510417
0.000647 -0.005270 3.510417
0.000811 -0.005286 3.510417
0.000972 -0.005314 3.510417
0.001134 -0.005344 3.510417
0.001295 -0.005375 3.510417
0.001457 -0.005398 3.510417
0.001620 -0.005416 3.510417
0.001783 -0.005438 3.510417
0.001944 -0.005468 3.510417
0.002106 -0.005497 3.510417
0.002268 -0.005520 3.510417
0.002431 -0.005540 3.510417
0.002593 -0.005566 3.510417
0.002755 -0.005593 3.510417
0.002917 -0.005618 3.510417
0.003079 -0.005642 3.510417
0.003240 -0.005612 3.510417
0.003347 -0.005488 3.510417
0.003407 -0.005335 3.510417
0.003467 -0.005182 3.510417
0.003524 -0.005028 3.510417
0.003583 -0.004875 3.510417
0.003646 -0.004724 3.510417
0.003708 -0.004572 3.510417
0.003763 -0.004418 3.510417
0.003818 -0.004263 3.510417
0.003881 -0.004111 3.510417
0.003946 -0.003961 3.510417
0.004008 -0.003809 3.510417
0.004061 -0.003654 3.510417
0.004115 -0.003499 3.510417
0.004172 -0.003345 3.510417
0.004240 -0.003196 3.510417
0.004304 -0.003045 3.510417
0.004369 -0.002894 3.510417
0.004423 -0.002739 3.510417
0.004474 -0.002583 3.510417
0.004583 -0.002461 3.510417
0.004691 -0.002337 3.510417
0.004789 -0.002205 3.510417
0.004888 -0.002074 3.510417
0.004983 -0.001941 3.510417
0.005088 -0.001815 3.510417
0.005195 -0.001690 3.510417
0.005302 -0.001566 3.510417
0.005403 -0.001437 3.510417
0.005501 -0.001305 3.510417
0.005601 -0.001175 3.510417
0.005707 -0.001050 3.510417
0.005813 -0.000925 3.510417
0.005914 -0.000796 3.510417
0.006014 -0.000665 3.510417
0.006117 -0.000537 3.510417
0.006221 -0.000411 3.510417
0.006324 -0.000283 3.510417
0.006426 -0.000155 3.510417
0.006481 -0.000000 3.510417

