0.008008 -0.000010 10.598958
0.007854 0.000129 10.598958
0.007704 0.000272 10.598958
0.007560 0.000421 10.598958
0.007409 0.000563 10.598958
0.007272 0.000719 10.598958
0.007126 0.000867 10.598958
0.006990 0.001023 10.598958
0.006835 0.001161 10.598958
0.006706 0.001323 10.598958
0.006547 0.001456 10.598958
0.006428 0.001626 10.598958
0.006278 0.001769 10.598958
0.006141 0.001925 10.598958
0.005995 0.002072 10.598958
0.005868 0.002236 10.598958
0.005736 0.002396 10.598958
0.005608 0.002559 10.598958
0.005500 0.002737 10.598958
0.005373 0.002901 10.598958
0.005287 0.003089 10.598958
0.005226 0.003287 10.598958
0.005133 0.003473 10.598958
0.005077 0.003672 10.598958
0.005003 0.003866 10.598958
0.004948 0.004066 10.598958
0.004886 0.004264 10.598958
0.004815 0.004459 10.598958
0.004774 0.004662 10.598958
0.004712 0.004860 10.598958
0.004664 0.005062 10.598958
0.004589 0.005255 10.598958
0.004542 0.005457 10.598958
0.004463 0.005649 10.598958
0.004416 0.005851 10.598958
0.004339 0.006043 10.598958
0.004283 0.006243 10.598958
0.004209 0.006437 10.598958
0.004141 0.006633 10.598958
0.004060 0.006824 10.598958
0.003887 0.006939 10.598958
0.003695 0.006862 10.598958
0.003496 0.006804 10.598958
0.003298 0.006741 10.598958
0.003097 0.006690 10.598958
0.002898 0.006633 10.598958
0.002695 0.006589 10.598958
0.002495 0.006535 10.598958
0.002292 0.006490 10.598958
0.002088 0.006452 10.598958
0.001889 0.006394 10.598958
0.001686 0.006353 10.598958
0.001483 0.006309 10.598958
0.001287 0.006374 10.598958
0.001138 0.006519 10.598958
0.000972 0.006394 10.598958
0.000775 0.006330 10.598958
0.000577 0.006269 10.598958
0.000377 0.006215 10.598958
0.000174 0.006173 10.598958
-0.000029 0.006129 10.598958
-0.000234 0.006161 10.598958
-0.000432 0.006222 10.598958
-0.000633 0.006274 10.598958
-0.000831 0.006336 10.598958
-0.001001 0.006455 10.598958
-0.001147 0.006308 10.598958
-0.001352 0.006275 10.598958
-0.001552 0.006332 10.598958
-0.001759 0.006347 10.598958
-0.001957 0.006407 10.598958
-0.002161 0.006444 10.598958
-0.002362 0.006496 10.598958
-0.002560 0.006557 10.598958
-0.002764 0.006595 10.598958
-0.002964 0.006649 10.598958
-0.003169 0.006685 10.598958
-0.003366 0.006748 10.598958
-0.003567 0.006802 10.598958
-0.003763 0.006869 10.598958
-0.003952 0.006955 10.598958
-0.004134 0.006855 10.598958
-0.004220 0.006667 10.598958
-0.004293 0.006473 10.598958
-0.004369 0.006280 10.598958
-0.004430 0.006082 10.598958
-0.004507 0.005889 10.598958
-0.004553 0.005687 10.598958
-0.004635 0.005496 10.598958
-0.004674 0.005293 10.598958
-0.004755 0.005101 10.598958
-0.004792 0.004897 10.598958
-0.004861 0.004702 10.598958
-0.004902 0.004499 10.598958
-0.004979 0.004306 10.598958
-0.005017 0.004102 10.598958
-0.005080 0.003905 10.598958
-0.005137 0.003705 10.598958
-0.005197 0.003507 10.598958
-0.005276 0.003315 10.598958
-0.005315 0.003111 10.598958
-0.005418 0.002931 10.598958
-0.005563 0.002783 10.598958
-0.005693 0.002622 10.598958
-0.005825 0.002461 10.598958
-0.005980 0.002324 10.598958
-0.006109 0.002161 10.598958
-0.006258 0.002017 10.598958
-0.006387 0.001855 10.598958
-0.006551 0.001728 10.598958
-0.006679 0.001564 10.598958
-0.006834 0.001427 10.598958
-0.006962 0.001264 10.598958
-0.007114 0.001122 10.598958
-0.007245 0.000962 10.598958
-0.007395 0.000818 10.598958
-0.007531 0.000661 10.598958
-0.007684 0.000522 10.598958
-0.007831 0.000375 10.598958
-0.007979 0.000231 10.598958
-0.008025 0.000028 10.598958
-0.007891 -0.000130 10.598958
-0.007767 -0.000296 10.598958
-0.007633 -0.000454 10.598958
-0.007508 -0.000620 10.598958
-0.007365 -0.000770 10.598958
-0.007230 -0.000927 10.598958
-0.007073 -0.001064 10.598958
-0.006942 -0.001224 10.598958
-0.006796 -0.001371 10.598958
-0.006672 -0.001538 10.598958
-0.006515 -0.001673 10.598958
-0.006376 -0.001827 10.598958
-0.006220 -0.001964 10.598958
-0.006089 -0.002124 10.598958
-0.005925 -0.002251 10.598958
-0.005794 -0.002412 10.598958
-0.005650 -0.002561 10.598958
-0.005535 -0.002734 10.598958
-0.005413 -0.002902 10.598958
-0.005342 -0.003097 10.598958
-0.005291 -0.003298 10.598958
-0.005205 -0.003486 10.598958
-0.005165 -0.003690 10.598958
-0.005081 -0.003880 10.598958
-0.005053 -0.004085 10.598958
-0.004976 -0.004278 10.598958
-0.004927 -0.004479 10.598958
-0.004855 -0.004674 10.598958
-0.004818 -0.004878 10.598958
-0.004747 -0.005073 10.598958
-0.004699 -0.005275 10.598958
-0.004625 -0.005468 10.598958
-0.004574 -0.005669 10.598958
-0.004501 -0.005863 10.598958
-0.004455 -0.006066 10.598958
-0.004384 -0.006260 10.598958
-0.004341 -0.006463 10.598958
-0.004278 -0.006661 10.598958
-0.004223 -0.006861 10.598958
-0.004055 -0.006983 10.598958
-0.003854 -0.006933 10.598958
-0.003651 -0.006889 10.598958
-0.003448 -0.006847 10.598958
-0.003247 -0.006797 10.598958
-0.003042 -0.006765 10.598958
-0.002840 -0.006717 10.598958
-0.002637 -0.006675 10.598958
-0.002440 -0.006609 10.598958
-0.002238 -0.006565 10.598958
-0.002038 -0.006509 10.598958
-0.001832 -0.006483 10.598958
-0.001629 -0.006441 10.598958
-0.001426 -0.006400 10.598958
-0.001223 -0.006358 10.598958
-0.001021 -0.006310 10.598958
-0.000819 -0.006264 10.598958
-0.000620 -0.006204 10.598958
-0.000418 -0.006156 10.598958
-0.000212 -0.006140 10.598958
-0.000012 -0.006197 10.598958
0.000191 -0.006236 10.598958
0.000397 -0.006265 10.598958
0.000594 -0.006330 10.598958
0.000799 -0.006361 10.598958
0.000993 -0.006433 10.598958
0.001196 -0.006476 10.598958
0.001399 -0.006519 10.598958
0.001600 -0.006571 10.598958
0.001802 -0.006618 10.598958
0.002002 -0.006672 10.598958
0.002206 -0.006709 10.598958
0.002406 -0.006766 10.598958
0.002610 -0.006798 10.598958
0.002810 -0.006853 10.598958
0.003014 -0.006892 10.598958
0.003216 -0.006941 10.598958
0.003418 -0.006986 10.598958
0.003620 -0.007032 10.598958
0.003825 -0.007068 10.598958
0.004010 -0.006974 10.598958
0.004055 -0.006772 10.598958
0.004106 -0.006571 10.598958
0.004170 -0.006374 10.598958
0.004217 -0.006172 10.598958
0.004289 -0.005977 10.598958
0.004339 -0.005776 10.598958
0.004415 -0.005583 10.598958
0.004445 -0.005378 10.598958
0.004519 -0.005184 10.598958
0.004560 -0.004981 10.598958
0.004631 -0.004786 10.598958
0.004694 -0.004588 10.598958
0.004768 -0.004395 10.598958
0.004847 -0.004203 10.598958
0.004887 -0.003999 10.598958
0.004980 -0.003814 10.598958
0.005146 -0.003690 10.598958
0.005193 -0.003488 10.598958
0.005225 -0.003283 10.598958
0.005315 -0.003096 10.598958
0.005466 -0.002954 10.598958
0.005593 -0.002790 10.598958
0.005736 -0.002640 10.598958
0.005874 -0.002485 10.598958
0.006016 -0.002334 10.598958
0.006173 -0.002198 10.598958
0.006303 -0.002037 10.598958
0.006454 -0.001895 10.598958
0.006589 -0.001737 10.598958
0.006747 -0.001603 10.598958
0.006873 -0.001438 10.598958
0.007031 -0.001303 10.598958
0.007155 -0.001137 10.598958
0.007308 -0.000998 10.598958
0.007436 -0.000835 10.598958
0.007583 -0.000688 10.598958
0.007716 -0.000529 10.598958
0.007859 -0.000379 10.598958
0.007988 -0.000216 10.598958
0.008008 -0.000010 10.598958

