0.006675 -0.000000 4.451389
0.006619 0.000159 4.451389
0.006514 0.000291 4.451389
0.006408 0.000423 4.451389
0.006301 0.000554 4.451389
0.006194 0.000685 4.451389
0.006091 0.000819 4.451389
0.005987 0.000952 4.451389
0.005880 0.001083 4.451389
0.005769 0.001211 4.451389
0.005668 0.001346 4.451389
0.005564 0.001479 4.451389
0.005461 0.001613 4.451389
0.005350 0.001740 4.451389
0.005241 0.001869 4.451389
0.005139 0.002004 4.451389
0.005037 0.002139 4.451389
0.004935 0.002274 4.451389
0.004824 0.002401 4.451389
0.004713 0.002528 4.451389
0.004608 0.002660 4.451389
0.004546 0.002818 4.451389
0.004492 0.002978 4.451389
0.004437 0.003137 4.451389
0.004371 0.003293 4.451389
0.004305 0.003449 4.451389
0.004240 0.003604 4.451389
0.004182 0.003763 4.451389
0.004127 0.003923 4.451389
0.004063 0.004079 4.451389
0.003999 0.004236 4.451389
0.003933 0.004391 4.451389
0.003878 0.004551 4.451389
0.003818 0.004709 4.451389
0.003755 0.004866 4.451389
0.003690 0.005022 4.451389
0.003630 0.005180 4.451389
0.003571 0.005338 4.451389
0.003509 0.005495 4.451389
0.003447 0.005652 4.451389
0.003338 0.005781 4.451389
0.003171 0.005812 4.451389
0.003004 0.005787 4.451389
0.002837 0.005761 4.451389
0.002671 0.005734 4.451389
0.002504 0.005707 4.451389
0.002336 0.005685 4.451389
0.002169 0.005660 4.451389
0.002002 0.005633 4.451389
0.001836 0.005602 4.451389
0.001669 0.005581 4.451389
0.001501 0.005558 4.451389
0.001334 0.005536 4.451389
0.001168 0.005503 4.451389
0.001002 0.005474 4.451389
0.000834 0.005453 4.451389
0.000666 0.005432 4.451389
0.000499 0.005411 4.451389
0.000333 0.005379 4.451389
0.000167 0.005346 4.451389
-0.000000 0.005321 4.451389
-0.000167 0.005346 4.451389
-0.000333 0.005379 4.451389
-0.000499 0.005411 4.451389
-0.000666 0.005432 4.451389
-0.000834 0.005453 4.451389
-0.001002 0.005474 4.451389
-0.001168 0.005503 4.451389
-0.001334 0.005536 4.451389
-0.001501 0.005558 4.451389
-0.001669 0.005581 4.451389
-0.001836 0.005602 4.451389
-0.002002 0.005633 4.451389
-0.002169 0.005660 4.451389
-0.002336 0.005685 4.451389
-0.002504 0.005707 4.451389
-0.002671 0.005734 4.451389
-0.002837 0.005761 4.451389
-0.003004 0.005787 4.451389
-0.003171 0.005812 4.451389
-0.003338 0.005781 4.451389
-0.003447 0.005652 4.451389
-0.003509 0.005495 4.451389
-0.003571 0.005338 4.451389
-0.003630 0.005180 4.451389
-0.003690 0.005022 4.451389
-0.003755 0.004866 4.451389
-0.003818 0.004709 4.451389
-0.003878 0.004551 4.451389
-0.003933 0.004391 4.451389
-0.003999 0.004236 4.451389
-0.004063 0.004079 4.451389
-0.004127 0.003923 4.451389
-0.004182 0.003763 4.451389
-0.004240 0.003604 4.451389
-0.004305 0.003449 4.451389
-0.004371 0.003293 4.451389
-0.004437 0.003137 4.451389
-0.004492 0.002978 4.451389
-0.004546 0.002818 4.451389
-0.004608 0.002660 4.451389
-0.004713 0.002528 4.451389
-0.004824 0.002401 4.451389
-0.004935 0.002274 4.451389
-0.005037 0.002139 4.451389
-0.005139 0.002004 4.451389
-0.005241 0.001869 4.451389
-0.005350 0.001740 4.451389
-0.005461 0.001613 4.451389
-0.005564 0.001479 4.451389
-0.005668 0.001346 4.451389
-0.005769 0.001211 4.451389
-0.005880 0.001083 4.451389
-0.005987 0.000952 4.451389
-0.006091 0.000819 4.451389
-0.006194 0.000685 4.451389
-0.006301 0.000554 4.451389
-0.006408 0.000423 4.451389
-0.006514 0.000292 4.451389
-0.006619 0.000159 4.451389
-0.006675 0.000000 4.451389
-0.006619 -0.000159 4.451389
-0.006514 -0.000291 4.451389
-0.006408 -0.000423 4.451389
-0.006301 -0.000554 4.451389
-0.006194 -0.000685 4.451389
-0.006091 -0.000819 4.451389
-0.005987 -0.000952 4.451389
-0.005880 -0.001083 4.451389
-0.005769 -0.001211 4.451389
-0.005668 -0.001346 4.451389
-0.005564 -0.001479 4.451389
-0.005461 -0.001613 4.451389
-0.005350 -0.001740 4.451389
-0.005241 -0.001869 4.451389
-0.005139 -0.002004 4.451389
-0.005037 -0.002139 4.451389
-0.004935 -0.002274 4.451389
-0.004824 -0.002401 4.451389
-0.004713 -0.002528 4.451389
-0.004608 -0.002660 4.451389
-0.004546 -0.002818 4.451389
-0.004492 -0.002978 4.451389
-0.004437 -0.003137 4.451389
-0.004371 -0.003293 4.451389
-0.004305 -0.003449 4.451389
-0.004240 -0.003604 4.451389
-0.004182 -0.003763 4.451389
-0.004127 -0.003923 4.451389
-0.004063 -0.004079 4.451389
-0.003999 -0.004236 4.451389
-0.003933 -0.004391 4.451389
-0.003878 -0.004551 4.451389
-0.003818 -0.004709 4.451389
-0.003755 -0.004866 4.451389
-0.003690 -0.005022 4.451389
-0.003630 -0.005180 4.451389
-0.003571 -0.005338 4.451389
-0.003509 -0.005495 4.451389
-0.003447 -0.005652 4.451389
-0.003338 -0.005781 4.451389
-0.003171 -0.005812 4.451389
-0.003004 -0.005787 4.451389
-0.002837 -0.005761 4.451389
-0.002671 -0.005734 4.451389
-0.002504 -0.005707 4.451389
-0.002336 -0.005685 4.451389
-0.002169 -0.005660 4.451389
-0.002002 -0.005633 4.451389
-0.001836 -0.005602 4.451389
-0.001669 -0.005581 4.451389
-0.001501 -0.005558 4.451389
-0.001334 -0.005536 4.451389
-0.001168 -0.005503 4.451389
-0.001002 -0.005474 4.451389
-0.000834 -0.005453 4.451389
-0.000666 -0.005432 4.451389
-0.000499 -0.005411 4.451389
-0.000333 -0.005379 4.451389
-0.000167 -0.005346 4.451389
0.000000 -0.005321 4.451389
0.000167 -0.005346 4.451389
0.000333 -0.005379 4.451389
0.000499 -0.005411 4.451389
0.000666 -0.005432 4.451389
0.000834 -0.005453 4.451389
0.001002 -0.005474 4.451389
0.001168 -0.005503 4.451389
0.001334 -0.005536 4.451389
0.001501 -0.005558 4.451389
0.001669 -0.005581 4.451389
0.001836 -0.005602 4.451389
0.002002 -0.005633 4.451389
0.002169 -0.005660 4.451389
0.002336 -0.005685 4.451389
0.002504 -0.005707 4.451389
0.002671 -0.005734 4.451389
0.002837 -0.005761 4.451389
0.003004 -0.005787 4.451389
0.003171 -0.005812 4.451389
0.003338 -0.005781 4.451389
0.003447 -0.005652 4.451389
0.003509 -0.005495 4.451389
0.003571 -0.005338 4.451389
0.003630 -0.005180 4.451389
0.003690 -0.005022 4.451389
0.003755 -0.004866 4.451389
0.003818 -0.004709 4.451389
0.003878 -0.004551 4.451389
0.003933 -0.004391 4.451389
0.003999 -0.004236 4.451389
0.004063 -0.004079 4.451389
0.004127 -0.003923 4.451389
0.004182 -0.003763 4.451389
0.004240 -0.003604 4.451389
0.004305 -0.003449 4.451389
0.004371 -0.003293 4.451389
0.004437 -0.003137 4.451389
0.004492 -0.002978 4.451389
0.004546 -0.002818 4.451389
0.004608 -0.002660 4.451389
0.004713 -0.002528 4.451389
0.004824 -0.002401 4.451389
0.004935 -0.002274 4.451389
0.005037 -0.002139 4.451389
0.005139 -0.002004 4.451389
0.005241 -0.001869 4.451389
0.005350 -0.001740 4.451389
0.005461 -0.001613 4.451389
0.005564 -0.001479 4.451389
0.005668 -0.001346 4.451389
0.005769 -0.001211 4.451389
0.005880 -0.001083 4.451389
0.005987 -0.000952 4.451389
0.006091 -0.000819 4.451389
0.006194 -0.000685 4.451389
0.006301 -0.000554 4.451389
0.006408 -0.000423 4.451389
0.006514 -0.000292 4.451389
0.006619 -0.000159 4.451389
0.006675 -0.000000 4.451389

