0.006448 -0.000000 3.354167
0.006394 0.000154 3.354167
0.006292 0.000282 3.354167
0.006189 0.000408 3.354167
0.006086 0.000535 3.354167
0.005986 0.000664 3.354167
0.005886 0.000793 3.354167
0.005781 0.000919 3.354167
0.005675 0.001043 3.354167
0.005574 0.001171 3.354167
0.005477 0.001303 3.354167
0.005377 0.001432 3.354167
0.005272 0.001556 3.354167
0.005163 0.001678 3.354167
0.005061 0.001805 3.354167
0.004962 0.001936 3.354167
0.004868 0.002069 3.354167
0.004766 0.002197 3.354167
0.004664 0.002324 3.354167
0.004552 0.002444 3.354167
0.004444 0.002566 3.354167
0.004392 0.002721 3.354167
0.004344 0.002877 3.354167
0.004286 0.003029 3.354167
0.004226 0.003181 3.354167
0.004157 0.003329 3.354167
0.004094 0.003480 3.354167
0.004035 0.003632 3.354167
0.003983 0.003787 3.354167
0.003929 0.003941 3.354167
0.003867 0.004092 3.354167
0.003801 0.004242 3.354167
0.003741 0.004394 3.354167
0.003686 0.004548 3.354167
0.003630 0.004701 3.354167
0.003568 0.004852 3.354167
0.003506 0.005003 3.354167
0.003448 0.005156 3.354167
0.003390 0.005308 3.354167
0.003331 0.005461 3.354167
0.003224 0.005584 3.354167
0.003064 0.005615 3.354167
0.002902 0.005590 3.354167
0.002741 0.005564 3.354167
0.002580 0.005538 3.354167
0.002418 0.005516 3.354167
0.002256 0.005494 3.354167
0.002095 0.005466 3.354167
0.001935 0.005437 3.354167
0.001773 0.005413 3.354167
0.001611 0.005395 3.354167
0.001449 0.005373 3.354167
0.001288 0.005343 3.354167
0.001128 0.005311 3.354167
0.000967 0.005285 3.354167
0.000805 0.005265 3.354167
0.000642 0.005251 3.354167
0.000481 0.005226 3.354167
0.000319 0.005201 3.354167
0.000160 0.005164 3.354167
-0.000000 0.005131 3.354167
-0.000160 0.005164 3.354167
-0.000319 0.005201 3.354167
-0.000481 0.005226 3.354167
-0.000642 0.005251 3.354167
-0.000805 0.005265 3.354167
-0.000967 0.005285 3.354167
-0.001128 0.005311 3.354167
-0.001288 0.005343 3.354167
-0.001449 0.005373 3.354167
-0.001611 0.005395 3.354167
-0.001773 0.005413 3.354167
-0.001935 0.005437 3.354167
-0.002095 0.005466 3.354167
-0.002256 0.005494 3.354167
-0.002418 0.005516 3.354167
-0.002580 0.005538 3.354167
-0.002741 0.005564 3.354167
-0.002902 0.005590 3.354167
-0.003064 0.005615 3.354167
-0.003224 0.005584 3.354167
-0.003331 0.005461 3.354167
-0.003390 0.005308 3.354167
-0.003448 0.005156 3.354167
-0.003506 0.005003 3.354167
-0.003568 0.004852 3.354167
-0.003630 0.004701 3.354167
-0.003686 0.004548 3.354167
-0.003741 0.004394 3.354167
-0.003801 0.004242 3.354167
-0.003867 0.004092 3.354167
-0.003929 0.003941 3.354167
-0.003983 0.003787 3.354167
-0.004035 0.003632 3.354167
-0.004094 0.003480 3.354167
-0.004157 0.003329 3.354167
-0.004226 0.003181 3.354167
-0.004286 0.003029 3.354167
-0.004344 0.002877 3.354167
-0.004392 0.002721 3.354167
-0.004444 0.002566 3.354167
-0.004552 0.002444 3.354167
-0.004664 0.002324 3.354167
-0.004766 0.002197 3.354167
-0.004868 0.002069 3.354167
-0.004962 0.001936 3.354167
-0.005061 0.001805 3.354167
-0.005163 0.001678 3.354167
-0.005272 0.001556 3.354167
-0.005377 0.001432 3.354167
-0.005477 0.001303 3.354167
-0.005574 0.001171 3.354167
-0.005675 0.001043 3.354167
-0.005781 0.000919 3.354167
-0.005886 0.000793 3.354167
-0.005986 0.000664 3.354167
-0.006086 0.000535 3.354167
-0.006189 0.000408 3.354167
-0.006292 0.000282 3.354167
-0.006394 0.000154 3.354167
-0.006448 0.000000 3.354167
-0.006394 -0.000154 3.354167
-0.006292 -0.000282 3.354167
-0.006189 -0.000408 3.354167
-0.006086 -0.000535 3.354167
-0.005986 -0.000664 3.354167
-0.005886 -0.000793 3.354167
-0.005781 -0.000919 3.354167
-0.005675 -0.001043 3.354167
-0.005574 -0.001171 3.354167
-0.005477 -0.001303 3.354167
-0.005377 -0.001432 3.354167
-0.005272 -0.001556 3.354167
-0.005163 -0.001678 3.354167
-0.005061 -0.001805 3.354167
-0.004962 -0.001936 3.354167
-0.004868 -0.002069 3.354167
-0.004766 -0.002197 3.354167
-0.004664 -0.002324 3.354167
-0.004552 -0.002444 3.354167
-0.004444 -0.002566 3.354167
-0.004392 -0.002721 3.354167
-0.004344 -0.002877 3.354167
-0.004286 -0.003029 3.354167
-0.004226 -0.003181 3.354167
-0.004157 -0.003329 3.354167
-0.004094 -0.003480 3.354167
-0.004035 -0.003632 3.354167
-0.003983 -0.003787 3.354167
-0.003929 -0.003941 3.354167
-0.003867 -0.004092 3.354167
-0.003801 -0.004242 3.354167
-0.003741 -0.004394 3.354167
-0.003686 -0.004548 3.354167
-0.003630 -0.004701 3.354167
-0.003568 -0.004852 3.354167
-0.003506 -0.005003 3.354167
-0.003448 -0.005156 3.354167
-0.003390 -0.005308 3.354167
-0.003331 -0.005461 3.354167
-0.003224 -0.005584 3.354167
-0.003064 -0.005615 3.354167
-0.002902 -0.005590 3.354167
-0.002741 -0.005564 3.354167
-0.002580 -0.005538 3.354167
-0.002418 -0.005516 3.354167
-0.002256 -0.005494 3.354167
-0.002095 -0.005466 3.354167
-0.001935 -0.005437 3.354167
-0.001773 -0.005413 3.354167
-0.001611 -0.005395 3.354167
-0.001449 -0.005373 3.354167
-0.001288 -0.005343 3.354167
-0.001128 -0.005311 3.354167
-0.000967 -0.005285 3.354167
-0.000805 -0.005265 3.354167
-0.000642 -0.005251 3.354167
-0.000481 -0.005226 3.354167
-0.000319 -0.005201 3.354167
-0.000160 -0.005164 3.354167
0.000000 -0.005131 3.354167
0.000160 -0.005164 3.354167
0.000319 -0.005201 3.354167
0.000481 -0.005226 3.354167
0.000642 -0.005251 3.354167
0.000805 -0.005265 3.354167
0.000967 -0.005285 3.354167
0.001128 -0.005311 3.354167
0.001288 -0.005343 3.354167
0.001449 -0.005373 3.354167
0.001611 -0.005395 3.354167
0.001773 -0.005413 3.354167
0.001935 -0.005437 3.354167
0.002095 -0.005466 3.354167
0.002256 -0.005494 3.354167
0.002418 -0.005516 3.354167
0.002580 -0.005538 3.354167
0.002741 -0.005564 3.354167
0.002902 -0.005590 3.354167
0.003064 -0.005615 3.354167
0.003224 -0.005584 3.354167
0.003331 -0.005461 3.354167
0.003390 -0.005308 3.354167
0.003448 -0.005156 3.354167
0.003506 -0.005003 3.354167
0.003568 -0.004852 3.354167
0.003630 -0.004701 3.354167
0.003686 -0.004548 3.354167
0.003741 -0.004394 3.354167
0.003801 -0.004242 3.354167
0.003867 -0.004092 3.354167
0.003929 -0.003941 3.354167
0.003983 -0.003787 3.354167
0.004035 -0.003632 3.354167
0.004094 -0.003480 3.354167
0.004157 -0.003329 3.354167
0.004226 -0.003181 3.354167
0.004286 -0.003029 3.354167
0.004344 -0.002877 3.354167
0.004392 -0.002721 3.354167
0.004444 -0.002566 3.354167
0.004552 -0.002444 3.354167
0.004664 -0.002324 3.354167
0.004766 -0.002197 3.354167
0.004868 -0.002069 3.354167
0.004962 -0.001936 3.354167
0.005061 -0.001805 3.354167
0.005163 -0.001678 3.354167
0.005272 -0.001556 3.354167
0.005377 -0.001432 3.354167
0.005477 -0.001303 3.354167
0.005574 -0.001171 3.354167
0.005675 -0.001043 3.354167
0.005781 -0.000919 3.354167
0.005886 -0.000793 3.354167
0.005986 -0.000664 3.354167
0.006086 -0.000535 3.354167
0.006189 -0.000408 3.354167
0.006292 -0.000282 3.354167
0.006394 -0.000154 3.354167
0.006448 -0.000000 3.354167

