0.007256 -0.000077 7.274306
0.007135 0.000062 7.274306
0.007016 0.000203 7.274306
0.006896 0.000343 7.274306
0.006777 0.000485 7.274306
0.006661 0.000628 7.274306
0.006557 0.000780 7.274306
0.006457 0.000936 7.274306
0.006354 0.001088 7.274306
0.006255 0.001244 7.274306
0.006155 0.001399 7.274306
0.006050 0.001551 7.274306
0.005941 0.001700 7.274306
0.005828 0.001846 7.274306
0.005715 0.001991 7.274306
0.005611 0.002144 7.274306
0.005489 0.002282 7.274306
0.005377 0.002429 7.274306
0.005256 0.002568 7.274306
0.005154 0.002722 7.274306
0.005029 0.002857 7.274306
0.004951 0.003024 7.274306
0.004894 0.003200 7.274306
0.004811 0.003364 7.274306
0.004757 0.003541 7.274306
0.004688 0.003712 7.274306
0.004618 0.003883 7.274306
0.004543 0.004051 7.274306
0.004478 0.004224 7.274306
0.004407 0.004394 7.274306
0.004336 0.004564 7.274306
0.004261 0.004733 7.274306
0.004185 0.004901 7.274306
0.004117 0.005073 7.274306
0.004046 0.005243 7.274306
0.003975 0.005413 7.274306
0.003914 0.005587 7.274306
0.003855 0.005762 7.274306
0.003804 0.005939 7.274306
0.003755 0.006117 7.274306
0.003611 0.006232 7.274306
0.003431 0.006192 7.274306
0.003250 0.006153 7.274306
0.003068 0.006125 7.274306
0.002884 0.006110 7.274306
0.002700 0.006098 7.274306
0.002516 0.006092 7.274306
0.002331 0.006081 7.274306
0.002148 0.006062 7.274306
0.001964 0.006049 7.274306
0.001780 0.006032 7.274306
0.001597 0.006011 7.274306
0.001414 0.005987 7.274306
0.001232 0.005959 7.274306
0.001048 0.005939 7.274306
0.000865 0.005916 7.274306
0.000683 0.005888 7.274306
0.000503 0.005848 7.274306
0.000319 0.005838 7.274306
0.000139 0.005798 7.274306
-0.000045 0.005783 7.274306
-0.000225 0.005826 7.274306
-0.000409 0.005836 7.274306
-0.000590 0.005872 7.274306
-0.000773 0.005896 7.274306
-0.000954 0.005932 7.274306
-0.001138 0.005946 7.274306
-0.001321 0.005970 7.274306
-0.001504 0.005996 7.274306
-0.001687 0.006015 7.274306
-0.001871 0.006030 7.274306
-0.002055 0.006040 7.274306
-0.002239 0.006048 7.274306
-0.002423 0.006064 7.274306
-0.002607 0.006078 7.274306
-0.002790 0.006100 7.274306
-0.002972 0.006134 7.274306
-0.003154 0.006165 7.274306
-0.003336 0.006193 7.274306
-0.003519 0.006216 7.274306
-0.003701 0.006247 7.274306
-0.003845 0.006132 7.274306
-0.003893 0.005953 7.274306
-0.003942 0.005776 7.274306
-0.003994 0.005599 7.274306
-0.004045 0.005421 7.274306
-0.004103 0.005246 7.274306
-0.004160 0.005071 7.274306
-0.004217 0.004895 7.274306
-0.004285 0.004724 7.274306
-0.004354 0.004553 7.274306
-0.004421 0.004381 7.274306
-0.004489 0.004209 7.274306
-0.004553 0.004036 7.274306
-0.004627 0.003867 7.274306
-0.004698 0.003697 7.274306
-0.004763 0.003524 7.274306
-0.004819 0.003349 7.274306
-0.004903 0.003184 7.274306
-0.004956 0.003007 7.274306
-0.005039 0.002842 7.274306
-0.005167 0.002710 7.274306
-0.005267 0.002555 7.274306
-0.005389 0.002416 7.274306
-0.005503 0.002271 7.274306
-0.005623 0.002131 7.274306
-0.005729 0.001980 7.274306
-0.005843 0.001835 7.274306
-0.005958 0.001691 7.274306
-0.006071 0.001545 7.274306
-0.006182 0.001397 7.274306
-0.006291 0.001249 7.274306
-0.006403 0.001102 7.274306
-0.006522 0.000961 7.274306
-0.006638 0.000818 7.274306
-0.006757 0.000677 7.274306
-0.006882 0.000541 7.274306
-0.007006 0.000404 7.274306
-0.007133 0.000271 7.274306
-0.007261 0.000137 7.274306
-0.007290 -0.000045 7.274306
-0.007165 -0.000181 7.274306
-0.007031 -0.000308 7.274306
-0.006897 -0.000434 7.274306
-0.006769 -0.000568 7.274306
-0.006649 -0.000707 7.274306
-0.006541 -0.000857 7.274306
-0.006437 -0.001009 7.274306
-0.006329 -0.001159 7.274306
-0.006227 -0.001312 7.274306
-0.006122 -0.001464 7.274306
-0.006012 -0.001613 7.274306
-0.005902 -0.001760 7.274306
-0.005785 -0.001903 7.274306
-0.005678 -0.002053 7.274306
-0.005564 -0.002198 7.274306
-0.005452 -0.002345 7.274306
-0.005324 -0.002478 7.274306
-0.005224 -0.002633 7.274306
-0.005101 -0.002771 7.274306
-0.004994 -0.002921 7.274306
-0.004939 -0.003097 7.274306
-0.004856 -0.003262 7.274306
-0.004798 -0.003437 7.274306
-0.004726 -0.003607 7.274306
-0.004670 -0.003783 7.274306
-0.004591 -0.003949 7.274306
-0.004525 -0.004122 7.274306
-0.004459 -0.004294 7.274306
-0.004393 -0.004466 7.274306
-0.004327 -0.004638 7.274306
-0.004259 -0.004810 7.274306
-0.004196 -0.004983 7.274306
-0.004141 -0.005160 7.274306
-0.004083 -0.005335 7.274306
-0.004024 -0.005510 7.274306
-0.003971 -0.005686 7.274306
-0.003915 -0.005862 7.274306
-0.003865 -0.006040 7.274306
-0.003816 -0.006218 7.274306
-0.003674 -0.006335 7.274306
-0.003491 -0.006306 7.274306
-0.003309 -0.006275 7.274306
-0.003130 -0.006232 7.274306
-0.002952 -0.006185 7.274306
-0.002774 -0.006135 7.274306
-0.002593 -0.006099 7.274306
-0.002411 -0.006073 7.274306
-0.002228 -0.006049 7.274306
-0.002043 -0.006037 7.274306
-0.001859 -0.006027 7.274306
-0.001675 -0.006012 7.274306
-0.001492 -0.005994 7.274306
-0.001309 -0.005969 7.274306
-0.001126 -0.005947 7.274306
-0.000942 -0.005930 7.274306
-0.000760 -0.005899 7.274306
-0.000578 -0.005870 7.274306
-0.000396 -0.005839 7.274306
-0.000212 -0.005824 7.274306
-0.000032 -0.005787 7.274306
0.000152 -0.005805 7.274306
0.000333 -0.005840 7.274306
0.000517 -0.005855 7.274306
0.000698 -0.005892 7.274306
0.000880 -0.005923 7.274306
0.001063 -0.005945 7.274306
0.001246 -0.005968 7.274306
0.001428 -0.005999 7.274306
0.001610 -0.006028 7.274306
0.001792 -0.006058 7.274306
0.001974 -0.006086 7.274306
0.002156 -0.006116 7.274306
0.002336 -0.006158 7.274306
0.002516 -0.006199 7.274306
0.002696 -0.006238 7.274306
0.002875 -0.006284 7.274306
0.003055 -0.006326 7.274306
0.003234 -0.006370 7.274306
0.003412 -0.006416 7.274306
0.003584 -0.006347 7.274306
0.003644 -0.006173 7.274306
0.003712 -0.006002 7.274306
0.003778 -0.005829 7.274306
0.003841 -0.005656 7.274306
0.003897 -0.005480 7.274306
0.003962 -0.005308 7.274306
0.004036 -0.005138 7.274306
0.004110 -0.004970 7.274306
0.004194 -0.004805 7.274306
0.004279 -0.004641 7.274306
0.004359 -0.004475 7.274306
0.004435 -0.004307 7.274306
0.004507 -0.004137 7.274306
0.004576 -0.003966 7.274306
0.004658 -0.003801 7.274306
0.004715 -0.003626 7.274306
0.004789 -0.003456 7.274306
0.004845 -0.003281 7.274306
0.004932 -0.003118 7.274306
0.004981 -0.002940 7.274306
0.005083 -0.002786 7.274306
0.005211 -0.002653 7.274306
0.005308 -0.002497 7.274306
0.005436 -0.002364 7.274306
0.005549 -0.002218 7.274306
0.005664 -0.002073 7.274306
0.005772 -0.001924 7.274306
0.005890 -0.001782 7.274306
0.006004 -0.001637 7.274306
0.006119 -0.001493 7.274306
0.006233 -0.001348 7.274306
0.006347 -0.001203 7.274306
0.006470 -0.001066 7.274306
0.006594 -0.000929 7.274306
0.006717 -0.000791 7.274306
0.006846 -0.000659 7.274306
0.006973 -0.000525 7.274306
0.007100 -0.000392 7.274306
0.007229 -0.000260 7.274306
0.007256 -0.000077 7.274306

