0.007140 -0.000072 6.817708
0.007028 0.000070 6.817708
0.006911 0.000208 6.817708
0.006804 0.000354 6.817708
0.006703 0.000505 6.817708
0.006607 0.000658 6.817708
0.006511 0.000811 6.817708
0.006408 0.000960 6.817708
0.006309 0.001112 6.817708
0.006206 0.001261 6.817708
0.006094 0.001403 6.817708
0.005984 0.001547 6.817708
0.005874 0.001690 6.817708
0.005764 0.001835 6.817708
0.005654 0.001978 6.817708
0.005536 0.002116 6.817708
0.005421 0.002255 6.817708
0.005317 0.002403 6.817708
0.005200 0.002542 6.817708
0.005091 0.002686 6.817708
0.004968 0.002819 6.817708
0.004891 0.002983 6.817708
0.004838 0.003156 6.817708
0.004769 0.003323 6.817708
0.004698 0.003490 6.817708
0.004629 0.003657 6.817708
0.004570 0.003828 6.817708
0.004504 0.003997 6.817708
0.004434 0.004164 6.817708
0.004365 0.004331 6.817708
0.004296 0.004499 6.817708
0.004232 0.004668 6.817708
0.004162 0.004835 6.817708
0.004086 0.004999 6.817708
0.004017 0.005166 6.817708
0.003946 0.005333 6.817708
0.003874 0.005499 6.817708
0.003805 0.005666 6.817708
0.003737 0.005834 6.817708
0.003682 0.006007 6.817708
0.003548 0.006129 6.817708
0.003368 0.006109 6.817708
0.003188 0.006098 6.817708
0.003007 0.006093 6.817708
0.002826 0.006083 6.817708
0.002645 0.006070 6.817708
0.002465 0.006054 6.817708
0.002285 0.006034 6.817708
0.002105 0.006019 6.817708
0.001925 0.005997 6.817708
0.001746 0.005969 6.817708
0.001567 0.005945 6.817708
0.001387 0.005921 6.817708
0.001208 0.005898 6.817708
0.001029 0.005871 6.817708
0.000851 0.005837 6.817708
0.000672 0.005813 6.817708
0.000492 0.005792 6.817708
0.000312 0.005767 6.817708
0.000136 0.005727 6.817708
-0.000045 0.005712 6.817708
-0.000221 0.005752 6.817708
-0.000401 0.005776 6.817708
-0.000579 0.005806 6.817708
-0.000759 0.005823 6.817708
-0.000938 0.005853 6.817708
-0.001116 0.005886 6.817708
-0.001295 0.005910 6.817708
-0.001475 0.005932 6.817708
-0.001654 0.005956 6.817708
-0.001834 0.005979 6.817708
-0.002013 0.006005 6.817708
-0.002194 0.006019 6.817708
-0.002374 0.006029 6.817708
-0.002555 0.006044 6.817708
-0.002736 0.006052 6.817708
-0.002916 0.006063 6.817708
-0.003097 0.006082 6.817708
-0.003275 0.006109 6.817708
-0.003453 0.006144 6.817708
-0.003633 0.006166 6.817708
-0.003760 0.006037 6.817708
-0.003807 0.005862 6.817708
-0.003861 0.005689 6.817708
-0.003915 0.005516 6.817708
-0.003973 0.005345 6.817708
-0.004034 0.005175 6.817708
-0.004097 0.005005 6.817708
-0.004169 0.004838 6.817708
-0.004236 0.004670 6.817708
-0.004299 0.004501 6.817708
-0.004367 0.004333 6.817708
-0.004435 0.004165 6.817708
-0.004504 0.003998 6.817708
-0.004571 0.003829 6.817708
-0.004630 0.003658 6.817708
-0.004698 0.003491 6.817708
-0.004770 0.003325 6.817708
-0.004837 0.003156 6.817708
-0.004893 0.002984 6.817708
-0.004968 0.002820 6.817708
-0.005090 0.002686 6.817708
-0.005202 0.002543 6.817708
-0.005316 0.002403 6.817708
-0.005422 0.002256 6.817708
-0.005537 0.002116 6.817708
-0.005655 0.001979 6.817708
-0.005765 0.001836 6.817708
-0.005875 0.001691 6.817708
-0.005986 0.001549 6.817708
-0.006098 0.001406 6.817708
-0.006212 0.001265 6.817708
-0.006319 0.001120 6.817708
-0.006425 0.000973 6.817708
-0.006538 0.000831 6.817708
-0.006648 0.000688 6.817708
-0.006762 0.000546 6.817708
-0.006878 0.000408 6.817708
-0.006996 0.000271 6.817708
-0.007120 0.000139 6.817708
-0.007146 -0.000041 6.817708
-0.007015 -0.000166 6.817708
-0.006888 -0.000295 6.817708
-0.006780 -0.000440 6.817708
-0.006677 -0.000589 6.817708
-0.006577 -0.000740 6.817708
-0.006475 -0.000889 6.817708
-0.006368 -0.001036 6.817708
-0.006266 -0.001185 6.817708
-0.006158 -0.001330 6.817708
-0.006044 -0.001471 6.817708
-0.005934 -0.001615 6.817708
-0.005823 -0.001758 6.817708
-0.005714 -0.001902 6.817708
-0.005601 -0.002044 6.817708
-0.005482 -0.002180 6.817708
-0.005372 -0.002324 6.817708
-0.005262 -0.002468 6.817708
-0.005154 -0.002613 6.817708
-0.005029 -0.002744 6.817708
-0.004925 -0.002893 6.817708
-0.004873 -0.003066 6.817708
-0.004802 -0.003232 6.817708
-0.004742 -0.003403 6.817708
-0.004664 -0.003567 6.817708
-0.004603 -0.003737 6.817708
-0.004542 -0.003907 6.817708
-0.004474 -0.004075 6.817708
-0.004404 -0.004242 6.817708
-0.004337 -0.004410 6.817708
-0.004271 -0.004579 6.817708
-0.004209 -0.004749 6.817708
-0.004141 -0.004917 6.817708
-0.004072 -0.005084 6.817708
-0.004014 -0.005256 6.817708
-0.003954 -0.005426 6.817708
-0.003897 -0.005598 6.817708
-0.003841 -0.005770 6.817708
-0.003784 -0.005942 6.817708
-0.003734 -0.006116 6.817708
-0.003601 -0.006239 6.817708
-0.003424 -0.006201 6.817708
-0.003251 -0.006148 6.817708
-0.003075 -0.006105 6.817708
-0.002897 -0.006072 6.817708
-0.002717 -0.006052 6.817708
-0.002537 -0.006039 6.817708
-0.002356 -0.006025 6.817708
-0.002175 -0.006015 6.817708
-0.001995 -0.006001 6.817708
-0.001816 -0.005977 6.817708
-0.001636 -0.005954 6.817708
-0.001457 -0.005930 6.817708
-0.001277 -0.005908 6.817708
-0.001097 -0.005884 6.817708
-0.000920 -0.005850 6.817708
-0.000741 -0.005822 6.817708
-0.000561 -0.005803 6.817708
-0.000382 -0.005776 6.817708
-0.000203 -0.005747 6.817708
-0.000025 -0.005713 6.817708
0.000154 -0.005735 6.817708
0.000332 -0.005769 6.817708
0.000511 -0.005797 6.817708
0.000691 -0.005816 6.817708
0.000870 -0.005842 6.817708
0.001048 -0.005877 6.817708
0.001227 -0.005903 6.817708
0.001407 -0.005927 6.817708
0.001586 -0.005952 6.817708
0.001765 -0.005978 6.817708
0.001943 -0.006010 6.817708
0.002122 -0.006036 6.817708
0.002302 -0.006060 6.817708
0.002480 -0.006094 6.817708
0.002657 -0.006129 6.817708
0.002834 -0.006167 6.817708
0.003010 -0.006210 6.817708
0.003187 -0.006249 6.817708
0.003362 -0.006295 6.817708
0.003536 -0.006246 6.817708
0.003606 -0.006079 6.817708
0.003663 -0.005907 6.817708
0.003722 -0.005736 6.817708
0.003789 -0.005567 6.817708
0.003864 -0.005403 6.817708
0.003946 -0.005242 6.817708
0.004024 -0.005078 6.817708
0.004107 -0.004918 6.817708
0.004187 -0.004755 6.817708
0.004256 -0.004587 6.817708
0.004326 -0.004421 6.817708
0.004395 -0.004253 6.817708
0.004466 -0.004087 6.817708
0.004536 -0.003920 6.817708
0.004597 -0.003749 6.817708
0.004658 -0.003579 6.817708
0.004736 -0.003415 6.817708
0.004796 -0.003245 6.817708
0.004868 -0.003079 6.817708
0.004918 -0.002905 6.817708
0.005019 -0.002754 6.817708
0.005145 -0.002624 6.817708
0.005254 -0.002479 6.817708
0.005363 -0.002335 6.817708
0.005473 -0.002191 6.817708
0.005592 -0.002055 6.817708
0.005705 -0.001913 6.817708
0.005815 -0.001770 6.817708
0.005926 -0.001627 6.817708
0.006038 -0.001484 6.817708
0.006153 -0.001345 6.817708
0.006265 -0.001202 6.817708
0.006373 -0.001057 6.817708
0.006488 -0.000917 6.817708
0.006605 -0.000779 6.817708
0.006724 -0.000642 6.817708
0.006847 -0.000509 6.817708
0.006970 -0.000376 6.817708
0.007097 -0.000248 6.817708
0.007140 -0.000072 6.817708

