0.007130 -0.000070 6.776042
0.007018 0.000071 6.776042
0.006902 0.000210 6.776042
0.006797 0.000357 6.776042
0.006699 0.000509 6.776042
0.006603 0.000662 6.776042
0.006506 0.000814 6.776042
0.006403 0.000963 6.776042
0.006304 0.001114 6.776042
0.006199 0.001261 6.776042
0.006087 0.001403 6.776042
0.005977 0.001547 6.776042
0.005867 0.001690 6.776042
0.005758 0.001834 6.776042
0.005646 0.001976 6.776042
0.005529 0.002113 6.776042
0.005415 0.002254 6.776042
0.005311 0.002402 6.776042
0.005194 0.002539 6.776042
0.005084 0.002683 6.776042
0.004962 0.002816 6.776042
0.004885 0.002980 6.776042
0.004831 0.003152 6.776042
0.004764 0.003320 6.776042
0.004693 0.003486 6.776042
0.004623 0.003653 6.776042
0.004564 0.003824 6.776042
0.004499 0.003992 6.776042
0.004430 0.004159 6.776042
0.004361 0.004326 6.776042
0.004292 0.004493 6.776042
0.004228 0.004662 6.776042
0.004159 0.004829 6.776042
0.004083 0.004994 6.776042
0.004014 0.005160 6.776042
0.003943 0.005327 6.776042
0.003871 0.005492 6.776042
0.003801 0.005659 6.776042
0.003733 0.005826 6.776042
0.003676 0.005998 6.776042
0.003544 0.006122 6.776042
0.003364 0.006106 6.776042
0.003183 0.006096 6.776042
0.003003 0.006091 6.776042
0.002822 0.006080 6.776042
0.002642 0.006067 6.776042
0.002462 0.006049 6.776042
0.002283 0.006029 6.776042
0.002102 0.006014 6.776042
0.001923 0.005991 6.776042
0.001745 0.005963 6.776042
0.001566 0.005939 6.776042
0.001386 0.005915 6.776042
0.001207 0.005892 6.776042
0.001029 0.005864 6.776042
0.000851 0.005830 6.776042
0.000672 0.005807 6.776042
0.000492 0.005786 6.776042
0.000314 0.005759 6.776042
0.000137 0.005721 6.776042
-0.000043 0.005705 6.776042
-0.000220 0.005744 6.776042
-0.000399 0.005769 6.776042
-0.000577 0.005800 6.776042
-0.000757 0.005817 6.776042
-0.000935 0.005845 6.776042
-0.001113 0.005878 6.776042
-0.001292 0.005904 6.776042
-0.001471 0.005926 6.776042
-0.001650 0.005950 6.776042
-0.001829 0.005973 6.776042
-0.002008 0.005999 6.776042
-0.002188 0.006016 6.776042
-0.002369 0.006026 6.776042
-0.002549 0.006041 6.776042
-0.002729 0.006050 6.776042
-0.002910 0.006059 6.776042
-0.003090 0.006076 6.776042
-0.003269 0.006101 6.776042
-0.003446 0.006136 6.776042
-0.003625 0.006159 6.776042
-0.003752 0.006030 6.776042
-0.003799 0.005855 6.776042
-0.003853 0.005683 6.776042
-0.003907 0.005511 6.776042
-0.003966 0.005340 6.776042
-0.004028 0.005170 6.776042
-0.004092 0.005001 6.776042
-0.004164 0.004835 6.776042
-0.004230 0.004667 6.776042
-0.004293 0.004497 6.776042
-0.004361 0.004330 6.776042
-0.004429 0.004163 6.776042
-0.004499 0.003996 6.776042
-0.004564 0.003827 6.776042
-0.004623 0.003656 6.776042
-0.004692 0.003490 6.776042
-0.004764 0.003324 6.776042
-0.004829 0.003155 6.776042
-0.004886 0.002984 6.776042
-0.004961 0.002819 6.776042
-0.005081 0.002684 6.776042
-0.005194 0.002543 6.776042
-0.005309 0.002404 6.776042
-0.005414 0.002257 6.776042
-0.005527 0.002116 6.776042
-0.005645 0.001979 6.776042
-0.005757 0.001837 6.776042
-0.005867 0.001693 6.776042
-0.005977 0.001550 6.776042
-0.006088 0.001408 6.776042
-0.006202 0.001267 6.776042
-0.006311 0.001123 6.776042
-0.006416 0.000976 6.776042
-0.006528 0.000834 6.776042
-0.006638 0.000691 6.776042
-0.006750 0.000549 6.776042
-0.006866 0.000410 6.776042
-0.006983 0.000272 6.776042
-0.007106 0.000140 6.776042
-0.007132 -0.000039 6.776042
-0.007002 -0.000164 6.776042
-0.006878 -0.000296 6.776042
-0.006773 -0.000443 6.776042
-0.006672 -0.000593 6.776042
-0.006572 -0.000743 6.776042
-0.006469 -0.000892 6.776042
-0.006362 -0.001038 6.776042
-0.006260 -0.001187 6.776042
-0.006150 -0.001330 6.776042
-0.006037 -0.001471 6.776042
-0.005927 -0.001614 6.776042
-0.005817 -0.001758 6.776042
-0.005707 -0.001901 6.776042
-0.005593 -0.002042 6.776042
-0.005475 -0.002178 6.776042
-0.005366 -0.002323 6.776042
-0.005256 -0.002466 6.776042
-0.005147 -0.002610 6.776042
-0.005022 -0.002741 6.776042
-0.004919 -0.002890 6.776042
-0.004866 -0.003062 6.776042
-0.004796 -0.003229 6.776042
-0.004737 -0.003400 6.776042
-0.004660 -0.003563 6.776042
-0.004596 -0.003732 6.776042
-0.004536 -0.003903 6.776042
-0.004469 -0.004071 6.776042
-0.004400 -0.004238 6.776042
-0.004332 -0.004405 6.776042
-0.004266 -0.004573 6.776042
-0.004204 -0.004743 6.776042
-0.004137 -0.004911 6.776042
-0.004067 -0.005078 6.776042
-0.004007 -0.005248 6.776042
-0.003948 -0.005419 6.776042
-0.003890 -0.005590 6.776042
-0.003834 -0.005762 6.776042
-0.003777 -0.005933 6.776042
-0.003727 -0.006107 6.776042
-0.003593 -0.006229 6.776042
-0.003417 -0.006188 6.776042
-0.003244 -0.006135 6.776042
-0.003068 -0.006095 6.776042
-0.002890 -0.006065 6.776042
-0.002710 -0.006048 6.776042
-0.002530 -0.006036 6.776042
-0.002350 -0.006021 6.776042
-0.002169 -0.006012 6.776042
-0.001989 -0.005996 6.776042
-0.001810 -0.005970 6.776042
-0.001631 -0.005947 6.776042
-0.001452 -0.005924 6.776042
-0.001272 -0.005902 6.776042
-0.001094 -0.005876 6.776042
-0.000916 -0.005842 6.776042
-0.000737 -0.005816 6.776042
-0.000557 -0.005797 6.776042
-0.000379 -0.005768 6.776042
-0.000201 -0.005739 6.776042
-0.000023 -0.005706 6.776042
0.000156 -0.005728 6.776042
0.000334 -0.005762 6.776042
0.000512 -0.005791 6.776042
0.000692 -0.005810 6.776042
0.000871 -0.005835 6.776042
0.001048 -0.005869 6.776042
0.001227 -0.005897 6.776042
0.001406 -0.005921 6.776042
0.001585 -0.005946 6.776042
0.001764 -0.005971 6.776042
0.001942 -0.006002 6.776042
0.002121 -0.006030 6.776042
0.002300 -0.006052 6.776042
0.002478 -0.006085 6.776042
0.002655 -0.006119 6.776042
0.002832 -0.006157 6.776042
0.003008 -0.006199 6.776042
0.003184 -0.006239 6.776042
0.003359 -0.006284 6.776042
0.003534 -0.006236 6.776042
0.003602 -0.006069 6.776042
0.003657 -0.005897 6.776042
0.003718 -0.005727 6.776042
0.003787 -0.005559 6.776042
0.003864 -0.005396 6.776042
0.003946 -0.005235 6.776042
0.004025 -0.005072 6.776042
0.004107 -0.004912 6.776042
0.004185 -0.004748 6.776042
0.004253 -0.004581 6.776042
0.004323 -0.004414 6.776042
0.004392 -0.004247 6.776042
0.004463 -0.004081 6.776042
0.004531 -0.003913 6.776042
0.004591 -0.003743 6.776042
0.004655 -0.003574 6.776042
0.004732 -0.003410 6.776042
0.004791 -0.003240 6.776042
0.004862 -0.003074 6.776042
0.004913 -0.002900 6.776042
0.005014 -0.002750 6.776042
0.005138 -0.002619 6.776042
0.005249 -0.002476 6.776042
0.005359 -0.002333 6.776042
0.005467 -0.002188 6.776042
0.005585 -0.002051 6.776042
0.005699 -0.001911 6.776042
0.005810 -0.001768 6.776042
0.005920 -0.001625 6.776042
0.006031 -0.001482 6.776042
0.006146 -0.001343 6.776042
0.006259 -0.001201 6.776042
0.006366 -0.001056 6.776042
0.006480 -0.000916 6.776042
0.006596 -0.000777 6.776042
0.006714 -0.000640 6.776042
0.006836 -0.000507 6.776042
0.006958 -0.000374 6.776042
0.007086 -0.000246 6.776042
0.007130 -0.000070 6.776042

