0.007750 -0.000072 9.281250
0.007614 0.000073 9.281250
0.007476 0.000216 9.281250
0.007340 0.000361 9.281250
0.007205 0.000507 9.281250
0.007068 0.000651 9.281250
0.006926 0.000791 9.281250
0.006797 0.000942 9.281250
0.006662 0.001088 9.281250
0.006535 0.001241 9.281250
0.006398 0.001385 9.281250
0.006272 0.001539 9.281250
0.006127 0.001676 9.281250
0.006031 0.001849 9.281250
0.005901 0.002000 9.281250
0.005800 0.002171 9.281250
0.005680 0.002330 9.281250
0.005573 0.002498 9.281250
0.005447 0.002651 9.281250
0.005339 0.002819 9.281250
0.005223 0.002980 9.281250
0.005145 0.003163 9.281250
0.005070 0.003347 9.281250
0.004986 0.003527 9.281250
0.004921 0.003715 9.281250
0.004830 0.003892 9.281250
0.004766 0.004080 9.281250
0.004692 0.004265 9.281250
0.004641 0.004457 9.281250
0.004561 0.004639 9.281250
0.004521 0.004834 9.281250
0.004454 0.005021 9.281250
0.004413 0.005216 9.281250
0.004353 0.005406 9.281250
0.004300 0.005597 9.281250
0.004237 0.005786 9.281250
0.004182 0.005977 9.281250
0.004118 0.006165 9.281250
0.004058 0.006355 9.281250
0.004000 0.006545 9.281250
0.003843 0.006667 9.281250
0.003650 0.006619 9.281250
0.003458 0.006567 9.281250
0.003265 0.006518 9.281250
0.003071 0.006476 9.281250
0.002878 0.006428 9.281250
0.002683 0.006388 9.281250
0.002490 0.006340 9.281250
0.002296 0.006298 9.281250
0.002105 0.006243 9.281250
0.001909 0.006205 9.281250
0.001714 0.006167 9.281250
0.001518 0.006135 9.281250
0.001319 0.006138 9.281250
0.001130 0.006200 9.281250
0.000940 0.006141 9.281250
0.000743 0.006119 9.281250
0.000549 0.006073 9.281250
0.000351 0.006059 9.281250
0.000154 0.006028 9.281250
-0.000044 0.006011 9.281250
-0.000241 0.006037 9.281250
-0.000440 0.006044 9.281250
-0.000634 0.006085 9.281250
-0.000832 0.006105 9.281250
-0.001024 0.006158 9.281250
-0.001219 0.006117 9.281250
-0.001416 0.006139 9.281250
-0.001611 0.006178 9.281250
-0.001806 0.006216 9.281250
-0.002004 0.006242 9.281250
-0.002198 0.006286 9.281250
-0.002395 0.006308 9.281250
-0.002589 0.006355 9.281250
-0.002784 0.006393 9.281250
-0.002974 0.006450 9.281250
-0.003167 0.006498 9.281250
-0.003362 0.006540 9.281250
-0.003556 0.006584 9.281250
-0.003749 0.006631 9.281250
-0.003942 0.006676 9.281250
-0.004099 0.006554 9.281250
-0.004157 0.006364 9.281250
-0.004219 0.006175 9.281250
-0.004280 0.005986 9.281250
-0.004335 0.005794 9.281250
-0.004396 0.005605 9.281250
-0.004450 0.005414 9.281250
-0.004507 0.005223 9.281250
-0.004553 0.005030 9.281250
-0.004619 0.004842 9.281250
-0.004657 0.004647 9.281250
-0.004733 0.004463 9.281250
-0.004762 0.004267 9.281250
-0.004835 0.004082 9.281250
-0.004885 0.003889 9.281250
-0.004969 0.003709 9.281250
-0.005016 0.003516 9.281250
-0.005101 0.003336 9.281250
-0.005161 0.003146 9.281250
-0.005245 0.002966 9.281250
-0.005375 0.002815 9.281250
-0.005482 0.002648 9.281250
-0.005620 0.002504 9.281250
-0.005731 0.002339 9.281250
-0.005865 0.002192 9.281250
-0.005979 0.002029 9.281250
-0.006131 0.001901 9.281250
-0.006249 0.001741 9.281250
-0.006394 0.001605 9.281250
-0.006520 0.001451 9.281250
-0.006668 0.001318 9.281250
-0.006798 0.001167 9.281250
-0.006941 0.001029 9.281250
-0.007072 0.000879 9.281250
-0.007210 0.000736 9.281250
-0.007345 0.000591 9.281250
-0.007478 0.000442 9.281250
-0.007613 0.000297 9.281250
-0.007753 0.000155 9.281250
-0.007788 -0.000041 9.281250
-0.007658 -0.000191 9.281250
-0.007521 -0.000335 9.281250
-0.007381 -0.000476 9.281250
-0.007244 -0.000621 9.281250
-0.007105 -0.000763 9.281250
-0.006980 -0.000917 9.281250
-0.006844 -0.001062 9.281250
-0.006710 -0.001209 9.281250
-0.006558 -0.001338 9.281250
-0.006424 -0.001485 9.281250
-0.006276 -0.001617 9.281250
-0.006152 -0.001773 9.281250
-0.006005 -0.001907 9.281250
-0.005892 -0.002071 9.281250
-0.005772 -0.002229 9.281250
-0.005672 -0.002401 9.281250
-0.005541 -0.002551 9.281250
-0.005434 -0.002718 9.281250
-0.005304 -0.002869 9.281250
-0.005204 -0.003041 9.281250
-0.005153 -0.003233 9.281250
-0.005065 -0.003412 9.281250
-0.005019 -0.003605 9.281250
-0.004940 -0.003788 9.281250
-0.004883 -0.003978 9.281250
-0.004809 -0.004163 9.281250
-0.004769 -0.004358 9.281250
-0.004700 -0.004544 9.281250
-0.004650 -0.004736 9.281250
-0.004580 -0.004923 9.281250
-0.004540 -0.005117 9.281250
-0.004474 -0.005305 9.281250
-0.004433 -0.005499 9.281250
-0.004367 -0.005687 9.281250
-0.004312 -0.005878 9.281250
-0.004252 -0.006068 9.281250
-0.004191 -0.006257 9.281250
-0.004132 -0.006447 9.281250
-0.004079 -0.006639 9.281250
-0.003925 -0.006765 9.281250
-0.003731 -0.006725 9.281250
-0.003536 -0.006682 9.281250
-0.003342 -0.006640 9.281250
-0.003149 -0.006594 9.281250
-0.002958 -0.006538 9.281250
-0.002766 -0.006485 9.281250
-0.002570 -0.006450 9.281250
-0.002375 -0.006414 9.281250
-0.002178 -0.006385 9.281250
-0.001986 -0.006335 9.281250
-0.001791 -0.006295 9.281250
-0.001600 -0.006239 9.281250
-0.001404 -0.006205 9.281250
-0.001214 -0.006146 9.281250
-0.001018 -0.006112 9.281250
-0.000821 -0.006084 9.281250
-0.000623 -0.006068 9.281250
-0.000425 -0.006047 9.281250
-0.000228 -0.006024 9.281250
-0.000029 -0.006023 9.281250
0.000165 -0.006069 9.281250
0.000362 -0.006095 9.281250
0.000557 -0.006135 9.281250
0.000751 -0.006177 9.281250
0.000948 -0.006206 9.281250
0.001141 -0.006253 9.281250
0.001335 -0.006296 9.281250
0.001524 -0.006357 9.281250
0.001721 -0.006390 9.281250
0.001911 -0.006447 9.281250
0.002106 -0.006486 9.281250
0.002298 -0.006538 9.281250
0.002491 -0.006585 9.281250
0.002685 -0.006631 9.281250
0.002879 -0.006673 9.281250
0.003072 -0.006720 9.281250
0.003267 -0.006761 9.281250
0.003461 -0.006803 9.281250
0.003654 -0.006850 9.281250
0.003840 -0.006779 9.281250
0.003901 -0.006590 9.281250
0.003956 -0.006399 9.281250
0.004015 -0.006209 9.281250
0.004074 -0.006019 9.281250
0.004130 -0.005828 9.281250
0.004174 -0.005634 9.281250
0.004238 -0.005446 9.281250
0.004290 -0.005254 9.281250
0.004369 -0.005071 9.281250
0.004421 -0.004879 9.281250
0.004507 -0.004700 9.281250
0.004549 -0.004506 9.281250
0.004624 -0.004322 9.281250
0.004680 -0.004131 9.281250
0.004770 -0.003953 9.281250
0.004848 -0.003770 9.281250
0.004962 -0.003608 9.281250
0.005026 -0.003419 9.281250
0.005116 -0.003242 9.281250
0.005188 -0.003057 9.281250
0.005306 -0.002897 9.281250
0.005437 -0.002746 9.281250
0.005552 -0.002584 9.281250
0.005694 -0.002445 9.281250
0.005810 -0.002284 9.281250
0.005949 -0.002142 9.281250
0.006073 -0.001986 9.281250
0.006230 -0.001864 9.281250
0.006350 -0.001705 9.281250
0.006501 -0.001577 9.281250
0.006628 -0.001423 9.281250
0.006775 -0.001289 9.281250
0.006907 -0.001141 9.281250
0.007049 -0.001001 9.281250
0.007180 -0.000852 9.281250
0.007320 -0.000710 9.281250
0.007452 -0.000562 9.281250
0.007585 -0.000413 9.281250
0.007721 -0.000268 9.281250
0.007750 -0.000072 9.281250

