0.007084 -0.000058 6.586806
0.006972 0.000083 6.586806
0.006865 0.000227 6.586806
0.006771 0.000380 6.586806
0.006675 0.000531 6.586806
0.006579 0.000683 6.586806
0.006478 0.000831 6.586806
0.006375 0.000978 6.586806
0.006273 0.001125 6.586806
0.006161 0.001266 6.586806
0.006050 0.001406 6.586806
0.005943 0.001550 6.586806
0.005833 0.001691 6.586806
0.005722 0.001833 6.586806
0.005607 0.001970 6.586806
0.005493 0.002108 6.586806
0.005386 0.002253 6.586806
0.005278 0.002396 6.586806
0.005159 0.002530 6.586806
0.005049 0.002672 6.586806
0.004932 0.002808 6.586806
0.004857 0.002971 6.586806
0.004797 0.003140 6.586806
0.004736 0.003309 6.586806
0.004671 0.003476 6.586806
0.004598 0.003639 6.586806
0.004534 0.003807 6.586806
0.004473 0.003975 6.586806
0.004407 0.004142 6.586806
0.004340 0.004309 6.586806
0.004270 0.004474 6.586806
0.004203 0.004640 6.586806
0.004141 0.004809 6.586806
0.004069 0.004973 6.586806
0.003998 0.005137 6.586806
0.003928 0.005303 6.586806
0.003856 0.005467 6.586806
0.003787 0.005633 6.586806
0.003714 0.005796 6.586806
0.003649 0.005963 6.586806
0.003528 0.006096 6.586806
0.003349 0.006097 6.586806
0.003170 0.006088 6.586806
0.002991 0.006080 6.586806
0.002812 0.006064 6.586806
0.002633 0.006048 6.586806
0.002455 0.006028 6.586806
0.002277 0.006009 6.586806
0.002098 0.005990 6.586806
0.001921 0.005961 6.586806
0.001744 0.005935 6.586806
0.001566 0.005914 6.586806
0.001388 0.005888 6.586806
0.001211 0.005862 6.586806
0.001034 0.005830 6.586806
0.000857 0.005802 6.586806
0.000679 0.005784 6.586806
0.000501 0.005757 6.586806
0.000325 0.005724 6.586806
0.000148 0.005694 6.586806
-0.000030 0.005675 6.586806
-0.000207 0.005707 6.586806
-0.000384 0.005733 6.586806
-0.000560 0.005768 6.586806
-0.000738 0.005791 6.586806
-0.000916 0.005810 6.586806
-0.001093 0.005840 6.586806
-0.001270 0.005871 6.586806
-0.001447 0.005896 6.586806
-0.001625 0.005921 6.586806
-0.001803 0.005942 6.586806
-0.001980 0.005968 6.586806
-0.002158 0.005994 6.586806
-0.002337 0.006009 6.586806
-0.002515 0.006024 6.586806
-0.002694 0.006038 6.586806
-0.002873 0.006046 6.586806
-0.003052 0.006056 6.586806
-0.003231 0.006067 6.586806
-0.003408 0.006096 6.586806
-0.003585 0.006127 6.586806
-0.003713 0.006000 6.586806
-0.003761 0.005828 6.586806
-0.003818 0.005658 6.586806
-0.003875 0.005487 6.586806
-0.003937 0.005319 6.586806
-0.004002 0.005152 6.586806
-0.004070 0.004986 6.586806
-0.004140 0.004821 6.586806
-0.004201 0.004652 6.586806
-0.004267 0.004485 6.586806
-0.004337 0.004320 6.586806
-0.004403 0.004154 6.586806
-0.004469 0.003987 6.586806
-0.004530 0.003818 6.586806
-0.004594 0.003651 6.586806
-0.004667 0.003487 6.586806
-0.004733 0.003320 6.586806
-0.004792 0.003151 6.586806
-0.004855 0.002983 6.586806
-0.004926 0.002818 6.586806
-0.005041 0.002680 6.586806
-0.005152 0.002540 6.586806
-0.005270 0.002405 6.586806
-0.005380 0.002263 6.586806
-0.005486 0.002118 6.586806
-0.005600 0.001980 6.586806
-0.005715 0.001842 6.586806
-0.005826 0.001701 6.586806
-0.005936 0.001560 6.586806
-0.006044 0.001416 6.586806
-0.006156 0.001277 6.586806
-0.006270 0.001138 6.586806
-0.006376 0.000993 6.586806
-0.006483 0.000849 6.586806
-0.006592 0.000707 6.586806
-0.006701 0.000564 6.586806
-0.006813 0.000424 6.586806
-0.006924 0.000283 6.586806
-0.007043 0.000149 6.586806
-0.007073 -0.000028 6.586806
-0.006951 -0.000159 6.586806
-0.006844 -0.000304 6.586806
-0.006749 -0.000456 6.586806
-0.006648 -0.000604 6.586806
-0.006546 -0.000751 6.586806
-0.006441 -0.000897 6.586806
-0.006336 -0.001042 6.586806
-0.006230 -0.001187 6.586806
-0.006116 -0.001325 6.586806
-0.006005 -0.001466 6.586806
-0.005898 -0.001610 6.586806
-0.005787 -0.001751 6.586806
-0.005675 -0.001891 6.586806
-0.005560 -0.002028 6.586806
-0.005447 -0.002168 6.586806
-0.005342 -0.002313 6.586806
-0.005229 -0.002453 6.586806
-0.005114 -0.002591 6.586806
-0.004997 -0.002726 6.586806
-0.004895 -0.002874 6.586806
-0.004837 -0.003043 6.586806
-0.004768 -0.003209 6.586806
-0.004713 -0.003379 6.586806
-0.004642 -0.003544 6.586806
-0.004571 -0.003709 6.586806
-0.004509 -0.003877 6.586806
-0.004447 -0.004046 6.586806
-0.004380 -0.004212 6.586806
-0.004313 -0.004378 6.586806
-0.004244 -0.004544 6.586806
-0.004180 -0.004712 6.586806
-0.004119 -0.004880 6.586806
-0.004049 -0.005045 6.586806
-0.003983 -0.005212 6.586806
-0.003922 -0.005381 6.586806
-0.003862 -0.005550 6.586806
-0.003806 -0.005720 6.586806
-0.003747 -0.005889 6.586806
-0.003694 -0.006061 6.586806
-0.003558 -0.006177 6.586806
-0.003385 -0.006128 6.586806
-0.003212 -0.006082 6.586806
-0.003034 -0.006058 6.586806
-0.002855 -0.006042 6.586806
-0.002676 -0.006032 6.586806
-0.002497 -0.006019 6.586806
-0.002318 -0.006005 6.586806
-0.002140 -0.005991 6.586806
-0.001962 -0.005965 6.586806
-0.001785 -0.005939 6.586806
-0.001607 -0.005919 6.586806
-0.001429 -0.005894 6.586806
-0.001251 -0.005869 6.586806
-0.001075 -0.005838 6.586806
-0.000898 -0.005808 6.586806
-0.000719 -0.005789 6.586806
-0.000542 -0.005765 6.586806
-0.000366 -0.005731 6.586806
-0.000188 -0.005703 6.586806
-0.000011 -0.005676 6.586806
0.000167 -0.005699 6.586806
0.000344 -0.005728 6.586806
0.000520 -0.005761 6.586806
0.000697 -0.005787 6.586806
0.000876 -0.005805 6.586806
0.001053 -0.005834 6.586806
0.001229 -0.005866 6.586806
0.001407 -0.005892 6.586806
0.001584 -0.005918 6.586806
0.001762 -0.005940 6.586806
0.001939 -0.005968 6.586806
0.002116 -0.005999 6.586806
0.002294 -0.006022 6.586806
0.002471 -0.006049 6.586806
0.002648 -0.006079 6.586806
0.002824 -0.006113 6.586806
0.002999 -0.006153 6.586806
0.003174 -0.006191 6.586806
0.003348 -0.006234 6.586806
0.003521 -0.006187 6.586806
0.003581 -0.006018 6.586806
0.003637 -0.005847 6.586806
0.003710 -0.005683 6.586806
0.003787 -0.005521 6.586806
0.003869 -0.005362 6.586806
0.003949 -0.005201 6.586806
0.004027 -0.005040 6.586806
0.004105 -0.004878 6.586806
0.004172 -0.004712 6.586806
0.004239 -0.004545 6.586806
0.004309 -0.004381 6.586806
0.004378 -0.004215 6.586806
0.004445 -0.004048 6.586806
0.004507 -0.003880 6.586806
0.004569 -0.003712 6.586806
0.004640 -0.003547 6.586806
0.004711 -0.003382 6.586806
0.004767 -0.003212 6.586806
0.004836 -0.003046 6.586806
0.004893 -0.002876 6.586806
0.004995 -0.002729 6.586806
0.005112 -0.002593 6.586806
0.005227 -0.002455 6.586806
0.005340 -0.002316 6.586806
0.005445 -0.002171 6.586806
0.005558 -0.002031 6.586806
0.005673 -0.001894 6.586806
0.005785 -0.001754 6.586806
0.005896 -0.001613 6.586806
0.006004 -0.001470 6.586806
0.006115 -0.001329 6.586806
0.006231 -0.001192 6.586806
0.006339 -0.001049 6.586806
0.006448 -0.000906 6.586806
0.006561 -0.000767 6.586806
0.006674 -0.000628 6.586806
0.006793 -0.000494 6.586806
0.006912 -0.000359 6.586806
0.007037 -0.000231 6.586806
0.007084 -0.000058 6.586806

