0.007203 -0.000076 7.074653
0.007087 0.000065 7.074653
0.006969 0.000205 7.074653
0.006851 0.000345 7.074653
0.006739 0.000489 7.074653
0.006633 0.000638 7.074653
0.006537 0.000794 7.074653
0.006437 0.000947 7.074653
0.006335 0.001099 7.074653
0.006237 0.001254 7.074653
0.006133 0.001404 7.074653
0.006024 0.001551 7.074653
0.005912 0.001696 7.074653
0.005800 0.001841 7.074653
0.005692 0.001988 7.074653
0.005581 0.002134 7.074653
0.005458 0.002269 7.074653
0.005350 0.002416 7.074653
0.005233 0.002558 7.074653
0.005129 0.002708 7.074653
0.005003 0.002840 7.074653
0.004926 0.003006 7.074653
0.004873 0.003181 7.074653
0.004792 0.003345 7.074653
0.004728 0.003517 7.074653
0.004665 0.003688 7.074653
0.004601 0.003860 7.074653
0.004527 0.004027 7.074653
0.004458 0.004197 7.074653
0.004390 0.004366 7.074653
0.004322 0.004536 7.074653
0.004252 0.004705 7.074653
0.004174 0.004871 7.074653
0.004103 0.005039 7.074653
0.004034 0.005209 7.074653
0.003960 0.005376 7.074653
0.003893 0.005546 7.074653
0.003829 0.005718 7.074653
0.003772 0.005892 7.074653
0.003723 0.006068 7.074653
0.003582 0.006184 7.074653
0.003402 0.006148 7.074653
0.003222 0.006120 7.074653
0.003039 0.006106 7.074653
0.002856 0.006098 7.074653
0.002674 0.006088 7.074653
0.002491 0.006079 7.074653
0.002309 0.006061 7.074653
0.002127 0.006044 7.074653
0.001944 0.006030 7.074653
0.001763 0.006008 7.074653
0.001582 0.005983 7.074653
0.001400 0.005958 7.074653
0.001219 0.005933 7.074653
0.001037 0.005913 7.074653
0.000857 0.005883 7.074653
0.000677 0.005851 7.074653
0.000496 0.005823 7.074653
0.000313 0.005810 7.074653
0.000136 0.005767 7.074653
-0.000047 0.005753 7.074653
-0.000224 0.005797 7.074653
-0.000407 0.005812 7.074653
-0.000587 0.005841 7.074653
-0.000769 0.005863 7.074653
-0.000948 0.005901 7.074653
-0.001129 0.005924 7.074653
-0.001311 0.005944 7.074653
-0.001493 0.005969 7.074653
-0.001674 0.005992 7.074653
-0.001856 0.006013 7.074653
-0.002038 0.006028 7.074653
-0.002221 0.006036 7.074653
-0.002403 0.006049 7.074653
-0.002586 0.006061 7.074653
-0.002768 0.006073 7.074653
-0.002950 0.006097 7.074653
-0.003130 0.006128 7.074653
-0.003310 0.006160 7.074653
-0.003491 0.006186 7.074653
-0.003673 0.006208 7.074653
-0.003810 0.006086 7.074653
-0.003857 0.005909 7.074653
-0.003908 0.005734 7.074653
-0.003960 0.005558 7.074653
-0.004013 0.005383 7.074653
-0.004073 0.005210 7.074653
-0.004130 0.005037 7.074653
-0.004195 0.004865 7.074653
-0.004266 0.004697 7.074653
-0.004333 0.004527 7.074653
-0.004399 0.004356 7.074653
-0.004466 0.004186 7.074653
-0.004534 0.004016 7.074653
-0.004607 0.003848 7.074653
-0.004671 0.003677 7.074653
-0.004733 0.003505 7.074653
-0.004799 0.003334 7.074653
-0.004878 0.003169 7.074653
-0.004931 0.002994 7.074653
-0.005011 0.002829 7.074653
-0.005138 0.002698 7.074653
-0.005243 0.002548 7.074653
-0.005358 0.002406 7.074653
-0.005469 0.002260 7.074653
-0.005591 0.002124 7.074653
-0.005702 0.001978 7.074653
-0.005810 0.001831 7.074653
-0.005924 0.001688 7.074653
-0.006037 0.001544 7.074653
-0.006150 0.001400 7.074653
-0.006260 0.001254 7.074653
-0.006366 0.001105 7.074653
-0.006480 0.000962 7.074653
-0.006596 0.000820 7.074653
-0.006709 0.000677 7.074653
-0.006830 0.000539 7.074653
-0.006951 0.000402 7.074653
-0.007075 0.000268 7.074653
-0.007201 0.000135 7.074653
-0.007229 -0.000046 7.074653
-0.007101 -0.000176 7.074653
-0.006966 -0.000299 7.074653
-0.006838 -0.000430 7.074653
-0.006721 -0.000571 7.074653
-0.006613 -0.000719 7.074653
-0.006513 -0.000872 7.074653
-0.006407 -0.001021 7.074653
-0.006302 -0.001171 7.074653
-0.006200 -0.001323 7.074653
-0.006091 -0.001470 7.074653
-0.005980 -0.001614 7.074653
-0.005867 -0.001759 7.074653
-0.005754 -0.001903 7.074653
-0.005648 -0.002051 7.074653
-0.005530 -0.002192 7.074653
-0.005415 -0.002334 7.074653
-0.005296 -0.002473 7.074653
-0.005197 -0.002626 7.074653
-0.005071 -0.002759 7.074653
-0.004965 -0.002908 7.074653
-0.004913 -0.003084 7.074653
-0.004835 -0.003249 7.074653
-0.004772 -0.003421 7.074653
-0.004697 -0.003588 7.074653
-0.004644 -0.003763 7.074653
-0.004573 -0.003931 7.074653
-0.004502 -0.004100 7.074653
-0.004435 -0.004270 7.074653
-0.004369 -0.004441 7.074653
-0.004304 -0.004612 7.074653
-0.004238 -0.004783 7.074653
-0.004169 -0.004952 7.074653
-0.004109 -0.005125 7.074653
-0.004053 -0.005299 7.074653
-0.003993 -0.005472 7.074653
-0.003938 -0.005646 7.074653
-0.003883 -0.005821 7.074653
-0.003829 -0.005996 7.074653
-0.003781 -0.006172 7.074653
-0.003645 -0.006294 7.074653
-0.003464 -0.006267 7.074653
-0.003286 -0.006225 7.074653
-0.003109 -0.006177 7.074653
-0.002932 -0.006130 7.074653
-0.002754 -0.006091 7.074653
-0.002572 -0.006067 7.074653
-0.002390 -0.006047 7.074653
-0.002208 -0.006032 7.074653
-0.002025 -0.006025 7.074653
-0.001843 -0.006010 7.074653
-0.001661 -0.005990 7.074653
-0.001480 -0.005967 7.074653
-0.001298 -0.005943 7.074653
-0.001116 -0.005924 7.074653
-0.000935 -0.005899 7.074653
-0.000756 -0.005864 7.074653
-0.000574 -0.005839 7.074653
-0.000393 -0.005814 7.074653
-0.000211 -0.005794 7.074653
-0.000032 -0.005756 7.074653
0.000149 -0.005776 7.074653
0.000329 -0.005811 7.074653
0.000511 -0.005828 7.074653
0.000692 -0.005855 7.074653
0.000872 -0.005890 7.074653
0.001052 -0.005918 7.074653
0.001234 -0.005939 7.074653
0.001415 -0.005966 7.074653
0.001596 -0.005994 7.074653
0.001776 -0.006023 7.074653
0.001957 -0.006053 7.074653
0.002138 -0.006077 7.074653
0.002318 -0.006111 7.074653
0.002497 -0.006151 7.074653
0.002676 -0.006189 7.074653
0.002853 -0.006232 7.074653
0.003031 -0.006275 7.074653
0.003209 -0.006317 7.074653
0.003386 -0.006363 7.074653
0.003559 -0.006302 7.074653
0.003627 -0.006133 7.074653
0.003694 -0.005962 7.074653
0.003755 -0.005790 7.074653
0.003814 -0.005616 7.074653
0.003876 -0.005444 7.074653
0.003951 -0.005277 7.074653
0.004028 -0.005112 7.074653
0.004107 -0.004947 7.074653
0.004193 -0.004785 7.074653
0.004273 -0.004621 7.074653
0.004348 -0.004454 7.074653
0.004419 -0.004285 7.074653
0.004488 -0.004116 7.074653
0.004562 -0.003948 7.074653
0.004635 -0.003781 7.074653
0.004689 -0.003606 7.074653
0.004764 -0.003439 7.074653
0.004825 -0.003267 7.074653
0.004906 -0.003103 7.074653
0.004953 -0.002926 7.074653
0.005055 -0.002773 7.074653
0.005184 -0.002644 7.074653
0.005283 -0.002490 7.074653
0.005401 -0.002350 7.074653
0.005517 -0.002209 7.074653
0.005635 -0.002069 7.074653
0.005742 -0.001921 7.074653
0.005855 -0.001777 7.074653
0.005969 -0.001634 7.074653
0.006084 -0.001491 7.074653
0.006198 -0.001349 7.074653
0.006308 -0.001202 7.074653
0.006424 -0.001061 7.074653
0.006546 -0.000924 7.074653
0.006666 -0.000786 7.074653
0.006790 -0.000652 7.074653
0.006916 -0.000519 7.074653
0.007042 -0.000387 7.074653
0.007170 -0.000256 7.074653
0.007203 -0.000076 7.074653

