0.007105 -0.000065 6.673611
0.006993 0.000076 6.673611
0.006881 0.000217 6.673611
0.006783 0.000368 6.673611
0.006687 0.000520 6.673611
0.006591 0.000673 6.673611
0.006492 0.000823 6.673611
0.006389 0.000970 6.673611
0.006289 0.001120 6.673611
0.006180 0.001263 6.673611
0.006068 0.001404 6.673611
0.005959 0.001547 6.673611
0.005849 0.001690 6.673611
0.005740 0.001833 6.673611
0.005626 0.001972 6.673611
0.005509 0.002109 6.673611
0.005400 0.002252 6.673611
0.005294 0.002398 6.673611
0.005176 0.002534 6.673611
0.005065 0.002676 6.673611
0.004946 0.002810 6.673611
0.004870 0.002974 6.673611
0.004813 0.003144 6.673611
0.004750 0.003313 6.673611
0.004682 0.003480 6.673611
0.004609 0.003644 6.673611
0.004548 0.003813 6.673611
0.004486 0.003982 6.673611
0.004418 0.004149 6.673611
0.004350 0.004316 6.673611
0.004280 0.004482 6.673611
0.004215 0.004649 6.673611
0.004151 0.004817 6.673611
0.004076 0.004981 6.673611
0.004005 0.005147 6.673611
0.003935 0.005313 6.673611
0.003864 0.005478 6.673611
0.003794 0.005644 6.673611
0.003722 0.005809 6.673611
0.003661 0.005978 6.673611
0.003534 0.006106 6.673611
0.003355 0.006100 6.673611
0.003175 0.006092 6.673611
0.002995 0.006086 6.673611
0.002815 0.006072 6.673611
0.002636 0.006057 6.673611
0.002457 0.006038 6.673611
0.002278 0.006019 6.673611
0.002099 0.006002 6.673611
0.001921 0.005975 6.673611
0.001743 0.005947 6.673611
0.001564 0.005925 6.673611
0.001386 0.005901 6.673611
0.001208 0.005876 6.673611
0.001031 0.005846 6.673611
0.000853 0.005814 6.673611
0.000674 0.005795 6.673611
0.000496 0.005771 6.673611
0.000319 0.005740 6.673611
0.000142 0.005706 6.673611
-0.000037 0.005689 6.673611
-0.000214 0.005724 6.673611
-0.000392 0.005750 6.673611
-0.000569 0.005783 6.673611
-0.000748 0.005803 6.673611
-0.000926 0.005825 6.673611
-0.001103 0.005858 6.673611
-0.001281 0.005887 6.673611
-0.001459 0.005911 6.673611
-0.001638 0.005934 6.673611
-0.001816 0.005956 6.673611
-0.001994 0.005983 6.673611
-0.002173 0.006006 6.673611
-0.002353 0.006018 6.673611
-0.002532 0.006032 6.673611
-0.002712 0.006044 6.673611
-0.002891 0.006052 6.673611
-0.003071 0.006063 6.673611
-0.003250 0.006081 6.673611
-0.003427 0.006115 6.673611
-0.003605 0.006142 6.673611
-0.003731 0.006014 6.673611
-0.003778 0.005840 6.673611
-0.003834 0.005669 6.673611
-0.003889 0.005498 6.673611
-0.003950 0.005328 6.673611
-0.004013 0.005160 6.673611
-0.004080 0.004993 6.673611
-0.004151 0.004827 6.673611
-0.004215 0.004659 6.673611
-0.004278 0.004491 6.673611
-0.004348 0.004325 6.673611
-0.004416 0.004158 6.673611
-0.004483 0.003991 6.673611
-0.004545 0.003822 6.673611
-0.004607 0.003653 6.673611
-0.004679 0.003488 6.673611
-0.004748 0.003322 6.673611
-0.004810 0.003153 6.673611
-0.004869 0.002983 6.673611
-0.004942 0.002818 6.673611
-0.005059 0.002682 6.673611
-0.005172 0.002541 6.673611
-0.005289 0.002405 6.673611
-0.005396 0.002260 6.673611
-0.005504 0.002116 6.673611
-0.005621 0.001979 6.673611
-0.005735 0.001840 6.673611
-0.005845 0.001697 6.673611
-0.005955 0.001555 6.673611
-0.006064 0.001412 6.673611
-0.006178 0.001273 6.673611
-0.006290 0.001131 6.673611
-0.006394 0.000985 6.673611
-0.006504 0.000842 6.673611
-0.006613 0.000699 6.673611
-0.006723 0.000557 6.673611
-0.006837 0.000417 6.673611
-0.006951 0.000278 6.673611
-0.007072 0.000145 6.673611
-0.007099 -0.000033 6.673611
-0.006972 -0.000161 6.673611
-0.006857 -0.000299 6.673611
-0.006759 -0.000450 6.673611
-0.006659 -0.000600 6.673611
-0.006558 -0.000749 6.673611
-0.006453 -0.000895 6.673611
-0.006348 -0.001041 6.673611
-0.006244 -0.001188 6.673611
-0.006131 -0.001329 6.673611
-0.006019 -0.001469 6.673611
-0.005911 -0.001613 6.673611
-0.005800 -0.001755 6.673611
-0.005690 -0.001897 6.673611
-0.005574 -0.002035 6.673611
-0.005459 -0.002173 6.673611
-0.005353 -0.002319 6.673611
-0.005242 -0.002460 6.673611
-0.005129 -0.002600 6.673611
-0.005007 -0.002733 6.673611
-0.004905 -0.002882 6.673611
-0.004850 -0.003053 6.673611
-0.004781 -0.003219 6.673611
-0.004724 -0.003390 6.673611
-0.004650 -0.003554 6.673611
-0.004581 -0.003720 6.673611
-0.004521 -0.003890 6.673611
-0.004458 -0.004058 6.673611
-0.004389 -0.004225 6.673611
-0.004322 -0.004392 6.673611
-0.004253 -0.004558 6.673611
-0.004191 -0.004727 6.673611
-0.004127 -0.004895 6.673611
-0.004056 -0.005061 6.673611
-0.003994 -0.005229 6.673611
-0.003933 -0.005399 6.673611
-0.003874 -0.005569 6.673611
-0.003819 -0.005740 6.673611
-0.003760 -0.005910 6.673611
-0.003709 -0.006083 6.673611
-0.003574 -0.006202 6.673611
-0.003400 -0.006156 6.673611
-0.003227 -0.006105 6.673611
-0.003050 -0.006073 6.673611
-0.002872 -0.006051 6.673611
-0.002692 -0.006039 6.673611
-0.002512 -0.006027 6.673611
-0.002333 -0.006013 6.673611
-0.002153 -0.006002 6.673611
-0.001975 -0.005980 6.673611
-0.001797 -0.005953 6.673611
-0.001618 -0.005932 6.673611
-0.001439 -0.005908 6.673611
-0.001261 -0.005885 6.673611
-0.001083 -0.005856 6.673611
-0.000906 -0.005823 6.673611
-0.000728 -0.005801 6.673611
-0.000549 -0.005781 6.673611
-0.000372 -0.005749 6.673611
-0.000194 -0.005719 6.673611
-0.000017 -0.005689 6.673611
0.000162 -0.005712 6.673611
0.000339 -0.005743 6.673611
0.000516 -0.005776 6.673611
0.000695 -0.005798 6.673611
0.000874 -0.005818 6.673611
0.001051 -0.005850 6.673611
0.001228 -0.005881 6.673611
0.001406 -0.005906 6.673611
0.001585 -0.005931 6.673611
0.001763 -0.005954 6.673611
0.001941 -0.005984 6.673611
0.002118 -0.006014 6.673611
0.002297 -0.006036 6.673611
0.002474 -0.006065 6.673611
0.002651 -0.006097 6.673611
0.002828 -0.006133 6.673611
0.003003 -0.006174 6.673611
0.003179 -0.006213 6.673611
0.003353 -0.006257 6.673611
0.003527 -0.006211 6.673611
0.003591 -0.006042 6.673611
0.003645 -0.005871 6.673611
0.003711 -0.005703 6.673611
0.003785 -0.005539 6.673611
0.003866 -0.005379 6.673611
0.003947 -0.005218 6.673611
0.004026 -0.005056 6.673611
0.004107 -0.004895 6.673611
0.004178 -0.004730 6.673611
0.004245 -0.004563 6.673611
0.004315 -0.004397 6.673611
0.004384 -0.004231 6.673611
0.004453 -0.004065 6.673611
0.004518 -0.003897 6.673611
0.004578 -0.003727 6.673611
0.004646 -0.003561 6.673611
0.004721 -0.003397 6.673611
0.004778 -0.003226 6.673611
0.004847 -0.003060 6.673611
0.004902 -0.002888 6.673611
0.005002 -0.002739 6.673611
0.005123 -0.002606 6.673611
0.005237 -0.002466 6.673611
0.005348 -0.002325 6.673611
0.005454 -0.002179 6.673611
0.005570 -0.002041 6.673611
0.005685 -0.001903 6.673611
0.005796 -0.001761 6.673611
0.005907 -0.001619 6.673611
0.006015 -0.001476 6.673611
0.006129 -0.001336 6.673611
0.006243 -0.001197 6.673611
0.006351 -0.001053 6.673611
0.006462 -0.000911 6.673611
0.006576 -0.000772 6.673611
0.006691 -0.000634 6.673611
0.006812 -0.000501 6.673611
0.006932 -0.000367 6.673611
0.007059 -0.000239 6.673611
0.007105 -0.000065 6.673611

