0.007484 -0.000082 8.112847
0.007352 0.000055 8.112847
0.007221 0.000195 8.112847
0.007091 0.000335 8.112847
0.006963 0.000476 8.112847
0.006841 0.000624 8.112847
0.006715 0.000767 8.112847
0.006586 0.000908 8.112847
0.006463 0.001054 8.112847
0.006346 0.001205 8.112847
0.006231 0.001358 8.112847
0.006127 0.001518 8.112847
0.006018 0.001675 8.112847
0.005928 0.001844 8.112847
0.005813 0.001996 8.112847
0.005709 0.002156 8.112847
0.005585 0.002302 8.112847
0.005488 0.002466 8.112847
0.005362 0.002610 8.112847
0.005252 0.002766 8.112847
0.005124 0.002908 8.112847
0.005043 0.003081 8.112847
0.004986 0.003263 8.112847
0.004905 0.003437 8.112847
0.004840 0.003616 8.112847
0.004751 0.003785 8.112847
0.004697 0.003969 8.112847
0.004610 0.004138 8.112847
0.004538 0.004315 8.112847
0.004459 0.004489 8.112847
0.004393 0.004669 8.112847
0.004321 0.004846 8.112847
0.004258 0.005026 8.112847
0.004193 0.005206 8.112847
0.004140 0.005389 8.112847
0.004090 0.005574 8.112847
0.004036 0.005757 8.112847
0.003985 0.005941 8.112847
0.003932 0.006125 8.112847
0.003875 0.006307 8.112847
0.003724 0.006424 8.112847
0.003538 0.006378 8.112847
0.003351 0.006339 8.112847
0.003165 0.006296 8.112847
0.002980 0.006250 8.112847
0.002793 0.006209 8.112847
0.002607 0.006168 8.112847
0.002418 0.006136 8.112847
0.002228 0.006120 8.112847
0.002038 0.006106 8.112847
0.001847 0.006096 8.112847
0.001656 0.006079 8.112847
0.001466 0.006070 8.112847
0.001276 0.006051 8.112847
0.001085 0.006045 8.112847
0.000898 0.006003 8.112847
0.000707 0.005998 8.112847
0.000519 0.005963 8.112847
0.000329 0.005948 8.112847
0.000143 0.005905 8.112847
-0.000048 0.005891 8.112847
-0.000234 0.005933 8.112847
-0.000425 0.005949 8.112847
-0.000612 0.005987 8.112847
-0.000803 0.005987 8.112847
-0.000991 0.006023 8.112847
-0.001181 0.006032 8.112847
-0.001371 0.006053 8.112847
-0.001562 0.006050 8.112847
-0.001752 0.006072 8.112847
-0.001943 0.006087 8.112847
-0.002131 0.006115 8.112847
-0.002320 0.006146 8.112847
-0.002508 0.006178 8.112847
-0.002696 0.006214 8.112847
-0.002885 0.006242 8.112847
-0.003074 0.006267 8.112847
-0.003261 0.006308 8.112847
-0.003447 0.006352 8.112847
-0.003633 0.006397 8.112847
-0.003818 0.006444 8.112847
-0.003968 0.006325 8.112847
-0.004024 0.006142 8.112847
-0.004075 0.005958 8.112847
-0.004128 0.005774 8.112847
-0.004181 0.005591 8.112847
-0.004229 0.005406 8.112847
-0.004282 0.005223 8.112847
-0.004340 0.005040 8.112847
-0.004392 0.004857 8.112847
-0.004450 0.004675 8.112847
-0.004506 0.004492 8.112847
-0.004573 0.004313 8.112847
-0.004638 0.004133 8.112847
-0.004718 0.003960 8.112847
-0.004765 0.003775 8.112847
-0.004854 0.003606 8.112847
-0.004912 0.003424 8.112847
-0.004996 0.003252 8.112847
-0.005048 0.003068 8.112847
-0.005133 0.002897 8.112847
-0.005265 0.002759 8.112847
-0.005372 0.002601 8.112847
-0.005503 0.002462 8.112847
-0.005600 0.002297 8.112847
-0.005731 0.002158 8.112847
-0.005841 0.002002 8.112847
-0.005962 0.001853 8.112847
-0.006070 0.001696 8.112847
-0.006197 0.001554 8.112847
-0.006318 0.001405 8.112847
-0.006445 0.001262 8.112847
-0.006570 0.001118 8.112847
-0.006697 0.000976 8.112847
-0.006831 0.000839 8.112847
-0.006963 0.000702 8.112847
-0.007093 0.000561 8.112847
-0.007226 0.000424 8.112847
-0.007358 0.000286 8.112847
-0.007487 0.000145 8.112847
-0.007512 -0.000044 8.112847
-0.007378 -0.000181 8.112847
-0.007253 -0.000325 8.112847
-0.007126 -0.000468 8.112847
-0.006994 -0.000606 8.112847
-0.006860 -0.000742 8.112847
-0.006719 -0.000872 8.112847
-0.006582 -0.001004 8.112847
-0.006456 -0.001148 8.112847
-0.006331 -0.001292 8.112847
-0.006218 -0.001446 8.112847
-0.006100 -0.001597 8.112847
-0.005997 -0.001757 8.112847
-0.005883 -0.001911 8.112847
-0.005786 -0.002076 8.112847
-0.005657 -0.002217 8.112847
-0.005554 -0.002378 8.112847
-0.005435 -0.002527 8.112847
-0.005325 -0.002683 8.112847
-0.005196 -0.002824 8.112847
-0.005088 -0.002981 8.112847
-0.005030 -0.003164 8.112847
-0.004953 -0.003338 8.112847
-0.004893 -0.003520 8.112847
-0.004807 -0.003690 8.112847
-0.004752 -0.003873 8.112847
-0.004678 -0.004049 8.112847
-0.004620 -0.004232 8.112847
-0.004542 -0.004406 8.112847
-0.004492 -0.004590 8.112847
-0.004428 -0.004770 8.112847
-0.004375 -0.004954 8.112847
-0.004315 -0.005135 8.112847
-0.004257 -0.005317 8.112847
-0.004203 -0.005500 8.112847
-0.004154 -0.005685 8.112847
-0.004099 -0.005868 8.112847
-0.004048 -0.006052 8.112847
-0.003994 -0.006235 8.112847
-0.003936 -0.006417 8.112847
-0.003785 -0.006535 8.112847
-0.003601 -0.006485 8.112847
-0.003416 -0.006438 8.112847
-0.003229 -0.006396 8.112847
-0.003041 -0.006364 8.112847
-0.002852 -0.006337 8.112847
-0.002666 -0.006294 8.112847
-0.002481 -0.006245 8.112847
-0.002295 -0.006200 8.112847
-0.002110 -0.006156 8.112847
-0.001923 -0.006115 8.112847
-0.001734 -0.006085 8.112847
-0.001545 -0.006056 8.112847
-0.001354 -0.006048 8.112847
-0.001164 -0.006032 8.112847
-0.000973 -0.006020 8.112847
-0.000785 -0.005988 8.112847
-0.000594 -0.005983 8.112847
-0.000405 -0.005953 8.112847
-0.000216 -0.005932 8.112847
-0.000028 -0.005898 8.112847
0.000162 -0.005921 8.112847
0.000349 -0.005959 8.112847
0.000539 -0.005979 8.112847
0.000728 -0.006011 8.112847
0.000918 -0.006030 8.112847
0.001103 -0.006078 8.112847
0.001292 -0.006101 8.112847
0.001480 -0.006135 8.112847
0.001668 -0.006172 8.112847
0.001854 -0.006215 8.112847
0.002040 -0.006260 8.112847
0.002225 -0.006306 8.112847
0.002412 -0.006348 8.112847
0.002597 -0.006393 8.112847
0.002782 -0.006442 8.112847
0.002968 -0.006485 8.112847
0.003153 -0.006531 8.112847
0.003338 -0.006578 8.112847
0.003525 -0.006619 8.112847
0.003702 -0.006549 8.112847
0.003754 -0.006365 8.112847
0.003808 -0.006181 8.112847
0.003860 -0.005998 8.112847
0.003916 -0.005815 8.112847
0.003985 -0.005637 8.112847
0.004054 -0.005459 8.112847
0.004117 -0.005278 8.112847
0.004179 -0.005098 8.112847
0.004244 -0.004918 8.112847
0.004305 -0.004737 8.112847
0.004381 -0.004562 8.112847
0.004454 -0.004385 8.112847
0.004556 -0.004224 8.112847
0.004626 -0.004046 8.112847
0.004716 -0.003877 8.112847
0.004779 -0.003697 8.112847
0.004878 -0.003533 8.112847
0.004934 -0.003351 8.112847
0.005018 -0.003179 8.112847
0.005074 -0.002996 8.112847
0.005180 -0.002837 8.112847
0.005312 -0.002700 8.112847
0.005420 -0.002542 8.112847
0.005549 -0.002401 8.112847
0.005649 -0.002238 8.112847
0.005787 -0.002107 8.112847
0.005895 -0.001949 8.112847
0.006021 -0.001805 8.112847
0.006139 -0.001655 8.112847
0.006272 -0.001518 8.112847
0.006399 -0.001375 8.112847
0.006533 -0.001239 8.112847
0.006661 -0.001097 8.112847
0.006794 -0.000959 8.112847
0.006929 -0.000824 8.112847
0.007059 -0.000685 8.112847
0.007192 -0.000547 8.112847
0.007326 -0.000411 8.112847
0.007456 -0.000271 8.112847
0.007484 -0.000082 8.112847

