0.006301 -0.000000 2.631944
0.006248 0.000150 2.631944
0.006149 0.000276 2.631944
0.006049 0.000400 2.631944
0.005946 0.000522 2.631944
0.005845 0.000646 2.631944
0.005749 0.000773 2.631944
0.005653 0.000900 2.631944
0.005550 0.001022 2.631944
0.005444 0.001142 2.631944
0.005343 0.001265 2.631944
0.005249 0.001394 2.631944
0.005156 0.001524 2.631944
0.005056 0.001649 2.631944
0.004951 0.001769 2.631944
0.004844 0.001887 2.631944
0.004736 0.002005 2.631944
0.004632 0.002125 2.631944
0.004532 0.002249 2.631944
0.004436 0.002377 2.631944
0.004348 0.002510 2.631944
0.004277 0.002653 2.631944
0.004214 0.002800 2.631944
0.004156 0.002949 2.631944
0.004104 0.003100 2.631944
0.004056 0.003251 2.631944
0.004007 0.003404 2.631944
0.003956 0.003555 2.631944
0.003897 0.003703 2.631944
0.003832 0.003849 2.631944
0.003767 0.003994 2.631944
0.003711 0.004144 2.631944
0.003660 0.004295 2.631944
0.003606 0.004445 2.631944
0.003545 0.004592 2.631944
0.003482 0.004739 2.631944
0.003425 0.004888 2.631944
0.003371 0.005038 2.631944
0.003313 0.005187 2.631944
0.003254 0.005335 2.631944
0.003150 0.005457 2.631944
0.002994 0.005486 2.631944
0.002836 0.005463 2.631944
0.002678 0.005438 2.631944
0.002521 0.005411 2.631944
0.002363 0.005385 2.631944
0.002205 0.005366 2.631944
0.002047 0.005346 2.631944
0.001890 0.005317 2.631944
0.001733 0.005285 2.631944
0.001576 0.005260 2.631944
0.001417 0.005243 2.631944
0.001258 0.005227 2.631944
0.001100 0.005203 2.631944
0.000944 0.005172 2.631944
0.000788 0.005138 2.631944
0.000632 0.005104 2.631944
0.000475 0.005074 2.631944
0.000318 0.005049 2.631944
0.000159 0.005030 2.631944
-0.000000 0.005021 2.631944
-0.000159 0.005030 2.631944
-0.000318 0.005049 2.631944
-0.000475 0.005074 2.631944
-0.000632 0.005104 2.631944
-0.000788 0.005138 2.631944
-0.000944 0.005172 2.631944
-0.001100 0.005203 2.631944
-0.001258 0.005227 2.631944
-0.001417 0.005243 2.631944
-0.001576 0.005260 2.631944
-0.001733 0.005285 2.631944
-0.001890 0.005317 2.631944
-0.002047 0.005346 2.631944
-0.002205 0.005366 2.631944
-0.002363 0.005385 2.631944
-0.002521 0.005411 2.631944
-0.002678 0.005438 2.631944
-0.002836 0.005463 2.631944
-0.002994 0.005486 2.631944
-0.003150 0.005457 2.631944
-0.003254 0.005335 2.631944
-0.003313 0.005187 2.631944
-0.003371 0.005038 2.631944
-0.003425 0.004888 2.631944
-0.003482 0.004739 2.631944
-0.003545 0.004592 2.631944
-0.003606 0.004445 2.631944
-0.003660 0.004295 2.631944
-0.003711 0.004144 2.631944
-0.003767 0.003994 2.631944
-0.003832 0.003849 2.631944
-0.003897 0.003703 2.631944
-0.003956 0.003555 2.631944
-0.004007 0.003404 2.631944
-0.004056 0.003251 2.631944
-0.004104 0.003100 2.631944
-0.004156 0.002949 2.631944
-0.004214 0.002800 2.631944
-0.004277 0.002653 2.631944
-0.004348 0.002510 2.631944
-0.004436 0.002377 2.631944
-0.004532 0.002249 2.631944
-0.004632 0.002125 2.631944
-0.004736 0.002005 2.631944
-0.004844 0.001887 2.631944
-0.004951 0.001769 2.631944
-0.005056 0.001649 2.631944
-0.005156 0.001524 2.631944
-0.005249 0.001394 2.631944
-0.005343 0.001265 2.631944
-0.005444 0.001142 2.631944
-0.005550 0.001022 2.631944
-0.005653 0.000900 2.631944
-0.005749 0.000773 2.631944
-0.005845 0.000646 2.631944
-0.005946 0.000522 2.631944
-0.006049 0.000400 2.631944
-0.006149 0.000276 2.631944
-0.006248 0.000150 2.631944
-0.006301 0.000000 2.631944
-0.006248 -0.000150 2.631944
-0.006149 -0.000276 2.631944
-0.006049 -0.000400 2.631944
-0.005946 -0.000522 2.631944
-0.005845 -0.000646 2.631944
-0.005749 -0.000773 2.631944
-0.005653 -0.000900 2.631944
-0.005550 -0.001022 2.631944
-0.005444 -0.001142 2.631944
-0.005343 -0.001265 2.631944
-0.005249 -0.001394 2.631944
-0.005156 -0.001524 2.631944
-0.005056 -0.001649 2.631944
-0.004951 -0.001769 2.631944
-0.004844 -0.001887 2.631944
-0.004736 -0.002005 2.631944
-0.004632 -0.002125 2.631944
-0.004532 -0.002249 2.631944
-0.004436 -0.002377 2.631944
-0.004348 -0.002510 2.631944
-0.004277 -0.002653 2.631944
-0.004214 -0.002800 2.631944
-0.004156 -0.002949 2.631944
-0.004104 -0.003100 2.631944
-0.004056 -0.003251 2.631944
-0.004007 -0.003404 2.631944
-0.003956 -0.003555 2.631944
-0.003897 -0.003703 2.631944
-0.003832 -0.003849 2.631944
-0.003767 -0.003994 2.631944
-0.003711 -0.004144 2.631944
-0.003660 -0.004295 2.631944
-0.003606 -0.004445 2.631944
-0.003545 -0.004592 2.631944
-0.003482 -0.004739 2.631944
-0.003425 -0.004888 2.631944
-0.003371 -0.005038 2.631944
-0.003313 -0.005187 2.631944
-0.003254 -0.005335 2.631944
-0.003150 -0.005457 2.631944
-0.002994 -0.005486 2.631944
-0.002836 -0.005463 2.631944
-0.002678 -0.005438 2.631944
-0.002521 -0.005411 2.631944
-0.002363 -0.005385 2.631944
-0.002205 -0.005366 2.631944
-0.002047 -0.005346 2.631944
-0.001890 -0.005317 2.631944
-0.001733 -0.005285 2.631944
-0.001576 -0.005260 2.631944
-0.001417 -0.005243 2.631944
-0.001258 -0.005227 2.631944
-0.001100 -0.005203 2.631944
-0.000944 -0.005172 2.631944
-0.000788 -0.005138 2.631944
-0.000632 -0.005104 2.631944
-0.000475 -0.005074 2.631944
-0.000318 -0.005049 2.631944
-0.000159 -0.005030 2.631944
0.000000 -0.005021 2.631944
0.000159 -0.005030 2.631944
0.000318 -0.005049 2.631944
0.000475 -0.005074 2.631944
0.000632 -0.005104 2.631944
0.000788 -0.005138 2.631944
0.000944 -0.005172 2.631944
0.001100 -0.005203 2.631944
0.001258 -0.005227 2.631944
0.001417 -0.005243 2.631944
0.001576 -0.005260 2.631944
0.001733 -0.005285 2.631944
0.001890 -0.005317 2.631944
0.002047 -0.005346 2.631944
0.002205 -0.005366 2.631944
0.002363 -0.005385 2.631944
0.002521 -0.005411 2.631944
0.002678 -0.005438 2.631944
0.002836 -0.005463 2.631944
0.002994 -0.005486 2.631944
0.003150 -0.005457 2.631944
0.003254 -0.005335 2.631944
0.003313 -0.005187 2.631944
0.003371 -0.005038 2.631944
0.003425 -0.004888 2.631944
0.003482 -0.004739 2.631944
0.003545 -0.004592 2.631944
0.003606 -0.004445 2.631944
0.003660 -0.004295 2.631944
0.003711 -0.004144 2.631944
0.003767 -0.003994 2.631944
0.003832 -0.003849 2.631944
0.003897 -0.003703 2.631944
0.003956 -0.003555 2.631944
0.004007 -0.003404 2.631944
0.004056 -0.003251 2.631944
0.004104 -0.003100 2.631944
0.004156 -0.002949 2.631944
0.004214 -0.002800 2.631944
0.004277 -0.002653 2.631944
0.004348 -0.002510 2.631944
0.004436 -0.002377 2.631944
0.004532 -0.002249 2.631944
0.004632 -0.002125 2.631944
0.004736 -0.002005 2.631944
0.004844 -0.001887 2.631944
0.004951 -0.001769 2.631944
0.005056 -0.001649 2.631944
0.005156 -0.001524 2.631944
0.005249 -0.001394 2.631944
0.005343 -0.001265 2.631944
0.005444 -0.001142 2.631944
0.005550 -0.001022 2.631944
0.005653 -0.000900 2.631944
0.005749 -0.000773 2.631944
0.005845 -0.000646 2.631944
0.005946 -0.000522 2.631944
0.006049 -0.000400 2.631944
0.006149 -0.000276 2.631944
0.006248 -0.000150 2.631944
0.006301 -0.000000 2.631944

