0.007261 -0.000077 7.295139
0.007140 0.000062 7.295139
0.007021 0.000203 7.295139
0.006901 0.000343 7.295139
0.006782 0.000485 7.295139
0.006665 0.000627 7.295139
0.006559 0.000779 7.295139
0.006460 0.000934 7.295139
0.006356 0.001087 7.295139
0.006257 0.001243 7.295139
0.006157 0.001398 7.295139
0.006053 0.001551 7.295139
0.005944 0.001700 7.295139
0.005831 0.001846 7.295139
0.005718 0.001992 7.295139
0.005614 0.002145 7.295139
0.005492 0.002283 7.295139
0.005380 0.002430 7.295139
0.005258 0.002569 7.295139
0.005157 0.002723 7.295139
0.005031 0.002859 7.295139
0.004953 0.003026 7.295139
0.004896 0.003202 7.295139
0.004813 0.003366 7.295139
0.004760 0.003543 7.295139
0.004690 0.003714 7.295139
0.004620 0.003885 7.295139
0.004545 0.004054 7.295139
0.004480 0.004226 7.295139
0.004409 0.004397 7.295139
0.004337 0.004567 7.295139
0.004262 0.004736 7.295139
0.004186 0.004904 7.295139
0.004118 0.005076 7.295139
0.004047 0.005246 7.295139
0.003977 0.005417 7.295139
0.003916 0.005591 7.295139
0.003858 0.005767 7.295139
0.003808 0.005944 7.295139
0.003759 0.006122 7.295139
0.003614 0.006237 7.295139
0.003434 0.006197 7.295139
0.003253 0.006157 7.295139
0.003071 0.006127 7.295139
0.002887 0.006112 7.295139
0.002703 0.006099 7.295139
0.002518 0.006093 7.295139
0.002334 0.006082 7.295139
0.002150 0.006064 7.295139
0.001966 0.006050 7.295139
0.001782 0.006035 7.295139
0.001598 0.006014 7.295139
0.001415 0.005990 7.295139
0.001233 0.005962 7.295139
0.001049 0.005942 7.295139
0.000866 0.005918 7.295139
0.000683 0.005892 7.295139
0.000503 0.005850 7.295139
0.000319 0.005841 7.295139
0.000139 0.005801 7.295139
-0.000045 0.005786 7.295139
-0.000225 0.005829 7.295139
-0.000409 0.005839 7.295139
-0.000590 0.005875 7.295139
-0.000773 0.005900 7.295139
-0.000955 0.005934 7.295139
-0.001139 0.005948 7.295139
-0.001322 0.005973 7.295139
-0.001505 0.005998 7.295139
-0.001689 0.006017 7.295139
-0.001873 0.006032 7.295139
-0.002057 0.006041 7.295139
-0.002241 0.006050 7.295139
-0.002425 0.006066 7.295139
-0.002610 0.006080 7.295139
-0.002793 0.006103 7.295139
-0.002974 0.006138 7.295139
-0.003156 0.006169 7.295139
-0.003339 0.006196 7.295139
-0.003522 0.006220 7.295139
-0.003704 0.006252 7.295139
-0.003848 0.006137 7.295139
-0.003896 0.005958 7.295139
-0.003946 0.005780 7.295139
-0.003998 0.005603 7.295139
-0.004048 0.005426 7.295139
-0.004106 0.005250 7.295139
-0.004163 0.005075 7.295139
-0.004219 0.004899 7.295139
-0.004287 0.004727 7.295139
-0.004356 0.004556 7.295139
-0.004423 0.004384 7.295139
-0.004491 0.004212 7.295139
-0.004556 0.004039 7.295139
-0.004629 0.003869 7.295139
-0.004700 0.003699 7.295139
-0.004766 0.003527 7.295139
-0.004822 0.003350 7.295139
-0.004905 0.003186 7.295139
-0.004959 0.003009 7.295139
-0.005041 0.002844 7.295139
-0.005170 0.002711 7.295139
-0.005270 0.002556 7.295139
-0.005392 0.002418 7.295139
-0.005506 0.002272 7.295139
-0.005626 0.002132 7.295139
-0.005731 0.001980 7.295139
-0.005846 0.001836 7.295139
-0.005962 0.001692 7.295139
-0.006074 0.001545 7.295139
-0.006185 0.001397 7.295139
-0.006294 0.001249 7.295139
-0.006407 0.001103 7.295139
-0.006526 0.000962 7.295139
-0.006642 0.000818 7.295139
-0.006762 0.000677 7.295139
-0.006887 0.000542 7.295139
-0.007011 0.000405 7.295139
-0.007139 0.000271 7.295139
-0.007267 0.000138 7.295139
-0.007296 -0.000045 7.295139
-0.007171 -0.000181 7.295139
-0.007038 -0.000309 7.295139
-0.006903 -0.000435 7.295139
-0.006775 -0.000568 7.295139
-0.006653 -0.000706 7.295139
-0.006544 -0.000856 7.295139
-0.006440 -0.001008 7.295139
-0.006332 -0.001158 7.295139
-0.006229 -0.001311 7.295139
-0.006125 -0.001464 7.295139
-0.006016 -0.001613 7.295139
-0.005905 -0.001761 7.295139
-0.005788 -0.001903 7.295139
-0.005680 -0.002053 7.295139
-0.005567 -0.002199 7.295139
-0.005456 -0.002346 7.295139
-0.005327 -0.002479 7.295139
-0.005227 -0.002634 7.295139
-0.005104 -0.002772 7.295139
-0.004997 -0.002923 7.295139
-0.004941 -0.003099 7.295139
-0.004859 -0.003264 7.295139
-0.004801 -0.003439 7.295139
-0.004729 -0.003609 7.295139
-0.004673 -0.003785 7.295139
-0.004592 -0.003951 7.295139
-0.004527 -0.004124 7.295139
-0.004462 -0.004297 7.295139
-0.004396 -0.004469 7.295139
-0.004329 -0.004641 7.295139
-0.004262 -0.004813 7.295139
-0.004199 -0.004987 7.295139
-0.004145 -0.005164 7.295139
-0.004086 -0.005339 7.295139
-0.004027 -0.005514 7.295139
-0.003974 -0.005691 7.295139
-0.003919 -0.005867 7.295139
-0.003869 -0.006045 7.295139
-0.003820 -0.006223 7.295139
-0.003677 -0.006339 7.295139
-0.003494 -0.006310 7.295139
-0.003312 -0.006280 7.295139
-0.003132 -0.006237 7.295139
-0.002954 -0.006190 7.295139
-0.002776 -0.006141 7.295139
-0.002595 -0.006103 7.295139
-0.002412 -0.006076 7.295139
-0.002229 -0.006051 7.295139
-0.002045 -0.006038 7.295139
-0.001861 -0.006028 7.295139
-0.001677 -0.006014 7.295139
-0.001493 -0.005997 7.295139
-0.001310 -0.005972 7.295139
-0.001127 -0.005949 7.295139
-0.000943 -0.005933 7.295139
-0.000761 -0.005902 7.295139
-0.000578 -0.005873 7.295139
-0.000396 -0.005841 7.295139
-0.000212 -0.005827 7.295139
-0.000031 -0.005790 7.295139
0.000152 -0.005808 7.295139
0.000334 -0.005842 7.295139
0.000518 -0.005858 7.295139
0.000699 -0.005896 7.295139
0.000881 -0.005926 7.295139
0.001064 -0.005948 7.295139
0.001247 -0.005972 7.295139
0.001429 -0.006003 7.295139
0.001612 -0.006032 7.295139
0.001794 -0.006061 7.295139
0.001976 -0.006089 7.295139
0.002158 -0.006120 7.295139
0.002338 -0.006163 7.295139
0.002518 -0.006204 7.295139
0.002699 -0.006243 7.295139
0.002878 -0.006289 7.295139
0.003057 -0.006331 7.295139
0.003237 -0.006376 7.295139
0.003415 -0.006422 7.295139
0.003586 -0.006352 7.295139
0.003646 -0.006178 7.295139
0.003714 -0.006006 7.295139
0.003780 -0.005833 7.295139
0.003843 -0.005660 7.295139
0.003899 -0.005484 7.295139
0.003964 -0.005311 7.295139
0.004037 -0.005141 7.295139
0.004111 -0.004972 7.295139
0.004194 -0.004807 7.295139
0.004279 -0.004643 7.295139
0.004360 -0.004477 7.295139
0.004437 -0.004309 7.295139
0.004509 -0.004139 7.295139
0.004577 -0.003968 7.295139
0.004660 -0.003803 7.295139
0.004718 -0.003628 7.295139
0.004792 -0.003458 7.295139
0.004847 -0.003282 7.295139
0.004934 -0.003119 7.295139
0.004983 -0.002941 7.295139
0.005085 -0.002787 7.295139
0.005214 -0.002654 7.295139
0.005311 -0.002497 7.295139
0.005440 -0.002365 7.295139
0.005552 -0.002219 7.295139
0.005667 -0.002074 7.295139
0.005775 -0.001924 7.295139
0.005894 -0.001783 7.295139
0.006008 -0.001638 7.295139
0.006123 -0.001493 7.295139
0.006236 -0.001348 7.295139
0.006352 -0.001203 7.295139
0.006475 -0.001066 7.295139
0.006599 -0.000929 7.295139
0.006722 -0.000792 7.295139
0.006851 -0.000659 7.295139
0.006978 -0.000525 7.295139
0.007106 -0.000392 7.295139
0.007235 -0.000260 7.295139
0.007261 -0.000077 7.295139

