0.008011 -0.000010 10.611111
0.007857 0.000130 10.611111
0.007706 0.000272 10.611111
0.007562 0.000422 10.611111
0.007411 0.000564 10.611111
0.007274 0.000719 10.611111
0.007128 0.000867 10.611111
0.006992 0.001024 10.611111
0.006837 0.001161 10.611111
0.006708 0.001324 10.611111
0.006548 0.001456 10.611111
0.006430 0.001627 10.611111
0.006279 0.001770 10.611111
0.006142 0.001926 10.611111
0.005996 0.002073 10.611111
0.005869 0.002237 10.611111
0.005737 0.002397 10.611111
0.005608 0.002559 10.611111
0.005501 0.002737 10.611111
0.005374 0.002901 10.611111
0.005288 0.003090 10.611111
0.005227 0.003288 10.611111
0.005134 0.003474 10.611111
0.005078 0.003674 10.611111
0.005004 0.003867 10.611111
0.004950 0.004068 10.611111
0.004888 0.004266 10.611111
0.004816 0.004460 10.611111
0.004776 0.004664 10.611111
0.004714 0.004862 10.611111
0.004665 0.005064 10.611111
0.004590 0.005257 10.611111
0.004543 0.005459 10.611111
0.004464 0.005651 10.611111
0.004417 0.005853 10.611111
0.004340 0.006045 10.611111
0.004284 0.006245 10.611111
0.004209 0.006439 10.611111
0.004141 0.006635 10.611111
0.004060 0.006826 10.611111
0.003888 0.006942 10.611111
0.003695 0.006865 10.611111
0.003496 0.006806 10.611111
0.003299 0.006743 10.611111
0.003098 0.006692 10.611111
0.002898 0.006635 10.611111
0.002695 0.006591 10.611111
0.002495 0.006537 10.611111
0.002293 0.006491 10.611111
0.002088 0.006454 10.611111
0.001889 0.006396 10.611111
0.001686 0.006354 10.611111
0.001483 0.006311 10.611111
0.001287 0.006377 10.611111
0.001138 0.006522 10.611111
0.000972 0.006397 10.611111
0.000775 0.006332 10.611111
0.000577 0.006271 10.611111
0.000377 0.006217 10.611111
0.000174 0.006174 10.611111
-0.000029 0.006131 10.611111
-0.000234 0.006163 10.611111
-0.000432 0.006224 10.611111
-0.000633 0.006276 10.611111
-0.000831 0.006338 10.611111
-0.001001 0.006458 10.611111
-0.001147 0.006310 10.611111
-0.001351 0.006277 10.611111
-0.001551 0.006333 10.611111
-0.001758 0.006349 10.611111
-0.001957 0.006408 10.611111
-0.002161 0.006445 10.611111
-0.002362 0.006498 10.611111
-0.002560 0.006559 10.611111
-0.002764 0.006596 10.611111
-0.002964 0.006650 10.611111
-0.003169 0.006687 10.611111
-0.003366 0.006750 10.611111
-0.003567 0.006804 10.611111
-0.003763 0.006871 10.611111
-0.003951 0.006958 10.611111
-0.004133 0.006858 10.611111
-0.004220 0.006669 10.611111
-0.004294 0.006475 10.611111
-0.004370 0.006282 10.611111
-0.004431 0.006084 10.611111
-0.004508 0.005891 10.611111
-0.004554 0.005689 10.611111
-0.004635 0.005498 10.611111
-0.004675 0.005295 10.611111
-0.004756 0.005104 10.611111
-0.004793 0.004900 10.611111
-0.004863 0.004704 10.611111
-0.004903 0.004501 10.611111
-0.004981 0.004308 10.611111
-0.005018 0.004104 10.611111
-0.005081 0.003906 10.611111
-0.005139 0.003707 10.611111
-0.005198 0.003508 10.611111
-0.005278 0.003317 10.611111
-0.005316 0.003113 10.611111
-0.005418 0.002932 10.611111
-0.005564 0.002785 10.611111
-0.005694 0.002623 10.611111
-0.005826 0.002463 10.611111
-0.005981 0.002325 10.611111
-0.006110 0.002162 10.611111
-0.006259 0.002018 10.611111
-0.006389 0.001856 10.611111
-0.006553 0.001729 10.611111
-0.006680 0.001565 10.611111
-0.006835 0.001427 10.611111
-0.006964 0.001265 10.611111
-0.007115 0.001123 10.611111
-0.007247 0.000963 10.611111
-0.007397 0.000819 10.611111
-0.007532 0.000662 10.611111
-0.007686 0.000523 10.611111
-0.007832 0.000376 10.611111
-0.007981 0.000231 10.611111
-0.008027 0.000029 10.611111
-0.007893 -0.000129 10.611111
-0.007769 -0.000296 10.611111
-0.007634 -0.000454 10.611111
-0.007510 -0.000619 10.611111
-0.007367 -0.000770 10.611111
-0.007232 -0.000928 10.611111
-0.007076 -0.001064 10.611111
-0.006944 -0.001225 10.611111
-0.006798 -0.001372 10.611111
-0.006674 -0.001538 10.611111
-0.006517 -0.001674 10.611111
-0.006378 -0.001828 10.611111
-0.006222 -0.001965 10.611111
-0.006091 -0.002125 10.611111
-0.005927 -0.002252 10.611111
-0.005796 -0.002413 10.611111
-0.005651 -0.002562 10.611111
-0.005535 -0.002734 10.611111
-0.005414 -0.002902 10.611111
-0.005344 -0.003098 10.611111
-0.005293 -0.003299 10.611111
-0.005206 -0.003487 10.611111
-0.005166 -0.003691 10.611111
-0.005083 -0.003881 10.611111
-0.005055 -0.004086 10.611111
-0.004978 -0.004279 10.611111
-0.004928 -0.004480 10.611111
-0.004857 -0.004675 10.611111
-0.004819 -0.004879 10.611111
-0.004749 -0.005074 10.611111
-0.004701 -0.005276 10.611111
-0.004626 -0.005470 10.611111
-0.004575 -0.005671 10.611111
-0.004502 -0.005865 10.611111
-0.004457 -0.006067 10.611111
-0.004386 -0.006262 10.611111
-0.004342 -0.006465 10.611111
-0.004279 -0.006663 10.611111
-0.004224 -0.006863 10.611111
-0.004056 -0.006985 10.611111
-0.003855 -0.006935 10.611111
-0.003652 -0.006891 10.611111
-0.003449 -0.006849 10.611111
-0.003248 -0.006798 10.611111
-0.003043 -0.006766 10.611111
-0.002841 -0.006719 10.611111
-0.002637 -0.006677 10.611111
-0.002441 -0.006611 10.611111
-0.002238 -0.006567 10.611111
-0.002038 -0.006511 10.611111
-0.001833 -0.006484 10.611111
-0.001629 -0.006443 10.611111
-0.001426 -0.006401 10.611111
-0.001223 -0.006360 10.611111
-0.001021 -0.006312 10.611111
-0.000819 -0.006266 10.611111
-0.000620 -0.006206 10.611111
-0.000418 -0.006157 10.611111
-0.000211 -0.006141 10.611111
-0.000012 -0.006198 10.611111
0.000192 -0.006238 10.611111
0.000397 -0.006267 10.611111
0.000594 -0.006332 10.611111
0.000799 -0.006363 10.611111
0.000994 -0.006435 10.611111
0.001197 -0.006478 10.611111
0.001400 -0.006521 10.611111
0.001601 -0.006573 10.611111
0.001803 -0.006620 10.611111
0.002003 -0.006674 10.611111
0.002207 -0.006711 10.611111
0.002407 -0.006768 10.611111
0.002612 -0.006800 10.611111
0.002812 -0.006855 10.611111
0.003015 -0.006894 10.611111
0.003217 -0.006943 10.611111
0.003419 -0.006988 10.611111
0.003622 -0.007034 10.611111
0.003826 -0.007069 10.611111
0.004012 -0.006976 10.611111
0.004057 -0.006774 10.611111
0.004107 -0.006572 10.611111
0.004172 -0.006375 10.611111
0.004218 -0.006173 10.611111
0.004290 -0.005978 10.611111
0.004340 -0.005777 10.611111
0.004417 -0.005584 10.611111
0.004447 -0.005379 10.611111
0.004521 -0.005185 10.611111
0.004562 -0.004982 10.611111
0.004633 -0.004787 10.611111
0.004695 -0.004589 10.611111
0.004769 -0.004395 10.611111
0.004849 -0.004203 10.611111
0.004888 -0.004000 10.611111
0.004982 -0.003815 10.611111
0.005148 -0.003691 10.611111
0.005195 -0.003489 10.611111
0.005226 -0.003284 10.611111
0.005316 -0.003097 10.611111
0.005468 -0.002955 10.611111
0.005594 -0.002790 10.611111
0.005737 -0.002641 10.611111
0.005876 -0.002486 10.611111
0.006018 -0.002335 10.611111
0.006175 -0.002199 10.611111
0.006305 -0.002037 10.611111
0.006456 -0.001895 10.611111
0.006591 -0.001737 10.611111
0.006749 -0.001603 10.611111
0.006875 -0.001438 10.611111
0.007033 -0.001304 10.611111
0.007157 -0.001138 10.611111
0.007310 -0.000998 10.611111
0.007438 -0.000835 10.611111
0.007585 -0.000688 10.611111
0.007718 -0.000529 10.611111
0.007861 -0.000378 10.611111
0.007990 -0.000216 10.611111
0.008011 -0.000010 10.611111

