0.008040 -0.000005 10.758681
0.007886 0.000135 10.758681
0.007733 0.000277 10.758681
0.007589 0.000427 10.758681
0.007435 0.000569 10.758681
0.007296 0.000724 10.758681
0.007150 0.000872 10.758681
0.007015 0.001031 10.758681
0.006858 0.001167 10.758681
0.006729 0.001331 10.758681
0.006567 0.001462 10.758681
0.006446 0.001632 10.758681
0.006299 0.001780 10.758681
0.006161 0.001936 10.758681
0.006012 0.002082 10.758681
0.005881 0.002244 10.758681
0.005749 0.002405 10.758681
0.005615 0.002565 10.758681
0.005505 0.002742 10.758681
0.005382 0.002910 10.758681
0.005300 0.003101 10.758681
0.005236 0.003300 10.758681
0.005144 0.003487 10.758681
0.005093 0.003689 10.758681
0.005019 0.003883 10.758681
0.004966 0.004085 10.758681
0.004901 0.004283 10.758681
0.004833 0.004480 10.758681
0.004794 0.004685 10.758681
0.004730 0.004883 10.758681
0.004678 0.005085 10.758681
0.004604 0.005279 10.758681
0.004555 0.005482 10.758681
0.004475 0.005674 10.758681
0.004428 0.005878 10.758681
0.004349 0.006070 10.758681
0.004293 0.006271 10.758681
0.004216 0.006464 10.758681
0.004146 0.006661 10.758681
0.004064 0.006852 10.758681
0.003894 0.006973 10.758681
0.003701 0.006893 10.758681
0.003502 0.006833 10.758681
0.003304 0.006769 10.758681
0.003102 0.006717 10.758681
0.002902 0.006658 10.758681
0.002698 0.006613 10.758681
0.002497 0.006560 10.758681
0.002295 0.006511 10.758681
0.002089 0.006475 10.758681
0.001889 0.006418 10.758681
0.001685 0.006373 10.758681
0.001480 0.006335 10.758681
0.001286 0.006408 10.758681
0.001139 0.006556 10.758681
0.000974 0.006429 10.758681
0.000777 0.006360 10.758681
0.000579 0.006297 10.758681
0.000378 0.006239 10.758681
0.000175 0.006195 10.758681
-0.000028 0.006149 10.758681
-0.000234 0.006184 10.758681
-0.000432 0.006249 10.758681
-0.000633 0.006301 10.758681
-0.000830 0.006369 10.758681
-0.000999 0.006492 10.758681
-0.001139 0.006337 10.758681
-0.001344 0.006297 10.758681
-0.001546 0.006347 10.758681
-0.001753 0.006364 10.758681
-0.001952 0.006428 10.758681
-0.002157 0.006465 10.758681
-0.002357 0.006522 10.758681
-0.002558 0.006579 10.758681
-0.002763 0.006616 10.758681
-0.002964 0.006670 10.758681
-0.003169 0.006708 10.758681
-0.003366 0.006775 10.758681
-0.003567 0.006829 10.758681
-0.003763 0.006901 10.758681
-0.003952 0.006989 10.758681
-0.004133 0.006887 10.758681
-0.004220 0.006697 10.758681
-0.004297 0.006504 10.758681
-0.004377 0.006311 10.758681
-0.004438 0.006112 10.758681
-0.004518 0.005920 10.758681
-0.004563 0.005716 10.758681
-0.004646 0.005525 10.758681
-0.004687 0.005321 10.758681
-0.004768 0.005129 10.758681
-0.004809 0.004924 10.758681
-0.004878 0.004728 10.758681
-0.004917 0.004523 10.758681
-0.004995 0.004330 10.758681
-0.005037 0.004126 10.758681
-0.005097 0.003926 10.758681
-0.005156 0.003726 10.758681
-0.005209 0.003525 10.758681
-0.005292 0.003334 10.758681
-0.005326 0.003128 10.758681
-0.005425 0.002945 10.758681
-0.005575 0.002800 10.758681
-0.005703 0.002636 10.758681
-0.005840 0.002479 10.758681
-0.005995 0.002339 10.758681
-0.006123 0.002175 10.758681
-0.006274 0.002031 10.758681
-0.006405 0.001870 10.758681
-0.006569 0.001741 10.758681
-0.006696 0.001576 10.758681
-0.006852 0.001438 10.758681
-0.006981 0.001274 10.758681
-0.007133 0.001132 10.758681
-0.007265 0.000971 10.758681
-0.007417 0.000827 10.758681
-0.007554 0.000670 10.758681
-0.007710 0.000532 10.758681
-0.007856 0.000383 10.758681
-0.008005 0.000238 10.758681
-0.008052 0.000035 10.758681
-0.007915 -0.000122 10.758681
-0.007791 -0.000290 10.758681
-0.007656 -0.000448 10.758681
-0.007532 -0.000616 10.758681
-0.007391 -0.000770 10.758681
-0.007258 -0.000930 10.758681
-0.007101 -0.001067 10.758681
-0.006968 -0.001227 10.758681
-0.006819 -0.001373 10.758681
-0.006695 -0.001541 10.758681
-0.006541 -0.001681 10.758681
-0.006402 -0.001836 10.758681
-0.006244 -0.001972 10.758681
-0.006113 -0.002133 10.758681
-0.005948 -0.002262 10.758681
-0.005814 -0.002421 10.758681
-0.005666 -0.002567 10.758681
-0.005543 -0.002736 10.758681
-0.005426 -0.002908 10.758681
-0.005362 -0.003107 10.758681
-0.005306 -0.003307 10.758681
-0.005221 -0.003497 10.758681
-0.005182 -0.003702 10.758681
-0.005099 -0.003893 10.758681
-0.005073 -0.004100 10.758681
-0.004993 -0.004292 10.758681
-0.004945 -0.004495 10.758681
-0.004875 -0.004692 10.758681
-0.004836 -0.004896 10.758681
-0.004764 -0.005092 10.758681
-0.004715 -0.005294 10.758681
-0.004640 -0.005489 10.758681
-0.004589 -0.005691 10.758681
-0.004516 -0.005886 10.758681
-0.004471 -0.006089 10.758681
-0.004400 -0.006285 10.758681
-0.004358 -0.006489 10.758681
-0.004293 -0.006687 10.758681
-0.004238 -0.006888 10.758681
-0.004068 -0.007010 10.758681
-0.003866 -0.006958 10.758681
-0.003663 -0.006912 10.758681
-0.003459 -0.006872 10.758681
-0.003257 -0.006819 10.758681
-0.003051 -0.006785 10.758681
-0.002848 -0.006740 10.758681
-0.002643 -0.006701 10.758681
-0.002445 -0.006636 10.758681
-0.002242 -0.006591 10.758681
-0.002043 -0.006530 10.758681
-0.001836 -0.006500 10.758681
-0.001632 -0.006462 10.758681
-0.001427 -0.006420 10.758681
-0.001223 -0.006380 10.758681
-0.001020 -0.006333 10.758681
-0.000816 -0.006288 10.758681
-0.000617 -0.006229 10.758681
-0.000416 -0.006171 10.758681
-0.000208 -0.006157 10.758681
-0.000010 -0.006220 10.758681
0.000196 -0.006254 10.758681
0.000401 -0.006289 10.758681
0.000599 -0.006354 10.758681
0.000805 -0.006386 10.758681
0.001000 -0.006460 10.758681
0.001205 -0.006499 10.758681
0.001408 -0.006544 10.758681
0.001610 -0.006597 10.758681
0.001813 -0.006645 10.758681
0.002014 -0.006697 10.758681
0.002219 -0.006734 10.758681
0.002420 -0.006790 10.758681
0.002626 -0.006822 10.758681
0.002826 -0.006879 10.758681
0.003031 -0.006917 10.758681
0.003234 -0.006967 10.758681
0.003437 -0.007011 10.758681
0.003641 -0.007055 10.758681
0.003846 -0.007089 10.758681
0.004033 -0.006996 10.758681
0.004077 -0.006792 10.758681
0.004124 -0.006589 10.758681
0.004189 -0.006392 10.758681
0.004234 -0.006188 10.758681
0.004306 -0.005993 10.758681
0.004355 -0.005790 10.758681
0.004434 -0.005597 10.758681
0.004465 -0.005391 10.758681
0.004539 -0.005196 10.758681
0.004581 -0.004992 10.758681
0.004649 -0.004795 10.758681
0.004712 -0.004596 10.758681
0.004781 -0.004400 10.758681
0.004866 -0.004210 10.758681
0.004903 -0.004005 10.758681
0.005000 -0.003820 10.758681
0.005174 -0.003705 10.758681
0.005220 -0.003502 10.758681
0.005242 -0.003295 10.758681
0.005330 -0.003106 10.758681
0.005484 -0.002965 10.758681
0.005609 -0.002799 10.758681
0.005756 -0.002651 10.758681
0.005895 -0.002495 10.758681
0.006040 -0.002346 10.758681
0.006195 -0.002206 10.758681
0.006325 -0.002044 10.758681
0.006478 -0.001902 10.758681
0.006614 -0.001744 10.758681
0.006771 -0.001608 10.758681
0.006897 -0.001442 10.758681
0.007056 -0.001306 10.758681
0.007180 -0.001139 10.758681
0.007335 -0.000999 10.758681
0.007462 -0.000834 10.758681
0.007610 -0.000688 10.758681
0.007743 -0.000527 10.758681
0.007885 -0.000375 10.758681
0.008015 -0.000212 10.758681
0.008040 -0.000005 10.758681

