0.005143 -0.000000 0.411458
0.005141 0.000133 0.411458
0.005135 0.000267 0.411458
0.005124 0.000399 0.411458
0.005109 0.000532 0.411458
0.005090 0.000664 0.411458
0.005066 0.000795 0.411458
0.005038 0.000926 0.411458
0.005005 0.001055 0.411458
0.004968 0.001183 0.411458
0.004926 0.001309 0.411458
0.004879 0.001434 0.411458
0.004829 0.001558 0.411458
0.004775 0.001680 0.411458
0.004718 0.001800 0.411458
0.004658 0.001920 0.411458
0.004596 0.002038 0.411458
0.004531 0.002154 0.411458
0.004465 0.002270 0.411458
0.004398 0.002385 0.411458
0.004331 0.002501 0.411458
0.004265 0.002616 0.411458
0.004198 0.002732 0.411458
0.004131 0.002847 0.411458
0.004063 0.002961 0.411458
0.003992 0.003074 0.411458
0.003918 0.003186 0.411458
0.003842 0.003295 0.411458
0.003763 0.003403 0.411458
0.003682 0.003508 0.411458
0.003597 0.003611 0.411458
0.003508 0.003711 0.411458
0.003416 0.003807 0.411458
0.003321 0.003900 0.411458
0.003222 0.003990 0.411458
0.003120 0.004076 0.411458
0.003015 0.004159 0.411458
0.002908 0.004238 0.411458
0.002798 0.004314 0.411458
0.002686 0.004386 0.411458
0.002572 0.004454 0.411458
0.002455 0.004519 0.411458
0.002337 0.004580 0.411458
0.002216 0.004637 0.411458
0.002094 0.004691 0.411458
0.001970 0.004740 0.411458
0.001845 0.004785 0.411458
0.001718 0.004826 0.411458
0.001589 0.004862 0.411458
0.001460 0.004894 0.411458
0.001329 0.004920 0.411458
0.001197 0.004942 0.411458
0.001065 0.004961 0.411458
0.000933 0.004975 0.411458
0.000800 0.004986 0.411458
0.000667 0.004994 0.411458
0.000533 0.004999 0.411458
0.000400 0.005001 0.411458
0.000267 0.005002 0.411458
0.000133 0.005001 0.411458
-0.000000 0.005001 0.411458
-0.000133 0.005001 0.411458
-0.000267 0.005002 0.411458
-0.000400 0.005001 0.411458
-0.000533 0.004999 0.411458
-0.000667 0.004994 0.411458
-0.000800 0.004986 0.411458
-0.000933 0.004975 0.411458
-0.001065 0.004961 0.411458
-0.001197 0.004942 0.411458
-0.001329 0.004920 0.411458
-0.001460 0.004894 0.411458
-0.001589 0.004862 0.411458
-0.001718 0.004826 0.411458
-0.001845 0.004785 0.411458
-0.001970 0.004740 0.411458
-0.002094 0.004691 0.411458
-0.002216 0.004637 0.411458
-0.002337 0.004580 0.411458
-0.002455 0.004519 0.411458
-0.002572 0.004454 0.411458
-0.002686 0.004386 0.411458
-0.002798 0.004314 0.411458
-0.002908 0.004238 0.411458
-0.003015 0.004159 0.411458
-0.003120 0.004076 0.411458
-0.003222 0.003990 0.411458
-0.003321 0.003900 0.411458
-0.003416 0.003807 0.411458
-0.003508 0.003711 0.411458
-0.003597 0.003611 0.411458
-0.003682 0.003508 0.411458
-0.003763 0.003403 0.411458
-0.003842 0.003295 0.411458
-0.003918 0.003186 0.411458
-0.003992 0.003074 0.411458
-0.004063 0.002961 0.411458
-0.004131 0.002847 0.411458
-0.004198 0.002732 0.411458
-0.004265 0.002616 0.411458
-0.004331 0.002501 0.411458
-0.004398 0.002385 0.411458
-0.004465 0.002270 0.411458
-0.004531 0.002154 0.411458
-0.004596 0.002038 0.411458
-0.004658 0.001920 0.411458
-0.004718 0.001800 0.411458
-0.004775 0.001680 0.411458
-0.004829 0.001558 0.411458
-0.004879 0.001434 0.411458
-0.004926 0.001309 0.411458
-0.004968 0.001183 0.411458
-0.005005 0.001055 0.411458
-0.005038 0.000926 0.411458
-0.005066 0.000795 0.411458
-0.005090 0.000664 0.411458
-0.005109 0.000532 0.411458
-0.005124 0.000399 0.411458
-0.005135 0.000267 0.411458
-0.005141 0.000133 0.411458
-0.005143 0.000000 0.411458
-0.005141 -0.000133 0.411458
-0.005135 -0.000267 0.411458
-0.005124 -0.000399 0.411458
-0.005109 -0.000532 0.411458
-0.005090 -0.000664 0.411458
-0.005066 -0.000795 0.411458
-0.005038 -0.000926 0.411458
-0.005005 -0.001055 0.411458
-0.004968 -0.001183 0.411458
-0.004926 -0.001309 0.411458
-0.004879 -0.001434 0.411458
-0.004829 -0.001558 0.411458
-0.004775 -0.001680 0.411458
-0.004718 -0.001800 0.411458
-0.004658 -0.001920 0.411458
-0.004596 -0.002038 0.411458
-0.004531 -0.002154 0.411458
-0.004465 -0.002270 0.411458
-0.004398 -0.002385 0.411458
-0.004331 -0.002501 0.411458
-0.004265 -0.002616 0.411458
-0.004198 -0.002732 0.411458
-0.004131 -0.002847 0.411458
-0.004063 -0.002961 0.411458
-0.003992 -0.003074 0.411458
-0.003918 -0.003186 0.411458
-0.003842 -0.003295 0.411458
-0.003763 -0.003403 0.411458
-0.003682 -0.003508 0.411458
-0.003597 -0.003611 0.411458
-0.003508 -0.003711 0.411458
-0.003416 -0.003807 0.411458
-0.003321 -0.003900 0.411458
-0.003222 -0.003990 0.411458
-0.003120 -0.004076 0.411458
-0.003015 -0.004159 0.411458
-0.002908 -0.004238 0.411458
-0.002798 -0.004314 0.411458
-0.002686 -0.004386 0.411458
-0.002572 -0.004454 0.411458
-0.002455 -0.004519 0.411458
-0.002337 -0.004580 0.411458
-0.002216 -0.004637 0.411458
-0.002094 -0.004691 0.411458
-0.001970 -0.004740 0.411458
-0.001845 -0.004785 0.411458
-0.001718 -0.004826 0.411458
-0.001589 -0.004862 0.411458
-0.001460 -0.004894 0.411458
-0.001329 -0.004920 0.411458
-0.001197 -0.004942 0.411458
-0.001065 -0.004961 0.411458
-0.000933 -0.004975 0.411458
-0.000800 -0.004986 0.411458
-0.000667 -0.004994 0.411458
-0.000533 -0.004999 0.411458
-0.000400 -0.005001 0.411458
-0.000267 -0.005002 0.411458
-0.000133 -0.005001 0.411458
0.000000 -0.005001 0.411458
0.000133 -0.005001 0.411458
0.000267 -0.005002 0.411458
0.000400 -0.005001 0.411458
0.000533 -0.004999 0.411458
0.000667 -0.004994 0.411458
0.000800 -0.004986 0.411458
0.000933 -0.004975 0.411458
0.001065 -0.004961 0.411458
0.001197 -0.004942 0.411458
0.001329 -0.004920 0.411458
0.001460 -0.004894 0.411458
0.001589 -0.004862 0.411458
0.001718 -0.004826 0.411458
0.001845 -0.004785 0.411458
0.001970 -0.004740 0.411458
0.002094 -0.004691 0.411458
0.002216 -0.004637 0.411458
0.002337 -0.004580 0.411458
0.002455 -0.004519 0.411458
0.002572 -0.004454 0.411458
0.002686 -0.004386 0.411458
0.002798 -0.004314 0.411458
0.002908 -0.004238 0.411458
0.003015 -0.004159 0.411458
0.003120 -0.004076 0.411458
0.003222 -0.003990 0.411458
0.003321 -0.003900 0.411458
0.003416 -0.003807 0.411458
0.003508 -0.003711 0.411458
0.003597 -0.003611 0.411458
0.003682 -0.003508 0.411458
0.003763 -0.003403 0.411458
0.003842 -0.003295 0.411458
0.003918 -0.003186 0.411458
0.003992 -0.003074 0.411458
0.004063 -0.002961 0.411458
0.004131 -0.002847 0.411458
0.004198 -0.002732 0.411458
0.004265 -0.002616 0.411458
0.004331 -0.002501 0.411458
0.004398 -0.002385 0.411458
0.004465 -0.002270 0.411458
0.004531 -0.002154 0.411458
0.004596 -0.002038 0.411458
0.004658 -0.001920 0.411458
0.004718 -0.001800 0.411458
0.004775 -0.001680 0.411458
0.004829 -0.001558 0.411458
0.004879 -0.001434 0.411458
0.004926 -0.001309 0.411458
0.004968 -0.001183 0.411458
0.005005 -0.001055 0.411458
0.005038 -0.000926 0.411458
0.005066 -0.000795 0.411458
0.005090 -0.000664 0.411458
0.005109 -0.000532 0.411458
0.005124 -0.000399 0.411458
0.005135 -0.000267 0.411458
0.005141 -0.000133 0.411458
0.005143 -0.000000 0.411458

