0.007796 -0.000064 9.508681
0.007658 0.000080 9.508681
0.007518 0.000224 9.508681
0.007380 0.000369 9.508681
0.007244 0.000517 9.508681
0.007108 0.000664 9.508681
0.006964 0.000803 9.508681
0.006831 0.000953 9.508681
0.006694 0.001099 9.508681
0.006567 0.001254 9.508681
0.006428 0.001398 9.508681
0.006304 0.001555 9.508681
0.006150 0.001684 9.508681
0.006046 0.001855 9.508681
0.005916 0.002008 9.508681
0.005809 0.002177 9.508681
0.005689 0.002338 9.508681
0.005584 0.002508 9.508681
0.005459 0.002665 9.508681
0.005345 0.002830 9.508681
0.005234 0.002996 9.508681
0.005159 0.003182 9.508681
0.005081 0.003367 9.508681
0.005001 0.003550 9.508681
0.004932 0.003738 9.508681
0.004843 0.003918 9.508681
0.004786 0.004110 9.508681
0.004715 0.004297 9.508681
0.004661 0.004490 9.508681
0.004584 0.004675 9.508681
0.004549 0.004873 9.508681
0.004481 0.005061 9.508681
0.004442 0.005258 9.508681
0.004377 0.005447 9.508681
0.004323 0.005640 9.508681
0.004259 0.005830 9.508681
0.004203 0.006022 9.508681
0.004137 0.006211 9.508681
0.004078 0.006403 9.508681
0.004018 0.006594 9.508681
0.003857 0.006713 9.508681
0.003663 0.006662 9.508681
0.003469 0.006610 9.508681
0.003276 0.006558 9.508681
0.003080 0.006515 9.508681
0.002886 0.006465 9.508681
0.002690 0.006425 9.508681
0.002495 0.006377 9.508681
0.002299 0.006337 9.508681
0.002106 0.006282 9.508681
0.001911 0.006238 9.508681
0.001714 0.006199 9.508681
0.001519 0.006154 9.508681
0.001319 0.006165 9.508681
0.001137 0.006250 9.508681
0.000951 0.006177 9.508681
0.000752 0.006150 9.508681
0.000558 0.006101 9.508681
0.000359 0.006079 9.508681
0.000161 0.006049 9.508681
-0.000038 0.006028 9.508681
-0.000238 0.006051 9.508681
-0.000437 0.006066 9.508681
-0.000632 0.006112 9.508681
-0.000831 0.006136 9.508681
-0.001021 0.006200 9.508681
-0.001214 0.006145 9.508681
-0.001414 0.006164 9.508681
-0.001609 0.006209 9.508681
-0.001806 0.006242 9.508681
-0.002005 0.006271 9.508681
-0.002200 0.006314 9.508681
-0.002399 0.006338 9.508681
-0.002592 0.006392 9.508681
-0.002788 0.006433 9.508681
-0.002980 0.006492 9.508681
-0.003176 0.006535 9.508681
-0.003371 0.006577 9.508681
-0.003566 0.006623 9.508681
-0.003761 0.006671 9.508681
-0.003955 0.006722 9.508681
-0.004117 0.006605 9.508681
-0.004177 0.006413 9.508681
-0.004237 0.006222 9.508681
-0.004302 0.006033 9.508681
-0.004357 0.005840 9.508681
-0.004420 0.005650 9.508681
-0.004475 0.005457 9.508681
-0.004536 0.005266 9.508681
-0.004579 0.005071 9.508681
-0.004648 0.004882 9.508681
-0.004681 0.004685 9.508681
-0.004759 0.004500 9.508681
-0.004791 0.004303 9.508681
-0.004860 0.004114 9.508681
-0.004905 0.003919 9.508681
-0.004989 0.003737 9.508681
-0.005037 0.003543 9.508681
-0.005118 0.003360 9.508681
-0.005179 0.003169 9.508681
-0.005260 0.002985 9.508681
-0.005387 0.002831 9.508681
-0.005499 0.002664 9.508681
-0.005638 0.002520 9.508681
-0.005749 0.002353 9.508681
-0.005886 0.002207 9.508681
-0.006007 0.002047 9.508681
-0.006160 0.001918 9.508681
-0.006277 0.001756 9.508681
-0.006426 0.001622 9.508681
-0.006554 0.001468 9.508681
-0.006704 0.001334 9.508681
-0.006834 0.001182 9.508681
-0.006978 0.001043 9.508681
-0.007108 0.000890 9.508681
-0.007249 0.000748 9.508681
-0.007383 0.000599 9.508681
-0.007517 0.000450 9.508681
-0.007656 0.000306 9.508681
-0.007797 0.000164 9.508681
-0.007833 -0.000033 9.508681
-0.007704 -0.000186 9.508681
-0.007570 -0.000336 9.508681
-0.007430 -0.000479 9.508681
-0.007293 -0.000625 9.508681
-0.007149 -0.000764 9.508681
-0.007020 -0.000918 9.508681
-0.006885 -0.001066 9.508681
-0.006756 -0.001219 9.508681
-0.006605 -0.001350 9.508681
-0.006469 -0.001498 9.508681
-0.006316 -0.001627 9.508681
-0.006190 -0.001783 9.508681
-0.006040 -0.001916 9.508681
-0.005917 -0.002074 9.508681
-0.005788 -0.002227 9.508681
-0.005690 -0.002402 9.508681
-0.005561 -0.002555 9.508681
-0.005453 -0.002724 9.508681
-0.005320 -0.002874 9.508681
-0.005224 -0.003050 9.508681
-0.005177 -0.003244 9.508681
-0.005090 -0.003425 9.508681
-0.005046 -0.003620 9.508681
-0.004964 -0.003803 9.508681
-0.004910 -0.003996 9.508681
-0.004840 -0.004184 9.508681
-0.004800 -0.004380 9.508681
-0.004728 -0.004567 9.508681
-0.004679 -0.004761 9.508681
-0.004611 -0.004950 9.508681
-0.004571 -0.005146 9.508681
-0.004504 -0.005335 9.508681
-0.004462 -0.005531 9.508681
-0.004392 -0.005718 9.508681
-0.004339 -0.005912 9.508681
-0.004276 -0.006102 9.508681
-0.004216 -0.006293 9.508681
-0.004159 -0.006485 9.508681
-0.004106 -0.006678 9.508681
-0.003950 -0.006804 9.508681
-0.003753 -0.006763 9.508681
-0.003558 -0.006721 9.508681
-0.003362 -0.006679 9.508681
-0.003166 -0.006637 9.508681
-0.002972 -0.006585 9.508681
-0.002781 -0.006526 9.508681
-0.002585 -0.006485 9.508681
-0.002389 -0.006443 9.508681
-0.002190 -0.006417 9.508681
-0.001995 -0.006372 9.508681
-0.001798 -0.006335 9.508681
-0.001606 -0.006277 9.508681
-0.001409 -0.006243 9.508681
-0.001217 -0.006185 9.508681
-0.001021 -0.006142 9.508681
-0.000824 -0.006105 9.508681
-0.000625 -0.006084 9.508681
-0.000426 -0.006066 9.508681
-0.000228 -0.006037 9.508681
-0.000027 -0.006045 9.508681
0.000165 -0.006100 9.508681
0.000364 -0.006123 9.508681
0.000559 -0.006170 9.508681
0.000756 -0.006207 9.508681
0.000954 -0.006240 9.508681
0.001147 -0.006293 9.508681
0.001342 -0.006339 9.508681
0.001534 -0.006395 9.508681
0.001732 -0.006428 9.508681
0.001923 -0.006489 9.508681
0.002120 -0.006527 9.508681
0.002312 -0.006581 9.508681
0.002508 -0.006626 9.508681
0.002703 -0.006671 9.508681
0.002899 -0.006714 9.508681
0.003094 -0.006760 9.508681
0.003290 -0.006800 9.508681
0.003485 -0.006845 9.508681
0.003680 -0.006893 9.508681
0.003865 -0.006817 9.508681
0.003926 -0.006626 9.508681
0.003983 -0.006434 9.508681
0.004040 -0.006242 9.508681
0.004100 -0.006051 9.508681
0.004162 -0.005861 9.508681
0.004205 -0.005665 9.508681
0.004267 -0.005474 9.508681
0.004314 -0.005279 9.508681
0.004392 -0.005095 9.508681
0.004441 -0.004901 9.508681
0.004529 -0.004721 9.508681
0.004577 -0.004526 9.508681
0.004651 -0.004340 9.508681
0.004702 -0.004146 9.508681
0.004783 -0.003963 9.508681
0.004863 -0.003780 9.508681
0.004984 -0.003620 9.508681
0.005045 -0.003429 9.508681
0.005131 -0.003248 9.508681
0.005209 -0.003063 9.508681
0.005332 -0.002905 9.508681
0.005462 -0.002753 9.508681
0.005583 -0.002593 9.508681
0.005725 -0.002452 9.508681
0.005842 -0.002289 9.508681
0.005986 -0.002150 9.508681
0.006115 -0.001997 9.508681
0.006271 -0.001871 9.508681
0.006391 -0.001711 9.508681
0.006546 -0.001584 9.508681
0.006672 -0.001428 9.508681
0.006822 -0.001295 9.508681
0.006953 -0.001144 9.508681
0.007095 -0.001002 9.508681
0.007227 -0.000852 9.508681
0.007368 -0.000709 9.508681
0.007499 -0.000557 9.508681
0.007634 -0.000410 9.508681
0.007771 -0.000263 9.508681
0.007796 -0.000064 9.508681

