0.007951 -0.000023 10.305556
0.007799 0.000116 10.305556
0.007653 0.000261 10.305556
0.007510 0.000408 10.305556
0.007363 0.000552 10.305556
0.007229 0.000708 10.305556
0.007084 0.000853 10.305556
0.006946 0.001006 10.305556
0.006795 0.001146 10.305556
0.006667 0.001306 10.305556
0.006513 0.001443 10.305556
0.006397 0.001612 10.305556
0.006240 0.001746 10.305556
0.006108 0.001903 10.305556
0.005968 0.002054 10.305556
0.005847 0.002220 10.305556
0.005717 0.002379 10.305556
0.005600 0.002548 10.305556
0.005491 0.002722 10.305556
0.005361 0.002882 10.305556
0.005267 0.003064 10.305556
0.005209 0.003261 10.305556
0.005117 0.003445 10.305556
0.005051 0.003640 10.305556
0.004977 0.003832 10.305556
0.004915 0.004028 10.305556
0.004861 0.004226 10.305556
0.004785 0.004417 10.305556
0.004739 0.004618 10.305556
0.004678 0.004814 10.305556
0.004637 0.005015 10.305556
0.004563 0.005207 10.305556
0.004519 0.005408 10.305556
0.004441 0.005598 10.305556
0.004392 0.005798 10.305556
0.004319 0.005990 10.305556
0.004262 0.006187 10.305556
0.004193 0.006381 10.305556
0.004130 0.006577 10.305556
0.004052 0.006767 10.305556
0.003879 0.006878 10.305556
0.003686 0.006807 10.305556
0.003488 0.006752 10.305556
0.003292 0.006691 10.305556
0.003092 0.006642 10.305556
0.002894 0.006588 10.305556
0.002693 0.006545 10.305556
0.002494 0.006492 10.305556
0.002293 0.006452 10.305556
0.002091 0.006409 10.305556
0.001894 0.006352 10.305556
0.001692 0.006314 10.305556
0.001493 0.006261 10.305556
0.001294 0.006311 10.305556
0.001140 0.006448 10.305556
0.000971 0.006332 10.305556
0.000773 0.006277 10.305556
0.000575 0.006219 10.305556
0.000375 0.006173 10.305556
0.000173 0.006135 10.305556
-0.000029 0.006097 10.305556
-0.000233 0.006123 10.305556
-0.000432 0.006173 10.305556
-0.000631 0.006225 10.305556
-0.000830 0.006275 10.305556
-0.001005 0.006384 10.305556
-0.001167 0.006256 10.305556
-0.001371 0.006240 10.305556
-0.001567 0.006302 10.305556
-0.001772 0.006319 10.305556
-0.001972 0.006369 10.305556
-0.002174 0.006407 10.305556
-0.002374 0.006451 10.305556
-0.002570 0.006516 10.305556
-0.002771 0.006555 10.305556
-0.002969 0.006610 10.305556
-0.003172 0.006645 10.305556
-0.003370 0.006701 10.305556
-0.003568 0.006753 10.305556
-0.003765 0.006814 10.305556
-0.003955 0.006892 10.305556
-0.004136 0.006794 10.305556
-0.004217 0.006605 10.305556
-0.004284 0.006411 10.305556
-0.004354 0.006217 10.305556
-0.004414 0.006021 10.305556
-0.004485 0.005828 10.305556
-0.004534 0.005628 10.305556
-0.004612 0.005438 10.305556
-0.004651 0.005236 10.305556
-0.004730 0.005046 10.305556
-0.004761 0.004843 10.305556
-0.004832 0.004650 10.305556
-0.004875 0.004449 10.305556
-0.004950 0.004258 10.305556
-0.004982 0.004055 10.305556
-0.005051 0.003861 10.305556
-0.005107 0.003664 10.305556
-0.005175 0.003470 10.305556
-0.005247 0.003277 10.305556
-0.005299 0.003078 10.305556
-0.005410 0.002905 10.305556
-0.005545 0.002750 10.305556
-0.005679 0.002594 10.305556
-0.005801 0.002429 10.305556
-0.005955 0.002292 10.305556
-0.006084 0.002132 10.305556
-0.006233 0.001991 10.305556
-0.006357 0.001827 10.305556
-0.006519 0.001701 10.305556
-0.006648 0.001540 10.305556
-0.006801 0.001403 10.305556
-0.006930 0.001243 10.305556
-0.007079 0.001102 10.305556
-0.007210 0.000943 10.305556
-0.007357 0.000800 10.305556
-0.007491 0.000644 10.305556
-0.007640 0.000502 10.305556
-0.007785 0.000357 10.305556
-0.007933 0.000214 10.305556
-0.007976 0.000013 10.305556
-0.007845 -0.000146 10.305556
-0.007721 -0.000310 10.305556
-0.007586 -0.000465 10.305556
-0.007458 -0.000625 10.305556
-0.007312 -0.000770 10.305556
-0.007173 -0.000922 10.305556
-0.007022 -0.001061 10.305556
-0.006896 -0.001223 10.305556
-0.006752 -0.001370 10.305556
-0.006624 -0.001531 10.305556
-0.006463 -0.001659 10.305556
-0.006327 -0.001813 10.305556
-0.006175 -0.001951 10.305556
-0.006042 -0.002108 10.305556
-0.005882 -0.002237 10.305556
-0.005760 -0.002402 10.305556
-0.005624 -0.002556 10.305556
-0.005517 -0.002732 10.305556
-0.005389 -0.002893 10.305556
-0.005307 -0.003081 10.305556
-0.005263 -0.003282 10.305556
-0.005175 -0.003468 10.305556
-0.005134 -0.003669 10.305556
-0.005049 -0.003856 10.305556
-0.005016 -0.004059 10.305556
-0.004944 -0.004252 10.305556
-0.004894 -0.004451 10.305556
-0.004821 -0.004643 10.305556
-0.004782 -0.004845 10.305556
-0.004714 -0.005039 10.305556
-0.004669 -0.005240 10.305556
-0.004596 -0.005432 10.305556
-0.004547 -0.005631 10.305556
-0.004472 -0.005823 10.305556
-0.004426 -0.006023 10.305556
-0.004356 -0.006216 10.305556
-0.004308 -0.006416 10.305556
-0.004249 -0.006613 10.305556
-0.004194 -0.006811 10.305556
-0.004029 -0.006934 10.305556
-0.003829 -0.006888 10.305556
-0.003628 -0.006846 10.305556
-0.003427 -0.006803 10.305556
-0.003227 -0.006757 10.305556
-0.003024 -0.006724 10.305556
-0.002825 -0.006672 10.305556
-0.002625 -0.006625 10.305556
-0.002430 -0.006560 10.305556
-0.002228 -0.006522 10.305556
-0.002028 -0.006474 10.305556
-0.001824 -0.006450 10.305556
-0.001624 -0.006401 10.305556
-0.001422 -0.006361 10.305556
-0.001222 -0.006317 10.305556
-0.001022 -0.006267 10.305556
-0.000823 -0.006218 10.305556
-0.000625 -0.006161 10.305556
-0.000422 -0.006130 10.305556
-0.000217 -0.006108 10.305556
-0.000017 -0.006152 10.305556
0.000183 -0.006203 10.305556
0.000387 -0.006225 10.305556
0.000583 -0.006287 10.305556
0.000786 -0.006317 10.305556
0.000982 -0.006380 10.305556
0.001181 -0.006432 10.305556
0.001382 -0.006474 10.305556
0.001582 -0.006523 10.305556
0.001782 -0.006568 10.305556
0.001979 -0.006626 10.305556
0.002182 -0.006662 10.305556
0.002379 -0.006721 10.305556
0.002582 -0.006754 10.305556
0.002781 -0.006805 10.305556
0.002982 -0.006846 10.305556
0.003182 -0.006892 10.305556
0.003383 -0.006937 10.305556
0.003583 -0.006987 10.305556
0.003784 -0.007026 10.305556
0.003968 -0.006934 10.305556
0.004017 -0.006735 10.305556
0.004073 -0.006537 10.305556
0.004135 -0.006341 10.305556
0.004185 -0.006141 10.305556
0.004257 -0.005949 10.305556
0.004307 -0.005750 10.305556
0.004378 -0.005557 10.305556
0.004408 -0.005353 10.305556
0.004484 -0.005162 10.305556
0.004524 -0.004960 10.305556
0.004601 -0.004770 10.305556
0.004664 -0.004574 10.305556
0.004741 -0.004384 10.305556
0.004809 -0.004190 10.305556
0.004856 -0.003990 10.305556
0.004944 -0.003804 10.305556
0.005096 -0.003666 10.305556
0.005146 -0.003466 10.305556
0.005196 -0.003267 10.305556
0.005287 -0.003082 10.305556
0.005432 -0.002937 10.305556
0.005560 -0.002776 10.305556
0.005697 -0.002623 10.305556
0.005835 -0.002471 10.305556
0.005970 -0.002315 10.305556
0.006128 -0.002184 10.305556
0.006259 -0.002026 10.305556
0.006408 -0.001885 10.305556
0.006538 -0.001725 10.305556
0.006699 -0.001597 10.305556
0.006824 -0.001434 10.305556
0.006981 -0.001301 10.305556
0.007106 -0.001138 10.305556
0.007256 -0.000997 10.305556
0.007386 -0.000838 10.305556
0.007529 -0.000691 10.305556
0.007662 -0.000534 10.305556
0.007805 -0.000387 10.305556
0.007936 -0.000228 10.305556
0.007951 -0.000023 10.305556

