0.006363 -0.000000 2.937500
0.006310 0.000152 2.937500
0.006208 0.000277 2.937500
0.006109 0.000404 2.937500
0.006009 0.000531 2.937500
0.005906 0.000655 2.937500
0.005802 0.000779 2.937500
0.005703 0.000906 2.937500
0.005607 0.001035 2.937500
0.005507 0.001162 2.937500
0.005401 0.001283 2.937500
0.005295 0.001405 2.937500
0.005195 0.001532 2.937500
0.005101 0.001662 2.937500
0.005006 0.001792 2.937500
0.004904 0.001918 2.937500
0.004798 0.002039 2.937500
0.004689 0.002158 2.937500
0.004582 0.002279 2.937500
0.004474 0.002399 2.937500
0.004376 0.002526 2.937500
0.004315 0.002676 2.937500
0.004265 0.002829 2.937500
0.004213 0.002982 2.937500
0.004165 0.003136 2.937500
0.004113 0.003288 2.937500
0.004055 0.003439 2.937500
0.003990 0.003586 2.937500
0.003924 0.003733 2.937500
0.003864 0.003883 2.937500
0.003812 0.004036 2.937500
0.003760 0.004188 2.937500
0.003700 0.004338 2.937500
0.003636 0.004486 2.937500
0.003575 0.004636 2.937500
0.003521 0.004787 2.937500
0.003465 0.004939 2.937500
0.003404 0.005088 2.937500
0.003344 0.005238 2.937500
0.003286 0.005388 2.937500
0.003182 0.005511 2.937500
0.003023 0.005540 2.937500
0.002864 0.005515 2.937500
0.002704 0.005492 2.937500
0.002545 0.005470 2.937500
0.002386 0.005443 2.937500
0.002227 0.005414 2.937500
0.002067 0.005392 2.937500
0.001907 0.005373 2.937500
0.001747 0.005350 2.937500
0.001589 0.005319 2.937500
0.001431 0.005288 2.937500
0.001271 0.005265 2.937500
0.001111 0.005248 2.937500
0.000951 0.005231 2.937500
0.000791 0.005206 2.937500
0.000633 0.005175 2.937500
0.000476 0.005140 2.937500
0.000318 0.005108 2.937500
0.000160 0.005074 2.937500
-0.000000 0.005053 2.937500
-0.000160 0.005074 2.937500
-0.000318 0.005108 2.937500
-0.000476 0.005140 2.937500
-0.000633 0.005175 2.937500
-0.000791 0.005206 2.937500
-0.000951 0.005231 2.937500
-0.001111 0.005248 2.937500
-0.001271 0.005265 2.937500
-0.001431 0.005288 2.937500
-0.001589 0.005319 2.937500
-0.001747 0.005350 2.937500
-0.001907 0.005373 2.937500
-0.002067 0.005392 2.937500
-0.002227 0.005414 2.937500
-0.002386 0.005443 2.937500
-0.002545 0.005470 2.937500
-0.002704 0.005492 2.937500
-0.002864 0.005515 2.937500
-0.003023 0.005540 2.937500
-0.003182 0.005511 2.937500
-0.003286 0.005388 2.937500
-0.003344 0.005238 2.937500
-0.003404 0.005088 2.937500
-0.003465 0.004939 2.937500
-0.003521 0.004787 2.937500
-0.003575 0.004636 2.937500
-0.003636 0.004486 2.937500
-0.003700 0.004338 2.937500
-0.003760 0.004188 2.937500
-0.003812 0.004036 2.937500
-0.003864 0.003883 2.937500
-0.003924 0.003733 2.937500
-0.003990 0.003586 2.937500
-0.004055 0.003439 2.937500
-0.004113 0.003288 2.937500
-0.004165 0.003136 2.937500
-0.004213 0.002982 2.937500
-0.004265 0.002829 2.937500
-0.004315 0.002676 2.937500
-0.004376 0.002526 2.937500
-0.004474 0.002399 2.937500
-0.004582 0.002279 2.937500
-0.004689 0.002158 2.937500
-0.004798 0.002039 2.937500
-0.004904 0.001918 2.937500
-0.005006 0.001792 2.937500
-0.005101 0.001662 2.937500
-0.005195 0.001532 2.937500
-0.005295 0.001405 2.937500
-0.005401 0.001283 2.937500
-0.005507 0.001162 2.937500
-0.005607 0.001035 2.937500
-0.005703 0.000906 2.937500
-0.005802 0.000779 2.937500
-0.005906 0.000655 2.937500
-0.006009 0.000531 2.937500
-0.006109 0.000404 2.937500
-0.006208 0.000277 2.937500
-0.006310 0.000152 2.937500
-0.006363 0.000000 2.937500
-0.006310 -0.000152 2.937500
-0.006208 -0.000277 2.937500
-0.006109 -0.000404 2.937500
-0.006009 -0.000531 2.937500
-0.005906 -0.000655 2.937500
-0.005802 -0.000779 2.937500
-0.005703 -0.000906 2.937500
-0.005607 -0.001035 2.937500
-0.005507 -0.001162 2.937500
-0.005401 -0.001283 2.937500
-0.005295 -0.001405 2.937500
-0.005195 -0.001532 2.937500
-0.005101 -0.001662 2.937500
-0.005006 -0.001792 2.937500
-0.004904 -0.001918 2.937500
-0.004798 -0.002039 2.937500
-0.004689 -0.002158 2.937500
-0.004582 -0.002279 2.937500
-0.004474 -0.002399 2.937500
-0.004376 -0.002526 2.937500
-0.004315 -0.002676 2.937500
-0.004265 -0.002829 2.937500
-0.004213 -0.002982 2.937500
-0.004165 -0.003136 2.937500
-0.004113 -0.003288 2.937500
-0.004055 -0.003439 2.937500
-0.003990 -0.003586 2.937500
-0.003924 -0.003733 2.937500
-0.003864 -0.003883 2.937500
-0.003812 -0.004036 2.937500
-0.003760 -0.004188 2.937500
-0.003700 -0.004338 2.937500
-0.003636 -0.004486 2.937500
-0.003575 -0.004636 2.937500
-0.003521 -0.004787 2.937500
-0.003465 -0.004939 2.937500
-0.003404 -0.005088 2.937500
-0.003344 -0.005238 2.937500
-0.003286 -0.005388 2.937500
-0.003182 -0.005511 2.937500
-0.003023 -0.005540 2.937500
-0.002864 -0.005515 2.937500
-0.002704 -0.005492 2.937500
-0.002545 -0.005470 2.937500
-0.002386 -0.005443 2.937500
-0.002227 -0.005414 2.937500
-0.002067 -0.005392 2.937500
-0.001907 -0.005373 2.937500
-0.001747 -0.005350 2.937500
-0.001589 -0.005319 2.937500
-0.001431 -0.005288 2.937500
-0.001271 -0.005265 2.937500
-0.001111 -0.005248 2.937500
-0.000951 -0.005231 2.937500
-0.000791 -0.005206 2.937500
-0.000633 -0.005175 2.937500
-0.000476 -0.005140 2.937500
-0.000318 -0.005108 2.937500
-0.000160 -0.005074 2.937500
0.000000 -0.005053 2.937500
0.000160 -0.005074 2.937500
0.000318 -0.005108 2.937500
0.000476 -0.005140 2.937500
0.000633 -0.005175 2.937500
0.000791 -0.005206 2.937500
0.000951 -0.005231 2.937500
0.001111 -0.005248 2.937500
0.001271 -0.005265 2.937500
0.001431 -0.005288 2.937500
0.001589 -0.005319 2.937500
0.001747 -0.005350 2.937500
0.001907 -0.005373 2.937500
0.002067 -0.005392 2.937500
0.002227 -0.005414 2.937500
0.002386 -0.005443 2.937500
0.002545 -0.005470 2.937500
0.002704 -0.005492 2.937500
0.002864 -0.005515 2.937500
0.003023 -0.005540 2.937500
0.003182 -0.005511 2.937500
0.003286 -0.005388 2.937500
0.003344 -0.005238 2.937500
0.003404 -0.005088 2.937500
0.003465 -0.004939 2.937500
0.003521 -0.004787 2.937500
0.003575 -0.004636 2.937500
0.003636 -0.004486 2.937500
0.003700 -0.004338 2.937500
0.003760 -0.004188 2.937500
0.003812 -0.004036 2.937500
0.003864 -0.003883 2.937500
0.003924 -0.003733 2.937500
0.003990 -0.003586 2.937500
0.004055 -0.003439 2.937500
0.004113 -0.003288 2.937500
0.004165 -0.003136 2.937500
0.004213 -0.002982 2.937500
0.004265 -0.002829 2.937500
0.004315 -0.002676 2.937500
0.004376 -0.002526 2.937500
0.004474 -0.002399 2.937500
0.004582 -0.002279 2.937500
0.004689 -0.002158 2.937500
0.004798 -0.002039 2.937500
0.004904 -0.001918 2.937500
0.005006 -0.001792 2.937500
0.005101 -0.001662 2.937500
0.005195 -0.001532 2.937500
0.005295 -0.001405 2.937500
0.005401 -0.001283 2.937500
0.005507 -0.001162 2.937500
0.005607 -0.001035 2.937500
0.005703 -0.000906 2.937500
0.005802 -0.000779 2.937500
0.005906 -0.000655 2.937500
0.006009 -0.000531 2.937500
0.006109 -0.000404 2.937500
0.006208 -0.000277 2.937500
0.006310 -0.000152 2.937500
0.006363 -0.000000 2.937500

