0.007589 -0.000081 8.539931
0.007455 0.000060 8.539931
0.007321 0.000200 8.539931
0.007190 0.000343 8.539931
0.007054 0.000482 8.539931
0.006923 0.000625 8.539931
0.006798 0.000773 8.539931
0.006671 0.000920 8.539931
0.006539 0.001062 8.539931
0.006414 0.001210 8.539931
0.006285 0.001355 8.539931
0.006170 0.001511 8.539931
0.006053 0.001666 8.539931
0.005966 0.001840 8.539931
0.005846 0.001993 8.539931
0.005750 0.002161 8.539931
0.005624 0.002309 8.539931
0.005521 0.002473 8.539931
0.005402 0.002626 8.539931
0.005296 0.002789 8.539931
0.005168 0.002934 8.539931
0.005086 0.003110 8.539931
0.005025 0.003294 8.539931
0.004936 0.003467 8.539931
0.004869 0.003649 8.539931
0.004788 0.003825 8.539931
0.004724 0.004008 8.539931
0.004629 0.004178 8.539931
0.004571 0.004363 8.539931
0.004494 0.004541 8.539931
0.004434 0.004725 8.539931
0.004364 0.004907 8.539931
0.004309 0.005092 8.539931
0.004252 0.005278 8.539931
0.004205 0.005466 8.539931
0.004150 0.005652 8.539931
0.004095 0.005838 8.539931
0.004042 0.006025 8.539931
0.003983 0.006210 8.539931
0.003924 0.006395 8.539931
0.003774 0.006517 8.539931
0.003586 0.006468 8.539931
0.003397 0.006423 8.539931
0.003207 0.006383 8.539931
0.003019 0.006338 8.539931
0.002830 0.006294 8.539931
0.002640 0.006251 8.539931
0.002452 0.006203 8.539931
0.002262 0.006166 8.539931
0.002070 0.006136 8.539931
0.001876 0.006123 8.539931
0.001683 0.006104 8.539931
0.001489 0.006097 8.539931
0.001297 0.006076 8.539931
0.001103 0.006089 8.539931
0.000913 0.006049 8.539931
0.000720 0.006036 8.539931
0.000528 0.006003 8.539931
0.000334 0.005996 8.539931
0.000145 0.005956 8.539931
-0.000049 0.005941 8.539931
-0.000239 0.005982 8.539931
-0.000433 0.005991 8.539931
-0.000624 0.006019 8.539931
-0.000818 0.006024 8.539931
-0.001009 0.006062 8.539931
-0.001203 0.006054 8.539931
-0.001396 0.006074 8.539931
-0.001589 0.006081 8.539931
-0.001780 0.006119 8.539931
-0.001973 0.006140 8.539931
-0.002162 0.006181 8.539931
-0.002354 0.006211 8.539931
-0.002545 0.006245 8.539931
-0.002737 0.006274 8.539931
-0.002928 0.006305 8.539931
-0.003117 0.006350 8.539931
-0.003305 0.006400 8.539931
-0.003494 0.006444 8.539931
-0.003682 0.006489 8.539931
-0.003871 0.006533 8.539931
-0.004020 0.006409 8.539931
-0.004079 0.006224 8.539931
-0.004136 0.006038 8.539931
-0.004188 0.005851 8.539931
-0.004244 0.005666 8.539931
-0.004298 0.005479 8.539931
-0.004345 0.005291 8.539931
-0.004402 0.005105 8.539931
-0.004455 0.004919 8.539931
-0.004514 0.004734 8.539931
-0.004564 0.004546 8.539931
-0.004629 0.004364 8.539931
-0.004675 0.004175 8.539931
-0.004763 0.004002 8.539931
-0.004811 0.003814 8.539931
-0.004892 0.003638 8.539931
-0.004950 0.003453 8.539931
-0.005040 0.003281 8.539931
-0.005094 0.003094 8.539931
-0.005180 0.002920 8.539931
-0.005314 0.002780 8.539931
-0.005419 0.002617 8.539931
-0.005547 0.002470 8.539931
-0.005651 0.002307 8.539931
-0.005788 0.002169 8.539931
-0.005889 0.002004 8.539931
-0.006019 0.001860 8.539931
-0.006137 0.001706 8.539931
-0.006274 0.001568 8.539931
-0.006394 0.001416 8.539931
-0.006529 0.001276 8.539931
-0.006658 0.001131 8.539931
-0.006794 0.000993 8.539931
-0.006929 0.000854 8.539931
-0.007061 0.000711 8.539931
-0.007194 0.000570 8.539931
-0.007329 0.000431 8.539931
-0.007459 0.000286 8.539931
-0.007590 0.000144 8.539931
-0.007622 -0.000047 8.539931
-0.007485 -0.000185 8.539931
-0.007349 -0.000323 8.539931
-0.007220 -0.000468 8.539931
-0.007091 -0.000614 8.539931
-0.006962 -0.000758 8.539931
-0.006827 -0.000897 8.539931
-0.006682 -0.001027 8.539931
-0.006546 -0.001165 8.539931
-0.006407 -0.001301 8.539931
-0.006284 -0.001451 8.539931
-0.006154 -0.001595 8.539931
-0.006042 -0.001753 8.539931
-0.005921 -0.001904 8.539931
-0.005831 -0.002077 8.539931
-0.005708 -0.002226 8.539931
-0.005596 -0.002385 8.539931
-0.005474 -0.002536 8.539931
-0.005371 -0.002700 8.539931
-0.005243 -0.002845 8.539931
-0.005134 -0.003006 8.539931
-0.005079 -0.003193 8.539931
-0.004995 -0.003367 8.539931
-0.004931 -0.003551 8.539931
-0.004853 -0.003728 8.539931
-0.004803 -0.003916 8.539931
-0.004723 -0.004092 8.539931
-0.004666 -0.004278 8.539931
-0.004596 -0.004459 8.539931
-0.004554 -0.004648 8.539931
-0.004485 -0.004830 8.539931
-0.004436 -0.005017 8.539931
-0.004372 -0.005201 8.539931
-0.004321 -0.005388 8.539931
-0.004270 -0.005575 8.539931
-0.004216 -0.005761 8.539931
-0.004160 -0.005947 8.539931
-0.004106 -0.006134 8.539931
-0.004046 -0.006318 8.539931
-0.003988 -0.006503 8.539931
-0.003840 -0.006628 8.539931
-0.003651 -0.006584 8.539931
-0.003463 -0.006535 8.539931
-0.003275 -0.006487 8.539931
-0.003088 -0.006437 8.539931
-0.002897 -0.006401 8.539931
-0.002705 -0.006374 8.539931
-0.002515 -0.006336 8.539931
-0.002326 -0.006290 8.539931
-0.002137 -0.006246 8.539931
-0.001950 -0.006195 8.539931
-0.001760 -0.006158 8.539931
-0.001571 -0.006111 8.539931
-0.001379 -0.006084 8.539931
-0.001187 -0.006056 8.539931
-0.000993 -0.006056 8.539931
-0.000801 -0.006027 8.539931
-0.000608 -0.006014 8.539931
-0.000415 -0.005993 8.539931
-0.000221 -0.005979 8.539931
-0.000029 -0.005950 8.539931
0.000163 -0.005977 8.539931
0.000354 -0.006010 8.539931
0.000547 -0.006029 8.539931
0.000737 -0.006068 8.539931
0.000929 -0.006098 8.539931
0.001118 -0.006141 8.539931
0.001311 -0.006162 8.539931
0.001498 -0.006215 8.539931
0.001688 -0.006255 8.539931
0.001876 -0.006304 8.539931
0.002064 -0.006348 8.539931
0.002253 -0.006393 8.539931
0.002442 -0.006437 8.539931
0.002630 -0.006487 8.539931
0.002818 -0.006533 8.539931
0.003007 -0.006576 8.539931
0.003195 -0.006624 8.539931
0.003385 -0.006666 8.539931
0.003574 -0.006708 8.539931
0.003756 -0.006640 8.539931
0.003812 -0.006454 8.539931
0.003866 -0.006268 8.539931
0.003922 -0.006082 8.539931
0.003971 -0.005894 8.539931
0.004025 -0.005708 8.539931
0.004090 -0.005525 8.539931
0.004160 -0.005344 8.539931
0.004223 -0.005161 8.539931
0.004293 -0.004980 8.539931
0.004349 -0.004794 8.539931
0.004421 -0.004614 8.539931
0.004475 -0.004427 8.539931
0.004574 -0.004260 8.539931
0.004643 -0.004079 8.539931
0.004740 -0.003911 8.539931
0.004806 -0.003728 8.539931
0.004909 -0.003564 8.539931
0.004972 -0.003380 8.539931
0.005060 -0.003207 8.539931
0.005118 -0.003022 8.539931
0.005228 -0.002862 8.539931
0.005361 -0.002721 8.539931
0.005466 -0.002558 8.539931
0.005596 -0.002414 8.539931
0.005708 -0.002255 8.539931
0.005848 -0.002121 8.539931
0.005952 -0.001957 8.539931
0.006094 -0.001825 8.539931
0.006217 -0.001675 8.539931
0.006358 -0.001541 8.539931
0.006486 -0.001395 8.539931
0.006622 -0.001258 8.539931
0.006753 -0.001115 8.539931
0.006892 -0.000979 8.539931
0.007025 -0.000838 8.539931
0.007158 -0.000696 8.539931
0.007294 -0.000558 8.539931
0.007426 -0.000416 8.539931
0.007557 -0.000273 8.539931
0.007589 -0.000081 8.539931

