0.008007 -0.000010 10.593750
0.007853 0.000129 10.593750
0.007703 0.000272 10.593750
0.007559 0.000421 10.593750
0.007408 0.000563 10.593750
0.007271 0.000719 10.593750
0.007126 0.000867 10.593750
0.006989 0.001023 10.593750
0.006834 0.001160 10.593750
0.006705 0.001323 10.593750
0.006546 0.001456 10.593750
0.006428 0.001626 10.593750
0.006277 0.001769 10.593750
0.006140 0.001924 10.593750
0.005994 0.002072 10.593750
0.005867 0.002236 10.593750
0.005735 0.002396 10.593750
0.005607 0.002559 10.593750
0.005500 0.002736 10.593750
0.005373 0.002900 10.593750
0.005287 0.003089 10.593750
0.005226 0.003287 10.593750
0.005133 0.003472 10.593750
0.005076 0.003672 10.593750
0.005003 0.003866 10.593750
0.004948 0.004066 10.593750
0.004886 0.004264 10.593750
0.004814 0.004458 10.593750
0.004774 0.004661 10.593750
0.004712 0.004859 10.593750
0.004663 0.005061 10.593750
0.004589 0.005254 10.593750
0.004542 0.005456 10.593750
0.004462 0.005648 10.593750
0.004416 0.005850 10.593750
0.004338 0.006042 10.593750
0.004282 0.006242 10.593750
0.004208 0.006436 10.593750
0.004141 0.006632 10.593750
0.004060 0.006823 10.593750
0.003887 0.006938 10.593750
0.003695 0.006861 10.593750
0.003496 0.006803 10.593750
0.003298 0.006740 10.593750
0.003097 0.006689 10.593750
0.002898 0.006632 10.593750
0.002695 0.006588 10.593750
0.002495 0.006535 10.593750
0.002292 0.006489 10.593750
0.002088 0.006452 10.593750
0.001889 0.006393 10.593750
0.001686 0.006352 10.593750
0.001484 0.006308 10.593750
0.001287 0.006373 10.593750
0.001138 0.006518 10.593750
0.000972 0.006393 10.593750
0.000775 0.006329 10.593750
0.000577 0.006268 10.593750
0.000377 0.006214 10.593750
0.000174 0.006172 10.593750
-0.000029 0.006129 10.593750
-0.000234 0.006160 10.593750
-0.000432 0.006221 10.593750
-0.000633 0.006273 10.593750
-0.000831 0.006335 10.593750
-0.001001 0.006454 10.593750
-0.001148 0.006307 10.593750
-0.001352 0.006275 10.593750
-0.001552 0.006331 10.593750
-0.001759 0.006347 10.593750
-0.001957 0.006406 10.593750
-0.002162 0.006443 10.593750
-0.002362 0.006496 10.593750
-0.002560 0.006556 10.593750
-0.002764 0.006594 10.593750
-0.002965 0.006648 10.593750
-0.003169 0.006684 10.593750
-0.003366 0.006747 10.593750
-0.003567 0.006801 10.593750
-0.003763 0.006868 10.593750
-0.003952 0.006954 10.593750
-0.004134 0.006854 10.593750
-0.004220 0.006666 10.593750
-0.004293 0.006472 10.593750
-0.004369 0.006279 10.593750
-0.004430 0.006081 10.593750
-0.004506 0.005888 10.593750
-0.004552 0.005686 10.593750
-0.004634 0.005495 10.593750
-0.004674 0.005292 10.593750
-0.004754 0.005101 10.593750
-0.004791 0.004896 10.593750
-0.004861 0.004701 10.593750
-0.004901 0.004498 10.593750
-0.004979 0.004305 10.593750
-0.005016 0.004101 10.593750
-0.005079 0.003904 10.593750
-0.005137 0.003705 10.593750
-0.005196 0.003506 10.593750
-0.005276 0.003315 10.593750
-0.005315 0.003111 10.593750
-0.005418 0.002931 10.593750
-0.005563 0.002783 10.593750
-0.005693 0.002621 10.593750
-0.005824 0.002461 10.593750
-0.005980 0.002323 10.593750
-0.006108 0.002161 10.593750
-0.006258 0.002017 10.593750
-0.006387 0.001854 10.593750
-0.006551 0.001728 10.593750
-0.006678 0.001564 10.593750
-0.006833 0.001426 10.593750
-0.006962 0.001264 10.593750
-0.007113 0.001122 10.593750
-0.007245 0.000962 10.593750
-0.007394 0.000818 10.593750
-0.007530 0.000661 10.593750
-0.007684 0.000522 10.593750
-0.007830 0.000375 10.593750
-0.007978 0.000230 10.593750
-0.008024 0.000028 10.593750
-0.007890 -0.000130 10.593750
-0.007766 -0.000296 10.593750
-0.007632 -0.000454 10.593750
-0.007507 -0.000620 10.593750
-0.007364 -0.000770 10.593750
-0.007229 -0.000927 10.593750
-0.007073 -0.001064 10.593750
-0.006942 -0.001224 10.593750
-0.006795 -0.001371 10.593750
-0.006671 -0.001537 10.593750
-0.006514 -0.001673 10.593750
-0.006376 -0.001827 10.593750
-0.006220 -0.001964 10.593750
-0.006088 -0.002124 10.593750
-0.005924 -0.002251 10.593750
-0.005794 -0.002412 10.593750
-0.005649 -0.002561 10.593750
-0.005534 -0.002734 10.593750
-0.005413 -0.002902 10.593750
-0.005342 -0.003097 10.593750
-0.005291 -0.003298 10.593750
-0.005204 -0.003486 10.593750
-0.005164 -0.003689 10.593750
-0.005081 -0.003879 10.593750
-0.005053 -0.004085 10.593750
-0.004976 -0.004277 10.593750
-0.004926 -0.004478 10.593750
-0.004855 -0.004673 10.593750
-0.004817 -0.004877 10.593750
-0.004747 -0.005072 10.593750
-0.004699 -0.005274 10.593750
-0.004624 -0.005467 10.593750
-0.004574 -0.005669 10.593750
-0.004500 -0.005862 10.593750
-0.004455 -0.006065 10.593750
-0.004384 -0.006260 10.593750
-0.004340 -0.006462 10.593750
-0.004278 -0.006660 10.593750
-0.004222 -0.006860 10.593750
-0.004055 -0.006982 10.593750
-0.003853 -0.006932 10.593750
-0.003651 -0.006888 10.593750
-0.003448 -0.006847 10.593750
-0.003247 -0.006796 10.593750
-0.003042 -0.006764 10.593750
-0.002840 -0.006717 10.593750
-0.002637 -0.006674 10.593750
-0.002440 -0.006608 10.593750
-0.002237 -0.006565 10.593750
-0.002038 -0.006509 10.593750
-0.001832 -0.006483 10.593750
-0.001629 -0.006441 10.593750
-0.001426 -0.006399 10.593750
-0.001223 -0.006358 10.593750
-0.001021 -0.006309 10.593750
-0.000819 -0.006263 10.593750
-0.000620 -0.006203 10.593750
-0.000419 -0.006155 10.593750
-0.000212 -0.006139 10.593750
-0.000012 -0.006196 10.593750
0.000191 -0.006236 10.593750
0.000396 -0.006265 10.593750
0.000593 -0.006330 10.593750
0.000798 -0.006360 10.593750
0.000993 -0.006432 10.593750
0.001196 -0.006475 10.593750
0.001399 -0.006518 10.593750
0.001600 -0.006570 10.593750
0.001802 -0.006617 10.593750
0.002002 -0.006672 10.593750
0.002206 -0.006708 10.593750
0.002405 -0.006765 10.593750
0.002610 -0.006797 10.593750
0.002810 -0.006853 10.593750
0.003013 -0.006891 10.593750
0.003215 -0.006940 10.593750
0.003417 -0.006985 10.593750
0.003620 -0.007031 10.593750
0.003824 -0.007067 10.593750
0.004009 -0.006974 10.593750
0.004055 -0.006771 10.593750
0.004105 -0.006570 10.593750
0.004170 -0.006373 10.593750
0.004216 -0.006171 10.593750
0.004288 -0.005977 10.593750
0.004339 -0.005776 10.593750
0.004415 -0.005583 10.593750
0.004444 -0.005377 10.593750
0.004519 -0.005184 10.593750
0.004559 -0.004981 10.593750
0.004631 -0.004786 10.593750
0.004693 -0.004588 10.593750
0.004768 -0.004395 10.593750
0.004846 -0.004203 10.593750
0.004887 -0.003999 10.593750
0.004980 -0.003814 10.593750
0.005145 -0.003689 10.593750
0.005192 -0.003487 10.593750
0.005224 -0.003282 10.593750
0.005314 -0.003096 10.593750
0.005466 -0.002954 10.593750
0.005592 -0.002789 10.593750
0.005735 -0.002639 10.593750
0.005874 -0.002485 10.593750
0.006016 -0.002334 10.593750
0.006172 -0.002198 10.593750
0.006302 -0.002036 10.593750
0.006454 -0.001895 10.593750
0.006588 -0.001737 10.593750
0.006746 -0.001603 10.593750
0.006872 -0.001438 10.593750
0.007030 -0.001303 10.593750
0.007154 -0.001137 10.593750
0.007307 -0.000998 10.593750
0.007435 -0.000835 10.593750
0.007582 -0.000688 10.593750
0.007715 -0.000529 10.593750
0.007858 -0.000379 10.593750
0.007987 -0.000217 10.593750
0.008007 -0.000010 10.593750

