0.005345 -0.000000 0.850694
0.005342 0.000137 0.850694
0.005333 0.000273 0.850694
0.005317 0.000409 0.850694
0.005295 0.000544 0.850694
0.005264 0.000678 0.850694
0.005223 0.000808 0.850694
0.005175 0.000936 0.850694
0.005121 0.001062 0.850694
0.005064 0.001186 0.850694
0.005004 0.001309 0.850694
0.004942 0.001431 0.850694
0.004878 0.001552 0.850694
0.004811 0.001672 0.850694
0.004743 0.001790 0.850694
0.004675 0.001909 0.850694
0.004606 0.002027 0.850694
0.004537 0.002146 0.850694
0.004469 0.002264 0.850694
0.004400 0.002383 0.850694
0.004332 0.002501 0.850694
0.004264 0.002620 0.850694
0.004195 0.002738 0.850694
0.004127 0.002857 0.850694
0.004059 0.002975 0.850694
0.003990 0.003094 0.850694
0.003922 0.003212 0.850694
0.003853 0.003331 0.850694
0.003783 0.003448 0.850694
0.003711 0.003564 0.850694
0.003636 0.003679 0.850694
0.003559 0.003792 0.850694
0.003480 0.003904 0.850694
0.003398 0.004014 0.850694
0.003312 0.004120 0.850694
0.003219 0.004220 0.850694
0.003119 0.004313 0.850694
0.003013 0.004400 0.850694
0.002903 0.004482 0.850694
0.002789 0.004558 0.850694
0.002672 0.004629 0.850694
0.002553 0.004695 0.850694
0.002430 0.004755 0.850694
0.002304 0.004810 0.850694
0.002176 0.004858 0.850694
0.002045 0.004897 0.850694
0.001912 0.004928 0.850694
0.001777 0.004950 0.850694
0.001641 0.004966 0.850694
0.001505 0.004979 0.850694
0.001368 0.004988 0.850694
0.001231 0.004996 0.850694
0.001095 0.005000 0.850694
0.000958 0.005002 0.850694
0.000821 0.005003 0.850694
0.000684 0.005003 0.850694
0.000547 0.005003 0.850694
0.000411 0.005002 0.850694
0.000274 0.005002 0.850694
0.000137 0.005002 0.850694
0.000000 0.005002 0.850694
-0.000137 0.005002 0.850694
-0.000274 0.005002 0.850694
-0.000411 0.005002 0.850694
-0.000547 0.005003 0.850694
-0.000684 0.005003 0.850694
-0.000821 0.005003 0.850694
-0.000958 0.005002 0.850694
-0.001095 0.005000 0.850694
-0.001231 0.004996 0.850694
-0.001368 0.004988 0.850694
-0.001505 0.004979 0.850694
-0.001641 0.004966 0.850694
-0.001777 0.004950 0.850694
-0.001912 0.004928 0.850694
-0.002045 0.004897 0.850694
-0.002176 0.004858 0.850694
-0.002304 0.004810 0.850694
-0.002430 0.004755 0.850694
-0.002553 0.004695 0.850694
-0.002672 0.004629 0.850694
-0.002789 0.004558 0.850694
-0.002903 0.004482 0.850694
-0.003013 0.004400 0.850694
-0.003119 0.004313 0.850694
-0.003219 0.004220 0.850694
-0.003312 0.004120 0.850694
-0.003398 0.004014 0.850694
-0.003480 0.003904 0.850694
-0.003559 0.003792 0.850694
-0.003636 0.003679 0.850694
-0.003711 0.003564 0.850694
-0.003783 0.003448 0.850694
-0.003853 0.003331 0.850694
-0.003922 0.003212 0.850694
-0.003990 0.003094 0.850694
-0.004059 0.002975 0.850694
-0.004127 0.002857 0.850694
-0.004195 0.002738 0.850694
-0.004264 0.002620 0.850694
-0.004332 0.002501 0.850694
-0.004400 0.002383 0.850694
-0.004469 0.002264 0.850694
-0.004537 0.002146 0.850694
-0.004606 0.002027 0.850694
-0.004675 0.001909 0.850694
-0.004743 0.001790 0.850694
-0.004811 0.001672 0.850694
-0.004878 0.001552 0.850694
-0.004942 0.001431 0.850694
-0.005004 0.001309 0.850694
-0.005064 0.001186 0.850694
-0.005121 0.001062 0.850694
-0.005175 0.000936 0.850694
-0.005223 0.000808 0.850694
-0.005264 0.000678 0.850694
-0.005295 0.000544 0.850694
-0.005317 0.000409 0.850694
-0.005333 0.000273 0.850694
-0.005342 0.000137 0.850694
-0.005345 -0.000000 0.850694
-0.005342 -0.000137 0.850694
-0.005333 -0.000273 0.850694
-0.005317 -0.000409 0.850694
-0.005295 -0.000544 0.850694
-0.005264 -0.000678 0.850694
-0.005223 -0.000808 0.850694
-0.005175 -0.000936 0.850694
-0.005121 -0.001062 0.850694
-0.005064 -0.001186 0.850694
-0.005004 -0.001309 0.850694
-0.004942 -0.001431 0.850694
-0.004878 -0.001552 0.850694
-0.004811 -0.001672 0.850694
-0.004743 -0.001790 0.850694
-0.004675 -0.001909 0.850694
-0.004606 -0.002027 0.850694
-0.004537 -0.002146 0.850694
-0.004469 -0.002264 0.850694
-0.004400 -0.002383 0.850694
-0.004332 -0.002501 0.850694
-0.004264 -0.002620 0.850694
-0.004195 -0.002738 0.850694
-0.004127 -0.002857 0.850694
-0.004059 -0.002975 0.850694
-0.003990 -0.003094 0.850694
-0.003922 -0.003212 0.850694
-0.003853 -0.003331 0.850694
-0.003783 -0.003448 0.850694
-0.003711 -0.003564 0.850694
-0.003636 -0.003679 0.850694
-0.003559 -0.003792 0.850694
-0.003480 -0.003904 0.850694
-0.003398 -0.004014 0.850694
-0.003312 -0.004120 0.850694
-0.003219 -0.004220 0.850694
-0.003119 -0.004313 0.850694
-0.003013 -0.004400 0.850694
-0.002903 -0.004482 0.850694
-0.002789 -0.004558 0.850694
-0.002672 -0.004629 0.850694
-0.002553 -0.004695 0.850694
-0.002430 -0.004755 0.850694
-0.002304 -0.004810 0.850694
-0.002176 -0.004858 0.850694
-0.002045 -0.004897 0.850694
-0.001912 -0.004928 0.850694
-0.001777 -0.004950 0.850694
-0.001641 -0.004966 0.850694
-0.001505 -0.004979 0.850694
-0.001368 -0.004988 0.850694
-0.001231 -0.004996 0.850694
-0.001095 -0.005000 0.850694
-0.000958 -0.005002 0.850694
-0.000821 -0.005003 0.850694
-0.000684 -0.005003 0.850694
-0.000547 -0.005003 0.850694
-0.000411 -0.005002 0.850694
-0.000274 -0.005002 0.850694
-0.000137 -0.005002 0.850694
-0.000000 -0.005002 0.850694
0.000137 -0.005002 0.850694
0.000274 -0.005002 0.850694
0.000411 -0.005002 0.850694
0.000547 -0.005003 0.850694
0.000684 -0.005003 0.850694
0.000821 -0.005003 0.850694
0.000958 -0.005002 0.850694
0.001095 -0.005000 0.850694
0.001231 -0.004996 0.850694
0.001368 -0.004988 0.850694
0.001505 -0.004979 0.850694
0.001641 -0.004966 0.850694
0.001777 -0.004950 0.850694
0.001912 -0.004928 0.850694
0.002045 -0.004897 0.850694
0.002176 -0.004858 0.850694
0.002304 -0.004810 0.850694
0.002430 -0.004755 0.850694
0.002553 -0.004695 0.850694
0.002672 -0.004629 0.850694
0.002789 -0.004558 0.850694
0.002903 -0.004482 0.850694
0.003013 -0.004400 0.850694
0.003119 -0.004313 0.850694
0.003219 -0.004220 0.850694
0.003312 -0.004120 0.850694
0.003398 -0.004014 0.850694
0.003480 -0.003904 0.850694
0.003559 -0.003792 0.850694
0.003636 -0.003679 0.850694
0.003711 -0.003564 0.850694
0.003783 -0.003448 0.850694
0.003853 -0.003331 0.850694
0.003922 -0.003212 0.850694
0.003990 -0.003094 0.850694
0.004059 -0.002975 0.850694
0.004127 -0.002857 0.850694
0.004195 -0.002738 0.850694
0.004264 -0.002620 0.850694
0.004332 -0.002501 0.850694
0.004400 -0.002383 0.850694
0.004469 -0.002264 0.850694
0.004537 -0.002146 0.850694
0.004606 -0.002027 0.850694
0.004675 -0.001909 0.850694
0.004743 -0.001790 0.850694
0.004811 -0.001672 0.850694
0.004878 -0.001552 0.850694
0.004942 -0.001431 0.850694
0.005004 -0.001309 0.850694
0.005064 -0.001186 0.850694
0.005121 -0.001062 0.850694
0.005175 -0.000936 0.850694
0.005223 -0.000808 0.850694
0.005264 -0.000678 0.850694
0.005295 -0.000544 0.850694
0.005317 -0.000409 0.850694
0.005333 -0.000273 0.850694
0.005342 -0.000137 0.850694
0.005345 -0.000000 0.850694

