0.007758 -0.000071 9.317708
0.007622 0.000074 9.317708
0.007483 0.000217 9.317708
0.007346 0.000362 9.317708
0.007212 0.000509 9.317708
0.007074 0.000653 9.317708
0.006933 0.000793 9.317708
0.006803 0.000944 9.317708
0.006668 0.001090 9.317708
0.006540 0.001243 9.317708
0.006403 0.001387 9.317708
0.006277 0.001541 9.317708
0.006131 0.001677 9.317708
0.006033 0.001850 9.317708
0.005903 0.002001 9.317708
0.005801 0.002172 9.317708
0.005681 0.002331 9.317708
0.005575 0.002499 9.317708
0.005449 0.002653 9.317708
0.005340 0.002820 9.317708
0.005225 0.002982 9.317708
0.005147 0.003166 9.317708
0.005072 0.003350 9.317708
0.004988 0.003531 9.317708
0.004923 0.003719 9.317708
0.004832 0.003896 9.317708
0.004769 0.004085 9.317708
0.004696 0.004270 9.317708
0.004645 0.004463 9.317708
0.004565 0.004645 9.317708
0.004525 0.004840 9.317708
0.004459 0.005028 9.317708
0.004418 0.005223 9.317708
0.004357 0.005412 9.317708
0.004304 0.005604 9.317708
0.004240 0.005793 9.317708
0.004186 0.005984 9.317708
0.004121 0.006173 9.317708
0.004061 0.006362 9.317708
0.004003 0.006553 9.317708
0.003845 0.006675 9.317708
0.003652 0.006626 9.317708
0.003460 0.006574 9.317708
0.003267 0.006525 9.317708
0.003073 0.006482 9.317708
0.002879 0.006434 9.317708
0.002684 0.006394 9.317708
0.002491 0.006346 9.317708
0.002296 0.006305 9.317708
0.002105 0.006249 9.317708
0.001910 0.006210 9.317708
0.001715 0.006172 9.317708
0.001518 0.006138 9.317708
0.001319 0.006141 9.317708
0.001131 0.006207 9.317708
0.000942 0.006146 9.317708
0.000744 0.006124 9.317708
0.000551 0.006077 9.317708
0.000352 0.006062 9.317708
0.000155 0.006032 9.317708
-0.000043 0.006014 9.317708
-0.000241 0.006039 9.317708
-0.000440 0.006048 9.317708
-0.000634 0.006089 9.317708
-0.000832 0.006110 9.317708
-0.001024 0.006165 9.317708
-0.001218 0.006122 9.317708
-0.001416 0.006143 9.317708
-0.001611 0.006183 9.317708
-0.001807 0.006220 9.317708
-0.002004 0.006246 9.317708
-0.002198 0.006290 9.317708
-0.002396 0.006313 9.317708
-0.002590 0.006361 9.317708
-0.002785 0.006400 9.317708
-0.002976 0.006457 9.317708
-0.003169 0.006504 9.317708
-0.003364 0.006546 9.317708
-0.003558 0.006590 9.317708
-0.003751 0.006637 9.317708
-0.003945 0.006684 9.317708
-0.004102 0.006562 9.317708
-0.004160 0.006371 9.317708
-0.004222 0.006182 9.317708
-0.004284 0.005993 9.317708
-0.004338 0.005801 9.317708
-0.004400 0.005612 9.317708
-0.004454 0.005421 9.317708
-0.004512 0.005230 9.317708
-0.004557 0.005036 9.317708
-0.004624 0.004848 9.317708
-0.004661 0.004653 9.317708
-0.004738 0.004469 9.317708
-0.004767 0.004272 9.317708
-0.004839 0.004086 9.317708
-0.004888 0.003894 9.317708
-0.004972 0.003713 9.317708
-0.005020 0.003520 9.317708
-0.005104 0.003339 9.317708
-0.005164 0.003149 9.317708
-0.005248 0.002969 9.317708
-0.005377 0.002817 9.317708
-0.005485 0.002650 9.317708
-0.005623 0.002506 9.317708
-0.005734 0.002341 9.317708
-0.005868 0.002194 9.317708
-0.005984 0.002032 9.317708
-0.006136 0.001904 9.317708
-0.006254 0.001743 9.317708
-0.006399 0.001607 9.317708
-0.006526 0.001454 9.317708
-0.006674 0.001320 9.317708
-0.006804 0.001170 9.317708
-0.006947 0.001031 9.317708
-0.007078 0.000881 9.317708
-0.007216 0.000738 9.317708
-0.007352 0.000592 9.317708
-0.007484 0.000443 9.317708
-0.007620 0.000298 9.317708
-0.007760 0.000156 9.317708
-0.007796 -0.000040 9.317708
-0.007665 -0.000190 9.317708
-0.007529 -0.000335 9.317708
-0.007389 -0.000477 9.317708
-0.007252 -0.000621 9.317708
-0.007112 -0.000763 9.317708
-0.006987 -0.000918 9.317708
-0.006850 -0.001063 9.317708
-0.006717 -0.001211 9.317708
-0.006566 -0.001340 9.317708
-0.006431 -0.001487 9.317708
-0.006282 -0.001619 9.317708
-0.006158 -0.001774 9.317708
-0.006011 -0.001909 9.317708
-0.005896 -0.002071 9.317708
-0.005774 -0.002229 9.317708
-0.005675 -0.002401 9.317708
-0.005544 -0.002552 9.317708
-0.005437 -0.002719 9.317708
-0.005306 -0.002870 9.317708
-0.005207 -0.003042 9.317708
-0.005157 -0.003235 9.317708
-0.005069 -0.003414 9.317708
-0.005023 -0.003607 9.317708
-0.004944 -0.003790 9.317708
-0.004887 -0.003981 9.317708
-0.004814 -0.004166 9.317708
-0.004775 -0.004361 9.317708
-0.004704 -0.004548 9.317708
-0.004655 -0.004740 9.317708
-0.004585 -0.004927 9.317708
-0.004545 -0.005122 9.317708
-0.004479 -0.005310 9.317708
-0.004437 -0.005504 9.317708
-0.004371 -0.005692 9.317708
-0.004316 -0.005884 9.317708
-0.004256 -0.006073 9.317708
-0.004195 -0.006263 9.317708
-0.004136 -0.006453 9.317708
-0.004083 -0.006645 9.317708
-0.003929 -0.006772 9.317708
-0.003734 -0.006732 9.317708
-0.003540 -0.006689 9.317708
-0.003345 -0.006646 9.317708
-0.003151 -0.006601 9.317708
-0.002960 -0.006546 9.317708
-0.002769 -0.006492 9.317708
-0.002573 -0.006456 9.317708
-0.002377 -0.006418 9.317708
-0.002180 -0.006390 9.317708
-0.001987 -0.006341 9.317708
-0.001792 -0.006302 9.317708
-0.001601 -0.006245 9.317708
-0.001405 -0.006211 9.317708
-0.001215 -0.006152 9.317708
-0.001019 -0.006116 9.317708
-0.000822 -0.006087 9.317708
-0.000623 -0.006071 9.317708
-0.000425 -0.006050 9.317708
-0.000228 -0.006026 9.317708
-0.000029 -0.006026 9.317708
0.000165 -0.006074 9.317708
0.000362 -0.006099 9.317708
0.000557 -0.006140 9.317708
0.000752 -0.006182 9.317708
0.000949 -0.006211 9.317708
0.001142 -0.006259 9.317708
0.001336 -0.006303 9.317708
0.001526 -0.006363 9.317708
0.001722 -0.006396 9.317708
0.001913 -0.006454 9.317708
0.002108 -0.006493 9.317708
0.002300 -0.006545 9.317708
0.002494 -0.006592 9.317708
0.002687 -0.006638 9.317708
0.002882 -0.006680 9.317708
0.003075 -0.006727 9.317708
0.003270 -0.006767 9.317708
0.003465 -0.006810 9.317708
0.003658 -0.006857 9.317708
0.003844 -0.006786 9.317708
0.003905 -0.006596 9.317708
0.003961 -0.006405 9.317708
0.004019 -0.006214 9.317708
0.004078 -0.006024 9.317708
0.004135 -0.005834 9.317708
0.004179 -0.005639 9.317708
0.004242 -0.005451 9.317708
0.004294 -0.005258 9.317708
0.004372 -0.005075 9.317708
0.004424 -0.004883 9.317708
0.004511 -0.004704 9.317708
0.004553 -0.004509 9.317708
0.004628 -0.004325 9.317708
0.004683 -0.004133 9.317708
0.004772 -0.003955 9.317708
0.004850 -0.003772 9.317708
0.004966 -0.003610 9.317708
0.005029 -0.003421 9.317708
0.005118 -0.003243 9.317708
0.005192 -0.003058 9.317708
0.005310 -0.002898 9.317708
0.005440 -0.002747 9.317708
0.005557 -0.002586 9.317708
0.005699 -0.002447 9.317708
0.005815 -0.002285 9.317708
0.005955 -0.002143 9.317708
0.006080 -0.001988 9.317708
0.006237 -0.001865 9.317708
0.006357 -0.001706 9.317708
0.006509 -0.001578 9.317708
0.006635 -0.001424 9.317708
0.006783 -0.001290 9.317708
0.006915 -0.001142 9.317708
0.007056 -0.001001 9.317708
0.007188 -0.000852 9.317708
0.007328 -0.000710 9.317708
0.007460 -0.000561 9.317708
0.007593 -0.000413 9.317708
0.007729 -0.000268 9.317708
0.007758 -0.000071 9.317708

