0.005886 -0.000000 1.364583
0.005843 0.000142 1.364583
0.005751 0.000257 1.364583
0.005647 0.000362 1.364583
0.005547 0.000471 1.364583
0.005458 0.000589 1.364583
0.005378 0.000714 1.364583
0.005301 0.000840 1.364583
0.005225 0.000967 1.364583
0.005149 0.001094 1.364583
0.005075 0.001222 1.364583
0.005000 0.001350 1.364583
0.004926 0.001478 1.364583
0.004852 0.001606 1.364583
0.004778 0.001734 1.364583
0.004704 0.001862 1.364583
0.004629 0.001990 1.364583
0.004555 0.002118 1.364583
0.004481 0.002246 1.364583
0.004407 0.002374 1.364583
0.004333 0.002502 1.364583
0.004259 0.002630 1.364583
0.004186 0.002758 1.364583
0.004112 0.002886 1.364583
0.004038 0.003014 1.364583
0.003964 0.003143 1.364583
0.003890 0.003271 1.364583
0.003816 0.003399 1.364583
0.003742 0.003527 1.364583
0.003669 0.003655 1.364583
0.003595 0.003784 1.364583
0.003522 0.003912 1.364583
0.003450 0.004041 1.364583
0.003378 0.004171 1.364583
0.003307 0.004301 1.364583
0.003239 0.004432 1.364583
0.003181 0.004568 1.364583
0.003137 0.004709 1.364583
0.003098 0.004852 1.364583
0.003044 0.004990 1.364583
0.002943 0.005098 1.364583
0.002799 0.005131 1.364583
0.002653 0.005109 1.364583
0.002510 0.005072 1.364583
0.002365 0.005039 1.364583
0.002219 0.005021 1.364583
0.002071 0.005014 1.364583
0.001923 0.005011 1.364583
0.001775 0.005009 1.364583
0.001627 0.005007 1.364583
0.001479 0.005006 1.364583
0.001331 0.005005 1.364583
0.001183 0.005005 1.364583
0.001035 0.005004 1.364583
0.000888 0.005004 1.364583
0.000740 0.005004 1.364583
0.000592 0.005004 1.364583
0.000444 0.005004 1.364583
0.000296 0.005004 1.364583
0.000148 0.005004 1.364583
0.000000 0.005004 1.364583
-0.000148 0.005004 1.364583
-0.000296 0.005004 1.364583
-0.000444 0.005004 1.364583
-0.000592 0.005004 1.364583
-0.000740 0.005004 1.364583
-0.000888 0.005004 1.364583
-0.001035 0.005004 1.364583
-0.001183 0.005005 1.364583
-0.001331 0.005005 1.364583
-0.001479 0.005006 1.364583
-0.001627 0.005007 1.364583
-0.001775 0.005009 1.364583
-0.001923 0.005011 1.364583
-0.002071 0.005014 1.364583
-0.002219 0.005021 1.364583
-0.002365 0.005039 1.364583
-0.002510 0.005072 1.364583
-0.002653 0.005109 1.364583
-0.002799 0.005131 1.364583
-0.002943 0.005098 1.364583
-0.003044 0.004990 1.364583
-0.003098 0.004852 1.364583
-0.003137 0.004709 1.364583
-0.003181 0.004568 1.364583
-0.003239 0.004432 1.364583
-0.003307 0.004301 1.364583
-0.003378 0.004171 1.364583
-0.003450 0.004041 1.364583
-0.003522 0.003912 1.364583
-0.003595 0.003784 1.364583
-0.003669 0.003655 1.364583
-0.003742 0.003527 1.364583
-0.003816 0.003399 1.364583
-0.003890 0.003271 1.364583
-0.003964 0.003143 1.364583
-0.004038 0.003014 1.364583
-0.004112 0.002886 1.364583
-0.004186 0.002758 1.364583
-0.004259 0.002630 1.364583
-0.004333 0.002502 1.364583
-0.004407 0.002374 1.364583
-0.004481 0.002246 1.364583
-0.004555 0.002118 1.364583
-0.004629 0.001990 1.364583
-0.004704 0.001862 1.364583
-0.004778 0.001734 1.364583
-0.004852 0.001606 1.364583
-0.004926 0.001478 1.364583
-0.005000 0.001350 1.364583
-0.005075 0.001222 1.364583
-0.005149 0.001094 1.364583
-0.005225 0.000967 1.364583
-0.005301 0.000840 1.364583
-0.005378 0.000714 1.364583
-0.005458 0.000589 1.364583
-0.005547 0.000471 1.364583
-0.005647 0.000362 1.364583
-0.005751 0.000257 1.364583
-0.005843 0.000142 1.364583
-0.005886 0.000000 1.364583
-0.005843 -0.000142 1.364583
-0.005751 -0.000257 1.364583
-0.005647 -0.000362 1.364583
-0.005547 -0.000471 1.364583
-0.005458 -0.000589 1.364583
-0.005378 -0.000714 1.364583
-0.005301 -0.000840 1.364583
-0.005225 -0.000967 1.364583
-0.005149 -0.001094 1.364583
-0.005075 -0.001222 1.364583
-0.005000 -0.001350 1.364583
-0.004926 -0.001478 1.364583
-0.004852 -0.001606 1.364583
-0.004778 -0.001734 1.364583
-0.004704 -0.001862 1.364583
-0.004629 -0.001990 1.364583
-0.004555 -0.002118 1.364583
-0.004481 -0.002246 1.364583
-0.004407 -0.002374 1.364583
-0.004333 -0.002502 1.364583
-0.004259 -0.002630 1.364583
-0.004186 -0.002758 1.364583
-0.004112 -0.002886 1.364583
-0.004038 -0.003014 1.364583
-0.003964 -0.003143 1.364583
-0.003890 -0.003271 1.364583
-0.003816 -0.003399 1.364583
-0.003742 -0.003527 1.364583
-0.003669 -0.003655 1.364583
-0.003595 -0.003784 1.364583
-0.003522 -0.003912 1.364583
-0.003450 -0.004041 1.364583
-0.003378 -0.004171 1.364583
-0.003307 -0.004301 1.364583
-0.003239 -0.004432 1.364583
-0.003181 -0.004568 1.364583
-0.003137 -0.004709 1.364583
-0.003098 -0.004852 1.364583
-0.003044 -0.004990 1.364583
-0.002943 -0.005098 1.364583
-0.002799 -0.005131 1.364583
-0.002653 -0.005109 1.364583
-0.002510 -0.005072 1.364583
-0.002365 -0.005039 1.364583
-0.002219 -0.005021 1.364583
-0.002071 -0.005014 1.364583
-0.001923 -0.005011 1.364583
-0.001775 -0.005009 1.364583
-0.001627 -0.005007 1.364583
-0.001479 -0.005006 1.364583
-0.001331 -0.005005 1.364583
-0.001183 -0.005005 1.364583
-0.001035 -0.005004 1.364583
-0.000888 -0.005004 1.364583
-0.000740 -0.005004 1.364583
-0.000592 -0.005004 1.364583
-0.000444 -0.005004 1.364583
-0.000296 -0.005004 1.364583
-0.000148 -0.005004 1.364583
0.000000 -0.005004 1.364583
0.000148 -0.005004 1.364583
0.000296 -0.005004 1.364583
0.000444 -0.005004 1.364583
0.000592 -0.005004 1.364583
0.000740 -0.005004 1.364583
0.000888 -0.005004 1.364583
0.001035 -0.005004 1.364583
0.001183 -0.005005 1.364583
0.001331 -0.005005 1.364583
0.001479 -0.005006 1.364583
0.001627 -0.005007 1.364583
0.001775 -0.005009 1.364583
0.001923 -0.005011 1.364583
0.002071 -0.005014 1.364583
0.002219 -0.005021 1.364583
0.002365 -0.005039 1.364583
0.002510 -0.005072 1.364583
0.002653 -0.005109 1.364583
0.002799 -0.005131 1.364583
0.002943 -0.005098 1.364583
0.003044 -0.004990 1.364583
0.003098 -0.004852 1.364583
0.003137 -0.004709 1.364583
0.003181 -0.004568 1.364583
0.003239 -0.004432 1.364583
0.003307 -0.004301 1.364583
0.003378 -0.004171 1.364583
0.003450 -0.004041 1.364583
0.003522 -0.003912 1.364583
0.003595 -0.003784 1.364583
0.003669 -0.003655 1.364583
0.003742 -0.003527 1.364583
0.003816 -0.003399 1.364583
0.003890 -0.003271 1.364583
0.003964 -0.003143 1.364583
0.004038 -0.003014 1.364583
0.004112 -0.002886 1.364583
0.004186 -0.002758 1.364583
0.004259 -0.002630 1.364583
0.004333 -0.002502 1.364583
0.004407 -0.002374 1.364583
0.004481 -0.002246 1.364583
0.004555 -0.002118 1.364583
0.004629 -0.001990 1.364583
0.004704 -0.001862 1.364583
0.004778 -0.001734 1.364583
0.004852 -0.001606 1.364583
0.004926 -0.001478 1.364583
0.005000 -0.001350 1.364583
0.005075 -0.001222 1.364583
0.005149 -0.001094 1.364583
0.005225 -0.000967 1.364583
0.005301 -0.000840 1.364583
0.005378 -0.000714 1.364583
0.005458 -0.000589 1.364583
0.005547 -0.000471 1.364583
0.005647 -0.000362 1.364583
0.005751 -0.000257 1.364583
0.005843 -0.000142 1.364583
0.005886 -0.000000 1.364583

