0.006716 -0.000000 4.656250
0.006659 0.000160 4.656250
0.006553 0.000293 4.656250
0.006447 0.000426 4.656250
0.006341 0.000559 4.656250
0.006232 0.000690 4.656250
0.006127 0.000823 4.656250
0.006022 0.000956 4.656250
0.005919 0.001092 4.656250
0.005808 0.001220 4.656250
0.005701 0.001352 4.656250
0.005595 0.001485 4.656250
0.005494 0.001622 4.656250
0.005388 0.001755 4.656250
0.005276 0.001883 4.656250
0.005169 0.002015 4.656250
0.005063 0.002148 4.656250
0.004964 0.002285 4.656250
0.004860 0.002420 4.656250
0.004748 0.002548 4.656250
0.004639 0.002678 4.656250
0.004580 0.002838 4.656250
0.004526 0.002999 4.656250
0.004461 0.003156 4.656250
0.004391 0.003311 4.656250
0.004329 0.003469 4.656250
0.004269 0.003628 4.656250
0.004214 0.003789 4.656250
0.004152 0.003947 4.656250
0.004083 0.004103 4.656250
0.004022 0.004261 4.656250
0.003961 0.004420 4.656250
0.003905 0.004580 4.656250
0.003839 0.004737 4.656250
0.003776 0.004895 4.656250
0.003713 0.005053 4.656250
0.003655 0.005212 4.656250
0.003593 0.005370 4.656250
0.003530 0.005528 4.656250
0.003468 0.005687 4.656250
0.003358 0.005816 4.656250
0.003191 0.005847 4.656250
0.003023 0.005821 4.656250
0.002855 0.005796 4.656250
0.002686 0.005771 4.656250
0.002519 0.005742 4.656250
0.002351 0.005717 4.656250
0.002183 0.005693 4.656250
0.002014 0.005672 4.656250
0.001847 0.005640 4.656250
0.001679 0.005613 4.656250
0.001511 0.005588 4.656250
0.001342 0.005569 4.656250
0.001174 0.005544 4.656250
0.001008 0.005511 4.656250
0.000840 0.005484 4.656250
0.000672 0.005459 4.656250
0.000503 0.005441 4.656250
0.000334 0.005419 4.656250
0.000167 0.005386 4.656250
-0.000000 0.005356 4.656250
-0.000167 0.005386 4.656250
-0.000334 0.005419 4.656250
-0.000503 0.005441 4.656250
-0.000672 0.005459 4.656250
-0.000840 0.005484 4.656250
-0.001008 0.005511 4.656250
-0.001174 0.005544 4.656250
-0.001342 0.005569 4.656250
-0.001511 0.005588 4.656250
-0.001679 0.005613 4.656250
-0.001847 0.005640 4.656250
-0.002014 0.005672 4.656250
-0.002183 0.005693 4.656250
-0.002351 0.005717 4.656250
-0.002519 0.005742 4.656250
-0.002686 0.005771 4.656250
-0.002855 0.005796 4.656250
-0.003023 0.005821 4.656250
-0.003191 0.005847 4.656250
-0.003358 0.005816 4.656250
-0.003468 0.005687 4.656250
-0.003530 0.005528 4.656250
-0.003593 0.005370 4.656250
-0.003655 0.005212 4.656250
-0.003713 0.005053 4.656250
-0.003776 0.004895 4.656250
-0.003839 0.004737 4.656250
-0.003905 0.004580 4.656250
-0.003961 0.004420 4.656250
-0.004022 0.004261 4.656250
-0.004083 0.004103 4.656250
-0.004152 0.003947 4.656250
-0.004214 0.003789 4.656250
-0.004269 0.003628 4.656250
-0.004329 0.003469 4.656250
-0.004391 0.003311 4.656250
-0.004461 0.003156 4.656250
-0.004526 0.002999 4.656250
-0.004580 0.002838 4.656250
-0.004639 0.002678 4.656250
-0.004748 0.002548 4.656250
-0.004860 0.002420 4.656250
-0.004964 0.002285 4.656250
-0.005063 0.002148 4.656250
-0.005169 0.002015 4.656250
-0.005276 0.001883 4.656250
-0.005388 0.001755 4.656250
-0.005494 0.001622 4.656250
-0.005595 0.001485 4.656250
-0.005701 0.001352 4.656250
-0.005808 0.001220 4.656250
-0.005919 0.001092 4.656250
-0.006022 0.000956 4.656250
-0.006127 0.000823 4.656250
-0.006232 0.000690 4.656250
-0.006341 0.000559 4.656250
-0.006447 0.000426 4.656250
-0.006553 0.000293 4.656250
-0.006659 0.000160 4.656250
-0.006716 0.000000 4.656250
-0.006659 -0.000160 4.656250
-0.006553 -0.000293 4.656250
-0.006447 -0.000426 4.656250
-0.006341 -0.000559 4.656250
-0.006232 -0.000690 4.656250
-0.006127 -0.000823 4.656250
-0.006022 -0.000956 4.656250
-0.005919 -0.001092 4.656250
-0.005808 -0.001220 4.656250
-0.005701 -0.001352 4.656250
-0.005595 -0.001485 4.656250
-0.005494 -0.001622 4.656250
-0.005388 -0.001755 4.656250
-0.005276 -0.001883 4.656250
-0.005169 -0.002015 4.656250
-0.005063 -0.002148 4.656250
-0.004964 -0.002285 4.656250
-0.004860 -0.002420 4.656250
-0.004748 -0.002548 4.656250
-0.004639 -0.002678 4.656250
-0.004580 -0.002838 4.656250
-0.004526 -0.002999 4.656250
-0.004461 -0.003156 4.656250
-0.004391 -0.003311 4.656250
-0.004329 -0.003469 4.656250
-0.004269 -0.003628 4.656250
-0.004214 -0.003789 4.656250
-0.004152 -0.003947 4.656250
-0.004083 -0.004103 4.656250
-0.004022 -0.004261 4.656250
-0.003961 -0.004420 4.656250
-0.003905 -0.004580 4.656250
-0.003839 -0.004737 4.656250
-0.003776 -0.004895 4.656250
-0.003713 -0.005053 4.656250
-0.003655 -0.005212 4.656250
-0.003593 -0.005370 4.656250
-0.003530 -0.005528 4.656250
-0.003468 -0.005687 4.656250
-0.003358 -0.005816 4.656250
-0.003191 -0.005847 4.656250
-0.003023 -0.005821 4.656250
-0.002855 -0.005796 4.656250
-0.002686 -0.005771 4.656250
-0.002519 -0.005742 4.656250
-0.002351 -0.005717 4.656250
-0.002183 -0.005693 4.656250
-0.002014 -0.005672 4.656250
-0.001847 -0.005640 4.656250
-0.001679 -0.005613 4.656250
-0.001511 -0.005588 4.656250
-0.001342 -0.005569 4.656250
-0.001174 -0.005544 4.656250
-0.001008 -0.005511 4.656250
-0.000840 -0.005484 4.656250
-0.000672 -0.005459 4.656250
-0.000503 -0.005441 4.656250
-0.000334 -0.005419 4.656250
-0.000167 -0.005386 4.656250
0.000000 -0.005356 4.656250
0.000167 -0.005386 4.656250
0.000334 -0.005419 4.656250
0.000503 -0.005441 4.656250
0.000672 -0.005459 4.656250
0.000840 -0.005484 4.656250
0.001008 -0.005511 4.656250
0.001174 -0.005544 4.656250
0.001342 -0.005569 4.656250
0.001511 -0.005588 4.656250
0.001679 -0.005613 4.656250
0.001847 -0.005640 4.656250
0.002014 -0.005672 4.656250
0.002183 -0.005693 4.656250
0.002351 -0.005717 4.656250
0.002519 -0.005742 4.656250
0.002686 -0.005771 4.656250
0.002855 -0.005797 4.656250
0.003023 -0.005821 4.656250
0.003191 -0.005847 4.656250
0.003358 -0.005816 4.656250
0.003468 -0.005687 4.656250
0.003530 -0.005528 4.656250
0.003593 -0.005370 4.656250
0.003655 -0.005212 4.656250
0.003713 -0.005053 4.656250
0.003776 -0.004895 4.656250
0.003839 -0.004737 4.656250
0.003905 -0.004580 4.656250
0.003961 -0.004420 4.656250
0.004022 -0.004261 4.656250
0.004083 -0.004103 4.656250
0.004152 -0.003947 4.656250
0.004214 -0.003789 4.656250
0.004269 -0.003628 4.656250
0.004329 -0.003469 4.656250
0.004391 -0.003311 4.656250
0.004461 -0.003156 4.656250
0.004526 -0.002999 4.656250
0.004580 -0.002838 4.656250
0.004639 -0.002678 4.656250
0.004748 -0.002548 4.656250
0.004860 -0.002420 4.656250
0.004964 -0.002285 4.656250
0.005063 -0.002148 4.656250
0.005169 -0.002015 4.656250
0.005276 -0.001883 4.656250
0.005388 -0.001755 4.656250
0.005494 -0.001622 4.656250
0.005595 -0.001485 4.656250
0.005701 -0.001352 4.656250
0.005808 -0.001220 4.656250
0.005919 -0.001092 4.656250
0.006022 -0.000956 4.656250
0.006127 -0.000823 4.656250
0.006232 -0.000690 4.656250
0.006341 -0.000559 4.656250
0.006447 -0.000426 4.656250
0.006553 -0.000293 4.656250
0.006659 -0.000160 4.656250
0.006716 -0.000000 4.656250

