0.007022 -0.000032 6.336806
0.006920 0.000114 6.336806
0.006829 0.000266 6.336806
0.006736 0.000418 6.336806
0.006636 0.000564 6.336806
0.006536 0.000711 6.336806
0.006431 0.000854 6.336806
0.006326 0.000998 6.336806
0.006216 0.001137 6.336806
0.006104 0.001275 6.336806
0.005999 0.001418 6.336806
0.005890 0.001558 6.336806
0.005777 0.001695 6.336806
0.005665 0.001833 6.336806
0.005552 0.001970 6.336806
0.005446 0.002113 6.336806
0.005339 0.002254 6.336806
0.005222 0.002388 6.336806
0.005108 0.002524 6.336806
0.005002 0.002667 6.336806
0.004890 0.002805 6.336806
0.004821 0.002968 6.336806
0.004753 0.003132 6.336806
0.004689 0.003298 6.336806
0.004633 0.003466 6.336806
0.004566 0.003631 6.336806
0.004495 0.003794 6.336806
0.004431 0.003960 6.336806
0.004368 0.004126 6.336806
0.004306 0.004292 6.336806
0.004240 0.004457 6.336806
0.004169 0.004620 6.336806
0.004106 0.004786 6.336806
0.004042 0.004951 6.336806
0.003973 0.005115 6.336806
0.003904 0.005279 6.336806
0.003832 0.005441 6.336806
0.003765 0.005606 6.336806
0.003693 0.005768 6.336806
0.003622 0.005931 6.336806
0.003512 0.006070 6.336806
0.003334 0.006083 6.336806
0.003157 0.006072 6.336806
0.002980 0.006057 6.336806
0.002804 0.006036 6.336806
0.002627 0.006019 6.336806
0.002451 0.005997 6.336806
0.002274 0.005976 6.336806
0.002099 0.005950 6.336806
0.001924 0.005921 6.336806
0.001747 0.005901 6.336806
0.001571 0.005876 6.336806
0.001396 0.005847 6.336806
0.001221 0.005818 6.336806
0.001045 0.005790 6.336806
0.000869 0.005770 6.336806
0.000693 0.005746 6.336806
0.000519 0.005711 6.336806
0.000344 0.005683 6.336806
0.000167 0.005660 6.336806
-0.000009 0.005637 6.336806
-0.000184 0.005663 6.336806
-0.000361 0.005685 6.336806
-0.000536 0.005715 6.336806
-0.000710 0.005749 6.336806
-0.000886 0.005772 6.336806
-0.001063 0.005793 6.336806
-0.001238 0.005821 6.336806
-0.001413 0.005850 6.336806
-0.001588 0.005878 6.336806
-0.001764 0.005903 6.336806
-0.001941 0.005923 6.336806
-0.002116 0.005951 6.336806
-0.002292 0.005977 6.336806
-0.002468 0.005996 6.336806
-0.002645 0.006014 6.336806
-0.002822 0.006027 6.336806
-0.002999 0.006041 6.336806
-0.003177 0.006046 6.336806
-0.003354 0.006053 6.336806
-0.003530 0.006076 6.336806
-0.003661 0.005956 6.336806
-0.003717 0.005788 6.336806
-0.003778 0.005621 6.336806
-0.003838 0.005454 6.336806
-0.003906 0.005290 6.336806
-0.003972 0.005125 6.336806
-0.004040 0.004961 6.336806
-0.004104 0.004795 6.336806
-0.004166 0.004629 6.336806
-0.004237 0.004466 6.336806
-0.004303 0.004301 6.336806
-0.004365 0.004135 6.336806
-0.004428 0.003969 6.336806
-0.004491 0.003803 6.336806
-0.004562 0.003640 6.336806
-0.004629 0.003475 6.336806
-0.004686 0.003307 6.336806
-0.004749 0.003141 6.336806
-0.004818 0.002977 6.336806
-0.004886 0.002813 6.336806
-0.004996 0.002674 6.336806
-0.005102 0.002532 6.336806
-0.005216 0.002395 6.336806
-0.005333 0.002261 6.336806
-0.005441 0.002120 6.336806
-0.005547 0.001978 6.336806
-0.005659 0.001840 6.336806
-0.005771 0.001703 6.336806
-0.005884 0.001565 6.336806
-0.005993 0.001426 6.336806
-0.006099 0.001283 6.336806
-0.006212 0.001146 6.336806
-0.006323 0.001007 6.336806
-0.006430 0.000865 6.336806
-0.006538 0.000724 6.336806
-0.006643 0.000581 6.336806
-0.006753 0.000441 6.336806
-0.006859 0.000299 6.336806
-0.006969 0.000160 6.336806
-0.007013 -0.000012 6.336806
-0.006916 -0.000162 6.336806
-0.006823 -0.000313 6.336806
-0.006724 -0.000460 6.336806
-0.006619 -0.000603 6.336806
-0.006516 -0.000748 6.336806
-0.006409 -0.000890 6.336806
-0.006303 -0.001032 6.336806
-0.006191 -0.001170 6.336806
-0.006079 -0.001308 6.336806
-0.005974 -0.001451 6.336806
-0.005864 -0.001590 6.336806
-0.005751 -0.001728 6.336806
-0.005639 -0.001865 6.336806
-0.005527 -0.002003 6.336806
-0.005421 -0.002146 6.336806
-0.005312 -0.002286 6.336806
-0.005195 -0.002419 6.336806
-0.005083 -0.002558 6.336806
-0.004975 -0.002698 6.336806
-0.004869 -0.002841 6.336806
-0.004807 -0.003008 6.336806
-0.004736 -0.003170 6.336806
-0.004676 -0.003337 6.336806
-0.004618 -0.003505 6.336806
-0.004550 -0.003669 6.336806
-0.004479 -0.003832 6.336806
-0.004417 -0.003999 6.336806
-0.004354 -0.004165 6.336806
-0.004291 -0.004331 6.336806
-0.004225 -0.004496 6.336806
-0.004154 -0.004659 6.336806
-0.004093 -0.004825 6.336806
-0.004030 -0.004991 6.336806
-0.003962 -0.005155 6.336806
-0.003897 -0.005321 6.336806
-0.003831 -0.005486 6.336806
-0.003774 -0.005654 6.336806
-0.003715 -0.005821 6.336806
-0.003657 -0.005989 6.336806
-0.003519 -0.006100 6.336806
-0.003346 -0.006059 6.336806
-0.003169 -0.006042 6.336806
-0.002992 -0.006035 6.336806
-0.002815 -0.006022 6.336806
-0.002637 -0.006011 6.336806
-0.002461 -0.005993 6.336806
-0.002284 -0.005975 6.336806
-0.002108 -0.005949 6.336806
-0.001933 -0.005921 6.336806
-0.001756 -0.005902 6.336806
-0.001580 -0.005877 6.336806
-0.001405 -0.005848 6.336806
-0.001230 -0.005820 6.336806
-0.001055 -0.005792 6.336806
-0.000878 -0.005771 6.336806
-0.000702 -0.005748 6.336806
-0.000528 -0.005713 6.336806
-0.000353 -0.005684 6.336806
-0.000176 -0.005662 6.336806
-0.000001 -0.005638 6.336806
0.000175 -0.005662 6.336806
0.000352 -0.005684 6.336806
0.000527 -0.005713 6.336806
0.000701 -0.005748 6.336806
0.000877 -0.005771 6.336806
0.001053 -0.005792 6.336806
0.001229 -0.005820 6.336806
0.001404 -0.005849 6.336806
0.001579 -0.005878 6.336806
0.001755 -0.005903 6.336806
0.001932 -0.005924 6.336806
0.002107 -0.005953 6.336806
0.002282 -0.005982 6.336806
0.002458 -0.006006 6.336806
0.002633 -0.006032 6.336806
0.002809 -0.006058 6.336806
0.002983 -0.006093 6.336806
0.003158 -0.006127 6.336806
0.003331 -0.006166 6.336806
0.003500 -0.006111 6.336806
0.003559 -0.005944 6.336806
0.003635 -0.005783 6.336806
0.003719 -0.005627 6.336806
0.003797 -0.005467 6.336806
0.003877 -0.005309 6.336806
0.003950 -0.005147 6.336806
0.004023 -0.004985 6.336806
0.004090 -0.004821 6.336806
0.004153 -0.004655 6.336806
0.004224 -0.004492 6.336806
0.004292 -0.004327 6.336806
0.004354 -0.004161 6.336806
0.004418 -0.003995 6.336806
0.004480 -0.003829 6.336806
0.004551 -0.003666 6.336806
0.004619 -0.003502 6.336806
0.004677 -0.003334 6.336806
0.004738 -0.003167 6.336806
0.004808 -0.003004 6.336806
0.004871 -0.002838 6.336806
0.004977 -0.002696 6.336806
0.005085 -0.002555 6.336806
0.005197 -0.002417 6.336806
0.005314 -0.002284 6.336806
0.005423 -0.002143 6.336806
0.005529 -0.002001 6.336806
0.005641 -0.001863 6.336806
0.005753 -0.001725 6.336806
0.005866 -0.001588 6.336806
0.005976 -0.001449 6.336806
0.006082 -0.001306 6.336806
0.006194 -0.001169 6.336806
0.006307 -0.001031 6.336806
0.006415 -0.000890 6.336806
0.006524 -0.000750 6.336806
0.006632 -0.000609 6.336806
0.006746 -0.000473 6.336806
0.006860 -0.000336 6.336806
0.006978 -0.000204 6.336806
0.007022 -0.000032 6.336806

