0.008158 0.000001 11.395833
0.008012 0.000154 11.395833
0.007852 0.000295 11.395833
0.007705 0.000448 11.395833
0.007547 0.000589 11.395833
0.007402 0.000744 11.395833
0.007245 0.000887 11.395833
0.007114 0.001054 11.395833
0.006951 0.001189 11.395833
0.006822 0.001357 11.395833
0.006658 0.001492 11.395833
0.006519 0.001653 11.395833
0.006377 0.001810 11.395833
0.006242 0.001974 11.395833
0.006093 0.002125 11.395833
0.005944 0.002276 11.395833
0.005812 0.002442 11.395833
0.005666 0.002596 11.395833
0.005530 0.002759 11.395833
0.005419 0.002940 11.395833
0.005358 0.003143 11.395833
0.005281 0.003341 11.395833
0.005205 0.003539 11.395833
0.005163 0.003747 11.395833
0.005085 0.003944 11.395833
0.005037 0.004151 11.395833
0.004965 0.004350 11.395833
0.004917 0.004557 11.395833
0.004867 0.004763 11.395833
0.004793 0.004962 11.395833
0.004735 0.005166 11.395833
0.004661 0.005365 11.395833
0.004605 0.005570 11.395833
0.004527 0.005767 11.395833
0.004474 0.005973 11.395833
0.004387 0.006166 11.395833
0.004328 0.006370 11.395833
0.004237 0.006562 11.395833
0.004170 0.006763 11.395833
0.004087 0.006958 11.395833
0.003929 0.007100 11.395833
0.003733 0.007021 11.395833
0.003531 0.006954 11.395833
0.003331 0.006883 11.395833
0.003127 0.006826 11.395833
0.002924 0.006763 11.395833
0.002719 0.006709 11.395833
0.002512 0.006662 11.395833
0.002309 0.006600 11.395833
0.002101 0.006559 11.395833
0.001893 0.006516 11.395833
0.001691 0.006452 11.395833
0.001480 0.006430 11.395833
0.001295 0.006533 11.395833
0.001157 0.006695 11.395833
0.000982 0.006574 11.395833
0.000789 0.006488 11.395833
0.000589 0.006417 11.395833
0.000389 0.006346 11.395833
0.000184 0.006291 11.395833
-0.000021 0.006236 11.395833
-0.000228 0.006282 11.395833
-0.000426 0.006359 11.395833
-0.000631 0.006416 11.395833
-0.000823 0.006506 11.395833
-0.001004 0.006616 11.395833
-0.001123 0.006440 11.395833
-0.001327 0.006380 11.395833
-0.001538 0.006406 11.395833
-0.001746 0.006446 11.395833
-0.001945 0.006519 11.395833
-0.002155 0.006553 11.395833
-0.002355 0.006622 11.395833
-0.002564 0.006662 11.395833
-0.002772 0.006704 11.395833
-0.002975 0.006763 11.395833
-0.003182 0.006811 11.395833
-0.003380 0.006888 11.395833
-0.003584 0.006946 11.395833
-0.003777 0.007035 11.395833
-0.003969 0.007124 11.395833
-0.004143 0.007003 11.395833
-0.004226 0.006808 11.395833
-0.004299 0.006609 11.395833
-0.004396 0.006420 11.395833
-0.004460 0.006218 11.395833
-0.004555 0.006028 11.395833
-0.004605 0.005821 11.395833
-0.004692 0.005628 11.395833
-0.004738 0.005421 11.395833
-0.004818 0.005224 11.395833
-0.004869 0.005018 11.395833
-0.004947 0.004821 11.395833
-0.004984 0.004612 11.395833
-0.005053 0.004411 11.395833
-0.005115 0.004208 11.395833
-0.005167 0.004003 11.395833
-0.005236 0.003802 11.395833
-0.005265 0.003592 11.395833
-0.005355 0.003400 11.395833
-0.005384 0.003189 11.395833
-0.005471 0.002996 11.395833
-0.005629 0.002854 11.395833
-0.005755 0.002683 11.395833
-0.005913 0.002542 11.395833
-0.006057 0.002386 11.395833
-0.006190 0.002221 11.395833
-0.006348 0.002079 11.395833
-0.006486 0.001918 11.395833
-0.006646 0.001778 11.395833
-0.006773 0.001608 11.395833
-0.006933 0.001470 11.395833
-0.007063 0.001301 11.395833
-0.007221 0.001160 11.395833
-0.007355 0.000996 11.395833
-0.007515 0.000856 11.395833
-0.007657 0.000698 11.395833
-0.007819 0.000561 11.395833
-0.007960 0.000402 11.395833
-0.008110 0.000253 11.395833
-0.008158 0.000046 11.395833
-0.008010 -0.000106 11.395833
-0.007879 -0.000273 11.395833
-0.007738 -0.000432 11.395833
-0.007614 -0.000604 11.395833
-0.007474 -0.000764 11.395833
-0.007354 -0.000938 11.395833
-0.007202 -0.001087 11.395833
-0.007066 -0.001249 11.395833
-0.006905 -0.001388 11.395833
-0.006775 -0.001556 11.395833
-0.006629 -0.001709 11.395833
-0.006496 -0.001875 11.395833
-0.006331 -0.002008 11.395833
-0.006198 -0.002173 11.395833
-0.006037 -0.002311 11.395833
-0.005893 -0.002467 11.395833
-0.005742 -0.002616 11.395833
-0.005584 -0.002758 11.395833
-0.005476 -0.002941 11.395833
-0.005442 -0.003150 11.395833
-0.005361 -0.003346 11.395833
-0.005294 -0.003548 11.395833
-0.005251 -0.003755 11.395833
-0.005172 -0.003952 11.395833
-0.005140 -0.004162 11.395833
-0.005053 -0.004356 11.395833
-0.005020 -0.004565 11.395833
-0.004948 -0.004765 11.395833
-0.004902 -0.004972 11.395833
-0.004823 -0.005169 11.395833
-0.004773 -0.005375 11.395833
-0.004697 -0.005573 11.395833
-0.004649 -0.005780 11.395833
-0.004578 -0.005980 11.395833
-0.004533 -0.006187 11.395833
-0.004462 -0.006387 11.395833
-0.004419 -0.006595 11.395833
-0.004345 -0.006794 11.395833
-0.004297 -0.007000 11.395833
-0.004119 -0.007117 11.395833
-0.003914 -0.007064 11.395833
-0.003710 -0.007004 11.395833
-0.003501 -0.006965 11.395833
-0.003296 -0.006910 11.395833
-0.003088 -0.006870 11.395833
-0.002882 -0.006819 11.395833
-0.002672 -0.006791 11.395833
-0.002467 -0.006736 11.395833
-0.002259 -0.006693 11.395833
-0.002057 -0.006628 11.395833
-0.001851 -0.006576 11.395833
-0.001643 -0.006537 11.395833
-0.001434 -0.006497 11.395833
-0.001225 -0.006460 11.395833
-0.001018 -0.006415 11.395833
-0.000810 -0.006373 11.395833
-0.000602 -0.006333 11.395833
-0.000410 -0.006242 11.395833
-0.000198 -0.006229 11.395833
-0.000001 -0.006306 11.395833
0.000211 -0.006327 11.395833
0.000412 -0.006392 11.395833
0.000618 -0.006447 11.395833
0.000826 -0.006487 11.395833
0.001026 -0.006557 11.395833
0.001237 -0.006584 11.395833
0.001439 -0.006649 11.395833
0.001645 -0.006696 11.395833
0.001852 -0.006742 11.395833
0.002060 -0.006788 11.395833
0.002268 -0.006830 11.395833
0.002474 -0.006881 11.395833
0.002683 -0.006918 11.395833
0.002886 -0.006977 11.395833
0.003096 -0.007010 11.395833
0.003301 -0.007065 11.395833
0.003511 -0.007098 11.395833
0.003719 -0.007137 11.395833
0.003928 -0.007174 11.395833
0.004120 -0.007084 11.395833
0.004167 -0.006877 11.395833
0.004199 -0.006667 11.395833
0.004264 -0.006465 11.395833
0.004305 -0.006257 11.395833
0.004377 -0.006057 11.395833
0.004416 -0.005849 11.395833
0.004501 -0.005654 11.395833
0.004544 -0.005446 11.395833
0.004614 -0.005246 11.395833
0.004665 -0.005040 11.395833
0.004723 -0.004836 11.395833
0.004790 -0.004635 11.395833
0.004833 -0.004427 11.395833
0.004932 -0.004239 11.395833
0.004961 -0.004029 11.395833
0.005069 -0.003847 11.395833
0.005272 -0.003783 11.395833
0.005326 -0.003578 11.395833
0.005320 -0.003366 11.395833
0.005388 -0.003164 11.395833
0.005540 -0.003016 11.395833
0.005667 -0.002846 11.395833
0.005828 -0.002708 11.395833
0.005968 -0.002548 11.395833
0.006123 -0.002403 11.395833
0.006266 -0.002247 11.395833
0.006404 -0.002085 11.395833
0.006563 -0.001945 11.395833
0.006700 -0.001783 11.395833
0.006852 -0.001635 11.395833
0.006983 -0.001468 11.395833
0.007140 -0.001326 11.395833
0.007266 -0.001155 11.395833
0.007425 -0.001014 11.395833
0.007550 -0.000843 11.395833
0.007705 -0.000698 11.395833
0.007832 -0.000528 11.395833
0.007977 -0.000373 11.395833
0.008108 -0.000206 11.395833
0.008158 0.000001 11.395833

