0.006741 -0.000000 4.784722
0.006684 0.000161 4.784722
0.006577 0.000294 4.784722
0.006471 0.000427 4.784722
0.006366 0.000562 4.784722
0.006258 0.000693 4.784722
0.006150 0.000826 4.784722
0.006043 0.000958 4.784722
0.005942 0.001096 4.784722
0.005832 0.001227 4.784722
0.005724 0.001358 4.784722
0.005615 0.001489 4.784722
0.005512 0.001626 4.784722
0.005410 0.001762 4.784722
0.005300 0.001892 4.784722
0.005191 0.002023 4.784722
0.005081 0.002154 4.784722
0.004979 0.002291 4.784722
0.004879 0.002429 4.784722
0.004770 0.002560 4.784722
0.004660 0.002690 4.784722
0.004602 0.002851 4.784722
0.004543 0.003011 4.784722
0.004473 0.003166 4.784722
0.004406 0.003323 4.784722
0.004348 0.003484 4.784722
0.004289 0.003644 4.784722
0.004231 0.003804 4.784722
0.004164 0.003961 4.784722
0.004097 0.004118 4.784722
0.004038 0.004278 4.784722
0.003978 0.004438 4.784722
0.003920 0.004598 4.784722
0.003851 0.004754 4.784722
0.003790 0.004913 4.784722
0.003729 0.005073 4.784722
0.003670 0.005233 4.784722
0.003605 0.005391 4.784722
0.003543 0.005549 4.784722
0.003481 0.005708 4.784722
0.003371 0.005838 4.784722
0.003203 0.005869 4.784722
0.003034 0.005843 4.784722
0.002866 0.005818 4.784722
0.002697 0.005794 4.784722
0.002528 0.005766 4.784722
0.002360 0.005739 4.784722
0.002192 0.005712 4.784722
0.002022 0.005693 4.784722
0.001854 0.005664 4.784722
0.001686 0.005636 4.784722
0.001518 0.005607 4.784722
0.001348 0.005587 4.784722
0.001179 0.005566 4.784722
0.001011 0.005536 4.784722
0.000843 0.005507 4.784722
0.000675 0.005478 4.784722
0.000506 0.005457 4.784722
0.000336 0.005440 4.784722
0.000168 0.005410 4.784722
-0.000000 0.005381 4.784722
-0.000168 0.005410 4.784722
-0.000336 0.005440 4.784722
-0.000506 0.005457 4.784722
-0.000675 0.005478 4.784722
-0.000843 0.005507 4.784722
-0.001011 0.005536 4.784722
-0.001179 0.005566 4.784722
-0.001348 0.005587 4.784722
-0.001518 0.005607 4.784722
-0.001686 0.005636 4.784722
-0.001854 0.005664 4.784722
-0.002022 0.005693 4.784722
-0.002192 0.005712 4.784722
-0.002360 0.005739 4.784722
-0.002528 0.005766 4.784722
-0.002697 0.005794 4.784722
-0.002866 0.005818 4.784722
-0.003034 0.005843 4.784722
-0.003203 0.005869 4.784722
-0.003371 0.005838 4.784722
-0.003481 0.005708 4.784722
-0.003543 0.005549 4.784722
-0.003606 0.005391 4.784722
-0.003670 0.005233 4.784722
-0.003729 0.005073 4.784722
-0.003790 0.004913 4.784722
-0.003851 0.004754 4.784722
-0.003920 0.004598 4.784722
-0.003978 0.004438 4.784722
-0.004038 0.004278 4.784722
-0.004097 0.004118 4.784722
-0.004164 0.003961 4.784722
-0.004231 0.003804 4.784722
-0.004289 0.003644 4.784722
-0.004348 0.003484 4.784722
-0.004406 0.003323 4.784722
-0.004473 0.003166 4.784722
-0.004543 0.003011 4.784722
-0.004602 0.002851 4.784722
-0.004660 0.002690 4.784722
-0.004770 0.002560 4.784722
-0.004879 0.002429 4.784722
-0.004979 0.002291 4.784722
-0.005081 0.002154 4.784722
-0.005191 0.002023 4.784722
-0.005300 0.001892 4.784722
-0.005410 0.001762 4.784722
-0.005512 0.001626 4.784722
-0.005615 0.001489 4.784722
-0.005724 0.001358 4.784722
-0.005832 0.001227 4.784722
-0.005942 0.001096 4.784722
-0.006043 0.000958 4.784722
-0.006150 0.000826 4.784722
-0.006258 0.000693 4.784722
-0.006366 0.000562 4.784722
-0.006471 0.000427 4.784722
-0.006578 0.000294 4.784722
-0.006684 0.000161 4.784722
-0.006741 0.000000 4.784722
-0.006684 -0.000161 4.784722
-0.006578 -0.000294 4.784722
-0.006471 -0.000427 4.784722
-0.006366 -0.000562 4.784722
-0.006258 -0.000693 4.784722
-0.006150 -0.000826 4.784722
-0.006043 -0.000958 4.784722
-0.005942 -0.001096 4.784722
-0.005832 -0.001227 4.784722
-0.005724 -0.001358 4.784722
-0.005615 -0.001489 4.784722
-0.005512 -0.001626 4.784722
-0.005410 -0.001762 4.784722
-0.005300 -0.001892 4.784722
-0.005191 -0.002023 4.784722
-0.005081 -0.002154 4.784722
-0.004979 -0.002291 4.784722
-0.004879 -0.002429 4.784722
-0.004770 -0.002560 4.784722
-0.004660 -0.002690 4.784722
-0.004602 -0.002851 4.784722
-0.004543 -0.003011 4.784722
-0.004473 -0.003166 4.784722
-0.004406 -0.003323 4.784722
-0.004348 -0.003484 4.784722
-0.004289 -0.003644 4.784722
-0.004231 -0.003804 4.784722
-0.004164 -0.003961 4.784722
-0.004097 -0.004118 4.784722
-0.004038 -0.004278 4.784722
-0.003978 -0.004438 4.784722
-0.003920 -0.004598 4.784722
-0.003851 -0.004754 4.784722
-0.003790 -0.004913 4.784722
-0.003729 -0.005073 4.784722
-0.003670 -0.005233 4.784722
-0.003606 -0.005391 4.784722
-0.003543 -0.005549 4.784722
-0.003482 -0.005708 4.784722
-0.003371 -0.005838 4.784722
-0.003203 -0.005869 4.784722
-0.003034 -0.005843 4.784722
-0.002866 -0.005818 4.784722
-0.002697 -0.005794 4.784722
-0.002528 -0.005766 4.784722
-0.002360 -0.005739 4.784722
-0.002192 -0.005712 4.784722
-0.002022 -0.005693 4.784722
-0.001854 -0.005664 4.784722
-0.001686 -0.005636 4.784722
-0.001518 -0.005607 4.784722
-0.001348 -0.005587 4.784722
-0.001179 -0.005566 4.784722
-0.001011 -0.005536 4.784722
-0.000843 -0.005507 4.784722
-0.000675 -0.005478 4.784722
-0.000506 -0.005457 4.784722
-0.000336 -0.005440 4.784722
-0.000168 -0.005410 4.784722
0.000000 -0.005381 4.784722
0.000168 -0.005410 4.784722
0.000336 -0.005440 4.784722
0.000506 -0.005457 4.784722
0.000675 -0.005478 4.784722
0.000843 -0.005507 4.784722
0.001011 -0.005536 4.784722
0.001179 -0.005566 4.784722
0.001348 -0.005587 4.784722
0.001518 -0.005607 4.784722
0.001686 -0.005636 4.784722
0.001854 -0.005664 4.784722
0.002022 -0.005693 4.784722
0.002192 -0.005712 4.784722
0.002360 -0.005739 4.784722
0.002528 -0.005766 4.784722
0.002697 -0.005794 4.784722
0.002866 -0.005818 4.784722
0.003034 -0.005843 4.784722
0.003203 -0.005869 4.784722
0.003371 -0.005838 4.784722
0.003481 -0.005708 4.784722
0.003543 -0.005549 4.784722
0.003605 -0.005391 4.784722
0.003670 -0.005233 4.784722
0.003729 -0.005073 4.784722
0.003790 -0.004913 4.784722
0.003851 -0.004754 4.784722
0.003920 -0.004598 4.784722
0.003978 -0.004438 4.784722
0.004038 -0.004278 4.784722
0.004097 -0.004118 4.784722
0.004164 -0.003961 4.784722
0.004231 -0.003804 4.784722
0.004289 -0.003644 4.784722
0.004348 -0.003484 4.784722
0.004406 -0.003323 4.784722
0.004473 -0.003166 4.784722
0.004543 -0.003011 4.784722
0.004602 -0.002851 4.784722
0.004660 -0.002690 4.784722
0.004770 -0.002560 4.784722
0.004879 -0.002429 4.784722
0.004979 -0.002291 4.784722
0.005081 -0.002154 4.784722
0.005191 -0.002023 4.784722
0.005300 -0.001892 4.784722
0.005410 -0.001762 4.784722
0.005512 -0.001626 4.784722
0.005615 -0.001489 4.784722
0.005724 -0.001358 4.784722
0.005832 -0.001227 4.784722
0.005942 -0.001096 4.784722
0.006043 -0.000958 4.784722
0.006150 -0.000826 4.784722
0.006258 -0.000693 4.784722
0.006366 -0.000562 4.784722
0.006471 -0.000427 4.784722
0.006578 -0.000294 4.784722
0.006684 -0.000161 4.784722
0.006741 -0.000000 4.784722

