0.007122 -0.000069 6.743056
0.007010 0.000073 6.743056
0.006895 0.000212 6.743056
0.006793 0.000360 6.743056
0.006695 0.000512 6.743056
0.006599 0.000665 6.743056
0.006502 0.000817 6.743056
0.006399 0.000965 6.743056
0.006299 0.001116 6.743056
0.006193 0.001262 6.743056
0.006081 0.001403 6.743056
0.005971 0.001547 6.743056
0.005861 0.001690 6.743056
0.005752 0.001834 6.743056
0.005640 0.001975 6.743056
0.005522 0.002112 6.743056
0.005410 0.002253 6.743056
0.005306 0.002400 6.743056
0.005188 0.002537 6.743056
0.005078 0.002680 6.743056
0.004957 0.002814 6.743056
0.004880 0.002977 6.743056
0.004826 0.003149 6.743056
0.004760 0.003318 6.743056
0.004690 0.003484 6.743056
0.004619 0.003650 6.743056
0.004559 0.003820 6.743056
0.004495 0.003989 6.743056
0.004426 0.004156 6.743056
0.004358 0.004323 6.743056
0.004288 0.004489 6.743056
0.004224 0.004658 6.743056
0.004157 0.004825 6.743056
0.004081 0.004989 6.743056
0.004011 0.005156 6.743056
0.003940 0.005322 6.743056
0.003869 0.005487 6.743056
0.003799 0.005654 6.743056
0.003729 0.005820 6.743056
0.003671 0.005991 6.743056
0.003541 0.006116 6.743056
0.003361 0.006104 6.743056
0.003180 0.006095 6.743056
0.003000 0.006090 6.743056
0.002820 0.006078 6.743056
0.002640 0.006064 6.743056
0.002460 0.006046 6.743056
0.002281 0.006026 6.743056
0.002101 0.006011 6.743056
0.001922 0.005986 6.743056
0.001744 0.005958 6.743056
0.001565 0.005935 6.743056
0.001386 0.005911 6.743056
0.001207 0.005887 6.743056
0.001029 0.005858 6.743056
0.000851 0.005825 6.743056
0.000672 0.005803 6.743056
0.000493 0.005782 6.743056
0.000315 0.005753 6.743056
0.000138 0.005716 6.743056
-0.000042 0.005700 6.743056
-0.000218 0.005737 6.743056
-0.000397 0.005763 6.743056
-0.000574 0.005795 6.743056
-0.000754 0.005812 6.743056
-0.000933 0.005838 6.743056
-0.001110 0.005872 6.743056
-0.001289 0.005899 6.743056
-0.001468 0.005921 6.743056
-0.001647 0.005945 6.743056
-0.001826 0.005968 6.743056
-0.002004 0.005994 6.743056
-0.002184 0.006013 6.743056
-0.002364 0.006024 6.743056
-0.002544 0.006038 6.743056
-0.002724 0.006048 6.743056
-0.002904 0.006057 6.743056
-0.003084 0.006071 6.743056
-0.003263 0.006094 6.743056
-0.003440 0.006129 6.743056
-0.003619 0.006154 6.743056
-0.003745 0.006025 6.743056
-0.003792 0.005850 6.743056
-0.003847 0.005678 6.743056
-0.003901 0.005506 6.743056
-0.003961 0.005336 6.743056
-0.004023 0.005167 6.743056
-0.004088 0.004998 6.743056
-0.004160 0.004833 6.743056
-0.004225 0.004664 6.743056
-0.004288 0.004495 6.743056
-0.004357 0.004328 6.743056
-0.004425 0.004161 6.743056
-0.004494 0.003994 6.743056
-0.004558 0.003825 6.743056
-0.004617 0.003655 6.743056
-0.004688 0.003489 6.743056
-0.004759 0.003323 6.743056
-0.004823 0.003154 6.743056
-0.004880 0.002983 6.743056
-0.004955 0.002819 6.743056
-0.005074 0.002683 6.743056
-0.005187 0.002542 6.743056
-0.005303 0.002404 6.743056
-0.005408 0.002257 6.743056
-0.005520 0.002116 6.743056
-0.005638 0.001979 6.743056
-0.005750 0.001838 6.743056
-0.005860 0.001694 6.743056
-0.005970 0.001552 6.743056
-0.006081 0.001409 6.743056
-0.006195 0.001269 6.743056
-0.006304 0.001126 6.743056
-0.006409 0.000979 6.743056
-0.006520 0.000836 6.743056
-0.006630 0.000693 6.743056
-0.006742 0.000551 6.743056
-0.006856 0.000412 6.743056
-0.006973 0.000274 6.743056
-0.007095 0.000141 6.743056
-0.007121 -0.000037 6.743056
-0.006992 -0.000163 6.743056
-0.006871 -0.000297 6.743056
-0.006768 -0.000445 6.743056
-0.006668 -0.000595 6.743056
-0.006567 -0.000745 6.743056
-0.006464 -0.000893 6.743056
-0.006357 -0.001039 6.743056
-0.006255 -0.001187 6.743056
-0.006144 -0.001330 6.743056
-0.006031 -0.001470 6.743056
-0.005921 -0.001614 6.743056
-0.005811 -0.001757 6.743056
-0.005701 -0.001900 6.743056
-0.005587 -0.002040 6.743056
-0.005469 -0.002177 6.743056
-0.005362 -0.002322 6.743056
-0.005252 -0.002465 6.743056
-0.005141 -0.002607 6.743056
-0.005017 -0.002739 6.743056
-0.004915 -0.002887 6.743056
-0.004861 -0.003060 6.743056
-0.004791 -0.003226 6.743056
-0.004733 -0.003397 6.743056
-0.004656 -0.003560 6.743056
-0.004591 -0.003729 6.743056
-0.004531 -0.003899 6.743056
-0.004466 -0.004067 6.743056
-0.004396 -0.004234 6.743056
-0.004329 -0.004401 6.743056
-0.004262 -0.004569 6.743056
-0.004200 -0.004738 6.743056
-0.004133 -0.004906 6.743056
-0.004064 -0.005072 6.743056
-0.004003 -0.005242 6.743056
-0.003943 -0.005413 6.743056
-0.003885 -0.005583 6.743056
-0.003829 -0.005755 6.743056
-0.003771 -0.005926 6.743056
-0.003721 -0.006099 6.743056
-0.003587 -0.006221 6.743056
-0.003412 -0.006178 6.743056
-0.003239 -0.006125 6.743056
-0.003063 -0.006087 6.743056
-0.002884 -0.006060 6.743056
-0.002704 -0.006045 6.743056
-0.002524 -0.006033 6.743056
-0.002344 -0.006019 6.743056
-0.002164 -0.006009 6.743056
-0.001985 -0.005991 6.743056
-0.001806 -0.005965 6.743056
-0.001627 -0.005942 6.743056
-0.001448 -0.005919 6.743056
-0.001269 -0.005896 6.743056
-0.001090 -0.005870 6.743056
-0.000913 -0.005836 6.743056
-0.000734 -0.005811 6.743056
-0.000555 -0.005792 6.743056
-0.000377 -0.005762 6.743056
-0.000199 -0.005733 6.743056
-0.000021 -0.005701 6.743056
0.000158 -0.005723 6.743056
0.000335 -0.005756 6.743056
0.000513 -0.005786 6.743056
0.000693 -0.005806 6.743056
0.000872 -0.005830 6.743056
0.001049 -0.005863 6.743056
0.001227 -0.005892 6.743056
0.001406 -0.005916 6.743056
0.001585 -0.005941 6.743056
0.001764 -0.005965 6.743056
0.001942 -0.005996 6.743056
0.002120 -0.006025 6.743056
0.002299 -0.006047 6.743056
0.002477 -0.006078 6.743056
0.002654 -0.006112 6.743056
0.002831 -0.006149 6.743056
0.003006 -0.006191 6.743056
0.003182 -0.006230 6.743056
0.003357 -0.006275 6.743056
0.003531 -0.006228 6.743056
0.003598 -0.006061 6.743056
0.003653 -0.005889 6.743056
0.003716 -0.005719 6.743056
0.003786 -0.005553 6.743056
0.003865 -0.005391 6.743056
0.003946 -0.005230 6.743056
0.004025 -0.005067 6.743056
0.004107 -0.004907 6.743056
0.004183 -0.004743 6.743056
0.004250 -0.004575 6.743056
0.004320 -0.004409 6.743056
0.004389 -0.004242 6.743056
0.004460 -0.004076 6.743056
0.004527 -0.003908 6.743056
0.004586 -0.003738 6.743056
0.004652 -0.003570 6.743056
0.004728 -0.003406 6.743056
0.004787 -0.003236 6.743056
0.004857 -0.003069 6.743056
0.004909 -0.002897 6.743056
0.005010 -0.002747 6.743056
0.005133 -0.002615 6.743056
0.005245 -0.002473 6.743056
0.005355 -0.002330 6.743056
0.005463 -0.002185 6.743056
0.005580 -0.002048 6.743056
0.005695 -0.001909 6.743056
0.005805 -0.001766 6.743056
0.005916 -0.001623 6.743056
0.006026 -0.001480 6.743056
0.006140 -0.001341 6.743056
0.006254 -0.001200 6.743056
0.006361 -0.001055 6.743056
0.006474 -0.000914 6.743056
0.006589 -0.000775 6.743056
0.006706 -0.000638 6.743056
0.006828 -0.000505 6.743056
0.006950 -0.000372 6.743056
0.007077 -0.000243 6.743056
0.007122 -0.000069 6.743056

