0.007330 -0.000079 7.543403
0.007203 0.000058 7.543403
0.007081 0.000199 7.543403
0.006959 0.000340 7.543403
0.006839 0.000483 7.543403
0.006715 0.000623 7.543403
0.006595 0.000766 7.543403
0.006488 0.000919 7.543403
0.006383 0.001073 7.543403
0.006279 0.001228 7.543403
0.006179 0.001386 7.543403
0.006078 0.001543 7.543403
0.005974 0.001697 7.543403
0.005867 0.001851 7.543403
0.005748 0.001994 7.543403
0.005645 0.002150 7.543403
0.005527 0.002295 7.543403
0.005418 0.002446 7.543403
0.005289 0.002581 7.543403
0.005186 0.002736 7.543403
0.005062 0.002875 7.543403
0.004981 0.003044 7.543403
0.004922 0.003221 7.543403
0.004841 0.003389 7.543403
0.004792 0.003569 7.543403
0.004710 0.003737 7.543403
0.004641 0.003910 7.543403
0.004569 0.004083 7.543403
0.004502 0.004257 7.543403
0.004426 0.004427 7.543403
0.004351 0.004598 7.543403
0.004275 0.004769 7.543403
0.004205 0.004942 7.543403
0.004137 0.005116 7.543403
0.004066 0.005288 7.543403
0.004005 0.005464 7.543403
0.003951 0.005643 7.543403
0.003897 0.005822 7.543403
0.003849 0.006002 7.543403
0.003797 0.006182 7.543403
0.003649 0.006296 7.543403
0.003467 0.006255 7.543403
0.003285 0.006213 7.543403
0.003104 0.006171 7.543403
0.002920 0.006140 7.543403
0.002734 0.006117 7.543403
0.002548 0.006104 7.543403
0.002362 0.006099 7.543403
0.002175 0.006085 7.543403
0.001989 0.006070 7.543403
0.001803 0.006057 7.543403
0.001617 0.006040 7.543403
0.001431 0.006023 7.543403
0.001247 0.005996 7.543403
0.001062 0.005972 7.543403
0.000877 0.005947 7.543403
0.000691 0.005934 7.543403
0.000510 0.005886 7.543403
0.000324 0.005873 7.543403
0.000141 0.005834 7.543403
-0.000045 0.005821 7.543403
-0.000227 0.005861 7.543403
-0.000414 0.005871 7.543403
-0.000595 0.005916 7.543403
-0.000780 0.005935 7.543403
-0.000965 0.005963 7.543403
-0.001151 0.005975 7.543403
-0.001335 0.006006 7.543403
-0.001521 0.006023 7.543403
-0.001707 0.006035 7.543403
-0.001894 0.006045 7.543403
-0.002080 0.006055 7.543403
-0.002266 0.006071 7.543403
-0.002451 0.006091 7.543403
-0.002637 0.006114 7.543403
-0.002820 0.006149 7.543403
-0.003004 0.006183 7.543403
-0.003189 0.006208 7.543403
-0.003373 0.006235 7.543403
-0.003557 0.006267 7.543403
-0.003739 0.006309 7.543403
-0.003888 0.006197 7.543403
-0.003938 0.006017 7.543403
-0.003987 0.005837 7.543403
-0.004039 0.005658 7.543403
-0.004088 0.005478 7.543403
-0.004141 0.005299 7.543403
-0.004200 0.005122 7.543403
-0.004253 0.004943 7.543403
-0.004312 0.004766 7.543403
-0.004379 0.004591 7.543403
-0.004447 0.004417 7.543403
-0.004518 0.004245 7.543403
-0.004582 0.004070 7.543403
-0.004651 0.003896 7.543403
-0.004721 0.003723 7.543403
-0.004801 0.003554 7.543403
-0.004849 0.003374 7.543403
-0.004932 0.003207 7.543403
-0.004986 0.003028 7.543403
-0.005070 0.002862 7.543403
-0.005199 0.002726 7.543403
-0.005299 0.002569 7.543403
-0.005431 0.002436 7.543403
-0.005540 0.002285 7.543403
-0.005657 0.002139 7.543403
-0.005763 0.001986 7.543403
-0.005885 0.001845 7.543403
-0.005997 0.001695 7.543403
-0.006108 0.001546 7.543403
-0.006221 0.001397 7.543403
-0.006335 0.001249 7.543403
-0.006456 0.001107 7.543403
-0.006577 0.000964 7.543403
-0.006696 0.000821 7.543403
-0.006823 0.000684 7.543403
-0.006951 0.000548 7.543403
-0.007078 0.000411 7.543403
-0.007208 0.000278 7.543403
-0.007336 0.000142 7.543403
-0.007363 -0.000043 7.543403
-0.007240 -0.000183 7.543403
-0.007113 -0.000320 7.543403
-0.006977 -0.000447 7.543403
-0.006843 -0.000578 7.543403
-0.006710 -0.000709 7.543403
-0.006586 -0.000848 7.543403
-0.006475 -0.000998 7.543403
-0.006365 -0.001149 7.543403
-0.006257 -0.001301 7.543403
-0.006153 -0.001456 7.543403
-0.006046 -0.001609 7.543403
-0.005941 -0.001763 7.543403
-0.005824 -0.001909 7.543403
-0.005713 -0.002059 7.543403
-0.005596 -0.002204 7.543403
-0.005494 -0.002361 7.543403
-0.005363 -0.002493 7.543403
-0.005256 -0.002646 7.543403
-0.005134 -0.002788 7.543403
-0.005027 -0.002941 7.543403
-0.004967 -0.003118 7.543403
-0.004886 -0.003285 7.543403
-0.004834 -0.003465 7.543403
-0.004758 -0.003635 7.543403
-0.004696 -0.003811 7.543403
-0.004614 -0.003979 7.543403
-0.004559 -0.004157 7.543403
-0.004488 -0.004330 7.543403
-0.004422 -0.004505 7.543403
-0.004355 -0.004679 7.543403
-0.004292 -0.004855 7.543403
-0.004236 -0.005033 7.543403
-0.004181 -0.005211 7.543403
-0.004120 -0.005387 7.543403
-0.004065 -0.005566 7.543403
-0.004013 -0.005745 7.543403
-0.003959 -0.005924 7.543403
-0.003911 -0.006104 7.543403
-0.003860 -0.006284 7.543403
-0.003710 -0.006395 7.543403
-0.003528 -0.006356 7.543403
-0.003343 -0.006327 7.543403
-0.003159 -0.006295 7.543403
-0.002977 -0.006256 7.543403
-0.002797 -0.006205 7.543403
-0.002617 -0.006156 7.543403
-0.002434 -0.006119 7.543403
-0.002251 -0.006086 7.543403
-0.002066 -0.006059 7.543403
-0.001880 -0.006044 7.543403
-0.001693 -0.006032 7.543403
-0.001507 -0.006021 7.543403
-0.001321 -0.006004 7.543403
-0.001137 -0.005976 7.543403
-0.000951 -0.005960 7.543403
-0.000765 -0.005937 7.543403
-0.000580 -0.005915 7.543403
-0.000398 -0.005874 7.543403
-0.000212 -0.005859 7.543403
-0.000029 -0.005825 7.543403
0.000157 -0.005843 7.543403
0.000341 -0.005877 7.543403
0.000526 -0.005897 7.543403
0.000708 -0.005940 7.543403
0.000894 -0.005957 7.543403
0.001079 -0.005982 7.543403
0.001263 -0.006013 7.543403
0.001447 -0.006045 7.543403
0.001631 -0.006073 7.543403
0.001815 -0.006104 7.543403
0.001999 -0.006136 7.543403
0.002181 -0.006177 7.543403
0.002362 -0.006223 7.543403
0.002545 -0.006262 7.543403
0.002726 -0.006306 7.543403
0.002907 -0.006352 7.543403
0.003089 -0.006394 7.543403
0.003270 -0.006441 7.543403
0.003451 -0.006486 7.543403
0.003622 -0.006413 7.543403
0.003674 -0.006233 7.543403
0.003735 -0.006057 7.543403
0.003800 -0.005882 7.543403
0.003870 -0.005709 7.543403
0.003932 -0.005533 7.543403
0.003989 -0.005355 7.543403
0.004055 -0.005181 7.543403
0.004123 -0.005007 7.543403
0.004197 -0.004836 7.543403
0.004280 -0.004668 7.543403
0.004365 -0.004502 7.543403
0.004447 -0.004335 7.543403
0.004530 -0.004167 7.543403
0.004594 -0.003992 7.543403
0.004680 -0.003826 7.543403
0.004745 -0.003651 7.543403
0.004825 -0.003483 7.543403
0.004873 -0.003302 7.543403
0.004960 -0.003137 7.543403
0.005014 -0.002958 7.543403
0.005116 -0.002803 7.543403
0.005244 -0.002666 7.543403
0.005345 -0.002509 7.543403
0.005480 -0.002381 7.543403
0.005583 -0.002225 7.543403
0.005701 -0.002080 7.543403
0.005814 -0.001932 7.543403
0.005935 -0.001790 7.543403
0.006048 -0.001641 7.543403
0.006165 -0.001496 7.543403
0.006282 -0.001351 7.543403
0.006406 -0.001211 7.543403
0.006535 -0.001075 7.543403
0.006659 -0.000936 7.543403
0.006787 -0.000801 7.543403
0.006918 -0.000668 7.543403
0.007046 -0.000532 7.543403
0.007177 -0.000398 7.543403
0.007307 -0.000264 7.543403
0.007330 -0.000079 7.543403

