0.005021 -0.000000 0.065972
0.005019 0.000131 0.065972
0.005014 0.000262 0.065972
0.005005 0.000393 0.065972
0.004993 0.000524 0.065972
0.004977 0.000654 0.065972
0.004958 0.000784 0.065972
0.004935 0.000913 0.065972
0.004908 0.001042 0.065972
0.004879 0.001170 0.065972
0.004845 0.001297 0.065972
0.004808 0.001423 0.065972
0.004768 0.001548 0.065972
0.004724 0.001671 0.065972
0.004678 0.001794 0.065972
0.004627 0.001915 0.065972
0.004574 0.002035 0.065972
0.004517 0.002154 0.065972
0.004458 0.002271 0.065972
0.004395 0.002386 0.065972
0.004331 0.002500 0.065972
0.004264 0.002613 0.065972
0.004195 0.002725 0.065972
0.004124 0.002835 0.065972
0.004050 0.002944 0.065972
0.003972 0.003050 0.065972
0.003892 0.003154 0.065972
0.003810 0.003256 0.065972
0.003724 0.003355 0.065972
0.003636 0.003453 0.065972
0.003546 0.003548 0.065972
0.003452 0.003640 0.065972
0.003357 0.003730 0.065972
0.003258 0.003817 0.065972
0.003158 0.003901 0.065972
0.003055 0.003983 0.065972
0.002950 0.004062 0.065972
0.002843 0.004138 0.065972
0.002734 0.004211 0.065972
0.002623 0.004281 0.065972
0.002511 0.004348 0.065972
0.002396 0.004413 0.065972
0.002280 0.004474 0.065972
0.002162 0.004531 0.065972
0.002043 0.004586 0.065972
0.001922 0.004637 0.065972
0.001800 0.004686 0.065972
0.001676 0.004730 0.065972
0.001552 0.004772 0.065972
0.001426 0.004810 0.065972
0.001300 0.004844 0.065972
0.001172 0.004876 0.065972
0.001044 0.004903 0.065972
0.000915 0.004927 0.065972
0.000785 0.004948 0.065972
0.000655 0.004965 0.065972
0.000524 0.004979 0.065972
0.000394 0.004989 0.065972
0.000262 0.004996 0.065972
0.000131 0.005000 0.065972
-0.000000 0.005001 0.065972
-0.000131 0.005000 0.065972
-0.000262 0.004996 0.065972
-0.000394 0.004989 0.065972
-0.000524 0.004979 0.065972
-0.000655 0.004965 0.065972
-0.000785 0.004948 0.065972
-0.000915 0.004927 0.065972
-0.001044 0.004903 0.065972
-0.001172 0.004876 0.065972
-0.001300 0.004844 0.065972
-0.001426 0.004810 0.065972
-0.001552 0.004772 0.065972
-0.001676 0.004730 0.065972
-0.001800 0.004686 0.065972
-0.001922 0.004637 0.065972
-0.002043 0.004586 0.065972
-0.002162 0.004531 0.065972
-0.002280 0.004474 0.065972
-0.002396 0.004413 0.065972
-0.002511 0.004348 0.065972
-0.002623 0.004281 0.065972
-0.002734 0.004211 0.065972
-0.002843 0.004138 0.065972
-0.002950 0.004062 0.065972
-0.003055 0.003983 0.065972
-0.003158 0.003901 0.065972
-0.003258 0.003817 0.065972
-0.003357 0.003730 0.065972
-0.003452 0.003640 0.065972
-0.003546 0.003548 0.065972
-0.003636 0.003453 0.065972
-0.003724 0.003355 0.065972
-0.003810 0.003256 0.065972
-0.003892 0.003154 0.065972
-0.003972 0.003050 0.065972
-0.004050 0.002944 0.065972
-0.004124 0.002835 0.065972
-0.004195 0.002725 0.065972
-0.004264 0.002613 0.065972
-0.004331 0.002500 0.065972
-0.004395 0.002386 0.065972
-0.004458 0.002271 0.065972
-0.004517 0.002154 0.065972
-0.004574 0.002035 0.065972
-0.004627 0.001915 0.065972
-0.004678 0.001794 0.065972
-0.004724 0.001671 0.065972
-0.004768 0.001548 0.065972
-0.004808 0.001423 0.065972
-0.004845 0.001297 0.065972
-0.004879 0.001170 0.065972
-0.004908 0.001042 0.065972
-0.004935 0.000913 0.065972
-0.004958 0.000784 0.065972
-0.004977 0.000654 0.065972
-0.004993 0.000524 0.065972
-0.005005 0.000393 0.065972
-0.005014 0.000262 0.065972
-0.005019 0.000131 0.065972
-0.005021 0.000000 0.065972
-0.005019 -0.000131 0.065972
-0.005014 -0.000262 0.065972
-0.005005 -0.000393 0.065972
-0.004993 -0.000524 0.065972
-0.004977 -0.000654 0.065972
-0.004958 -0.000784 0.065972
-0.004935 -0.000913 0.065972
-0.004908 -0.001042 0.065972
-0.004879 -0.001170 0.065972
-0.004845 -0.001297 0.065972
-0.004808 -0.001423 0.065972
-0.004768 -0.001548 0.065972
-0.004724 -0.001671 0.065972
-0.004678 -0.001794 0.065972
-0.004627 -0.001915 0.065972
-0.004574 -0.002035 0.065972
-0.004517 -0.002154 0.065972
-0.004458 -0.002271 0.065972
-0.004395 -0.002386 0.065972
-0.004331 -0.002500 0.065972
-0.004264 -0.002613 0.065972
-0.004195 -0.002725 0.065972
-0.004124 -0.002835 0.065972
-0.004050 -0.002944 0.065972
-0.003972 -0.003050 0.065972
-0.003892 -0.003154 0.065972
-0.003810 -0.003256 0.065972
-0.003724 -0.003355 0.065972
-0.003636 -0.003453 0.065972
-0.003546 -0.003548 0.065972
-0.003452 -0.003640 0.065972
-0.003357 -0.003730 0.065972
-0.003258 -0.003817 0.065972
-0.003158 -0.003901 0.065972
-0.003055 -0.003983 0.065972
-0.002950 -0.004062 0.065972
-0.002843 -0.004138 0.065972
-0.002734 -0.004211 0.065972
-0.002623 -0.004281 0.065972
-0.002511 -0.004348 0.065972
-0.002396 -0.004413 0.065972
-0.002280 -0.004474 0.065972
-0.002162 -0.004531 0.065972
-0.002043 -0.004586 0.065972
-0.001922 -0.004637 0.065972
-0.001800 -0.004686 0.065972
-0.001676 -0.004730 0.065972
-0.001552 -0.004772 0.065972
-0.001426 -0.004810 0.065972
-0.001300 -0.004844 0.065972
-0.001172 -0.004876 0.065972
-0.001044 -0.004903 0.065972
-0.000915 -0.004927 0.065972
-0.000785 -0.004948 0.065972
-0.000655 -0.004965 0.065972
-0.000524 -0.004979 0.065972
-0.000394 -0.004989 0.065972
-0.000262 -0.004996 0.065972
-0.000131 -0.005000 0.065972
-0.000000 -0.005001 0.065972
0.000131 -0.005000 0.065972
0.000262 -0.004996 0.065972
0.000394 -0.004989 0.065972
0.000524 -0.004979 0.065972
0.000655 -0.004965 0.065972
0.000785 -0.004948 0.065972
0.000915 -0.004927 0.065972
0.001044 -0.004903 0.065972
0.001172 -0.004876 0.065972
0.001300 -0.004844 0.065972
0.001426 -0.004810 0.065972
0.001552 -0.004772 0.065972
0.001676 -0.004730 0.065972
0.001800 -0.004686 0.065972
0.001922 -0.004637 0.065972
0.002043 -0.004586 0.065972
0.002162 -0.004531 0.065972
0.002280 -0.004474 0.065972
0.002396 -0.004413 0.065972
0.002511 -0.004348 0.065972
0.002623 -0.004281 0.065972
0.002734 -0.004211 0.065972
0.002843 -0.004138 0.065972
0.002950 -0.004062 0.065972
0.003055 -0.003983 0.065972
0.003158 -0.003901 0.065972
0.003258 -0.003817 0.065972
0.003357 -0.003730 0.065972
0.003452 -0.003640 0.065972
0.003546 -0.003548 0.065972
0.003636 -0.003453 0.065972
0.003724 -0.003355 0.065972
0.003810 -0.003256 0.065972
0.003892 -0.003154 0.065972
0.003972 -0.003050 0.065972
0.004050 -0.002944 0.065972
0.004124 -0.002835 0.065972
0.004195 -0.002725 0.065972
0.004264 -0.002613 0.065972
0.004331 -0.002500 0.065972
0.004395 -0.002386 0.065972
0.004458 -0.002271 0.065972
0.004517 -0.002154 0.065972
0.004574 -0.002035 0.065972
0.004627 -0.001915 0.065972
0.004678 -0.001794 0.065972
0.004724 -0.001671 0.065972
0.004768 -0.001548 0.065972
0.004808 -0.001423 0.065972
0.004845 -0.001297 0.065972
0.004879 -0.001170 0.065972
0.004908 -0.001042 0.065972
0.004935 -0.000913 0.065972
0.004958 -0.000784 0.065972
0.004977 -0.000654 0.065972
0.004993 -0.000524 0.065972
0.005005 -0.000393 0.065972
0.005014 -0.000262 0.065972
0.005019 -0.000131 0.065972
0.005021 -0.000000 0.065972

