0.007296 -0.000078 7.420139
0.007171 0.000059 7.420139
0.007051 0.000201 7.420139
0.006930 0.000342 7.420139
0.006810 0.000484 7.420139
0.006689 0.000624 7.420139
0.006576 0.000771 7.420139
0.006473 0.000926 7.420139
0.006369 0.001080 7.420139
0.006268 0.001236 7.420139
0.006169 0.001393 7.420139
0.006066 0.001548 7.420139
0.005960 0.001700 7.420139
0.005849 0.001849 7.420139
0.005732 0.001993 7.420139
0.005630 0.002148 7.420139
0.005511 0.002290 7.420139
0.005399 0.002438 7.420139
0.005273 0.002575 7.420139
0.005172 0.002730 7.420139
0.005047 0.002868 7.420139
0.004968 0.003036 7.420139
0.004909 0.003212 7.420139
0.004827 0.003378 7.420139
0.004777 0.003557 7.420139
0.004701 0.003726 7.420139
0.004630 0.003898 7.420139
0.004557 0.004068 7.420139
0.004492 0.004242 7.420139
0.004418 0.004413 7.420139
0.004345 0.004583 7.420139
0.004268 0.004752 7.420139
0.004195 0.004923 7.420139
0.004128 0.005096 7.420139
0.004056 0.005267 7.420139
0.003990 0.005441 7.420139
0.003933 0.005618 7.420139
0.003877 0.005795 7.420139
0.003828 0.005974 7.420139
0.003778 0.006153 7.420139
0.003632 0.006267 7.420139
0.003451 0.006227 7.420139
0.003270 0.006185 7.420139
0.003088 0.006147 7.420139
0.002904 0.006124 7.420139
0.002719 0.006107 7.420139
0.002533 0.006099 7.420139
0.002348 0.006092 7.420139
0.002163 0.006075 7.420139
0.001978 0.006060 7.420139
0.001793 0.006047 7.420139
0.001608 0.006028 7.420139
0.001424 0.006008 7.420139
0.001240 0.005979 7.420139
0.001056 0.005956 7.420139
0.000872 0.005934 7.420139
0.000687 0.005914 7.420139
0.000507 0.005868 7.420139
0.000322 0.005857 7.420139
0.000140 0.005818 7.420139
-0.000045 0.005804 7.420139
-0.000226 0.005845 7.420139
-0.000411 0.005854 7.420139
-0.000592 0.005896 7.420139
-0.000776 0.005919 7.420139
-0.000959 0.005950 7.420139
-0.001145 0.005962 7.420139
-0.001328 0.005990 7.420139
-0.001513 0.006012 7.420139
-0.001698 0.006027 7.420139
-0.001883 0.006039 7.420139
-0.002068 0.006047 7.420139
-0.002254 0.006060 7.420139
-0.002438 0.006078 7.420139
-0.002623 0.006095 7.420139
-0.002806 0.006126 7.420139
-0.002989 0.006161 7.420139
-0.003172 0.006189 7.420139
-0.003356 0.006215 7.420139
-0.003540 0.006242 7.420139
-0.003721 0.006280 7.420139
-0.003869 0.006167 7.420139
-0.003918 0.005988 7.420139
-0.003967 0.005809 7.420139
-0.004019 0.005631 7.420139
-0.004068 0.005452 7.420139
-0.004124 0.005275 7.420139
-0.004182 0.005098 7.420139
-0.004236 0.004921 7.420139
-0.004299 0.004746 7.420139
-0.004367 0.004573 7.420139
-0.004436 0.004401 7.420139
-0.004505 0.004229 7.420139
-0.004569 0.004054 7.420139
-0.004639 0.003882 7.420139
-0.004712 0.003711 7.420139
-0.004785 0.003541 7.420139
-0.004835 0.003362 7.420139
-0.004919 0.003196 7.420139
-0.004973 0.003019 7.420139
-0.005056 0.002853 7.420139
-0.005185 0.002719 7.420139
-0.005284 0.002562 7.420139
-0.005412 0.002427 7.420139
-0.005524 0.002279 7.420139
-0.005642 0.002136 7.420139
-0.005747 0.001983 7.420139
-0.005866 0.001840 7.420139
-0.005980 0.001694 7.420139
-0.006091 0.001545 7.420139
-0.006203 0.001397 7.420139
-0.006314 0.001248 7.420139
-0.006431 0.001104 7.420139
-0.006552 0.000963 7.420139
-0.006669 0.000819 7.420139
-0.006792 0.000680 7.420139
-0.006919 0.000545 7.420139
-0.007045 0.000408 7.420139
-0.007174 0.000275 7.420139
-0.007302 0.000140 7.420139
-0.007330 -0.000043 7.420139
-0.007207 -0.000183 7.420139
-0.007077 -0.000315 7.420139
-0.006940 -0.000441 7.420139
-0.006809 -0.000572 7.420139
-0.006680 -0.000706 7.420139
-0.006564 -0.000850 7.420139
-0.006457 -0.001002 7.420139
-0.006348 -0.001153 7.420139
-0.006243 -0.001305 7.420139
-0.006140 -0.001460 7.420139
-0.006032 -0.001611 7.420139
-0.005924 -0.001762 7.420139
-0.005807 -0.001906 7.420139
-0.005697 -0.002056 7.420139
-0.005583 -0.002202 7.420139
-0.005476 -0.002354 7.420139
-0.005345 -0.002486 7.420139
-0.005242 -0.002640 7.420139
-0.005120 -0.002780 7.420139
-0.005013 -0.002931 7.420139
-0.004955 -0.003108 7.420139
-0.004872 -0.003274 7.420139
-0.004818 -0.003452 7.420139
-0.004745 -0.003622 7.420139
-0.004685 -0.003798 7.420139
-0.004603 -0.003965 7.420139
-0.004543 -0.004140 7.420139
-0.004476 -0.004313 7.420139
-0.004409 -0.004487 7.420139
-0.004342 -0.004660 7.420139
-0.004277 -0.004833 7.420139
-0.004217 -0.005009 7.420139
-0.004163 -0.005187 7.420139
-0.004103 -0.005363 7.420139
-0.004046 -0.005539 7.420139
-0.003994 -0.005717 7.420139
-0.003939 -0.005895 7.420139
-0.003890 -0.006074 7.420139
-0.003841 -0.006253 7.420139
-0.003694 -0.006366 7.420139
-0.003511 -0.006333 7.420139
-0.003327 -0.006305 7.420139
-0.003145 -0.006268 7.420139
-0.002965 -0.006224 7.420139
-0.002787 -0.006173 7.420139
-0.002606 -0.006128 7.420139
-0.002423 -0.006096 7.420139
-0.002240 -0.006067 7.420139
-0.002056 -0.006047 7.420139
-0.001870 -0.006036 7.420139
-0.001685 -0.006024 7.420139
-0.001500 -0.006010 7.420139
-0.001316 -0.005988 7.420139
-0.001132 -0.005962 7.420139
-0.000947 -0.005947 7.420139
-0.000763 -0.005921 7.420139
-0.000579 -0.005894 7.420139
-0.000397 -0.005857 7.420139
-0.000212 -0.005843 7.420139
-0.000030 -0.005808 7.420139
0.000155 -0.005826 7.420139
0.000337 -0.005860 7.420139
0.000522 -0.005878 7.420139
0.000703 -0.005919 7.420139
0.000887 -0.005943 7.420139
0.001072 -0.005964 7.420139
0.001255 -0.005992 7.420139
0.001438 -0.006025 7.420139
0.001622 -0.006053 7.420139
0.001805 -0.006082 7.420139
0.001988 -0.006112 7.420139
0.002170 -0.006148 7.420139
0.002350 -0.006193 7.420139
0.002532 -0.006233 7.420139
0.002713 -0.006275 7.420139
0.002892 -0.006321 7.420139
0.003073 -0.006363 7.420139
0.003253 -0.006409 7.420139
0.003433 -0.006455 7.420139
0.003604 -0.006382 7.420139
0.003659 -0.006205 7.420139
0.003724 -0.006031 7.420139
0.003791 -0.005858 7.420139
0.003858 -0.005685 7.420139
0.003916 -0.005508 7.420139
0.003975 -0.005332 7.420139
0.004045 -0.005160 7.420139
0.004116 -0.004989 7.420139
0.004195 -0.004821 7.420139
0.004279 -0.004656 7.420139
0.004363 -0.004490 7.420139
0.004444 -0.004323 7.420139
0.004520 -0.004153 7.420139
0.004585 -0.003980 7.420139
0.004671 -0.003815 7.420139
0.004733 -0.003640 7.420139
0.004809 -0.003470 7.420139
0.004860 -0.003292 7.420139
0.004948 -0.003128 7.420139
0.004999 -0.002950 7.420139
0.005102 -0.002795 7.420139
0.005229 -0.002660 7.420139
0.005328 -0.002503 7.420139
0.005461 -0.002373 7.420139
0.005569 -0.002222 7.420139
0.005684 -0.002076 7.420139
0.005795 -0.001928 7.420139
0.005915 -0.001786 7.420139
0.006029 -0.001639 7.420139
0.006144 -0.001494 7.420139
0.006259 -0.001348 7.420139
0.006379 -0.001206 7.420139
0.006505 -0.001071 7.420139
0.006629 -0.000933 7.420139
0.006755 -0.000796 7.420139
0.006885 -0.000664 7.420139
0.007013 -0.000529 7.420139
0.007142 -0.000395 7.420139
0.007272 -0.000262 7.420139
0.007296 -0.000078 7.420139

