0.006030 -0.000000 1.644097
0.005980 0.000143 1.644097
0.005883 0.000260 1.644097
0.005788 0.000379 1.644097
0.005699 0.000502 1.644097
0.005608 0.000623 1.644097
0.005507 0.000737 1.644097
0.005402 0.000847 1.644097
0.005299 0.000958 1.644097
0.005202 0.001075 1.644097
0.005112 0.001198 1.644097
0.005028 0.001325 1.644097
0.004948 0.001453 1.644097
0.004869 0.001583 1.644097
0.004792 0.001714 1.644097
0.004715 0.001845 1.644097
0.004638 0.001976 1.644097
0.004562 0.002108 1.644097
0.004486 0.002239 1.644097
0.004410 0.002371 1.644097
0.004334 0.002502 1.644097
0.004258 0.002634 1.644097
0.004182 0.002765 1.644097
0.004106 0.002897 1.644097
0.004031 0.003029 1.644097
0.003955 0.003161 1.644097
0.003880 0.003293 1.644097
0.003806 0.003425 1.644097
0.003733 0.003558 1.644097
0.003661 0.003692 1.644097
0.003594 0.003828 1.644097
0.003532 0.003967 1.644097
0.003479 0.004110 1.644097
0.003434 0.004255 1.644097
0.003392 0.004401 1.644097
0.003344 0.004545 1.644097
0.003284 0.004685 1.644097
0.003222 0.004823 1.644097
0.003167 0.004965 1.644097
0.003114 0.005107 1.644097
0.003015 0.005222 1.644097
0.002866 0.005250 1.644097
0.002716 0.005225 1.644097
0.002566 0.005202 1.644097
0.002415 0.005187 1.644097
0.002264 0.005168 1.644097
0.002115 0.005138 1.644097
0.001968 0.005101 1.644097
0.001819 0.005068 1.644097
0.001670 0.005043 1.644097
0.001519 0.005026 1.644097
0.001367 0.005017 1.644097
0.001215 0.005012 1.644097
0.001063 0.005008 1.644097
0.000911 0.005007 1.644097
0.000760 0.005006 1.644097
0.000608 0.005005 1.644097
0.000456 0.005005 1.644097
0.000304 0.005004 1.644097
0.000152 0.005004 1.644097
0.000000 0.005004 1.644097
-0.000152 0.005004 1.644097
-0.000304 0.005004 1.644097
-0.000456 0.005005 1.644097
-0.000608 0.005005 1.644097
-0.000760 0.005006 1.644097
-0.000911 0.005007 1.644097
-0.001063 0.005008 1.644097
-0.001215 0.005012 1.644097
-0.001367 0.005017 1.644097
-0.001519 0.005026 1.644097
-0.001670 0.005043 1.644097
-0.001819 0.005068 1.644097
-0.001968 0.005101 1.644097
-0.002115 0.005138 1.644097
-0.002264 0.005168 1.644097
-0.002415 0.005187 1.644097
-0.002566 0.005202 1.644097
-0.002716 0.005225 1.644097
-0.002866 0.005250 1.644097
-0.003015 0.005222 1.644097
-0.003114 0.005107 1.644097
-0.003167 0.004965 1.644097
-0.003222 0.004823 1.644097
-0.003284 0.004685 1.644097
-0.003344 0.004545 1.644097
-0.003392 0.004401 1.644097
-0.003434 0.004255 1.644097
-0.003479 0.004110 1.644097
-0.003532 0.003967 1.644097
-0.003594 0.003828 1.644097
-0.003661 0.003692 1.644097
-0.003733 0.003558 1.644097
-0.003806 0.003425 1.644097
-0.003880 0.003293 1.644097
-0.003955 0.003161 1.644097
-0.004031 0.003029 1.644097
-0.004106 0.002897 1.644097
-0.004182 0.002765 1.644097
-0.004258 0.002634 1.644097
-0.004334 0.002502 1.644097
-0.004410 0.002371 1.644097
-0.004486 0.002239 1.644097
-0.004562 0.002108 1.644097
-0.004638 0.001976 1.644097
-0.004715 0.001845 1.644097
-0.004792 0.001714 1.644097
-0.004869 0.001583 1.644097
-0.004948 0.001453 1.644097
-0.005028 0.001325 1.644097
-0.005112 0.001198 1.644097
-0.005202 0.001075 1.644097
-0.005299 0.000958 1.644097
-0.005402 0.000847 1.644097
-0.005507 0.000737 1.644097
-0.005608 0.000623 1.644097
-0.005699 0.000502 1.644097
-0.005788 0.000379 1.644097
-0.005883 0.000260 1.644097
-0.005980 0.000143 1.644097
-0.006030 0.000000 1.644097
-0.005980 -0.000143 1.644097
-0.005883 -0.000260 1.644097
-0.005788 -0.000379 1.644097
-0.005699 -0.000502 1.644097
-0.005608 -0.000623 1.644097
-0.005507 -0.000737 1.644097
-0.005402 -0.000847 1.644097
-0.005299 -0.000958 1.644097
-0.005202 -0.001075 1.644097
-0.005112 -0.001198 1.644097
-0.005028 -0.001325 1.644097
-0.004948 -0.001453 1.644097
-0.004869 -0.001583 1.644097
-0.004792 -0.001714 1.644097
-0.004715 -0.001845 1.644097
-0.004638 -0.001976 1.644097
-0.004562 -0.002108 1.644097
-0.004486 -0.002239 1.644097
-0.004410 -0.002371 1.644097
-0.004334 -0.002502 1.644097
-0.004258 -0.002634 1.644097
-0.004182 -0.002765 1.644097
-0.004106 -0.002897 1.644097
-0.004031 -0.003029 1.644097
-0.003955 -0.003161 1.644097
-0.003880 -0.003293 1.644097
-0.003806 -0.003425 1.644097
-0.003733 -0.003558 1.644097
-0.003661 -0.003692 1.644097
-0.003594 -0.003828 1.644097
-0.003532 -0.003967 1.644097
-0.003479 -0.004110 1.644097
-0.003434 -0.004255 1.644097
-0.003392 -0.004401 1.644097
-0.003344 -0.004545 1.644097
-0.003284 -0.004685 1.644097
-0.003222 -0.004823 1.644097
-0.003167 -0.004965 1.644097
-0.003114 -0.005107 1.644097
-0.003015 -0.005222 1.644097
-0.002866 -0.005250 1.644097
-0.002716 -0.005225 1.644097
-0.002566 -0.005202 1.644097
-0.002415 -0.005187 1.644097
-0.002264 -0.005168 1.644097
-0.002115 -0.005138 1.644097
-0.001968 -0.005101 1.644097
-0.001819 -0.005068 1.644097
-0.001670 -0.005043 1.644097
-0.001519 -0.005026 1.644097
-0.001367 -0.005017 1.644097
-0.001215 -0.005012 1.644097
-0.001063 -0.005008 1.644097
-0.000911 -0.005007 1.644097
-0.000760 -0.005006 1.644097
-0.000608 -0.005005 1.644097
-0.000456 -0.005005 1.644097
-0.000304 -0.005004 1.644097
-0.000152 -0.005004 1.644097
0.000000 -0.005004 1.644097
0.000152 -0.005004 1.644097
0.000304 -0.005004 1.644097
0.000456 -0.005005 1.644097
0.000608 -0.005005 1.644097
0.000760 -0.005006 1.644097
0.000911 -0.005007 1.644097
0.001063 -0.005008 1.644097
0.001215 -0.005012 1.644097
0.001367 -0.005017 1.644097
0.001519 -0.005026 1.644097
0.001670 -0.005043 1.644097
0.001819 -0.005068 1.644097
0.001968 -0.005101 1.644097
0.002115 -0.005138 1.644097
0.002264 -0.005168 1.644097
0.002415 -0.005187 1.644097
0.002566 -0.005202 1.644097
0.002716 -0.005225 1.644097
0.002866 -0.005250 1.644097
0.003015 -0.005222 1.644097
0.003114 -0.005107 1.644097
0.003167 -0.004965 1.644097
0.003222 -0.004823 1.644097
0.003284 -0.004685 1.644097
0.003344 -0.004545 1.644097
0.003392 -0.004401 1.644097
0.003434 -0.004255 1.644097
0.003479 -0.004110 1.644097
0.003532 -0.003967 1.644097
0.003594 -0.003828 1.644097
0.003661 -0.003692 1.644097
0.003733 -0.003558 1.644097
0.003806 -0.003425 1.644097
0.003880 -0.003293 1.644097
0.003955 -0.003161 1.644097
0.004031 -0.003029 1.644097
0.004106 -0.002897 1.644097
0.004182 -0.002765 1.644097
0.004258 -0.002634 1.644097
0.004334 -0.002502 1.644097
0.004410 -0.002371 1.644097
0.004486 -0.002239 1.644097
0.004562 -0.002108 1.644097
0.004638 -0.001976 1.644097
0.004715 -0.001845 1.644097
0.004792 -0.001714 1.644097
0.004869 -0.001583 1.644097
0.004948 -0.001453 1.644097
0.005028 -0.001325 1.644097
0.005112 -0.001198 1.644097
0.005202 -0.001075 1.644097
0.005299 -0.000958 1.644097
0.005402 -0.000847 1.644097
0.005507 -0.000737 1.644097
0.005608 -0.000623 1.644097
0.005699 -0.000502 1.644097
0.005788 -0.000379 1.644097
0.005883 -0.000260 1.644097
0.005980 -0.000143 1.644097
0.006030 -0.000000 1.644097

