0.006550 -0.000000 3.842014
0.006494 0.000156 3.842014
0.006390 0.000285 3.842014
0.006288 0.000415 3.842014
0.006185 0.000545 3.842014
0.006080 0.000673 3.842014
0.005974 0.000801 3.842014
0.005872 0.000931 3.842014
0.005772 0.001064 3.842014
0.005668 0.001193 3.842014
0.005561 0.001319 3.842014
0.005454 0.001445 3.842014
0.005355 0.001578 3.842014
0.005255 0.001710 3.842014
0.005154 0.001842 3.842014
0.005043 0.001964 3.842014
0.004936 0.002091 3.842014
0.004831 0.002220 3.842014
0.004733 0.002353 3.842014
0.004637 0.002488 3.842014
0.004533 0.002617 3.842014
0.004473 0.002771 3.842014
0.004404 0.002922 3.842014
0.004338 0.003074 3.842014
0.004279 0.003229 3.842014
0.004223 0.003385 3.842014
0.004172 0.003542 3.842014
0.004108 0.003696 3.842014
0.004044 0.003848 3.842014
0.003979 0.004001 3.842014
0.003923 0.004156 3.842014
0.003867 0.004312 3.842014
0.003807 0.004467 3.842014
0.003742 0.004619 3.842014
0.003680 0.004773 3.842014
0.003623 0.004929 3.842014
0.003565 0.005084 3.842014
0.003503 0.005238 3.842014
0.003442 0.005392 3.842014
0.003382 0.005546 3.842014
0.003275 0.005672 3.842014
0.003112 0.005702 3.842014
0.002948 0.005677 3.842014
0.002784 0.005653 3.842014
0.002620 0.005629 3.842014
0.002457 0.005602 3.842014
0.002294 0.005574 3.842014
0.002129 0.005550 3.842014
0.001965 0.005531 3.842014
0.001801 0.005505 3.842014
0.001638 0.005475 3.842014
0.001475 0.005446 3.842014
0.001311 0.005427 3.842014
0.001146 0.005406 3.842014
0.000982 0.005384 3.842014
0.000820 0.005349 3.842014
0.000657 0.005321 3.842014
0.000493 0.005294 3.842014
0.000329 0.005275 3.842014
0.000164 0.005259 3.842014
-0.000000 0.005234 3.842014
-0.000164 0.005259 3.842014
-0.000329 0.005275 3.842014
-0.000493 0.005294 3.842014
-0.000657 0.005321 3.842014
-0.000820 0.005349 3.842014
-0.000982 0.005384 3.842014
-0.001146 0.005406 3.842014
-0.001311 0.005427 3.842014
-0.001475 0.005446 3.842014
-0.001638 0.005475 3.842014
-0.001801 0.005505 3.842014
-0.001965 0.005531 3.842014
-0.002129 0.005550 3.842014
-0.002294 0.005574 3.842014
-0.002457 0.005602 3.842014
-0.002620 0.005629 3.842014
-0.002784 0.005653 3.842014
-0.002948 0.005677 3.842014
-0.003112 0.005702 3.842014
-0.003275 0.005672 3.842014
-0.003382 0.005546 3.842014
-0.003442 0.005392 3.842014
-0.003503 0.005238 3.842014
-0.003565 0.005084 3.842014
-0.003623 0.004929 3.842014
-0.003680 0.004773 3.842014
-0.003742 0.004619 3.842014
-0.003807 0.004467 3.842014
-0.003867 0.004312 3.842014
-0.003923 0.004156 3.842014
-0.003979 0.004001 3.842014
-0.004044 0.003848 3.842014
-0.004108 0.003696 3.842014
-0.004172 0.003542 3.842014
-0.004223 0.003385 3.842014
-0.004279 0.003229 3.842014
-0.004338 0.003074 3.842014
-0.004404 0.002922 3.842014
-0.004473 0.002771 3.842014
-0.004533 0.002617 3.842014
-0.004637 0.002488 3.842014
-0.004733 0.002353 3.842014
-0.004831 0.002220 3.842014
-0.004936 0.002091 3.842014
-0.005043 0.001964 3.842014
-0.005154 0.001842 3.842014
-0.005255 0.001710 3.842014
-0.005355 0.001578 3.842014
-0.005454 0.001445 3.842014
-0.005561 0.001319 3.842014
-0.005668 0.001193 3.842014
-0.005772 0.001064 3.842014
-0.005872 0.000931 3.842014
-0.005974 0.000801 3.842014
-0.006080 0.000673 3.842014
-0.006185 0.000545 3.842014
-0.006288 0.000415 3.842014
-0.006390 0.000285 3.842014
-0.006494 0.000156 3.842014
-0.006550 0.000000 3.842014
-0.006494 -0.000156 3.842014
-0.006390 -0.000285 3.842014
-0.006288 -0.000415 3.842014
-0.006185 -0.000545 3.842014
-0.006080 -0.000673 3.842014
-0.005974 -0.000801 3.842014
-0.005872 -0.000931 3.842014
-0.005772 -0.001064 3.842014
-0.005668 -0.001193 3.842014
-0.005561 -0.001319 3.842014
-0.005454 -0.001445 3.842014
-0.005355 -0.001578 3.842014
-0.005255 -0.001710 3.842014
-0.005154 -0.001842 3.842014
-0.005043 -0.001964 3.842014
-0.004936 -0.002091 3.842014
-0.004831 -0.002220 3.842014
-0.004733 -0.002353 3.842014
-0.004637 -0.002488 3.842014
-0.004533 -0.002617 3.842014
-0.004473 -0.002771 3.842014
-0.004404 -0.002922 3.842014
-0.004338 -0.003074 3.842014
-0.004279 -0.003229 3.842014
-0.004223 -0.003385 3.842014
-0.004172 -0.003542 3.842014
-0.004108 -0.003696 3.842014
-0.004044 -0.003848 3.842014
-0.003979 -0.004001 3.842014
-0.003923 -0.004156 3.842014
-0.003867 -0.004312 3.842014
-0.003807 -0.004467 3.842014
-0.003742 -0.004619 3.842014
-0.003680 -0.004773 3.842014
-0.003623 -0.004929 3.842014
-0.003565 -0.005084 3.842014
-0.003503 -0.005238 3.842014
-0.003442 -0.005392 3.842014
-0.003382 -0.005546 3.842014
-0.003275 -0.005672 3.842014
-0.003112 -0.005702 3.842014
-0.002948 -0.005677 3.842014
-0.002784 -0.005653 3.842014
-0.002620 -0.005629 3.842014
-0.002457 -0.005602 3.842014
-0.002294 -0.005574 3.842014
-0.002129 -0.005550 3.842014
-0.001965 -0.005531 3.842014
-0.001801 -0.005505 3.842014
-0.001638 -0.005475 3.842014
-0.001475 -0.005446 3.842014
-0.001311 -0.005427 3.842014
-0.001146 -0.005406 3.842014
-0.000982 -0.005384 3.842014
-0.000820 -0.005349 3.842014
-0.000657 -0.005321 3.842014
-0.000493 -0.005294 3.842014
-0.000329 -0.005275 3.842014
-0.000164 -0.005259 3.842014
0.000000 -0.005234 3.842014
0.000164 -0.005259 3.842014
0.000329 -0.005275 3.842014
0.000493 -0.005294 3.842014
0.000657 -0.005321 3.842014
0.000820 -0.005349 3.842014
0.000982 -0.005384 3.842014
0.001146 -0.005406 3.842014
0.001311 -0.005427 3.842014
0.001475 -0.005446 3.842014
0.001638 -0.005475 3.842014
0.001801 -0.005505 3.842014
0.001965 -0.005531 3.842014
0.002129 -0.005550 3.842014
0.002294 -0.005574 3.842014
0.002457 -0.005602 3.842014
0.002620 -0.005629 3.842014
0.002784 -0.005653 3.842014
0.002948 -0.005677 3.842014
0.003112 -0.005702 3.842014
0.003275 -0.005672 3.842014
0.003382 -0.005546 3.842014
0.003442 -0.005392 3.842014
0.003503 -0.005238 3.842014
0.003565 -0.005084 3.842014
0.003623 -0.004929 3.842014
0.003680 -0.004773 3.842014
0.003742 -0.004619 3.842014
0.003807 -0.004467 3.842014
0.003867 -0.004312 3.842014
0.003923 -0.004156 3.842014
0.003979 -0.004001 3.842014
0.004044 -0.003848 3.842014
0.004108 -0.003696 3.842014
0.004172 -0.003542 3.842014
0.004223 -0.003385 3.842014
0.004279 -0.003229 3.842014
0.004338 -0.003074 3.842014
0.004404 -0.002922 3.842014
0.004473 -0.002771 3.842014
0.004533 -0.002617 3.842014
0.004637 -0.002488 3.842014
0.004733 -0.002353 3.842014
0.004831 -0.002220 3.842014
0.004936 -0.002091 3.842014
0.005043 -0.001964 3.842014
0.005154 -0.001842 3.842014
0.005255 -0.001710 3.842014
0.005355 -0.001578 3.842014
0.005454 -0.001445 3.842014
0.005561 -0.001319 3.842014
0.005668 -0.001193 3.842014
0.005772 -0.001064 3.842014
0.005872 -0.000931 3.842014
0.005974 -0.000801 3.842014
0.006080 -0.000673 3.842014
0.006185 -0.000545 3.842014
0.006288 -0.000415 3.842014
0.006390 -0.000285 3.842014
0.006494 -0.000156 3.842014
0.006550 -0.000000 3.842014

