0.006128 -0.000000 1.930556
0.006077 0.000146 1.930556
0.005981 0.000267 1.930556
0.005885 0.000388 1.930556
0.005784 0.000506 1.930556
0.005684 0.000624 1.930556
0.005591 0.000748 1.930556
0.005502 0.000874 1.930556
0.005406 0.000995 1.930556
0.005302 0.001110 1.930556
0.005196 0.001223 1.930556
0.005092 0.001337 1.930556
0.004993 0.001456 1.930556
0.004899 0.001579 1.930556
0.004812 0.001707 1.930556
0.004728 0.001837 1.930556
0.004648 0.001969 1.930556
0.004568 0.002102 1.930556
0.004490 0.002235 1.930556
0.004412 0.002369 1.930556
0.004334 0.002502 1.930556
0.004257 0.002637 1.930556
0.004181 0.002771 1.930556
0.004104 0.002905 1.930556
0.004029 0.003041 1.930556
0.003955 0.003176 1.930556
0.003884 0.003314 1.930556
0.003817 0.003453 1.930556
0.003757 0.003596 1.930556
0.003704 0.003741 1.930556
0.003657 0.003889 1.930556
0.003613 0.004037 1.930556
0.003565 0.004184 1.930556
0.003508 0.004328 1.930556
0.003443 0.004468 1.930556
0.003382 0.004611 1.930556
0.003330 0.004756 1.930556
0.003279 0.004902 1.930556
0.003222 0.005046 1.930556
0.003165 0.005190 1.930556
0.003064 0.005307 1.930556
0.002912 0.005335 1.930556
0.002759 0.005313 1.930556
0.002606 0.005290 1.930556
0.002454 0.005262 1.930556
0.002302 0.005234 1.930556
0.002148 0.005216 1.930556
0.001994 0.005202 1.930556
0.001841 0.005179 1.930556
0.001690 0.005147 1.930556
0.001539 0.005112 1.930556
0.001388 0.005079 1.930556
0.001236 0.005052 1.930556
0.001082 0.005033 1.930556
0.000928 0.005020 1.930556
0.000773 0.005013 1.930556
0.000619 0.005009 1.930556
0.000464 0.005007 1.930556
0.000309 0.005006 1.930556
0.000155 0.005005 1.930556
-0.000000 0.005005 1.930556
-0.000155 0.005005 1.930556
-0.000309 0.005006 1.930556
-0.000464 0.005007 1.930556
-0.000619 0.005009 1.930556
-0.000773 0.005013 1.930556
-0.000928 0.005020 1.930556
-0.001082 0.005033 1.930556
-0.001236 0.005052 1.930556
-0.001388 0.005079 1.930556
-0.001539 0.005112 1.930556
-0.001690 0.005147 1.930556
-0.001841 0.005179 1.930556
-0.001994 0.005202 1.930556
-0.002148 0.005216 1.930556
-0.002302 0.005234 1.930556
-0.002454 0.005262 1.930556
-0.002606 0.005290 1.930556
-0.002759 0.005313 1.930556
-0.002912 0.005335 1.930556
-0.003064 0.005307 1.930556
-0.003165 0.005190 1.930556
-0.003222 0.005046 1.930556
-0.003279 0.004902 1.930556
-0.003330 0.004756 1.930556
-0.003382 0.004611 1.930556
-0.003443 0.004468 1.930556
-0.003508 0.004328 1.930556
-0.003565 0.004184 1.930556
-0.003613 0.004037 1.930556
-0.003657 0.003889 1.930556
-0.003704 0.003741 1.930556
-0.003757 0.003596 1.930556
-0.003817 0.003453 1.930556
-0.003884 0.003314 1.930556
-0.003955 0.003176 1.930556
-0.004029 0.003041 1.930556
-0.004104 0.002905 1.930556
-0.004181 0.002771 1.930556
-0.004257 0.002637 1.930556
-0.004334 0.002502 1.930556
-0.004412 0.002369 1.930556
-0.004490 0.002235 1.930556
-0.004568 0.002102 1.930556
-0.004648 0.001969 1.930556
-0.004728 0.001837 1.930556
-0.004812 0.001707 1.930556
-0.004899 0.001579 1.930556
-0.004993 0.001456 1.930556
-0.005092 0.001337 1.930556
-0.005196 0.001223 1.930556
-0.005302 0.001110 1.930556
-0.005406 0.000995 1.930556
-0.005502 0.000874 1.930556
-0.005591 0.000748 1.930556
-0.005684 0.000624 1.930556
-0.005784 0.000506 1.930556
-0.005885 0.000388 1.930556
-0.005981 0.000267 1.930556
-0.006077 0.000146 1.930556
-0.006128 0.000000 1.930556
-0.006077 -0.000146 1.930556
-0.005981 -0.000267 1.930556
-0.005885 -0.000388 1.930556
-0.005784 -0.000506 1.930556
-0.005684 -0.000624 1.930556
-0.005591 -0.000748 1.930556
-0.005502 -0.000874 1.930556
-0.005406 -0.000995 1.930556
-0.005302 -0.001110 1.930556
-0.005196 -0.001223 1.930556
-0.005092 -0.001337 1.930556
-0.004993 -0.001456 1.930556
-0.004899 -0.001579 1.930556
-0.004812 -0.001707 1.930556
-0.004728 -0.001837 1.930556
-0.004648 -0.001969 1.930556
-0.004568 -0.002102 1.930556
-0.004490 -0.002235 1.930556
-0.004412 -0.002369 1.930556
-0.004334 -0.002502 1.930556
-0.004257 -0.002637 1.930556
-0.004181 -0.002771 1.930556
-0.004104 -0.002905 1.930556
-0.004029 -0.003041 1.930556
-0.003955 -0.003176 1.930556
-0.003884 -0.003314 1.930556
-0.003817 -0.003453 1.930556
-0.003757 -0.003596 1.930556
-0.003704 -0.003741 1.930556
-0.003657 -0.003889 1.930556
-0.003613 -0.004037 1.930556
-0.003565 -0.004184 1.930556
-0.003508 -0.004328 1.930556
-0.003443 -0.004468 1.930556
-0.003382 -0.004611 1.930556
-0.003330 -0.004756 1.930556
-0.003279 -0.004902 1.930556
-0.003222 -0.005046 1.930556
-0.003165 -0.005190 1.930556
-0.003064 -0.005307 1.930556
-0.002912 -0.005335 1.930556
-0.002759 -0.005313 1.930556
-0.002606 -0.005290 1.930556
-0.002454 -0.005262 1.930556
-0.002302 -0.005234 1.930556
-0.002148 -0.005216 1.930556
-0.001994 -0.005202 1.930556
-0.001841 -0.005179 1.930556
-0.001690 -0.005147 1.930556
-0.001539 -0.005112 1.930556
-0.001388 -0.005079 1.930556
-0.001236 -0.005052 1.930556
-0.001082 -0.005033 1.930556
-0.000928 -0.005020 1.930556
-0.000773 -0.005013 1.930556
-0.000619 -0.005009 1.930556
-0.000464 -0.005007 1.930556
-0.000309 -0.005006 1.930556
-0.000155 -0.005005 1.930556
0.000000 -0.005005 1.930556
0.000155 -0.005005 1.930556
0.000309 -0.005006 1.930556
0.000464 -0.005007 1.930556
0.000619 -0.005009 1.930556
0.000773 -0.005013 1.930556
0.000928 -0.005020 1.930556
0.001082 -0.005033 1.930556
0.001236 -0.005052 1.930556
0.001388 -0.005079 1.930556
0.001539 -0.005112 1.930556
0.001690 -0.005147 1.930556
0.001841 -0.005179 1.930556
0.001994 -0.005202 1.930556
0.002148 -0.005216 1.930556
0.002302 -0.005234 1.930556
0.002454 -0.005262 1.930556
0.002606 -0.005290 1.930556
0.002759 -0.005313 1.930556
0.002912 -0.005335 1.930556
0.003064 -0.005307 1.930556
0.003165 -0.005190 1.930556
0.003222 -0.005046 1.930556
0.003279 -0.004902 1.930556
0.003330 -0.004756 1.930556
0.003382 -0.004611 1.930556
0.003443 -0.004468 1.930556
0.003508 -0.004328 1.930556
0.003565 -0.004184 1.930556
0.003613 -0.004037 1.930556
0.003657 -0.003889 1.930556
0.003704 -0.003741 1.930556
0.003757 -0.003596 1.930556
0.003817 -0.003453 1.930556
0.003884 -0.003314 1.930556
0.003955 -0.003176 1.930556
0.004029 -0.003041 1.930556
0.004104 -0.002905 1.930556
0.004181 -0.002771 1.930556
0.004257 -0.002637 1.930556
0.004334 -0.002502 1.930556
0.004412 -0.002369 1.930556
0.004490 -0.002235 1.930556
0.004568 -0.002102 1.930556
0.004648 -0.001969 1.930556
0.004728 -0.001837 1.930556
0.004812 -0.001707 1.930556
0.004899 -0.001579 1.930556
0.004993 -0.001456 1.930556
0.005092 -0.001337 1.930556
0.005196 -0.001223 1.930556
0.005302 -0.001110 1.930556
0.005406 -0.000995 1.930556
0.005502 -0.000874 1.930556
0.005591 -0.000748 1.930556
0.005684 -0.000624 1.930556
0.005784 -0.000506 1.930556
0.005885 -0.000388 1.930556
0.005981 -0.000267 1.930556
0.006077 -0.000146 1.930556
0.006128 -0.000000 1.930556

