0.007554 -0.000082 8.395833
0.007421 0.000058 8.395833
0.007288 0.000198 8.395833
0.007157 0.000339 8.395833
0.007023 0.000478 8.395833
0.006896 0.000624 8.395833
0.006772 0.000771 8.395833
0.006643 0.000915 8.395833
0.006513 0.001058 8.395833
0.006390 0.001207 8.395833
0.006265 0.001354 8.395833
0.006154 0.001512 8.395833
0.006040 0.001668 8.395833
0.005953 0.001840 8.395833
0.005836 0.001994 8.395833
0.005738 0.002160 8.395833
0.005611 0.002306 8.395833
0.005511 0.002471 8.395833
0.005390 0.002622 8.395833
0.005282 0.002782 8.395833
0.005153 0.002925 8.395833
0.005072 0.003100 8.395833
0.005013 0.003284 8.395833
0.004927 0.003457 8.395833
0.004859 0.003637 8.395833
0.004776 0.003812 8.395833
0.004717 0.003996 8.395833
0.004622 0.004164 8.395833
0.004558 0.004346 8.395833
0.004481 0.004523 8.395833
0.004419 0.004706 8.395833
0.004349 0.004886 8.395833
0.004290 0.005070 8.395833
0.004231 0.005253 8.395833
0.004184 0.005440 8.395833
0.004131 0.005626 8.395833
0.004076 0.005811 8.395833
0.004024 0.005997 8.395833
0.003967 0.006182 8.395833
0.003908 0.006366 8.395833
0.003757 0.006486 8.395833
0.003571 0.006438 8.395833
0.003382 0.006395 8.395833
0.003193 0.006355 8.395833
0.003006 0.006309 8.395833
0.002818 0.006266 8.395833
0.002630 0.006223 8.395833
0.002442 0.006177 8.395833
0.002251 0.006147 8.395833
0.002060 0.006124 8.395833
0.001867 0.006114 8.395833
0.001675 0.006096 8.395833
0.001482 0.006088 8.395833
0.001290 0.006066 8.395833
0.001097 0.006074 8.395833
0.000908 0.006033 8.395833
0.000715 0.006023 8.395833
0.000525 0.005991 8.395833
0.000332 0.005981 8.395833
0.000144 0.005940 8.395833
-0.000049 0.005925 8.395833
-0.000237 0.005967 8.395833
-0.000430 0.005979 8.395833
-0.000621 0.006009 8.395833
-0.000814 0.006012 8.395833
-0.001003 0.006049 8.395833
-0.001196 0.006047 8.395833
-0.001388 0.006066 8.395833
-0.001581 0.006069 8.395833
-0.001771 0.006101 8.395833
-0.001963 0.006121 8.395833
-0.002153 0.006158 8.395833
-0.002343 0.006189 8.395833
-0.002533 0.006224 8.395833
-0.002724 0.006255 8.395833
-0.002915 0.006282 8.395833
-0.003104 0.006320 8.395833
-0.003291 0.006369 8.395833
-0.003479 0.006414 8.395833
-0.003666 0.006460 8.395833
-0.003854 0.006504 8.395833
-0.004003 0.006381 8.395833
-0.004061 0.006197 8.395833
-0.004116 0.006012 8.395833
-0.004168 0.005826 8.395833
-0.004224 0.005641 8.395833
-0.004275 0.005455 8.395833
-0.004324 0.005268 8.395833
-0.004381 0.005084 8.395833
-0.004434 0.004898 8.395833
-0.004492 0.004714 8.395833
-0.004544 0.004528 8.395833
-0.004609 0.004346 8.395833
-0.004662 0.004161 8.395833
-0.004749 0.003988 8.395833
-0.004795 0.003801 8.395833
-0.004879 0.003627 8.395833
-0.004938 0.003443 8.395833
-0.005026 0.003271 8.395833
-0.005079 0.003085 8.395833
-0.005165 0.002913 8.395833
-0.005298 0.002773 8.395833
-0.005405 0.002612 8.395833
-0.005532 0.002467 8.395833
-0.005634 0.002303 8.395833
-0.005770 0.002166 8.395833
-0.005873 0.002003 8.395833
-0.005998 0.001856 8.395833
-0.006114 0.001701 8.395833
-0.006248 0.001563 8.395833
-0.006369 0.001412 8.395833
-0.006501 0.001271 8.395833
-0.006628 0.001126 8.395833
-0.006762 0.000986 8.395833
-0.006897 0.000849 8.395833
-0.007029 0.000708 8.395833
-0.007160 0.000567 8.395833
-0.007296 0.000429 8.395833
-0.007426 0.000286 8.395833
-0.007556 0.000144 8.395833
-0.007585 -0.000047 8.395833
-0.007448 -0.000183 8.395833
-0.007316 -0.000323 8.395833
-0.007189 -0.000469 8.395833
-0.007060 -0.000613 8.395833
-0.006929 -0.000754 8.395833
-0.006791 -0.000889 8.395833
-0.006648 -0.001018 8.395833
-0.006515 -0.001158 8.395833
-0.006380 -0.001296 8.395833
-0.006260 -0.001448 8.395833
-0.006134 -0.001594 8.395833
-0.006026 -0.001754 8.395833
-0.005907 -0.001906 8.395833
-0.005816 -0.002077 8.395833
-0.005691 -0.002223 8.395833
-0.005581 -0.002382 8.395833
-0.005461 -0.002534 8.395833
-0.005357 -0.002696 8.395833
-0.005227 -0.002839 8.395833
-0.005119 -0.002999 8.395833
-0.005063 -0.003183 8.395833
-0.004982 -0.003359 8.395833
-0.004917 -0.003541 8.395833
-0.004836 -0.003716 8.395833
-0.004786 -0.003902 8.395833
-0.004708 -0.004079 8.395833
-0.004650 -0.004263 8.395833
-0.004576 -0.004441 8.395833
-0.004534 -0.004630 8.395833
-0.004466 -0.004810 8.395833
-0.004415 -0.004997 8.395833
-0.004352 -0.005179 8.395833
-0.004298 -0.005365 8.395833
-0.004248 -0.005551 8.395833
-0.004195 -0.005737 8.395833
-0.004140 -0.005921 8.395833
-0.004088 -0.006107 8.395833
-0.004029 -0.006291 8.395833
-0.003971 -0.006475 8.395833
-0.003822 -0.006598 8.395833
-0.003635 -0.006552 8.395833
-0.003448 -0.006503 8.395833
-0.003261 -0.006455 8.395833
-0.003073 -0.006410 8.395833
-0.002882 -0.006380 8.395833
-0.002692 -0.006351 8.395833
-0.002504 -0.006307 8.395833
-0.002316 -0.006261 8.395833
-0.002129 -0.006215 8.395833
-0.001942 -0.006167 8.395833
-0.001752 -0.006131 8.395833
-0.001563 -0.006089 8.395833
-0.001372 -0.006068 8.395833
-0.001180 -0.006048 8.395833
-0.000986 -0.006046 8.395833
-0.000796 -0.006014 8.395833
-0.000603 -0.006004 8.395833
-0.000412 -0.005982 8.395833
-0.000219 -0.005965 8.395833
-0.000029 -0.005933 8.395833
0.000163 -0.005959 8.395833
0.000352 -0.005994 8.395833
0.000545 -0.006012 8.395833
0.000735 -0.006047 8.395833
0.000926 -0.006075 8.395833
0.001113 -0.006121 8.395833
0.001305 -0.006140 8.395833
0.001493 -0.006187 8.395833
0.001681 -0.006227 8.395833
0.001869 -0.006274 8.395833
0.002056 -0.006319 8.395833
0.002244 -0.006364 8.395833
0.002432 -0.006407 8.395833
0.002619 -0.006456 8.395833
0.002806 -0.006503 8.395833
0.002994 -0.006546 8.395833
0.003181 -0.006594 8.395833
0.003370 -0.006637 8.395833
0.003558 -0.006679 8.395833
0.003739 -0.006610 8.395833
0.003793 -0.006425 8.395833
0.003847 -0.006240 8.395833
0.003901 -0.006054 8.395833
0.003950 -0.005868 8.395833
0.004009 -0.005684 8.395833
0.004078 -0.005503 8.395833
0.004146 -0.005323 8.395833
0.004209 -0.005140 8.395833
0.004277 -0.004959 8.395833
0.004333 -0.004775 8.395833
0.004405 -0.004596 8.395833
0.004467 -0.004413 8.395833
0.004568 -0.004248 8.395833
0.004638 -0.004068 8.395833
0.004733 -0.003900 8.395833
0.004797 -0.003718 8.395833
0.004899 -0.003554 8.395833
0.004960 -0.003371 8.395833
0.005046 -0.003198 8.395833
0.005103 -0.003014 8.395833
0.005211 -0.002854 8.395833
0.005345 -0.002715 8.395833
0.005451 -0.002554 8.395833
0.005579 -0.002409 8.395833
0.005687 -0.002249 8.395833
0.005828 -0.002117 8.395833
0.005932 -0.001954 8.395833
0.006068 -0.001818 8.395833
0.006190 -0.001668 8.395833
0.006329 -0.001533 8.395833
0.006457 -0.001389 8.395833
0.006592 -0.001252 8.395833
0.006722 -0.001109 8.395833
0.006859 -0.000973 8.395833
0.006994 -0.000834 8.395833
0.007125 -0.000692 8.395833
0.007260 -0.000555 8.395833
0.007393 -0.000415 8.395833
0.007524 -0.000273 8.395833
0.007554 -0.000082 8.395833

