0.006139 -0.000000 1.967014
0.006087 0.000146 1.967014
0.005991 0.000268 1.967014
0.005895 0.000390 1.967014
0.005795 0.000508 1.967014
0.005694 0.000625 1.967014
0.005599 0.000748 1.967014
0.005509 0.000874 1.967014
0.005416 0.000998 1.967014
0.005314 0.001115 1.967014
0.005208 0.001228 1.967014
0.005103 0.001342 1.967014
0.005002 0.001459 1.967014
0.004906 0.001581 1.967014
0.004816 0.001707 1.967014
0.004731 0.001837 1.967014
0.004649 0.001968 1.967014
0.004569 0.002101 1.967014
0.004491 0.002235 1.967014
0.004412 0.002368 1.967014
0.004334 0.002502 1.967014
0.004257 0.002637 1.967014
0.004181 0.002772 1.967014
0.004104 0.002907 1.967014
0.004029 0.003042 1.967014
0.003956 0.003179 1.967014
0.003886 0.003317 1.967014
0.003822 0.003458 1.967014
0.003764 0.003602 1.967014
0.003714 0.003748 1.967014
0.003668 0.003896 1.967014
0.003622 0.004045 1.967014
0.003572 0.004191 1.967014
0.003512 0.004334 1.967014
0.003447 0.004475 1.967014
0.003388 0.004618 1.967014
0.003338 0.004765 1.967014
0.003285 0.004911 1.967014
0.003227 0.005054 1.967014
0.003170 0.005198 1.967014
0.003069 0.005316 1.967014
0.002917 0.005344 1.967014
0.002764 0.005322 1.967014
0.002610 0.005300 1.967014
0.002458 0.005273 1.967014
0.002305 0.005244 1.967014
0.002152 0.005223 1.967014
0.001998 0.005208 1.967014
0.001844 0.005189 1.967014
0.001692 0.005159 1.967014
0.001541 0.005124 1.967014
0.001389 0.005090 1.967014
0.001237 0.005061 1.967014
0.001084 0.005039 1.967014
0.000930 0.005024 1.967014
0.000775 0.005016 1.967014
0.000620 0.005011 1.967014
0.000465 0.005008 1.967014
0.000310 0.005006 1.967014
0.000155 0.005005 1.967014
-0.000000 0.005005 1.967014
-0.000155 0.005005 1.967014
-0.000310 0.005006 1.967014
-0.000465 0.005008 1.967014
-0.000620 0.005011 1.967014
-0.000775 0.005016 1.967014
-0.000930 0.005024 1.967014
-0.001084 0.005039 1.967014
-0.001237 0.005061 1.967014
-0.001389 0.005090 1.967014
-0.001541 0.005124 1.967014
-0.001692 0.005159 1.967014
-0.001844 0.005189 1.967014
-0.001998 0.005208 1.967014
-0.002152 0.005223 1.967014
-0.002305 0.005244 1.967014
-0.002458 0.005273 1.967014
-0.002610 0.005300 1.967014
-0.002764 0.005322 1.967014
-0.002917 0.005344 1.967014
-0.003069 0.005316 1.967014
-0.003170 0.005198 1.967014
-0.003227 0.005054 1.967014
-0.003285 0.004911 1.967014
-0.003338 0.004765 1.967014
-0.003388 0.004618 1.967014
-0.003447 0.004475 1.967014
-0.003512 0.004334 1.967014
-0.003572 0.004191 1.967014
-0.003622 0.004045 1.967014
-0.003668 0.003896 1.967014
-0.003714 0.003748 1.967014
-0.003764 0.003602 1.967014
-0.003822 0.003458 1.967014
-0.003886 0.003317 1.967014
-0.003956 0.003179 1.967014
-0.004029 0.003042 1.967014
-0.004104 0.002907 1.967014
-0.004181 0.002772 1.967014
-0.004257 0.002637 1.967014
-0.004334 0.002502 1.967014
-0.004412 0.002368 1.967014
-0.004491 0.002235 1.967014
-0.004569 0.002101 1.967014
-0.004649 0.001968 1.967014
-0.004731 0.001837 1.967014
-0.004816 0.001707 1.967014
-0.004906 0.001581 1.967014
-0.005002 0.001459 1.967014
-0.005103 0.001342 1.967014
-0.005208 0.001228 1.967014
-0.005314 0.001115 1.967014
-0.005416 0.000998 1.967014
-0.005509 0.000874 1.967014
-0.005599 0.000748 1.967014
-0.005694 0.000625 1.967014
-0.005795 0.000508 1.967014
-0.005895 0.000390 1.967014
-0.005991 0.000268 1.967014
-0.006087 0.000146 1.967014
-0.006139 0.000000 1.967014
-0.006087 -0.000146 1.967014
-0.005991 -0.000268 1.967014
-0.005895 -0.000390 1.967014
-0.005795 -0.000508 1.967014
-0.005694 -0.000625 1.967014
-0.005599 -0.000748 1.967014
-0.005509 -0.000874 1.967014
-0.005416 -0.000998 1.967014
-0.005314 -0.001115 1.967014
-0.005208 -0.001228 1.967014
-0.005103 -0.001342 1.967014
-0.005002 -0.001459 1.967014
-0.004906 -0.001581 1.967014
-0.004816 -0.001707 1.967014
-0.004731 -0.001837 1.967014
-0.004649 -0.001968 1.967014
-0.004569 -0.002101 1.967014
-0.004491 -0.002235 1.967014
-0.004412 -0.002368 1.967014
-0.004334 -0.002502 1.967014
-0.004257 -0.002637 1.967014
-0.004181 -0.002772 1.967014
-0.004104 -0.002907 1.967014
-0.004029 -0.003042 1.967014
-0.003956 -0.003179 1.967014
-0.003886 -0.003317 1.967014
-0.003822 -0.003458 1.967014
-0.003764 -0.003602 1.967014
-0.003714 -0.003748 1.967014
-0.003668 -0.003896 1.967014
-0.003622 -0.004045 1.967014
-0.003572 -0.004191 1.967014
-0.003512 -0.004334 1.967014
-0.003447 -0.004475 1.967014
-0.003388 -0.004618 1.967014
-0.003338 -0.004765 1.967014
-0.003285 -0.004911 1.967014
-0.003227 -0.005054 1.967014
-0.003170 -0.005198 1.967014
-0.003069 -0.005316 1.967014
-0.002917 -0.005344 1.967014
-0.002764 -0.005322 1.967014
-0.002610 -0.005300 1.967014
-0.002458 -0.005273 1.967014
-0.002305 -0.005244 1.967014
-0.002152 -0.005223 1.967014
-0.001998 -0.005208 1.967014
-0.001844 -0.005189 1.967014
-0.001692 -0.005159 1.967014
-0.001541 -0.005124 1.967014
-0.001389 -0.005090 1.967014
-0.001237 -0.005061 1.967014
-0.001084 -0.005039 1.967014
-0.000930 -0.005024 1.967014
-0.000775 -0.005016 1.967014
-0.000620 -0.005011 1.967014
-0.000465 -0.005008 1.967014
-0.000310 -0.005006 1.967014
-0.000155 -0.005005 1.967014
0.000000 -0.005005 1.967014
0.000155 -0.005005 1.967014
0.000310 -0.005006 1.967014
0.000465 -0.005008 1.967014
0.000620 -0.005011 1.967014
0.000775 -0.005016 1.967014
0.000930 -0.005024 1.967014
0.001084 -0.005039 1.967014
0.001237 -0.005061 1.967014
0.001389 -0.005090 1.967014
0.001541 -0.005124 1.967014
0.001692 -0.005159 1.967014
0.001844 -0.005189 1.967014
0.001998 -0.005208 1.967014
0.002152 -0.005223 1.967014
0.002305 -0.005244 1.967014
0.002458 -0.005273 1.967014
0.002610 -0.005300 1.967014
0.002764 -0.005322 1.967014
0.002917 -0.005344 1.967014
0.003069 -0.005316 1.967014
0.003170 -0.005198 1.967014
0.003227 -0.005054 1.967014
0.003285 -0.004911 1.967014
0.003338 -0.004765 1.967014
0.003388 -0.004618 1.967014
0.003447 -0.004475 1.967014
0.003512 -0.004334 1.967014
0.003572 -0.004191 1.967014
0.003622 -0.004045 1.967014
0.003668 -0.003896 1.967014
0.003714 -0.003748 1.967014
0.003764 -0.003602 1.967014
0.003822 -0.003458 1.967014
0.003886 -0.003317 1.967014
0.003956 -0.003179 1.967014
0.004029 -0.003042 1.967014
0.004104 -0.002907 1.967014
0.004181 -0.002772 1.967014
0.004257 -0.002637 1.967014
0.004334 -0.002502 1.967014
0.004412 -0.002368 1.967014
0.004491 -0.002235 1.967014
0.004569 -0.002101 1.967014
0.004649 -0.001968 1.967014
0.004731 -0.001837 1.967014
0.004816 -0.001707 1.967014
0.004906 -0.001581 1.967014
0.005002 -0.001459 1.967014
0.005103 -0.001342 1.967014
0.005208 -0.001228 1.967014
0.005314 -0.001115 1.967014
0.005416 -0.000998 1.967014
0.005509 -0.000874 1.967014
0.005599 -0.000748 1.967014
0.005694 -0.000625 1.967014
0.005795 -0.000508 1.967014
0.005895 -0.000390 1.967014
0.005991 -0.000268 1.967014
0.006087 -0.000146 1.967014
0.006139 -0.000000 1.967014

