0.007009 -0.000025 6.276042
0.006911 0.000122 6.276042
0.006822 0.000275 6.276042
0.006727 0.000425 6.276042
0.006625 0.000570 6.276042
0.006525 0.000716 6.276042
0.006419 0.000859 6.276042
0.006313 0.001001 6.276042
0.006202 0.001139 6.276042
0.006091 0.001277 6.276042
0.005986 0.001420 6.276042
0.005876 0.001558 6.276042
0.005763 0.001695 6.276042
0.005651 0.001833 6.276042
0.005540 0.001971 6.276042
0.005435 0.002114 6.276042
0.005325 0.002252 6.276042
0.005208 0.002385 6.276042
0.005097 0.002523 6.276042
0.004991 0.002666 6.276042
0.004880 0.002804 6.276042
0.004812 0.002967 6.276042
0.004743 0.003131 6.276042
0.004678 0.003295 6.276042
0.004621 0.003463 6.276042
0.004557 0.003629 6.276042
0.004486 0.003791 6.276042
0.004421 0.003956 6.276042
0.004358 0.004122 6.276042
0.004296 0.004288 6.276042
0.004232 0.004453 6.276042
0.004161 0.004615 6.276042
0.004097 0.004780 6.276042
0.004034 0.004946 6.276042
0.003966 0.005110 6.276042
0.003898 0.005273 6.276042
0.003826 0.005435 6.276042
0.003759 0.005599 6.276042
0.003688 0.005762 6.276042
0.003616 0.005924 6.276042
0.003507 0.006063 6.276042
0.003330 0.006079 6.276042
0.003153 0.006066 6.276042
0.002977 0.006050 6.276042
0.002801 0.006029 6.276042
0.002625 0.006011 6.276042
0.002449 0.005989 6.276042
0.002273 0.005967 6.276042
0.002098 0.005939 6.276042
0.001923 0.005912 6.276042
0.001747 0.005892 6.276042
0.001571 0.005865 6.276042
0.001397 0.005836 6.276042
0.001222 0.005808 6.276042
0.001046 0.005781 6.276042
0.000870 0.005762 6.276042
0.000695 0.005735 6.276042
0.000521 0.005700 6.276042
0.000346 0.005674 6.276042
0.000170 0.005652 6.276042
-0.000005 0.005628 6.276042
-0.000181 0.005654 6.276042
-0.000357 0.005675 6.276042
-0.000532 0.005702 6.276042
-0.000706 0.005737 6.276042
-0.000881 0.005763 6.276042
-0.001057 0.005783 6.276042
-0.001232 0.005810 6.276042
-0.001407 0.005837 6.276042
-0.001582 0.005867 6.276042
-0.001757 0.005893 6.276042
-0.001933 0.005913 6.276042
-0.002109 0.005939 6.276042
-0.002284 0.005967 6.276042
-0.002460 0.005987 6.276042
-0.002636 0.006007 6.276042
-0.002813 0.006021 6.276042
-0.002989 0.006037 6.276042
-0.003166 0.006044 6.276042
-0.003343 0.006047 6.276042
-0.003520 0.006065 6.276042
-0.003650 0.005945 6.276042
-0.003708 0.005777 6.276042
-0.003769 0.005611 6.276042
-0.003831 0.005445 6.276042
-0.003900 0.005282 6.276042
-0.003966 0.005117 6.276042
-0.004033 0.004953 6.276042
-0.004095 0.004787 6.276042
-0.004159 0.004622 6.276042
-0.004230 0.004459 6.276042
-0.004294 0.004294 6.276042
-0.004356 0.004128 6.276042
-0.004419 0.003962 6.276042
-0.004484 0.003797 6.276042
-0.004555 0.003635 6.276042
-0.004619 0.003470 6.276042
-0.004675 0.003302 6.276042
-0.004740 0.003137 6.276042
-0.004810 0.002974 6.276042
-0.004876 0.002810 6.276042
-0.004987 0.002671 6.276042
-0.005093 0.002529 6.276042
-0.005204 0.002391 6.276042
-0.005321 0.002258 6.276042
-0.005431 0.002119 6.276042
-0.005536 0.001976 6.276042
-0.005647 0.001838 6.276042
-0.005759 0.001700 6.276042
-0.005872 0.001564 6.276042
-0.005983 0.001426 6.276042
-0.006088 0.001283 6.276042
-0.006199 0.001145 6.276042
-0.006311 0.001008 6.276042
-0.006418 0.000867 6.276042
-0.006526 0.000726 6.276042
-0.006631 0.000583 6.276042
-0.006740 0.000443 6.276042
-0.006847 0.000302 6.276042
-0.006954 0.000161 6.276042
-0.007003 -0.000009 6.276042
-0.006914 -0.000162 6.276042
-0.006819 -0.000312 6.276042
-0.006718 -0.000458 6.276042
-0.006612 -0.000600 6.276042
-0.006509 -0.000744 6.276042
-0.006402 -0.000885 6.276042
-0.006295 -0.001026 6.276042
-0.006183 -0.001164 6.276042
-0.006072 -0.001302 6.276042
-0.005967 -0.001445 6.276042
-0.005856 -0.001583 6.276042
-0.005743 -0.001720 6.276042
-0.005632 -0.001857 6.276042
-0.005521 -0.001996 6.276042
-0.005416 -0.002139 6.276042
-0.005305 -0.002277 6.276042
-0.005188 -0.002409 6.276042
-0.005078 -0.002549 6.276042
-0.004970 -0.002690 6.276042
-0.004864 -0.002831 6.276042
-0.004801 -0.002997 6.276042
-0.004731 -0.003160 6.276042
-0.004667 -0.003325 6.276042
-0.004611 -0.003493 6.276042
-0.004545 -0.003658 6.276042
-0.004474 -0.003820 6.276042
-0.004410 -0.003985 6.276042
-0.004347 -0.004151 6.276042
-0.004285 -0.004317 6.276042
-0.004221 -0.004482 6.276042
-0.004150 -0.004645 6.276042
-0.004087 -0.004810 6.276042
-0.004025 -0.004976 6.276042
-0.003958 -0.005140 6.276042
-0.003893 -0.005305 6.276042
-0.003826 -0.005469 6.276042
-0.003767 -0.005636 6.276042
-0.003707 -0.005803 6.276042
-0.003650 -0.005971 6.276042
-0.003512 -0.006083 6.276042
-0.003338 -0.006048 6.276042
-0.003161 -0.006038 6.276042
-0.002984 -0.006031 6.276042
-0.002807 -0.006017 6.276042
-0.002631 -0.006004 6.276042
-0.002454 -0.005985 6.276042
-0.002278 -0.005965 6.276042
-0.002103 -0.005938 6.276042
-0.001928 -0.005912 6.276042
-0.001752 -0.005893 6.276042
-0.001576 -0.005866 6.276042
-0.001402 -0.005837 6.276042
-0.001227 -0.005809 6.276042
-0.001051 -0.005782 6.276042
-0.000875 -0.005762 6.276042
-0.000700 -0.005736 6.276042
-0.000526 -0.005701 6.276042
-0.000351 -0.005674 6.276042
-0.000175 -0.005653 6.276042
0.000000 -0.005628 6.276042
0.000176 -0.005653 6.276042
0.000352 -0.005674 6.276042
0.000527 -0.005701 6.276042
0.000701 -0.005736 6.276042
0.000876 -0.005763 6.276042
0.001052 -0.005782 6.276042
0.001227 -0.005809 6.276042
0.001402 -0.005837 6.276042
0.001577 -0.005867 6.276042
0.001752 -0.005894 6.276042
0.001928 -0.005914 6.276042
0.002103 -0.005942 6.276042
0.002278 -0.005971 6.276042
0.002454 -0.005996 6.276042
0.002629 -0.006022 6.276042
0.002804 -0.006046 6.276042
0.002979 -0.006079 6.276042
0.003152 -0.006113 6.276042
0.003326 -0.006150 6.276042
0.003494 -0.006094 6.276042
0.003557 -0.005928 6.276042
0.003638 -0.005771 6.276042
0.003721 -0.005614 6.276042
0.003798 -0.005455 6.276042
0.003877 -0.005296 6.276042
0.003949 -0.005134 6.276042
0.004020 -0.004971 6.276042
0.004085 -0.004806 6.276042
0.004149 -0.004641 6.276042
0.004221 -0.004479 6.276042
0.004286 -0.004314 6.276042
0.004348 -0.004148 6.276042
0.004411 -0.003983 6.276042
0.004475 -0.003818 6.276042
0.004546 -0.003655 6.276042
0.004612 -0.003490 6.276042
0.004668 -0.003322 6.276042
0.004732 -0.003157 6.276042
0.004802 -0.002994 6.276042
0.004865 -0.002829 6.276042
0.004972 -0.002687 6.276042
0.005080 -0.002546 6.276042
0.005189 -0.002407 6.276042
0.005307 -0.002274 6.276042
0.005418 -0.002136 6.276042
0.005523 -0.001994 6.276042
0.005633 -0.001855 6.276042
0.005745 -0.001717 6.276042
0.005858 -0.001581 6.276042
0.005969 -0.001443 6.276042
0.006075 -0.001300 6.276042
0.006186 -0.001162 6.276042
0.006298 -0.001025 6.276042
0.006407 -0.000885 6.276042
0.006516 -0.000746 6.276042
0.006623 -0.000604 6.276042
0.006736 -0.000468 6.276042
0.006849 -0.000331 6.276042
0.006965 -0.000197 6.276042
0.007009 -0.000025 6.276042

