0.007966 -0.000019 10.383681
0.007814 0.000120 10.383681
0.007666 0.000264 10.383681
0.007523 0.000412 10.383681
0.007375 0.000555 10.383681
0.007240 0.000711 10.383681
0.007095 0.000857 10.383681
0.006957 0.001011 10.383681
0.006806 0.001150 10.383681
0.006677 0.001311 10.383681
0.006522 0.001446 10.383681
0.006405 0.001616 10.383681
0.006250 0.001752 10.383681
0.006116 0.001909 10.383681
0.005975 0.002059 10.383681
0.005852 0.002224 10.383681
0.005721 0.002383 10.383681
0.005601 0.002551 10.383681
0.005493 0.002726 10.383681
0.005364 0.002887 10.383681
0.005272 0.003071 10.383681
0.005213 0.003269 10.383681
0.005121 0.003453 10.383681
0.005057 0.003649 10.383681
0.004983 0.003841 10.383681
0.004924 0.004038 10.383681
0.004868 0.004237 10.383681
0.004793 0.004429 10.383681
0.004748 0.004630 10.383681
0.004687 0.004827 10.383681
0.004644 0.005028 10.383681
0.004570 0.005220 10.383681
0.004525 0.005422 10.383681
0.004446 0.005612 10.383681
0.004399 0.005812 10.383681
0.004325 0.006005 10.383681
0.004268 0.006203 10.383681
0.004197 0.006396 10.383681
0.004133 0.006592 10.383681
0.004054 0.006782 10.383681
0.003881 0.006894 10.383681
0.003688 0.006821 10.383681
0.003490 0.006765 10.383681
0.003293 0.006704 10.383681
0.003093 0.006655 10.383681
0.002894 0.006600 10.383681
0.002693 0.006557 10.383681
0.002494 0.006503 10.383681
0.002292 0.006462 10.383681
0.002090 0.006421 10.383681
0.001892 0.006363 10.383681
0.001690 0.006324 10.383681
0.001490 0.006273 10.383681
0.001292 0.006328 10.383681
0.001139 0.006467 10.383681
0.000971 0.006348 10.383681
0.000773 0.006291 10.383681
0.000576 0.006232 10.383681
0.000375 0.006184 10.383681
0.000173 0.006145 10.383681
-0.000029 0.006105 10.383681
-0.000233 0.006133 10.383681
-0.000432 0.006186 10.383681
-0.000632 0.006238 10.383681
-0.000831 0.006291 10.383681
-0.001004 0.006403 10.383681
-0.001161 0.006270 10.383681
-0.001366 0.006248 10.383681
-0.001563 0.006310 10.383681
-0.001768 0.006326 10.383681
-0.001967 0.006379 10.383681
-0.002170 0.006417 10.383681
-0.002371 0.006463 10.383681
-0.002567 0.006527 10.383681
-0.002769 0.006566 10.383681
-0.002968 0.006620 10.383681
-0.003171 0.006655 10.383681
-0.003368 0.006713 10.383681
-0.003568 0.006766 10.383681
-0.003764 0.006828 10.383681
-0.003954 0.006909 10.383681
-0.004135 0.006811 10.383681
-0.004218 0.006622 10.383681
-0.004287 0.006428 10.383681
-0.004358 0.006235 10.383681
-0.004419 0.006038 10.383681
-0.004491 0.005845 10.383681
-0.004539 0.005645 10.383681
-0.004618 0.005454 10.383681
-0.004657 0.005252 10.383681
-0.004736 0.005062 10.383681
-0.004769 0.004858 10.383681
-0.004840 0.004665 10.383681
-0.004882 0.004463 10.383681
-0.004958 0.004272 10.383681
-0.004991 0.004068 10.383681
-0.005058 0.003873 10.383681
-0.005115 0.003675 10.383681
-0.005181 0.003480 10.383681
-0.005255 0.003288 10.383681
-0.005303 0.003088 10.383681
-0.005412 0.002912 10.383681
-0.005550 0.002759 10.383681
-0.005682 0.002601 10.383681
-0.005807 0.002438 10.383681
-0.005961 0.002301 10.383681
-0.006090 0.002140 10.383681
-0.006239 0.001998 10.383681
-0.006365 0.001834 10.383681
-0.006528 0.001708 10.383681
-0.006656 0.001547 10.383681
-0.006810 0.001410 10.383681
-0.006938 0.001249 10.383681
-0.007088 0.001107 10.383681
-0.007219 0.000948 10.383681
-0.007367 0.000805 10.383681
-0.007501 0.000649 10.383681
-0.007651 0.000507 10.383681
-0.007797 0.000362 10.383681
-0.007945 0.000219 10.383681
-0.007989 0.000017 10.383681
-0.007858 -0.000141 10.383681
-0.007734 -0.000306 10.383681
-0.007599 -0.000462 10.383681
-0.007472 -0.000624 10.383681
-0.007326 -0.000770 10.383681
-0.007189 -0.000923 10.383681
-0.007036 -0.001061 10.383681
-0.006908 -0.001223 10.383681
-0.006764 -0.001370 10.383681
-0.006637 -0.001533 10.383681
-0.006477 -0.001663 10.383681
-0.006341 -0.001817 10.383681
-0.006187 -0.001954 10.383681
-0.006055 -0.002112 10.383681
-0.005893 -0.002240 10.383681
-0.005768 -0.002404 10.383681
-0.005630 -0.002557 10.383681
-0.005522 -0.002732 10.383681
-0.005395 -0.002895 10.383681
-0.005316 -0.003085 10.383681
-0.005270 -0.003286 10.383681
-0.005183 -0.003472 10.383681
-0.005142 -0.003674 10.383681
-0.005057 -0.003862 10.383681
-0.005026 -0.004066 10.383681
-0.004953 -0.004259 10.383681
-0.004903 -0.004458 10.383681
-0.004830 -0.004651 10.383681
-0.004791 -0.004853 10.383681
-0.004723 -0.005048 10.383681
-0.004677 -0.005249 10.383681
-0.004604 -0.005441 10.383681
-0.004554 -0.005641 10.383681
-0.004480 -0.005833 10.383681
-0.004434 -0.006034 10.383681
-0.004363 -0.006228 10.383681
-0.004317 -0.006429 10.383681
-0.004257 -0.006626 10.383681
-0.004202 -0.006824 10.383681
-0.004037 -0.006947 10.383681
-0.003836 -0.006900 10.383681
-0.003634 -0.006858 10.383681
-0.003433 -0.006815 10.383681
-0.003232 -0.006768 10.383681
-0.003029 -0.006736 10.383681
-0.002829 -0.006684 10.383681
-0.002628 -0.006638 10.383681
-0.002433 -0.006573 10.383681
-0.002231 -0.006533 10.383681
-0.002031 -0.006483 10.383681
-0.001826 -0.006459 10.383681
-0.001625 -0.006412 10.383681
-0.001423 -0.006371 10.383681
-0.001222 -0.006328 10.383681
-0.001022 -0.006279 10.383681
-0.000822 -0.006230 10.383681
-0.000624 -0.006172 10.383681
-0.000421 -0.006136 10.383681
-0.000216 -0.006116 10.383681
-0.000016 -0.006164 10.383681
0.000185 -0.006212 10.383681
0.000390 -0.006235 10.383681
0.000586 -0.006299 10.383681
0.000790 -0.006328 10.383681
0.000985 -0.006394 10.383681
0.001185 -0.006444 10.383681
0.001387 -0.006486 10.383681
0.001587 -0.006535 10.383681
0.001788 -0.006581 10.383681
0.001985 -0.006639 10.383681
0.002188 -0.006675 10.383681
0.002386 -0.006733 10.383681
0.002589 -0.006766 10.383681
0.002789 -0.006818 10.383681
0.002991 -0.006859 10.383681
0.003191 -0.006905 10.383681
0.003392 -0.006951 10.383681
0.003593 -0.006999 10.383681
0.003795 -0.007037 10.383681
0.003979 -0.006945 10.383681
0.004027 -0.006745 10.383681
0.004082 -0.006546 10.383681
0.004145 -0.006350 10.383681
0.004193 -0.006149 10.383681
0.004266 -0.005957 10.383681
0.004316 -0.005757 10.383681
0.004388 -0.005564 10.383681
0.004418 -0.005360 10.383681
0.004493 -0.005168 10.383681
0.004533 -0.004966 10.383681
0.004609 -0.004774 10.383681
0.004672 -0.004578 10.383681
0.004749 -0.004387 10.383681
0.004819 -0.004193 10.383681
0.004865 -0.003992 10.383681
0.004954 -0.003806 10.383681
0.005110 -0.003672 10.383681
0.005158 -0.003471 10.383681
0.005203 -0.003270 10.383681
0.005294 -0.003085 10.383681
0.005441 -0.002941 10.383681
0.005569 -0.002780 10.383681
0.005708 -0.002627 10.383681
0.005846 -0.002474 10.383681
0.005982 -0.002320 10.383681
0.006140 -0.002188 10.383681
0.006271 -0.002028 10.383681
0.006421 -0.001887 10.383681
0.006552 -0.001728 10.383681
0.006712 -0.001598 10.383681
0.006837 -0.001434 10.383681
0.006994 -0.001301 10.383681
0.007119 -0.001137 10.383681
0.007271 -0.000997 10.383681
0.007400 -0.000837 10.383681
0.007544 -0.000689 10.383681
0.007677 -0.000532 10.383681
0.007820 -0.000384 10.383681
0.007950 -0.000225 10.383681
0.007966 -0.000019 10.383681

