0.007003 -0.000022 6.246528
0.006908 0.000127 6.246528
0.006818 0.000279 6.246528
0.006722 0.000428 6.246528
0.006620 0.000573 6.246528
0.006519 0.000718 6.246528
0.006413 0.000860 6.246528
0.006307 0.001002 6.246528
0.006195 0.001139 6.246528
0.006085 0.001278 6.246528
0.005980 0.001421 6.246528
0.005869 0.001558 6.246528
0.005756 0.001695 6.246528
0.005645 0.001833 6.246528
0.005535 0.001971 6.246528
0.005430 0.002114 6.246528
0.005318 0.002251 6.246528
0.005201 0.002384 6.246528
0.005091 0.002523 6.246528
0.004986 0.002665 6.246528
0.004875 0.002803 6.246528
0.004807 0.002967 6.246528
0.004739 0.003130 6.246528
0.004672 0.003294 6.246528
0.004616 0.003462 6.246528
0.004553 0.003627 6.246528
0.004482 0.003790 6.246528
0.004417 0.003954 6.246528
0.004353 0.004119 6.246528
0.004291 0.004285 6.246528
0.004228 0.004451 6.246528
0.004157 0.004613 6.246528
0.004092 0.004778 6.246528
0.004030 0.004944 6.246528
0.003962 0.005107 6.246528
0.003895 0.005271 6.246528
0.003823 0.005433 6.246528
0.003756 0.005597 6.246528
0.003686 0.005759 6.246528
0.003614 0.005921 6.246528
0.003504 0.006060 6.246528
0.003328 0.006076 6.246528
0.003151 0.006064 6.246528
0.002975 0.006047 6.246528
0.002799 0.006025 6.246528
0.002623 0.006007 6.246528
0.002447 0.005985 6.246528
0.002272 0.005962 6.246528
0.002097 0.005933 6.246528
0.001922 0.005907 6.246528
0.001746 0.005888 6.246528
0.001571 0.005860 6.246528
0.001397 0.005830 6.246528
0.001222 0.005803 6.246528
0.001046 0.005777 6.246528
0.000871 0.005757 6.246528
0.000696 0.005729 6.246528
0.000522 0.005694 6.246528
0.000347 0.005669 6.246528
0.000171 0.005648 6.246528
-0.000004 0.005623 6.246528
-0.000179 0.005649 6.246528
-0.000355 0.005670 6.246528
-0.000530 0.005696 6.246528
-0.000704 0.005731 6.246528
-0.000879 0.005758 6.246528
-0.001055 0.005778 6.246528
-0.001230 0.005804 6.246528
-0.001405 0.005832 6.246528
-0.001579 0.005861 6.246528
-0.001754 0.005889 6.246528
-0.001930 0.005908 6.246528
-0.002106 0.005934 6.246528
-0.002280 0.005962 6.246528
-0.002456 0.005983 6.246528
-0.002632 0.006004 6.246528
-0.002809 0.006018 6.246528
-0.002985 0.006034 6.246528
-0.003162 0.006043 6.246528
-0.003339 0.006045 6.246528
-0.003515 0.006060 6.246528
-0.003645 0.005939 6.246528
-0.003704 0.005772 6.246528
-0.003765 0.005606 6.246528
-0.003828 0.005441 6.246528
-0.003897 0.005277 6.246528
-0.003962 0.005113 6.246528
-0.004029 0.004949 6.246528
-0.004091 0.004783 6.246528
-0.004156 0.004618 6.246528
-0.004227 0.004456 6.246528
-0.004290 0.004291 6.246528
-0.004351 0.004125 6.246528
-0.004415 0.003959 6.246528
-0.004480 0.003795 6.246528
-0.004551 0.003632 6.246528
-0.004614 0.003467 6.246528
-0.004670 0.003299 6.246528
-0.004736 0.003135 6.246528
-0.004806 0.002972 6.246528
-0.004872 0.002808 6.246528
-0.004982 0.002669 6.246528
-0.005088 0.002527 6.246528
-0.005198 0.002388 6.246528
-0.005315 0.002256 6.246528
-0.005427 0.002118 6.246528
-0.005532 0.001976 6.246528
-0.005642 0.001837 6.246528
-0.005753 0.001699 6.246528
-0.005866 0.001563 6.246528
-0.005977 0.001425 6.246528
-0.006082 0.001283 6.246528
-0.006193 0.001144 6.246528
-0.006305 0.001007 6.246528
-0.006413 0.000867 6.246528
-0.006521 0.000727 6.246528
-0.006626 0.000584 6.246528
-0.006734 0.000444 6.246528
-0.006841 0.000303 6.246528
-0.006948 0.000161 6.246528
-0.007000 -0.000008 6.246528
-0.006913 -0.000162 6.246528
-0.006817 -0.000311 6.246528
-0.006715 -0.000456 6.246528
-0.006609 -0.000598 6.246528
-0.006506 -0.000742 6.246528
-0.006399 -0.000883 6.246528
-0.006291 -0.001023 6.246528
-0.006179 -0.001160 6.246528
-0.006069 -0.001299 6.246528
-0.005964 -0.001442 6.246528
-0.005853 -0.001579 6.246528
-0.005740 -0.001716 6.246528
-0.005628 -0.001853 6.246528
-0.005519 -0.001992 6.246528
-0.005414 -0.002135 6.246528
-0.005301 -0.002272 6.246528
-0.005184 -0.002405 6.246528
-0.005076 -0.002544 6.246528
-0.004969 -0.002685 6.246528
-0.004861 -0.002826 6.246528
-0.004799 -0.002992 6.246528
-0.004728 -0.003154 6.246528
-0.004663 -0.003319 6.246528
-0.004607 -0.003487 6.246528
-0.004543 -0.003652 6.246528
-0.004472 -0.003814 6.246528
-0.004407 -0.003979 6.246528
-0.004344 -0.004144 6.246528
-0.004282 -0.004310 6.246528
-0.004219 -0.004476 6.246528
-0.004148 -0.004638 6.246528
-0.004084 -0.004803 6.246528
-0.004022 -0.004969 6.246528
-0.003956 -0.005133 6.246528
-0.003891 -0.005298 6.246528
-0.003823 -0.005462 6.246528
-0.003763 -0.005628 6.246528
-0.003704 -0.005795 6.246528
-0.003646 -0.005962 6.246528
-0.003509 -0.006074 6.246528
-0.003335 -0.006044 6.246528
-0.003158 -0.006036 6.246528
-0.002981 -0.006028 6.246528
-0.002804 -0.006014 6.246528
-0.002628 -0.006001 6.246528
-0.002452 -0.005981 6.246528
-0.002276 -0.005960 6.246528
-0.002101 -0.005933 6.246528
-0.001926 -0.005907 6.246528
-0.001750 -0.005888 6.246528
-0.001575 -0.005860 6.246528
-0.001400 -0.005831 6.246528
-0.001225 -0.005803 6.246528
-0.001050 -0.005778 6.246528
-0.000874 -0.005758 6.246528
-0.000699 -0.005730 6.246528
-0.000526 -0.005695 6.246528
-0.000351 -0.005670 6.246528
-0.000175 -0.005649 6.246528
0.000000 -0.005623 6.246528
0.000176 -0.005649 6.246528
0.000351 -0.005670 6.246528
0.000527 -0.005695 6.246528
0.000700 -0.005730 6.246528
0.000875 -0.005758 6.246528
0.001051 -0.005778 6.246528
0.001226 -0.005804 6.246528
0.001401 -0.005831 6.246528
0.001576 -0.005861 6.246528
0.001750 -0.005889 6.246528
0.001926 -0.005909 6.246528
0.002101 -0.005936 6.246528
0.002276 -0.005966 6.246528
0.002451 -0.005990 6.246528
0.002626 -0.006017 6.246528
0.002802 -0.006040 6.246528
0.002976 -0.006072 6.246528
0.003150 -0.006106 6.246528
0.003323 -0.006142 6.246528
0.003491 -0.006086 6.246528
0.003557 -0.005921 6.246528
0.003640 -0.005765 6.246528
0.003722 -0.005608 6.246528
0.003799 -0.005449 6.246528
0.003877 -0.005290 6.246528
0.003948 -0.005127 6.246528
0.004018 -0.004965 6.246528
0.004082 -0.004800 6.246528
0.004147 -0.004635 6.246528
0.004219 -0.004473 6.246528
0.004282 -0.004308 6.246528
0.004344 -0.004142 6.246528
0.004408 -0.003977 6.246528
0.004473 -0.003812 6.246528
0.004544 -0.003650 6.246528
0.004607 -0.003485 6.246528
0.004664 -0.003317 6.246528
0.004729 -0.003152 6.246528
0.004799 -0.002990 6.246528
0.004862 -0.002824 6.246528
0.004970 -0.002684 6.246528
0.005077 -0.002543 6.246528
0.005186 -0.002403 6.246528
0.005303 -0.002270 6.246528
0.005415 -0.002133 6.246528
0.005520 -0.001991 6.246528
0.005630 -0.001852 6.246528
0.005741 -0.001714 6.246528
0.005854 -0.001577 6.246528
0.005966 -0.001440 6.246528
0.006071 -0.001298 6.246528
0.006181 -0.001159 6.246528
0.006294 -0.001023 6.246528
0.006403 -0.000883 6.246528
0.006512 -0.000744 6.246528
0.006619 -0.000602 6.246528
0.006731 -0.000465 6.246528
0.006843 -0.000328 6.246528
0.006958 -0.000194 6.246528
0.007003 -0.000022 6.246528

