0.008121 0.000001 11.185764
0.007971 0.000149 11.185764
0.007813 0.000289 11.185764
0.007667 0.000441 11.185764
0.007510 0.000582 11.185764
0.007367 0.000736 11.185764
0.007214 0.000882 11.185764
0.007082 0.001047 11.185764
0.006920 0.001182 11.185764
0.006792 0.001349 11.185764
0.006627 0.001481 11.185764
0.006494 0.001645 11.185764
0.006353 0.001801 11.185764
0.006216 0.001962 11.185764
0.006066 0.002110 11.185764
0.005923 0.002265 11.185764
0.005791 0.002430 11.185764
0.005646 0.002583 11.185764
0.005521 0.002753 11.185764
0.005406 0.002930 11.185764
0.005338 0.003130 11.185764
0.005265 0.003327 11.185764
0.005182 0.003522 11.185764
0.005140 0.003728 11.185764
0.005063 0.003925 11.185764
0.005014 0.004130 11.185764
0.004942 0.004328 11.185764
0.004889 0.004532 11.185764
0.004845 0.004739 11.185764
0.004773 0.004937 11.185764
0.004716 0.005140 11.185764
0.004642 0.005338 11.185764
0.004589 0.005542 11.185764
0.004510 0.005737 11.185764
0.004460 0.005943 11.185764
0.004376 0.006136 11.185764
0.004318 0.006339 11.185764
0.004231 0.006531 11.185764
0.004161 0.006730 11.185764
0.004080 0.006925 11.185764
0.003918 0.007059 11.185764
0.003722 0.006979 11.185764
0.003522 0.006914 11.185764
0.003323 0.006845 11.185764
0.003119 0.006790 11.185764
0.002917 0.006727 11.185764
0.002712 0.006678 11.185764
0.002507 0.006628 11.185764
0.002305 0.006569 11.185764
0.002097 0.006532 11.185764
0.001892 0.006484 11.185764
0.001689 0.006427 11.185764
0.001479 0.006400 11.185764
0.001290 0.006493 11.185764
0.001150 0.006651 11.185764
0.000980 0.006526 11.185764
0.000785 0.006445 11.185764
0.000586 0.006376 11.185764
0.000386 0.006310 11.185764
0.000181 0.006258 11.185764
-0.000023 0.006206 11.185764
-0.000230 0.006249 11.185764
-0.000428 0.006322 11.185764
-0.000631 0.006377 11.185764
-0.000825 0.006460 11.185764
-0.001000 0.006579 11.185764
-0.001125 0.006410 11.185764
-0.001329 0.006354 11.185764
-0.001537 0.006386 11.185764
-0.001746 0.006416 11.185764
-0.001944 0.006489 11.185764
-0.002152 0.006523 11.185764
-0.002353 0.006589 11.185764
-0.002558 0.006635 11.185764
-0.002766 0.006674 11.185764
-0.002969 0.006731 11.185764
-0.003175 0.006775 11.185764
-0.003373 0.006850 11.185764
-0.003576 0.006906 11.185764
-0.003770 0.006989 11.185764
-0.003960 0.007080 11.185764
-0.004138 0.006966 11.185764
-0.004221 0.006773 11.185764
-0.004299 0.006576 11.185764
-0.004391 0.006387 11.185764
-0.004454 0.006186 11.185764
-0.004544 0.005995 11.185764
-0.004591 0.005789 11.185764
-0.004677 0.005596 11.185764
-0.004721 0.005390 11.185764
-0.004801 0.005195 11.185764
-0.004851 0.004990 11.185764
-0.004925 0.004793 11.185764
-0.004960 0.004585 11.185764
-0.005034 0.004387 11.185764
-0.005090 0.004183 11.185764
-0.005144 0.003980 11.185764
-0.005209 0.003779 11.185764
-0.005245 0.003571 11.185764
-0.005334 0.003380 11.185764
-0.005363 0.003171 11.185764
-0.005453 0.002980 11.185764
-0.005610 0.002839 11.185764
-0.005735 0.002669 11.185764
-0.005887 0.002523 11.185764
-0.006036 0.002373 11.185764
-0.006166 0.002207 11.185764
-0.006321 0.002064 11.185764
-0.006458 0.001904 11.185764
-0.006620 0.001768 11.185764
-0.006746 0.001600 11.185764
-0.006905 0.001461 11.185764
-0.007034 0.001294 11.185764
-0.007191 0.001153 11.185764
-0.007324 0.000989 11.185764
-0.007480 0.000848 11.185764
-0.007621 0.000690 11.185764
-0.007782 0.000554 11.185764
-0.007925 0.000399 11.185764
-0.008075 0.000250 11.185764
-0.008122 0.000045 11.185764
-0.007978 -0.000110 11.185764
-0.007850 -0.000277 11.185764
-0.007712 -0.000436 11.185764
-0.007588 -0.000607 11.185764
-0.007450 -0.000766 11.185764
-0.007326 -0.000937 11.185764
-0.007171 -0.001080 11.185764
-0.007034 -0.001241 11.185764
-0.006876 -0.001381 11.185764
-0.006750 -0.001550 11.185764
-0.006603 -0.001701 11.185764
-0.006467 -0.001862 11.185764
-0.006303 -0.001995 11.185764
-0.006171 -0.002160 11.185764
-0.006008 -0.002294 11.185764
-0.005867 -0.002451 11.185764
-0.005715 -0.002597 11.185764
-0.005569 -0.002749 11.185764
-0.005459 -0.002929 11.185764
-0.005416 -0.003136 11.185764
-0.005343 -0.003334 11.185764
-0.005268 -0.003531 11.185764
-0.005228 -0.003738 11.185764
-0.005148 -0.003933 11.185764
-0.005119 -0.004142 11.185764
-0.005033 -0.004335 11.185764
-0.004994 -0.004542 11.185764
-0.004925 -0.004741 11.185764
-0.004882 -0.004948 11.185764
-0.004805 -0.005144 11.185764
-0.004754 -0.005349 11.185764
-0.004678 -0.005546 11.185764
-0.004629 -0.005751 11.185764
-0.004557 -0.005949 11.185764
-0.004513 -0.006155 11.185764
-0.004442 -0.006354 11.185764
-0.004400 -0.006561 11.185764
-0.004328 -0.006759 11.185764
-0.004276 -0.006964 11.185764
-0.004102 -0.007082 11.185764
-0.003898 -0.007028 11.185764
-0.003694 -0.006973 11.185764
-0.003486 -0.006934 11.185764
-0.003283 -0.006879 11.185764
-0.003075 -0.006841 11.185764
-0.002870 -0.006794 11.185764
-0.002661 -0.006763 11.185764
-0.002459 -0.006704 11.185764
-0.002252 -0.006659 11.185764
-0.002052 -0.006593 11.185764
-0.001846 -0.006549 11.185764
-0.001638 -0.006513 11.185764
-0.001431 -0.006472 11.185764
-0.001223 -0.006434 11.185764
-0.001017 -0.006389 11.185764
-0.000811 -0.006347 11.185764
-0.000605 -0.006299 11.185764
-0.000411 -0.006217 11.185764
-0.000200 -0.006205 11.185764
-0.000002 -0.006279 11.185764
0.000207 -0.006302 11.185764
0.000411 -0.006357 11.185764
0.000613 -0.006417 11.185764
0.000821 -0.006454 11.185764
0.001019 -0.006528 11.185764
0.001228 -0.006556 11.185764
0.001430 -0.006614 11.185764
0.001635 -0.006665 11.185764
0.001841 -0.006712 11.185764
0.002047 -0.006759 11.185764
0.002253 -0.006799 11.185764
0.002458 -0.006852 11.185764
0.002666 -0.006886 11.185764
0.002868 -0.006946 11.185764
0.003076 -0.006980 11.185764
0.003280 -0.007035 11.185764
0.003488 -0.007072 11.185764
0.003695 -0.007111 11.185764
0.003903 -0.007146 11.185764
0.004093 -0.007054 11.185764
0.004137 -0.006847 11.185764
0.004174 -0.006640 11.185764
0.004240 -0.006439 11.185764
0.004282 -0.006232 11.185764
0.004354 -0.006034 11.185764
0.004397 -0.005828 11.185764
0.004481 -0.005634 11.185764
0.004519 -0.005427 11.185764
0.004590 -0.005228 11.185764
0.004638 -0.005022 11.185764
0.004699 -0.004820 11.185764
0.004763 -0.004620 11.185764
0.004816 -0.004415 11.185764
0.004912 -0.004228 11.185764
0.004943 -0.004019 11.185764
0.005049 -0.003837 11.185764
0.005243 -0.003755 11.185764
0.005292 -0.003549 11.185764
0.005292 -0.003338 11.185764
0.005369 -0.003142 11.185764
0.005523 -0.002998 11.185764
0.005649 -0.002829 11.185764
0.005805 -0.002687 11.185764
0.005945 -0.002529 11.185764
0.006098 -0.002384 11.185764
0.006245 -0.002232 11.185764
0.006379 -0.002069 11.185764
0.006537 -0.001929 11.185764
0.006674 -0.001769 11.185764
0.006827 -0.001625 11.185764
0.006956 -0.001458 11.185764
0.007115 -0.001318 11.185764
0.007239 -0.001148 11.185764
0.007397 -0.001008 11.185764
0.007523 -0.000839 11.185764
0.007676 -0.000693 11.185764
0.007806 -0.000527 11.185764
0.007949 -0.000372 11.185764
0.008079 -0.000206 11.185764
0.008121 0.000001 11.185764

