0.007039 -0.000040 6.407986
0.006933 0.000104 6.407986
0.006838 0.000254 6.407986
0.006747 0.000407 6.407986
0.006648 0.000555 6.407986
0.006549 0.000703 6.407986
0.006445 0.000848 6.407986
0.006342 0.000993 6.407986
0.006234 0.001135 6.407986
0.006120 0.001272 6.407986
0.006013 0.001414 6.407986
0.005905 0.001556 6.407986
0.005794 0.001695 6.407986
0.005681 0.001833 6.407986
0.005567 0.001970 6.407986
0.005459 0.002111 6.407986
0.005353 0.002255 6.407986
0.005238 0.002390 6.407986
0.005122 0.002525 6.407986
0.005015 0.002667 6.407986
0.004902 0.002806 6.407986
0.004831 0.002969 6.407986
0.004765 0.003134 6.407986
0.004703 0.003301 6.407986
0.004645 0.003469 6.407986
0.004575 0.003633 6.407986
0.004505 0.003797 6.407986
0.004443 0.003964 6.407986
0.004380 0.004130 6.407986
0.004317 0.004297 6.407986
0.004249 0.004461 6.407986
0.004178 0.004625 6.407986
0.004117 0.004792 6.407986
0.004051 0.004957 6.407986
0.003980 0.005121 6.407986
0.003911 0.005285 6.407986
0.003839 0.005448 6.407986
0.003772 0.005613 6.407986
0.003699 0.005775 6.407986
0.003629 0.005939 6.407986
0.003517 0.006077 6.407986
0.003339 0.006088 6.407986
0.003161 0.006077 6.407986
0.002984 0.006065 6.407986
0.002807 0.006045 6.407986
0.002629 0.006028 6.407986
0.002453 0.006007 6.407986
0.002276 0.005987 6.407986
0.002099 0.005962 6.407986
0.001924 0.005932 6.407986
0.001747 0.005911 6.407986
0.001570 0.005888 6.407986
0.001395 0.005859 6.407986
0.001219 0.005831 6.407986
0.001043 0.005801 6.407986
0.000866 0.005779 6.407986
0.000690 0.005758 6.407986
0.000515 0.005725 6.407986
0.000339 0.005694 6.407986
0.000163 0.005670 6.407986
-0.000014 0.005648 6.407986
-0.000190 0.005675 6.407986
-0.000367 0.005698 6.407986
-0.000542 0.005730 6.407986
-0.000717 0.005762 6.407986
-0.000894 0.005783 6.407986
-0.001070 0.005805 6.407986
-0.001246 0.005835 6.407986
-0.001422 0.005864 6.407986
-0.001598 0.005891 6.407986
-0.001774 0.005914 6.407986
-0.001951 0.005935 6.407986
-0.002127 0.005964 6.407986
-0.002303 0.005987 6.407986
-0.002480 0.006005 6.407986
-0.002658 0.006022 6.407986
-0.002835 0.006033 6.407986
-0.003013 0.006045 6.407986
-0.003191 0.006049 6.407986
-0.003369 0.006062 6.407986
-0.003544 0.006091 6.407986
-0.003675 0.005970 6.407986
-0.003729 0.005800 6.407986
-0.003789 0.005632 6.407986
-0.003848 0.005464 6.407986
-0.003914 0.005299 6.407986
-0.003980 0.005134 6.407986
-0.004049 0.004969 6.407986
-0.004114 0.004804 6.407986
-0.004175 0.004636 6.407986
-0.004245 0.004472 6.407986
-0.004313 0.004308 6.407986
-0.004376 0.004141 6.407986
-0.004439 0.003975 6.407986
-0.004501 0.003808 6.407986
-0.004570 0.003644 6.407986
-0.004641 0.003480 6.407986
-0.004699 0.003312 6.407986
-0.004760 0.003145 6.407986
-0.004827 0.002980 6.407986
-0.004897 0.002816 6.407986
-0.005007 0.002676 6.407986
-0.005115 0.002535 6.407986
-0.005231 0.002399 6.407986
-0.005346 0.002264 6.407986
-0.005452 0.002121 6.407986
-0.005560 0.001979 6.407986
-0.005674 0.001842 6.407986
-0.005787 0.001704 6.407986
-0.005899 0.001566 6.407986
-0.006007 0.001424 6.407986
-0.006114 0.001282 6.407986
-0.006228 0.001145 6.407986
-0.006338 0.001005 6.407986
-0.006444 0.000862 6.407986
-0.006552 0.000720 6.407986
-0.006658 0.000577 6.407986
-0.006768 0.000438 6.407986
-0.006876 0.000296 6.407986
-0.006988 0.000158 6.407986
-0.007026 -0.000016 6.407986
-0.006922 -0.000160 6.407986
-0.006828 -0.000311 6.407986
-0.006731 -0.000461 6.407986
-0.006627 -0.000605 6.407986
-0.006524 -0.000751 6.407986
-0.006417 -0.000894 6.407986
-0.006312 -0.001037 6.407986
-0.006202 -0.001177 6.407986
-0.006088 -0.001314 6.407986
-0.005982 -0.001457 6.407986
-0.005873 -0.001598 6.407986
-0.005760 -0.001736 6.407986
-0.005648 -0.001874 6.407986
-0.005535 -0.002011 6.407986
-0.005428 -0.002154 6.407986
-0.005321 -0.002296 6.407986
-0.005204 -0.002430 6.407986
-0.005090 -0.002568 6.407986
-0.004980 -0.002707 6.407986
-0.004876 -0.002852 6.407986
-0.004815 -0.003019 6.407986
-0.004744 -0.003183 6.407986
-0.004686 -0.003351 6.407986
-0.004626 -0.003519 6.407986
-0.004555 -0.003682 6.407986
-0.004486 -0.003846 6.407986
-0.004425 -0.004013 6.407986
-0.004362 -0.004180 6.407986
-0.004298 -0.004346 6.407986
-0.004229 -0.004510 6.407986
-0.004161 -0.004675 6.407986
-0.004101 -0.004842 6.407986
-0.004035 -0.005008 6.407986
-0.003967 -0.005173 6.407986
-0.003903 -0.005339 6.407986
-0.003839 -0.005505 6.407986
-0.003782 -0.005674 6.407986
-0.003723 -0.005842 6.407986
-0.003667 -0.006011 6.407986
-0.003528 -0.006122 6.407986
-0.003356 -0.006075 6.407986
-0.003180 -0.006049 6.407986
-0.003002 -0.006040 6.407986
-0.002825 -0.006028 6.407986
-0.002647 -0.006017 6.407986
-0.002469 -0.006001 6.407986
-0.002292 -0.005985 6.407986
-0.002116 -0.005962 6.407986
-0.001940 -0.005933 6.407986
-0.001763 -0.005912 6.407986
-0.001586 -0.005890 6.407986
-0.001410 -0.005862 6.407986
-0.001235 -0.005834 6.407986
-0.001059 -0.005804 6.407986
-0.000882 -0.005782 6.407986
-0.000706 -0.005761 6.407986
-0.000531 -0.005728 6.407986
-0.000355 -0.005697 6.407986
-0.000179 -0.005673 6.407986
-0.000002 -0.005649 6.407986
0.000174 -0.005672 6.407986
0.000351 -0.005696 6.407986
0.000526 -0.005728 6.407986
0.000701 -0.005760 6.407986
0.000878 -0.005781 6.407986
0.001054 -0.005803 6.407986
0.001230 -0.005833 6.407986
0.001406 -0.005862 6.407986
0.001582 -0.005890 6.407986
0.001758 -0.005914 6.407986
0.001935 -0.005936 6.407986
0.002110 -0.005967 6.407986
0.002286 -0.005994 6.407986
0.002463 -0.006018 6.407986
0.002639 -0.006045 6.407986
0.002814 -0.006073 6.407986
0.002989 -0.006109 6.407986
0.003163 -0.006145 6.407986
0.003336 -0.006186 6.407986
0.003506 -0.006133 6.407986
0.003563 -0.005964 6.407986
0.003633 -0.005800 6.407986
0.003715 -0.005642 6.407986
0.003794 -0.005483 6.407986
0.003875 -0.005324 6.407986
0.003951 -0.005163 6.407986
0.004026 -0.005001 6.407986
0.004096 -0.004838 6.407986
0.004158 -0.004671 6.407986
0.004228 -0.004507 6.407986
0.004298 -0.004343 6.407986
0.004362 -0.004177 6.407986
0.004426 -0.004011 6.407986
0.004487 -0.003843 6.407986
0.004555 -0.003679 6.407986
0.004627 -0.003516 6.407986
0.004687 -0.003348 6.407986
0.004745 -0.003180 6.407986
0.004815 -0.003016 6.407986
0.004877 -0.002849 6.407986
0.004982 -0.002705 6.407986
0.005092 -0.002565 6.407986
0.005206 -0.002428 6.407986
0.005322 -0.002294 6.407986
0.005429 -0.002152 6.407986
0.005536 -0.002009 6.407986
0.005650 -0.001872 6.407986
0.005762 -0.001734 6.407986
0.005875 -0.001596 6.407986
0.005984 -0.001455 6.407986
0.006091 -0.001312 6.407986
0.006205 -0.001176 6.407986
0.006316 -0.001037 6.407986
0.006424 -0.000895 6.407986
0.006534 -0.000755 6.407986
0.006643 -0.000614 6.407986
0.006759 -0.000479 6.407986
0.006874 -0.000343 6.407986
0.006994 -0.000212 6.407986
0.007039 -0.000040 6.407986

