0.006223 -0.000000 2.288194
0.006171 0.000149 2.288194
0.006071 0.000271 2.288194
0.005972 0.000392 2.288194
0.005876 0.000517 2.288194
0.005780 0.000642 2.288194
0.005679 0.000763 2.288194
0.005575 0.000881 2.288194
0.005476 0.001003 2.288194
0.005384 0.001131 2.288194
0.005291 0.001258 2.288194
0.005192 0.001380 2.288194
0.005086 0.001497 2.288194
0.004980 0.001612 2.288194
0.004874 0.001729 2.288194
0.004773 0.001850 2.288194
0.004677 0.001974 2.288194
0.004586 0.002103 2.288194
0.004501 0.002235 2.288194
0.004418 0.002369 2.288194
0.004337 0.002504 2.288194
0.004260 0.002641 2.288194
0.004186 0.002780 2.288194
0.004114 0.002920 2.288194
0.004048 0.003063 2.288194
0.003988 0.003209 2.288194
0.003935 0.003357 2.288194
0.003886 0.003506 2.288194
0.003840 0.003657 2.288194
0.003791 0.003806 2.288194
0.003735 0.003953 2.288194
0.003671 0.004097 2.288194
0.003607 0.004241 2.288194
0.003550 0.004388 2.288194
0.003500 0.004537 2.288194
0.003446 0.004685 2.288194
0.003386 0.004830 2.288194
0.003326 0.004975 2.288194
0.003270 0.005123 2.288194
0.003214 0.005270 2.288194
0.003111 0.005389 2.288194
0.002957 0.005418 2.288194
0.002801 0.005393 2.288194
0.002646 0.005368 2.288194
0.002490 0.005347 2.288194
0.002334 0.005327 2.288194
0.002179 0.005299 2.288194
0.002025 0.005268 2.288194
0.001869 0.005244 2.288194
0.001713 0.005228 2.288194
0.001556 0.005212 2.288194
0.001401 0.005186 2.288194
0.001247 0.005153 2.288194
0.001093 0.005119 2.288194
0.000939 0.005086 2.288194
0.000785 0.005058 2.288194
0.000629 0.005037 2.288194
0.000472 0.005023 2.288194
0.000315 0.005015 2.288194
0.000157 0.005010 2.288194
-0.000000 0.005008 2.288194
-0.000157 0.005010 2.288194
-0.000315 0.005015 2.288194
-0.000472 0.005023 2.288194
-0.000629 0.005037 2.288194
-0.000785 0.005058 2.288194
-0.000939 0.005086 2.288194
-0.001093 0.005119 2.288194
-0.001247 0.005153 2.288194
-0.001401 0.005186 2.288194
-0.001556 0.005212 2.288194
-0.001713 0.005228 2.288194
-0.001869 0.005244 2.288194
-0.002025 0.005268 2.288194
-0.002179 0.005299 2.288194
-0.002334 0.005327 2.288194
-0.002490 0.005347 2.288194
-0.002646 0.005368 2.288194
-0.002801 0.005393 2.288194
-0.002957 0.005418 2.288194
-0.003111 0.005389 2.288194
-0.003214 0.005270 2.288194
-0.003270 0.005123 2.288194
-0.003326 0.004975 2.288194
-0.003386 0.004830 2.288194
-0.003446 0.004685 2.288194
-0.003500 0.004537 2.288194
-0.003550 0.004388 2.288194
-0.003607 0.004241 2.288194
-0.003671 0.004097 2.288194
-0.003735 0.003953 2.288194
-0.003791 0.003806 2.288194
-0.003840 0.003657 2.288194
-0.003886 0.003506 2.288194
-0.003935 0.003357 2.288194
-0.003988 0.003209 2.288194
-0.004048 0.003063 2.288194
-0.004114 0.002920 2.288194
-0.004186 0.002780 2.288194
-0.004260 0.002641 2.288194
-0.004337 0.002504 2.288194
-0.004418 0.002369 2.288194
-0.004501 0.002235 2.288194
-0.004586 0.002103 2.288194
-0.004677 0.001974 2.288194
-0.004773 0.001850 2.288194
-0.004874 0.001729 2.288194
-0.004980 0.001612 2.288194
-0.005086 0.001497 2.288194
-0.005192 0.001380 2.288194
-0.005291 0.001258 2.288194
-0.005384 0.001131 2.288194
-0.005476 0.001003 2.288194
-0.005575 0.000881 2.288194
-0.005679 0.000763 2.288194
-0.005780 0.000642 2.288194
-0.005876 0.000517 2.288194
-0.005972 0.000392 2.288194
-0.006071 0.000271 2.288194
-0.006171 0.000149 2.288194
-0.006223 0.000000 2.288194
-0.006171 -0.000149 2.288194
-0.006071 -0.000271 2.288194
-0.005972 -0.000392 2.288194
-0.005876 -0.000517 2.288194
-0.005780 -0.000642 2.288194
-0.005679 -0.000763 2.288194
-0.005575 -0.000881 2.288194
-0.005476 -0.001003 2.288194
-0.005384 -0.001131 2.288194
-0.005291 -0.001258 2.288194
-0.005192 -0.001380 2.288194
-0.005086 -0.001497 2.288194
-0.004980 -0.001612 2.288194
-0.004874 -0.001729 2.288194
-0.004773 -0.001850 2.288194
-0.004677 -0.001974 2.288194
-0.004586 -0.002103 2.288194
-0.004501 -0.002235 2.288194
-0.004418 -0.002369 2.288194
-0.004337 -0.002504 2.288194
-0.004260 -0.002641 2.288194
-0.004186 -0.002780 2.288194
-0.004114 -0.002920 2.288194
-0.004048 -0.003063 2.288194
-0.003988 -0.003209 2.288194
-0.003935 -0.003357 2.288194
-0.003886 -0.003506 2.288194
-0.003840 -0.003657 2.288194
-0.003791 -0.003806 2.288194
-0.003735 -0.003953 2.288194
-0.003671 -0.004097 2.288194
-0.003607 -0.004241 2.288194
-0.003550 -0.004388 2.288194
-0.003500 -0.004537 2.288194
-0.003446 -0.004685 2.288194
-0.003386 -0.004830 2.288194
-0.003326 -0.004975 2.288194
-0.003270 -0.005123 2.288194
-0.003214 -0.005270 2.288194
-0.003111 -0.005389 2.288194
-0.002957 -0.005418 2.288194
-0.002801 -0.005393 2.288194
-0.002646 -0.005368 2.288194
-0.002490 -0.005347 2.288194
-0.002334 -0.005327 2.288194
-0.002179 -0.005299 2.288194
-0.002025 -0.005268 2.288194
-0.001869 -0.005244 2.288194
-0.001713 -0.005228 2.288194
-0.001556 -0.005212 2.288194
-0.001401 -0.005186 2.288194
-0.001247 -0.005153 2.288194
-0.001093 -0.005119 2.288194
-0.000939 -0.005086 2.288194
-0.000785 -0.005058 2.288194
-0.000629 -0.005037 2.288194
-0.000472 -0.005023 2.288194
-0.000315 -0.005015 2.288194
-0.000157 -0.005010 2.288194
0.000000 -0.005008 2.288194
0.000157 -0.005010 2.288194
0.000315 -0.005015 2.288194
0.000472 -0.005023 2.288194
0.000629 -0.005037 2.288194
0.000785 -0.005058 2.288194
0.000939 -0.005086 2.288194
0.001093 -0.005119 2.288194
0.001247 -0.005153 2.288194
0.001401 -0.005186 2.288194
0.001556 -0.005212 2.288194
0.001713 -0.005228 2.288194
0.001869 -0.005244 2.288194
0.002025 -0.005268 2.288194
0.002179 -0.005299 2.288194
0.002334 -0.005327 2.288194
0.002490 -0.005347 2.288194
0.002646 -0.005368 2.288194
0.002801 -0.005393 2.288194
0.002957 -0.005418 2.288194
0.003111 -0.005389 2.288194
0.003214 -0.005270 2.288194
0.003270 -0.005123 2.288194
0.003326 -0.004975 2.288194
0.003386 -0.004830 2.288194
0.003446 -0.004685 2.288194
0.003500 -0.004537 2.288194
0.003550 -0.004388 2.288194
0.003607 -0.004241 2.288194
0.003671 -0.004097 2.288194
0.003735 -0.003953 2.288194
0.003791 -0.003806 2.288194
0.003840 -0.003657 2.288194
0.003886 -0.003506 2.288194
0.003935 -0.003357 2.288194
0.003988 -0.003209 2.288194
0.004048 -0.003063 2.288194
0.004114 -0.002920 2.288194
0.004186 -0.002780 2.288194
0.004260 -0.002641 2.288194
0.004337 -0.002504 2.288194
0.004418 -0.002369 2.288194
0.004501 -0.002235 2.288194
0.004586 -0.002103 2.288194
0.004677 -0.001974 2.288194
0.004773 -0.001850 2.288194
0.004874 -0.001729 2.288194
0.004980 -0.001612 2.288194
0.005086 -0.001497 2.288194
0.005192 -0.001380 2.288194
0.005291 -0.001258 2.288194
0.005384 -0.001131 2.288194
0.005476 -0.001003 2.288194
0.005575 -0.000881 2.288194
0.005679 -0.000763 2.288194
0.005780 -0.000642 2.288194
0.005876 -0.000517 2.288194
0.005972 -0.000392 2.288194
0.006071 -0.000271 2.288194
0.006171 -0.000149 2.288194
0.006223 -0.000000 2.288194

