0.007488 -0.000082 8.126736
0.007355 0.000056 8.126736
0.007225 0.000195 8.126736
0.007095 0.000335 8.126736
0.006966 0.000476 8.126736
0.006844 0.000624 8.126736
0.006718 0.000767 8.126736
0.006589 0.000908 8.126736
0.006465 0.001054 8.126736
0.006348 0.001205 8.126736
0.006233 0.001357 8.126736
0.006129 0.001518 8.126736
0.006019 0.001674 8.126736
0.005929 0.001843 8.126736
0.005815 0.001996 8.126736
0.005711 0.002157 8.126736
0.005587 0.002302 8.126736
0.005489 0.002466 8.126736
0.005364 0.002611 8.126736
0.005254 0.002767 8.126736
0.005126 0.002909 8.126736
0.005044 0.003082 8.126736
0.004987 0.003264 8.126736
0.004907 0.003438 8.126736
0.004840 0.003617 8.126736
0.004752 0.003787 8.126736
0.004698 0.003970 8.126736
0.004610 0.004140 8.126736
0.004539 0.004317 8.126736
0.004460 0.004491 8.126736
0.004394 0.004670 8.126736
0.004323 0.004848 8.126736
0.004259 0.005028 8.126736
0.004195 0.005208 8.126736
0.004142 0.005392 8.126736
0.004092 0.005576 8.126736
0.004038 0.005760 8.126736
0.003987 0.005944 8.126736
0.003934 0.006127 8.126736
0.003877 0.006310 8.126736
0.003726 0.006427 8.126736
0.003540 0.006381 8.126736
0.003353 0.006342 8.126736
0.003167 0.006299 8.126736
0.002981 0.006253 8.126736
0.002795 0.006212 8.126736
0.002608 0.006170 8.126736
0.002420 0.006137 8.126736
0.002229 0.006121 8.126736
0.002039 0.006107 8.126736
0.001848 0.006097 8.126736
0.001657 0.006080 8.126736
0.001466 0.006070 8.126736
0.001276 0.006052 8.126736
0.001085 0.006047 8.126736
0.000899 0.006004 8.126736
0.000708 0.005999 8.126736
0.000520 0.005965 8.126736
0.000329 0.005950 8.126736
0.000143 0.005907 8.126736
-0.000048 0.005893 8.126736
-0.000234 0.005934 8.126736
-0.000425 0.005950 8.126736
-0.000612 0.005988 8.126736
-0.000803 0.005989 8.126736
-0.000991 0.006025 8.126736
-0.001182 0.006033 8.126736
-0.001372 0.006054 8.126736
-0.001563 0.006051 8.126736
-0.001753 0.006073 8.126736
-0.001944 0.006089 8.126736
-0.002133 0.006117 8.126736
-0.002321 0.006148 8.126736
-0.002510 0.006181 8.126736
-0.002698 0.006216 8.126736
-0.002887 0.006244 8.126736
-0.003076 0.006270 8.126736
-0.003263 0.006311 8.126736
-0.003449 0.006355 8.126736
-0.003634 0.006401 8.126736
-0.003820 0.006447 8.126736
-0.003969 0.006328 8.126736
-0.004026 0.006145 8.126736
-0.004077 0.005961 8.126736
-0.004130 0.005777 8.126736
-0.004184 0.005594 8.126736
-0.004231 0.005409 8.126736
-0.004284 0.005225 8.126736
-0.004342 0.005043 8.126736
-0.004394 0.004859 8.126736
-0.004452 0.004677 8.126736
-0.004508 0.004494 8.126736
-0.004575 0.004315 8.126736
-0.004639 0.004135 8.126736
-0.004719 0.003961 8.126736
-0.004767 0.003776 8.126736
-0.004855 0.003607 8.126736
-0.004914 0.003425 8.126736
-0.004998 0.003253 8.126736
-0.005050 0.003069 8.126736
-0.005135 0.002898 8.126736
-0.005267 0.002760 8.126736
-0.005374 0.002601 8.126736
-0.005505 0.002462 8.126736
-0.005602 0.002297 8.126736
-0.005733 0.002158 8.126736
-0.005843 0.002002 8.126736
-0.005963 0.001853 8.126736
-0.006072 0.001696 8.126736
-0.006200 0.001554 8.126736
-0.006320 0.001406 8.126736
-0.006447 0.001263 8.126736
-0.006573 0.001119 8.126736
-0.006701 0.000977 8.126736
-0.006834 0.000840 8.126736
-0.006967 0.000702 8.126736
-0.007096 0.000561 8.126736
-0.007229 0.000424 8.126736
-0.007361 0.000286 8.126736
-0.007490 0.000145 8.126736
-0.007515 -0.000044 8.126736
-0.007381 -0.000181 8.126736
-0.007256 -0.000325 8.126736
-0.007130 -0.000468 8.126736
-0.006998 -0.000607 8.126736
-0.006863 -0.000742 8.126736
-0.006723 -0.000872 8.126736
-0.006585 -0.001005 8.126736
-0.006459 -0.001148 8.126736
-0.006333 -0.001292 8.126736
-0.006220 -0.001446 8.126736
-0.006102 -0.001596 8.126736
-0.005998 -0.001757 8.126736
-0.005885 -0.001911 8.126736
-0.005788 -0.002076 8.126736
-0.005659 -0.002217 8.126736
-0.005556 -0.002378 8.126736
-0.005436 -0.002527 8.126736
-0.005326 -0.002684 8.126736
-0.005197 -0.002825 8.126736
-0.005089 -0.002982 8.126736
-0.005032 -0.003165 8.126736
-0.004955 -0.003340 8.126736
-0.004894 -0.003521 8.126736
-0.004808 -0.003692 8.126736
-0.004754 -0.003875 8.126736
-0.004680 -0.004051 8.126736
-0.004622 -0.004233 8.126736
-0.004543 -0.004407 8.126736
-0.004494 -0.004592 8.126736
-0.004430 -0.004772 8.126736
-0.004377 -0.004956 8.126736
-0.004317 -0.005137 8.126736
-0.004258 -0.005319 8.126736
-0.004205 -0.005503 8.126736
-0.004156 -0.005687 8.126736
-0.004101 -0.005871 8.126736
-0.004050 -0.006055 8.126736
-0.003996 -0.006238 8.126736
-0.003938 -0.006420 8.126736
-0.003787 -0.006538 8.126736
-0.003603 -0.006489 8.126736
-0.003417 -0.006441 8.126736
-0.003231 -0.006399 8.126736
-0.003043 -0.006366 8.126736
-0.002853 -0.006339 8.126736
-0.002667 -0.006297 8.126736
-0.002482 -0.006248 8.126736
-0.002297 -0.006203 8.126736
-0.002111 -0.006158 8.126736
-0.001924 -0.006118 8.126736
-0.001735 -0.006087 8.126736
-0.001546 -0.006057 8.126736
-0.001355 -0.006049 8.126736
-0.001165 -0.006033 8.126736
-0.000974 -0.006021 8.126736
-0.000786 -0.005990 8.126736
-0.000594 -0.005985 8.126736
-0.000406 -0.005955 8.126736
-0.000216 -0.005933 8.126736
-0.000028 -0.005900 8.126736
0.000162 -0.005922 8.126736
0.000349 -0.005961 8.126736
0.000539 -0.005981 8.126736
0.000728 -0.006012 8.126736
0.000918 -0.006032 8.126736
0.001103 -0.006080 8.126736
0.001293 -0.006103 8.126736
0.001481 -0.006137 8.126736
0.001668 -0.006175 8.126736
0.001855 -0.006218 8.126736
0.002041 -0.006263 8.126736
0.002226 -0.006309 8.126736
0.002413 -0.006350 8.126736
0.002598 -0.006396 8.126736
0.002783 -0.006445 8.126736
0.002969 -0.006488 8.126736
0.003155 -0.006534 8.126736
0.003340 -0.006581 8.126736
0.003527 -0.006622 8.126736
0.003704 -0.006552 8.126736
0.003756 -0.006368 8.126736
0.003810 -0.006184 8.126736
0.003862 -0.006001 8.126736
0.003917 -0.005817 8.126736
0.003986 -0.005639 8.126736
0.004055 -0.005461 8.126736
0.004118 -0.005280 8.126736
0.004181 -0.005100 8.126736
0.004245 -0.004920 8.126736
0.004306 -0.004739 8.126736
0.004382 -0.004563 8.126736
0.004455 -0.004386 8.126736
0.004557 -0.004225 8.126736
0.004627 -0.004047 8.126736
0.004717 -0.003879 8.126736
0.004780 -0.003698 8.126736
0.004879 -0.003535 8.126736
0.004935 -0.003352 8.126736
0.005019 -0.003180 8.126736
0.005075 -0.002997 8.126736
0.005181 -0.002838 8.126736
0.005314 -0.002701 8.126736
0.005422 -0.002543 8.126736
0.005550 -0.002401 8.126736
0.005651 -0.002239 8.126736
0.005789 -0.002107 8.126736
0.005897 -0.001949 8.126736
0.006024 -0.001806 8.126736
0.006142 -0.001656 8.126736
0.006275 -0.001518 8.126736
0.006402 -0.001376 8.126736
0.006536 -0.001239 8.126736
0.006664 -0.001098 8.126736
0.006797 -0.000960 8.126736
0.006932 -0.000825 8.126736
0.007063 -0.000685 8.126736
0.007195 -0.000548 8.126736
0.007329 -0.000411 8.126736
0.007460 -0.000271 8.126736
0.007488 -0.000082 8.126736

