0.006974 -0.000008 6.064236
0.006891 0.000147 6.064236
0.006796 0.000296 6.064236
0.006693 0.000439 6.064236
0.006590 0.000582 6.064236
0.006487 0.000725 6.064236
0.006378 0.000863 6.064236
0.006269 0.001002 6.064236
0.006158 0.001139 6.064236
0.006052 0.001279 6.064236
0.005944 0.001419 6.064236
0.005830 0.001553 6.064236
0.005719 0.001690 6.064236
0.005611 0.001829 6.064236
0.005504 0.001969 6.064236
0.005395 0.002108 6.064236
0.005279 0.002240 6.064236
0.005167 0.002376 6.064236
0.005063 0.002519 6.064236
0.004955 0.002658 6.064236
0.004843 0.002794 6.064236
0.004780 0.002959 6.064236
0.004714 0.003122 6.064236
0.004643 0.003283 6.064236
0.004581 0.003448 6.064236
0.004525 0.003615 6.064236
0.004458 0.003778 6.064236
0.004391 0.003941 6.064236
0.004325 0.004104 6.064236
0.004261 0.004269 6.064236
0.004203 0.004435 6.064236
0.004136 0.004598 6.064236
0.004067 0.004760 6.064236
0.004004 0.004925 6.064236
0.003939 0.005088 6.064236
0.003875 0.005253 6.064236
0.003805 0.005414 6.064236
0.003736 0.005577 6.064236
0.003670 0.005740 6.064236
0.003598 0.005900 6.064236
0.003488 0.006039 6.064236
0.003313 0.006059 6.064236
0.003138 0.006044 6.064236
0.002963 0.006022 6.064236
0.002788 0.006001 6.064236
0.002613 0.005982 6.064236
0.002439 0.005955 6.064236
0.002264 0.005930 6.064236
0.002090 0.005902 6.064236
0.001915 0.005881 6.064236
0.001741 0.005857 6.064236
0.001567 0.005825 6.064236
0.001393 0.005798 6.064236
0.001219 0.005773 6.064236
0.001044 0.005750 6.064236
0.000870 0.005726 6.064236
0.000697 0.005692 6.064236
0.000523 0.005663 6.064236
0.000348 0.005644 6.064236
0.000173 0.005620 6.064236
-0.000001 0.005591 6.064236
-0.000175 0.005620 6.064236
-0.000349 0.005644 6.064236
-0.000524 0.005663 6.064236
-0.000698 0.005692 6.064236
-0.000871 0.005726 6.064236
-0.001045 0.005751 6.064236
-0.001220 0.005773 6.064236
-0.001395 0.005798 6.064236
-0.001569 0.005825 6.064236
-0.001742 0.005857 6.064236
-0.001917 0.005881 6.064236
-0.002092 0.005902 6.064236
-0.002266 0.005930 6.064236
-0.002440 0.005954 6.064236
-0.002614 0.005980 6.064236
-0.002790 0.005998 6.064236
-0.002965 0.006016 6.064236
-0.003140 0.006033 6.064236
-0.003316 0.006039 6.064236
-0.003493 0.006036 6.064236
-0.003614 0.005909 6.064236
-0.003679 0.005745 6.064236
-0.003742 0.005580 6.064236
-0.003808 0.005417 6.064236
-0.003877 0.005254 6.064236
-0.003940 0.005090 6.064236
-0.004005 0.004926 6.064236
-0.004067 0.004761 6.064236
-0.004136 0.004599 6.064236
-0.004202 0.004436 6.064236
-0.004261 0.004270 6.064236
-0.004325 0.004105 6.064236
-0.004391 0.003942 6.064236
-0.004458 0.003779 6.064236
-0.004524 0.003616 6.064236
-0.004581 0.003449 6.064236
-0.004643 0.003284 6.064236
-0.004714 0.003123 6.064236
-0.004780 0.002960 6.064236
-0.004843 0.002795 6.064236
-0.004954 0.002659 6.064236
-0.005063 0.002519 6.064236
-0.005167 0.002377 6.064236
-0.005279 0.002241 6.064236
-0.005395 0.002109 6.064236
-0.005503 0.001970 6.064236
-0.005610 0.001830 6.064236
-0.005719 0.001691 6.064236
-0.005829 0.001554 6.064236
-0.005944 0.001420 6.064236
-0.006052 0.001280 6.064236
-0.006158 0.001140 6.064236
-0.006269 0.001003 6.064236
-0.006378 0.000865 6.064236
-0.006488 0.000727 6.064236
-0.006594 0.000586 6.064236
-0.006700 0.000446 6.064236
-0.006808 0.000307 6.064236
-0.006912 0.000164 6.064236
-0.006974 -0.000001 6.064236
-0.006900 -0.000161 6.064236
-0.006800 -0.000306 6.064236
-0.006694 -0.000447 6.064236
-0.006589 -0.000588 6.064236
-0.006485 -0.000730 6.064236
-0.006375 -0.000868 6.064236
-0.006266 -0.001006 6.064236
-0.006155 -0.001143 6.064236
-0.006049 -0.001284 6.064236
-0.005941 -0.001423 6.064236
-0.005826 -0.001557 6.064236
-0.005716 -0.001695 6.064236
-0.005608 -0.001833 6.064236
-0.005500 -0.001973 6.064236
-0.005392 -0.002112 6.064236
-0.005276 -0.002245 6.064236
-0.005164 -0.002381 6.064236
-0.005060 -0.002523 6.064236
-0.004951 -0.002662 6.064236
-0.004841 -0.002799 6.064236
-0.004779 -0.002964 6.064236
-0.004712 -0.003127 6.064236
-0.004641 -0.003288 6.064236
-0.004579 -0.003453 6.064236
-0.004523 -0.003620 6.064236
-0.004456 -0.003783 6.064236
-0.004389 -0.003946 6.064236
-0.004323 -0.004110 6.064236
-0.004259 -0.004274 6.064236
-0.004201 -0.004440 6.064236
-0.004134 -0.004603 6.064236
-0.004066 -0.004765 6.064236
-0.004003 -0.004930 6.064236
-0.003939 -0.005094 6.064236
-0.003876 -0.005259 6.064236
-0.003808 -0.005421 6.064236
-0.003743 -0.005585 6.064236
-0.003682 -0.005751 6.064236
-0.003620 -0.005916 6.064236
-0.003492 -0.006036 6.064236
-0.003316 -0.006030 6.064236
-0.003140 -0.006027 6.064236
-0.002964 -0.006012 6.064236
-0.002789 -0.005996 6.064236
-0.002613 -0.005978 6.064236
-0.002439 -0.005954 6.064236
-0.002264 -0.005929 6.064236
-0.002090 -0.005901 6.064236
-0.001915 -0.005880 6.064236
-0.001741 -0.005857 6.064236
-0.001568 -0.005825 6.064236
-0.001393 -0.005798 6.064236
-0.001219 -0.005773 6.064236
-0.001044 -0.005750 6.064236
-0.000870 -0.005726 6.064236
-0.000697 -0.005692 6.064236
-0.000523 -0.005663 6.064236
-0.000348 -0.005644 6.064236
-0.000173 -0.005620 6.064236
0.000001 -0.005591 6.064236
0.000175 -0.005620 6.064236
0.000349 -0.005644 6.064236
0.000524 -0.005663 6.064236
0.000698 -0.005692 6.064236
0.000871 -0.005726 6.064236
0.001045 -0.005751 6.064236
0.001220 -0.005774 6.064236
0.001395 -0.005798 6.064236
0.001569 -0.005825 6.064236
0.001742 -0.005858 6.064236
0.001916 -0.005881 6.064236
0.002091 -0.005903 6.064236
0.002265 -0.005932 6.064236
0.002439 -0.005958 6.064236
0.002613 -0.005986 6.064236
0.002788 -0.006009 6.064236
0.002962 -0.006035 6.064236
0.003136 -0.006065 6.064236
0.003310 -0.006095 6.064236
0.003478 -0.006044 6.064236
0.003561 -0.005889 6.064236
0.003647 -0.005735 6.064236
0.003723 -0.005576 6.064236
0.003796 -0.005416 6.064236
0.003869 -0.005255 6.064236
0.003935 -0.005092 6.064236
0.004001 -0.004929 6.064236
0.004064 -0.004764 6.064236
0.004134 -0.004602 6.064236
0.004201 -0.004439 6.064236
0.004259 -0.004273 6.064236
0.004323 -0.004109 6.064236
0.004389 -0.003945 6.064236
0.004457 -0.003783 6.064236
0.004523 -0.003619 6.064236
0.004580 -0.003453 6.064236
0.004641 -0.003287 6.064236
0.004712 -0.003126 6.064236
0.004779 -0.002963 6.064236
0.004841 -0.002798 6.064236
0.004952 -0.002661 6.064236
0.005060 -0.002522 6.064236
0.005164 -0.002380 6.064236
0.005276 -0.002244 6.064236
0.005392 -0.002111 6.064236
0.005501 -0.001973 6.064236
0.005608 -0.001833 6.064236
0.005717 -0.001694 6.064236
0.005827 -0.001557 6.064236
0.005942 -0.001423 6.064236
0.006050 -0.001284 6.064236
0.006156 -0.001143 6.064236
0.006267 -0.001007 6.064236
0.006377 -0.000868 6.064236
0.006488 -0.000731 6.064236
0.006594 -0.000591 6.064236
0.006702 -0.000452 6.064236
0.006813 -0.000315 6.064236
0.006922 -0.000176 6.064236
0.006974 -0.000008 6.064236

