0.006427 -0.000000 3.248264
0.006373 0.000154 3.248264
0.006271 0.000280 3.248264
0.006167 0.000406 3.248264
0.006066 0.000534 3.248264
0.005967 0.000663 3.248264
0.005865 0.000790 3.248264
0.005760 0.000914 3.248264
0.005656 0.001040 3.248264
0.005558 0.001170 3.248264
0.005461 0.001300 3.248264
0.005357 0.001426 3.248264
0.005250 0.001548 3.248264
0.005144 0.001672 3.248264
0.005045 0.001801 3.248264
0.004949 0.001933 3.248264
0.004853 0.002065 3.248264
0.004748 0.002189 3.248264
0.004643 0.002313 3.248264
0.004531 0.002432 3.248264
0.004424 0.002554 3.248264
0.004371 0.002708 3.248264
0.004325 0.002864 3.248264
0.004270 0.003018 3.248264
0.004215 0.003171 3.248264
0.004149 0.003320 3.248264
0.004083 0.003469 3.248264
0.004020 0.003619 3.248264
0.003966 0.003772 3.248264
0.003914 0.003927 3.248264
0.003856 0.004079 3.248264
0.003792 0.004229 3.248264
0.003728 0.004378 3.248264
0.003671 0.004531 3.248264
0.003617 0.004684 3.248264
0.003558 0.004836 3.248264
0.003495 0.004986 3.248264
0.003436 0.005138 3.248264
0.003378 0.005290 3.248264
0.003320 0.005442 3.248264
0.003213 0.005566 3.248264
0.003053 0.005596 3.248264
0.002892 0.005571 3.248264
0.002732 0.005544 3.248264
0.002571 0.005520 3.248264
0.002409 0.005499 3.248264
0.002248 0.005475 3.248264
0.002088 0.005445 3.248264
0.001928 0.005418 3.248264
0.001766 0.005398 3.248264
0.001604 0.005379 3.248264
0.001444 0.005353 3.248264
0.001284 0.005321 3.248264
0.001124 0.005291 3.248264
0.000962 0.005270 3.248264
0.000801 0.005253 3.248264
0.000639 0.005235 3.248264
0.000478 0.005207 3.248264
0.000318 0.005178 3.248264
0.000160 0.005140 3.248264
-0.000000 0.005109 3.248264
-0.000160 0.005140 3.248264
-0.000318 0.005178 3.248264
-0.000478 0.005207 3.248264
-0.000639 0.005235 3.248264
-0.000801 0.005253 3.248264
-0.000962 0.005270 3.248264
-0.001124 0.005291 3.248264
-0.001284 0.005321 3.248264
-0.001444 0.005353 3.248264
-0.001604 0.005379 3.248264
-0.001766 0.005398 3.248264
-0.001928 0.005418 3.248264
-0.002088 0.005445 3.248264
-0.002248 0.005475 3.248264
-0.002409 0.005499 3.248264
-0.002571 0.005520 3.248264
-0.002732 0.005544 3.248264
-0.002892 0.005571 3.248264
-0.003053 0.005596 3.248264
-0.003213 0.005566 3.248264
-0.003320 0.005442 3.248264
-0.003378 0.005290 3.248264
-0.003436 0.005138 3.248264
-0.003495 0.004986 3.248264
-0.003558 0.004836 3.248264
-0.003617 0.004684 3.248264
-0.003671 0.004531 3.248264
-0.003728 0.004378 3.248264
-0.003792 0.004229 3.248264
-0.003856 0.004079 3.248264
-0.003914 0.003927 3.248264
-0.003966 0.003772 3.248264
-0.004020 0.003619 3.248264
-0.004083 0.003469 3.248264
-0.004149 0.003320 3.248264
-0.004215 0.003171 3.248264
-0.004270 0.003018 3.248264
-0.004325 0.002864 3.248264
-0.004371 0.002708 3.248264
-0.004424 0.002554 3.248264
-0.004531 0.002432 3.248264
-0.004643 0.002313 3.248264
-0.004748 0.002189 3.248264
-0.004853 0.002065 3.248264
-0.004949 0.001933 3.248264
-0.005045 0.001801 3.248264
-0.005144 0.001672 3.248264
-0.005250 0.001548 3.248264
-0.005357 0.001426 3.248264
-0.005461 0.001300 3.248264
-0.005558 0.001170 3.248264
-0.005656 0.001040 3.248264
-0.005760 0.000914 3.248264
-0.005865 0.000790 3.248264
-0.005967 0.000663 3.248264
-0.006066 0.000534 3.248264
-0.006167 0.000406 3.248264
-0.006271 0.000280 3.248264
-0.006373 0.000154 3.248264
-0.006427 0.000000 3.248264
-0.006373 -0.000154 3.248264
-0.006271 -0.000280 3.248264
-0.006167 -0.000406 3.248264
-0.006066 -0.000534 3.248264
-0.005967 -0.000663 3.248264
-0.005865 -0.000790 3.248264
-0.005760 -0.000914 3.248264
-0.005656 -0.001040 3.248264
-0.005558 -0.001170 3.248264
-0.005461 -0.001300 3.248264
-0.005357 -0.001426 3.248264
-0.005250 -0.001548 3.248264
-0.005144 -0.001672 3.248264
-0.005045 -0.001801 3.248264
-0.004949 -0.001933 3.248264
-0.004853 -0.002065 3.248264
-0.004748 -0.002189 3.248264
-0.004643 -0.002313 3.248264
-0.004531 -0.002432 3.248264
-0.004424 -0.002554 3.248264
-0.004371 -0.002708 3.248264
-0.004325 -0.002864 3.248264
-0.004270 -0.003018 3.248264
-0.004215 -0.003171 3.248264
-0.004149 -0.003320 3.248264
-0.004083 -0.003469 3.248264
-0.004020 -0.003619 3.248264
-0.003966 -0.003772 3.248264
-0.003914 -0.003927 3.248264
-0.003856 -0.004079 3.248264
-0.003792 -0.004229 3.248264
-0.003728 -0.004378 3.248264
-0.003671 -0.004531 3.248264
-0.003617 -0.004684 3.248264
-0.003558 -0.004836 3.248264
-0.003495 -0.004986 3.248264
-0.003436 -0.005138 3.248264
-0.003378 -0.005290 3.248264
-0.003320 -0.005442 3.248264
-0.003213 -0.005566 3.248264
-0.003053 -0.005596 3.248264
-0.002892 -0.005571 3.248264
-0.002732 -0.005544 3.248264
-0.002571 -0.005520 3.248264
-0.002409 -0.005499 3.248264
-0.002248 -0.005475 3.248264
-0.002088 -0.005445 3.248264
-0.001928 -0.005418 3.248264
-0.001766 -0.005398 3.248264
-0.001604 -0.005379 3.248264
-0.001444 -0.005353 3.248264
-0.001284 -0.005321 3.248264
-0.001124 -0.005291 3.248264
-0.000962 -0.005270 3.248264
-0.000801 -0.005253 3.248264
-0.000639 -0.005235 3.248264
-0.000478 -0.005207 3.248264
-0.000318 -0.005178 3.248264
-0.000160 -0.005140 3.248264
0.000000 -0.005109 3.248264
0.000160 -0.005140 3.248264
0.000318 -0.005178 3.248264
0.000478 -0.005207 3.248264
0.000639 -0.005235 3.248264
0.000801 -0.005253 3.248264
0.000962 -0.005270 3.248264
0.001124 -0.005291 3.248264
0.001284 -0.005321 3.248264
0.001444 -0.005353 3.248264
0.001604 -0.005379 3.248264
0.001766 -0.005398 3.248264
0.001928 -0.005418 3.248264
0.002088 -0.005445 3.248264
0.002248 -0.005475 3.248264
0.002409 -0.005499 3.248264
0.002571 -0.005520 3.248264
0.002732 -0.005544 3.248264
0.002892 -0.005571 3.248264
0.003053 -0.005596 3.248264
0.003213 -0.005566 3.248264
0.003320 -0.005442 3.248264
0.003378 -0.005290 3.248264
0.003436 -0.005138 3.248264
0.003495 -0.004986 3.248264
0.003558 -0.004836 3.248264
0.003617 -0.004684 3.248264
0.003671 -0.004531 3.248264
0.003728 -0.004378 3.248264
0.003792 -0.004229 3.248264
0.003856 -0.004079 3.248264
0.003914 -0.003927 3.248264
0.003966 -0.003772 3.248264
0.004020 -0.003619 3.248264
0.004083 -0.003469 3.248264
0.004149 -0.003320 3.248264
0.004215 -0.003171 3.248264
0.004270 -0.003018 3.248264
0.004325 -0.002864 3.248264
0.004371 -0.002708 3.248264
0.004424 -0.002554 3.248264
0.004531 -0.002432 3.248264
0.004643 -0.002313 3.248264
0.004748 -0.002189 3.248264
0.004853 -0.002065 3.248264
0.004949 -0.001933 3.248264
0.005045 -0.001801 3.248264
0.005144 -0.001672 3.248264
0.005250 -0.001548 3.248264
0.005357 -0.001426 3.248264
0.005461 -0.001300 3.248264
0.005558 -0.001170 3.248264
0.005656 -0.001040 3.248264
0.005760 -0.000914 3.248264
0.005865 -0.000790 3.248264
0.005967 -0.000663 3.248264
0.006066 -0.000534 3.248264
0.006167 -0.000406 3.248264
0.006271 -0.000280 3.248264
0.006373 -0.000154 3.248264
0.006427 -0.000000 3.248264

