0.007068 -0.000052 6.526042
0.006958 0.000089 6.526042
0.006855 0.000235 6.526042
0.006763 0.000389 6.526042
0.006667 0.000540 6.526042
0.006569 0.000690 6.526042
0.006467 0.000837 6.526042
0.006365 0.000983 6.526042
0.006260 0.001129 6.526042
0.006147 0.001268 6.526042
0.006037 0.001409 6.526042
0.005930 0.001552 6.526042
0.005820 0.001693 6.526042
0.005709 0.001833 6.526042
0.005593 0.001970 6.526042
0.005481 0.002109 6.526042
0.005376 0.002254 6.526042
0.005265 0.002394 6.526042
0.005147 0.002528 6.526042
0.005037 0.002670 6.526042
0.004922 0.002807 6.526042
0.004848 0.002970 6.526042
0.004786 0.003137 6.526042
0.004726 0.003306 6.526042
0.004663 0.003474 6.526042
0.004590 0.003637 6.526042
0.004524 0.003803 6.526042
0.004463 0.003971 6.526042
0.004398 0.004138 6.526042
0.004333 0.004305 6.526042
0.004263 0.004469 6.526042
0.004195 0.004635 6.526042
0.004133 0.004803 6.526042
0.004064 0.004968 6.526042
0.003992 0.005132 6.526042
0.003922 0.005296 6.526042
0.003851 0.005460 6.526042
0.003782 0.005626 6.526042
0.003709 0.005789 6.526042
0.003641 0.005954 6.526042
0.003524 0.006090 6.526042
0.003346 0.006095 6.526042
0.003167 0.006085 6.526042
0.002988 0.006076 6.526042
0.002810 0.006058 6.526042
0.002632 0.006041 6.526042
0.002454 0.006021 6.526042
0.002276 0.006002 6.526042
0.002099 0.005981 6.526042
0.001922 0.005951 6.526042
0.001745 0.005927 6.526042
0.001568 0.005905 6.526042
0.001391 0.005879 6.526042
0.001214 0.005852 6.526042
0.001038 0.005820 6.526042
0.000861 0.005794 6.526042
0.000683 0.005776 6.526042
0.000506 0.005747 6.526042
0.000330 0.005714 6.526042
0.000154 0.005686 6.526042
-0.000024 0.005666 6.526042
-0.000201 0.005696 6.526042
-0.000378 0.005721 6.526042
-0.000553 0.005756 6.526042
-0.000730 0.005782 6.526042
-0.000908 0.005800 6.526042
-0.001085 0.005828 6.526042
-0.001261 0.005859 6.526042
-0.001438 0.005886 6.526042
-0.001615 0.005911 6.526042
-0.001793 0.005932 6.526042
-0.001970 0.005957 6.526042
-0.002147 0.005985 6.526042
-0.002325 0.006003 6.526042
-0.002503 0.006018 6.526042
-0.002681 0.006033 6.526042
-0.002860 0.006042 6.526042
-0.003039 0.006052 6.526042
-0.003218 0.006059 6.526042
-0.003395 0.006083 6.526042
-0.003571 0.006115 6.526042
-0.003700 0.005991 6.526042
-0.003750 0.005819 6.526042
-0.003808 0.005650 6.526042
-0.003865 0.005480 6.526042
-0.003929 0.005313 6.526042
-0.003994 0.005146 6.526042
-0.004063 0.004981 6.526042
-0.004131 0.004816 6.526042
-0.004192 0.004648 6.526042
-0.004259 0.004482 6.526042
-0.004328 0.004317 6.526042
-0.004394 0.004150 6.526042
-0.004459 0.003984 6.526042
-0.004519 0.003815 6.526042
-0.004585 0.003649 6.526042
-0.004658 0.003486 6.526042
-0.004722 0.003318 6.526042
-0.004781 0.003149 6.526042
-0.004845 0.002982 6.526042
-0.004916 0.002818 6.526042
-0.005029 0.002679 6.526042
-0.005139 0.002538 6.526042
-0.005257 0.002404 6.526042
-0.005369 0.002264 6.526042
-0.005474 0.002119 6.526042
-0.005586 0.001980 6.526042
-0.005701 0.001843 6.526042
-0.005813 0.001703 6.526042
-0.005923 0.001563 6.526042
-0.006031 0.001420 6.526042
-0.006141 0.001279 6.526042
-0.006256 0.001141 6.526042
-0.006363 0.000998 6.526042
-0.006469 0.000854 6.526042
-0.006578 0.000712 6.526042
-0.006686 0.000569 6.526042
-0.006797 0.000429 6.526042
-0.006907 0.000288 6.526042
-0.007024 0.000153 6.526042
-0.007055 -0.000024 6.526042
-0.006938 -0.000159 6.526042
-0.006837 -0.000307 6.526042
-0.006743 -0.000459 6.526042
-0.006641 -0.000605 6.526042
-0.006538 -0.000752 6.526042
-0.006432 -0.000896 6.526042
-0.006327 -0.001041 6.526042
-0.006220 -0.001184 6.526042
-0.006106 -0.001322 6.526042
-0.005997 -0.001464 6.526042
-0.005889 -0.001607 6.526042
-0.005778 -0.001747 6.526042
-0.005665 -0.001886 6.526042
-0.005550 -0.002023 6.526042
-0.005440 -0.002164 6.526042
-0.005335 -0.002309 6.526042
-0.005220 -0.002446 6.526042
-0.005105 -0.002583 6.526042
-0.004990 -0.002720 6.526042
-0.004888 -0.002867 6.526042
-0.004829 -0.003036 6.526042
-0.004759 -0.003201 6.526042
-0.004704 -0.003371 6.526042
-0.004637 -0.003537 6.526042
-0.004564 -0.003700 6.526042
-0.004500 -0.003867 6.526042
-0.004440 -0.004036 6.526042
-0.004374 -0.004202 6.526042
-0.004308 -0.004368 6.526042
-0.004238 -0.004533 6.526042
-0.004173 -0.004700 6.526042
-0.004113 -0.004868 6.526042
-0.004044 -0.005033 6.526042
-0.003977 -0.005199 6.526042
-0.003914 -0.005367 6.526042
-0.003853 -0.005535 6.526042
-0.003798 -0.005705 6.526042
-0.003739 -0.005874 6.526042
-0.003684 -0.006044 6.526042
-0.003547 -0.006159 6.526042
-0.003375 -0.006108 6.526042
-0.003201 -0.006069 6.526042
-0.003023 -0.006050 6.526042
-0.002844 -0.006037 6.526042
-0.002666 -0.006027 6.526042
-0.002487 -0.006014 6.526042
-0.002309 -0.005999 6.526042
-0.002131 -0.005982 6.526042
-0.001954 -0.005954 6.526042
-0.001777 -0.005930 6.526042
-0.001599 -0.005909 6.526042
-0.001422 -0.005884 6.526042
-0.001245 -0.005857 6.526042
-0.001069 -0.005826 6.526042
-0.000892 -0.005799 6.526042
-0.000714 -0.005780 6.526042
-0.000537 -0.005753 6.526042
-0.000362 -0.005719 6.526042
-0.000185 -0.005692 6.526042
-0.000008 -0.005666 6.526042
0.000170 -0.005690 6.526042
0.000347 -0.005716 6.526042
0.000522 -0.005751 6.526042
0.000699 -0.005778 6.526042
0.000877 -0.005797 6.526042
0.001054 -0.005824 6.526042
0.001230 -0.005855 6.526042
0.001407 -0.005882 6.526042
0.001584 -0.005909 6.526042
0.001761 -0.005931 6.526042
0.001938 -0.005957 6.526042
0.002114 -0.005989 6.526042
0.002292 -0.006013 6.526042
0.002469 -0.006038 6.526042
0.002645 -0.006067 6.526042
0.002821 -0.006099 6.526042
0.002996 -0.006138 6.526042
0.003171 -0.006175 6.526042
0.003345 -0.006218 6.526042
0.003517 -0.006169 6.526042
0.003574 -0.005999 6.526042
0.003634 -0.005831 6.526042
0.003710 -0.005669 6.526042
0.003789 -0.005508 6.526042
0.003871 -0.005349 6.526042
0.003950 -0.005189 6.526042
0.004027 -0.005027 6.526042
0.004103 -0.004865 6.526042
0.004167 -0.004698 6.526042
0.004235 -0.004532 6.526042
0.004306 -0.004368 6.526042
0.004373 -0.004202 6.526042
0.004439 -0.004036 6.526042
0.004500 -0.003868 6.526042
0.004564 -0.003701 6.526042
0.004636 -0.003537 6.526042
0.004703 -0.003371 6.526042
0.004759 -0.003201 6.526042
0.004828 -0.003036 6.526042
0.004888 -0.002868 6.526042
0.004990 -0.002721 6.526042
0.005105 -0.002583 6.526042
0.005220 -0.002447 6.526042
0.005334 -0.002309 6.526042
0.005439 -0.002164 6.526042
0.005550 -0.002024 6.526042
0.005665 -0.001887 6.526042
0.005777 -0.001747 6.526042
0.005889 -0.001608 6.526042
0.005997 -0.001465 6.526042
0.006107 -0.001324 6.526042
0.006222 -0.001187 6.526042
0.006331 -0.001045 6.526042
0.006440 -0.000903 6.526042
0.006551 -0.000763 6.526042
0.006663 -0.000623 6.526042
0.006781 -0.000489 6.526042
0.006899 -0.000354 6.526042
0.007022 -0.000225 6.526042
0.007068 -0.000052 6.526042

