0.006985 -0.000013 6.142361
0.006897 0.000140 6.142361
0.006806 0.000291 6.142361
0.006706 0.000436 6.142361
0.006602 0.000579 6.142361
0.006500 0.000723 6.142361
0.006393 0.000863 6.142361
0.006285 0.001003 6.142361
0.006173 0.001140 6.142361
0.006065 0.001280 6.142361
0.005960 0.001421 6.142361
0.005846 0.001556 6.142361
0.005734 0.001693 6.142361
0.005624 0.001831 6.142361
0.005517 0.001971 6.142361
0.005410 0.002112 6.142361
0.005296 0.002246 6.142361
0.005181 0.002380 6.142361
0.005075 0.002521 6.142361
0.004968 0.002662 6.142361
0.004857 0.002799 6.142361
0.004792 0.002963 6.142361
0.004724 0.003126 6.142361
0.004654 0.003288 6.142361
0.004596 0.003455 6.142361
0.004537 0.003621 6.142361
0.004468 0.003784 6.142361
0.004401 0.003947 6.142361
0.004336 0.004111 6.142361
0.004274 0.004276 6.142361
0.004214 0.004442 6.142361
0.004145 0.004605 6.142361
0.004077 0.004768 6.142361
0.004015 0.004933 6.142361
0.003949 0.005097 6.142361
0.003884 0.005261 6.142361
0.003813 0.005422 6.142361
0.003745 0.005585 6.142361
0.003677 0.005748 6.142361
0.003604 0.005909 6.142361
0.003495 0.006048 6.142361
0.003320 0.006067 6.142361
0.003144 0.006053 6.142361
0.002968 0.006033 6.142361
0.002793 0.006012 6.142361
0.002617 0.005993 6.142361
0.002443 0.005969 6.142361
0.002268 0.005944 6.142361
0.002094 0.005915 6.142361
0.001919 0.005892 6.142361
0.001743 0.005871 6.142361
0.001570 0.005840 6.142361
0.001395 0.005812 6.142361
0.001221 0.005786 6.142361
0.001046 0.005762 6.142361
0.000871 0.005740 6.142361
0.000697 0.005708 6.142361
0.000523 0.005675 6.142361
0.000348 0.005655 6.142361
0.000173 0.005632 6.142361
-0.000001 0.005605 6.142361
-0.000176 0.005633 6.142361
-0.000351 0.005655 6.142361
-0.000526 0.005676 6.142361
-0.000700 0.005708 6.142361
-0.000873 0.005741 6.142361
-0.001049 0.005762 6.142361
-0.001223 0.005786 6.142361
-0.001398 0.005812 6.142361
-0.001572 0.005840 6.142361
-0.001746 0.005871 6.142361
-0.001921 0.005892 6.142361
-0.002096 0.005915 6.142361
-0.002271 0.005944 6.142361
-0.002446 0.005967 6.142361
-0.002621 0.005991 6.142361
-0.002796 0.006007 6.142361
-0.002972 0.006024 6.142361
-0.003148 0.006038 6.142361
-0.003325 0.006041 6.142361
-0.003501 0.006045 6.142361
-0.003627 0.005921 6.142361
-0.003689 0.005756 6.142361
-0.003752 0.005591 6.142361
-0.003816 0.005426 6.142361
-0.003886 0.005264 6.142361
-0.003950 0.005100 6.142361
-0.004015 0.004936 6.142361
-0.004077 0.004770 6.142361
-0.004144 0.004607 6.142361
-0.004213 0.004444 6.142361
-0.004273 0.004278 6.142361
-0.004336 0.004113 6.142361
-0.004401 0.003949 6.142361
-0.004468 0.003786 6.142361
-0.004536 0.003623 6.142361
-0.004595 0.003457 6.142361
-0.004654 0.003290 6.142361
-0.004723 0.003128 6.142361
-0.004792 0.002965 6.142361
-0.004856 0.002801 6.142361
-0.004967 0.002663 6.142361
-0.005073 0.002523 6.142361
-0.005179 0.002381 6.142361
-0.005294 0.002247 6.142361
-0.005409 0.002113 6.142361
-0.005515 0.001972 6.142361
-0.005623 0.001833 6.142361
-0.005733 0.001694 6.142361
-0.005845 0.001558 6.142361
-0.005959 0.001423 6.142361
-0.006065 0.001282 6.142361
-0.006172 0.001142 6.142361
-0.006284 0.001005 6.142361
-0.006393 0.000866 6.142361
-0.006502 0.000728 6.142361
-0.006607 0.000585 6.142361
-0.006714 0.000445 6.142361
-0.006822 0.000305 6.142361
-0.006927 0.000163 6.142361
-0.006985 -0.000003 6.142361
-0.006907 -0.000162 6.142361
-0.006809 -0.000308 6.142361
-0.006704 -0.000451 6.142361
-0.006598 -0.000592 6.142361
-0.006495 -0.000735 6.142361
-0.006386 -0.000874 6.142361
-0.006278 -0.001013 6.142361
-0.006166 -0.001150 6.142361
-0.006058 -0.001290 6.142361
-0.005952 -0.001431 6.142361
-0.005838 -0.001566 6.142361
-0.005727 -0.001702 6.142361
-0.005617 -0.001841 6.142361
-0.005509 -0.001981 6.142361
-0.005402 -0.002121 6.142361
-0.005288 -0.002255 6.142361
-0.005173 -0.002389 6.142361
-0.005067 -0.002531 6.142361
-0.004960 -0.002671 6.142361
-0.004850 -0.002810 6.142361
-0.004788 -0.002975 6.142361
-0.004719 -0.003137 6.142361
-0.004650 -0.003300 6.142361
-0.004592 -0.003466 6.142361
-0.004533 -0.003633 6.142361
-0.004464 -0.003795 6.142361
-0.004397 -0.003959 6.142361
-0.004332 -0.004123 6.142361
-0.004270 -0.004288 6.142361
-0.004210 -0.004454 6.142361
-0.004141 -0.004616 6.142361
-0.004074 -0.004780 6.142361
-0.004012 -0.004945 6.142361
-0.003947 -0.005109 6.142361
-0.003883 -0.005274 6.142361
-0.003815 -0.005437 6.142361
-0.003752 -0.005602 6.142361
-0.003692 -0.005768 6.142361
-0.003632 -0.005934 6.142361
-0.003499 -0.006050 6.142361
-0.003323 -0.006034 6.142361
-0.003147 -0.006031 6.142361
-0.002970 -0.006020 6.142361
-0.002795 -0.006004 6.142361
-0.002619 -0.005989 6.142361
-0.002444 -0.005966 6.142361
-0.002269 -0.005943 6.142361
-0.002094 -0.005914 6.142361
-0.001919 -0.005892 6.142361
-0.001744 -0.005871 6.142361
-0.001570 -0.005840 6.142361
-0.001396 -0.005812 6.142361
-0.001221 -0.005786 6.142361
-0.001046 -0.005762 6.142361
-0.000871 -0.005740 6.142361
-0.000698 -0.005708 6.142361
-0.000524 -0.005676 6.142361
-0.000349 -0.005655 6.142361
-0.000174 -0.005632 6.142361
0.000001 -0.005605 6.142361
0.000175 -0.005633 6.142361
0.000350 -0.005655 6.142361
0.000526 -0.005676 6.142361
0.000699 -0.005708 6.142361
0.000873 -0.005741 6.142361
0.001048 -0.005762 6.142361
0.001223 -0.005786 6.142361
0.001397 -0.005812 6.142361
0.001572 -0.005841 6.142361
0.001745 -0.005872 6.142361
0.001921 -0.005893 6.142361
0.002096 -0.005917 6.142361
0.002270 -0.005946 6.142361
0.002444 -0.005972 6.142361
0.002619 -0.005999 6.142361
0.002794 -0.006022 6.142361
0.002968 -0.006050 6.142361
0.003142 -0.006082 6.142361
0.003315 -0.006114 6.142361
0.003483 -0.006060 6.142361
0.003558 -0.005900 6.142361
0.003645 -0.005747 6.142361
0.003724 -0.005589 6.142361
0.003799 -0.005429 6.142361
0.003874 -0.005269 6.142361
0.003942 -0.005106 6.142361
0.004009 -0.004943 6.142361
0.004072 -0.004778 6.142361
0.004140 -0.004615 6.142361
0.004210 -0.004453 6.142361
0.004270 -0.004287 6.142361
0.004332 -0.004122 6.142361
0.004397 -0.003957 6.142361
0.004464 -0.003794 6.142361
0.004533 -0.003632 6.142361
0.004592 -0.003465 6.142361
0.004650 -0.003299 6.142361
0.004720 -0.003136 6.142361
0.004788 -0.002974 6.142361
0.004851 -0.002809 6.142361
0.004961 -0.002670 6.142361
0.005068 -0.002530 6.142361
0.005173 -0.002389 6.142361
0.005288 -0.002254 6.142361
0.005403 -0.002120 6.142361
0.005510 -0.001980 6.142361
0.005618 -0.001840 6.142361
0.005727 -0.001702 6.142361
0.005839 -0.001565 6.142361
0.005953 -0.001430 6.142361
0.006059 -0.001289 6.142361
0.006167 -0.001149 6.142361
0.006279 -0.001013 6.142361
0.006389 -0.000874 6.142361
0.006499 -0.000736 6.142361
0.006605 -0.000595 6.142361
0.006714 -0.000457 6.142361
0.006826 -0.000320 6.142361
0.006937 -0.000183 6.142361
0.006985 -0.000013 6.142361

