0.007910 -0.000034 10.095486
0.007762 0.000106 10.095486
0.007618 0.000251 10.095486
0.007476 0.000398 10.095486
0.007332 0.000543 10.095486
0.007199 0.000697 10.095486
0.007053 0.000841 10.095486
0.006915 0.000991 10.095486
0.006769 0.001133 10.095486
0.006640 0.001292 10.095486
0.006491 0.001432 10.095486
0.006374 0.001599 10.095486
0.006215 0.001727 10.095486
0.006088 0.001887 10.095486
0.005953 0.002040 10.095486
0.005835 0.002207 10.095486
0.005708 0.002366 10.095486
0.005597 0.002538 10.095486
0.005484 0.002708 10.095486
0.005355 0.002867 10.095486
0.005256 0.003045 10.095486
0.005196 0.003240 10.095486
0.005107 0.003425 10.095486
0.005036 0.003616 10.095486
0.004961 0.003806 10.095486
0.004892 0.003998 10.095486
0.004843 0.004196 10.095486
0.004767 0.004386 10.095486
0.004715 0.004583 10.095486
0.004652 0.004777 10.095486
0.004616 0.004978 10.095486
0.004543 0.005169 10.095486
0.004502 0.005369 10.095486
0.004426 0.005559 10.095486
0.004375 0.005757 10.095486
0.004305 0.005948 10.095486
0.004247 0.006144 10.095486
0.004179 0.006337 10.095486
0.004121 0.006532 10.095486
0.004047 0.006723 10.095486
0.003875 0.006833 10.095486
0.003682 0.006768 10.095486
0.003485 0.006715 10.095486
0.003289 0.006656 10.095486
0.003090 0.006609 10.095486
0.002893 0.006557 10.095486
0.002693 0.006514 10.095486
0.002496 0.006462 10.095486
0.002295 0.006424 10.095486
0.002096 0.006377 10.095486
0.001900 0.006322 10.095486
0.001699 0.006284 10.095486
0.001503 0.006228 10.095486
0.001302 0.006267 10.095486
0.001143 0.006395 10.095486
0.000969 0.006288 10.095486
0.000771 0.006241 10.095486
0.000574 0.006186 10.095486
0.000374 0.006145 10.095486
0.000173 0.006110 10.095486
-0.000029 0.006076 10.095486
-0.000232 0.006099 10.095486
-0.000432 0.006140 10.095486
-0.000629 0.006192 10.095486
-0.000829 0.006234 10.095486
-0.001008 0.006331 10.095486
-0.001182 0.006224 10.095486
-0.001386 0.006219 10.095486
-0.001581 0.006279 10.095486
-0.001784 0.006299 10.095486
-0.001984 0.006343 10.095486
-0.002184 0.006382 10.095486
-0.002385 0.006421 10.095486
-0.002579 0.006485 10.095486
-0.002779 0.006526 10.095486
-0.002975 0.006582 10.095486
-0.003176 0.006617 10.095486
-0.003374 0.006668 10.095486
-0.003571 0.006720 10.095486
-0.003768 0.006775 10.095486
-0.003959 0.006846 10.095486
-0.004137 0.006746 10.095486
-0.004212 0.006556 10.095486
-0.004274 0.006361 10.095486
-0.004342 0.006169 10.095486
-0.004402 0.005973 10.095486
-0.004469 0.005780 10.095486
-0.004521 0.005583 10.095486
-0.004596 0.005393 10.095486
-0.004634 0.005192 10.095486
-0.004711 0.005003 10.095486
-0.004739 0.004801 10.095486
-0.004813 0.004610 10.095486
-0.004856 0.004411 10.095486
-0.004928 0.004220 10.095486
-0.004959 0.004018 10.095486
-0.005033 0.003828 10.095486
-0.005088 0.003631 10.095486
-0.005160 0.003440 10.095486
-0.005228 0.003247 10.095486
-0.005289 0.003052 10.095486
-0.005405 0.002885 10.095486
-0.005533 0.002725 10.095486
-0.005669 0.002573 10.095486
-0.005787 0.002406 10.095486
-0.005937 0.002268 10.095486
-0.006066 0.002109 10.095486
-0.006216 0.001971 10.095486
-0.006337 0.001806 10.095486
-0.006497 0.001679 10.095486
-0.006626 0.001521 10.095486
-0.006778 0.001385 10.095486
-0.006907 0.001227 10.095486
-0.007055 0.001085 10.095486
-0.007185 0.000929 10.095486
-0.007331 0.000786 10.095486
-0.007464 0.000630 10.095486
-0.007608 0.000486 10.095486
-0.007753 0.000342 10.095486
-0.007899 0.000200 10.095486
-0.007940 -0.000000 10.095486
-0.007811 -0.000158 10.095486
-0.007686 -0.000320 10.095486
-0.007549 -0.000472 10.095486
-0.007417 -0.000628 10.095486
-0.007269 -0.000768 10.095486
-0.007132 -0.000919 10.095486
-0.006986 -0.001062 10.095486
-0.006862 -0.001224 10.095486
-0.006717 -0.001368 10.095486
-0.006585 -0.001524 10.095486
-0.006424 -0.001650 10.095486
-0.006291 -0.001805 10.095486
-0.006140 -0.001942 10.095486
-0.006007 -0.002097 10.095486
-0.005852 -0.002230 10.095486
-0.005738 -0.002399 10.095486
-0.005607 -0.002556 10.095486
-0.005503 -0.002732 10.095486
-0.005371 -0.002887 10.095486
-0.005284 -0.003072 10.095486
-0.005241 -0.003272 10.095486
-0.005153 -0.003456 10.095486
-0.005111 -0.003656 10.095486
-0.005026 -0.003841 10.095486
-0.004988 -0.004042 10.095486
-0.004919 -0.004234 10.095486
-0.004871 -0.004433 10.095486
-0.004796 -0.004623 10.095486
-0.004754 -0.004823 10.095486
-0.004688 -0.005016 10.095486
-0.004645 -0.005215 10.095486
-0.004574 -0.005407 10.095486
-0.004526 -0.005605 10.095486
-0.004451 -0.005795 10.095486
-0.004404 -0.005994 10.095486
-0.004335 -0.006186 10.095486
-0.004283 -0.006384 10.095486
-0.004227 -0.006580 10.095486
-0.004172 -0.006777 10.095486
-0.004009 -0.006900 10.095486
-0.003810 -0.006856 10.095486
-0.003610 -0.006815 10.095486
-0.003411 -0.006771 10.095486
-0.003211 -0.006729 10.095486
-0.003010 -0.006693 10.095486
-0.002814 -0.006636 10.095486
-0.002615 -0.006587 10.095486
-0.002420 -0.006527 10.095486
-0.002219 -0.006492 10.095486
-0.002019 -0.006449 10.095486
-0.001817 -0.006424 10.095486
-0.001620 -0.006370 10.095486
-0.001419 -0.006332 10.095486
-0.001221 -0.006284 10.095486
-0.001023 -0.006234 10.095486
-0.000825 -0.006184 10.095486
-0.000627 -0.006135 10.095486
-0.000424 -0.006113 10.095486
-0.000221 -0.006087 10.095486
-0.000020 -0.006121 10.095486
0.000177 -0.006177 10.095486
0.000380 -0.006197 10.095486
0.000575 -0.006256 10.095486
0.000777 -0.006286 10.095486
0.000974 -0.006341 10.095486
0.001170 -0.006397 10.095486
0.001370 -0.006441 10.095486
0.001568 -0.006489 10.095486
0.001768 -0.006531 10.095486
0.001963 -0.006591 10.095486
0.002164 -0.006627 10.095486
0.002360 -0.006686 10.095486
0.002561 -0.006722 10.095486
0.002759 -0.006770 10.095486
0.002959 -0.006813 10.095486
0.003158 -0.006858 10.095486
0.003358 -0.006901 10.095486
0.003556 -0.006951 10.095486
0.003755 -0.006994 10.095486
0.003939 -0.006905 10.095486
0.003992 -0.006708 10.095486
0.004050 -0.006512 10.095486
0.004110 -0.006317 10.095486
0.004163 -0.006119 10.095486
0.004234 -0.005928 10.095486
0.004283 -0.005730 10.095486
0.004349 -0.005537 10.095486
0.004382 -0.005335 10.095486
0.004459 -0.005146 10.095486
0.004499 -0.004946 10.095486
0.004581 -0.004759 10.095486
0.004643 -0.004564 10.095486
0.004720 -0.004375 10.095486
0.004779 -0.004180 10.095486
0.004834 -0.003983 10.095486
0.004919 -0.003797 10.095486
0.005063 -0.003652 10.095486
0.005114 -0.003454 10.095486
0.005177 -0.003260 10.095486
0.005266 -0.003076 10.095486
0.005405 -0.002927 10.095486
0.005535 -0.002769 10.095486
0.005668 -0.002614 10.095486
0.005807 -0.002464 10.095486
0.005935 -0.002305 10.095486
0.006092 -0.002175 10.095486
0.006224 -0.002019 10.095486
0.006374 -0.001880 10.095486
0.006500 -0.001720 10.095486
0.006661 -0.001594 10.095486
0.006786 -0.001432 10.095486
0.006941 -0.001300 10.095486
0.007068 -0.001140 10.095486
0.007216 -0.000999 10.095486
0.007347 -0.000842 10.095486
0.007488 -0.000695 10.095486
0.007620 -0.000539 10.095486
0.007763 -0.000393 10.095486
0.007896 -0.000238 10.095486
0.007910 -0.000034 10.095486

