0.007275 -0.000078 7.345486
0.007152 0.000061 7.345486
0.007033 0.000202 7.345486
0.006912 0.000343 7.345486
0.006793 0.000484 7.345486
0.006674 0.000626 7.345486
0.006565 0.000776 7.345486
0.006465 0.000931 7.345486
0.006361 0.001084 7.345486
0.006261 0.001240 7.345486
0.006162 0.001396 7.345486
0.006058 0.001550 7.345486
0.005951 0.001700 7.345486
0.005838 0.001847 7.345486
0.005723 0.001992 7.345486
0.005621 0.002146 7.345486
0.005500 0.002286 7.345486
0.005388 0.002433 7.345486
0.005264 0.002571 7.345486
0.005163 0.002726 7.345486
0.005038 0.002862 7.345486
0.004959 0.003030 7.345486
0.004902 0.003206 7.345486
0.004818 0.003371 7.345486
0.004767 0.003549 7.345486
0.004695 0.003719 7.345486
0.004624 0.003890 7.345486
0.004550 0.004060 7.345486
0.004485 0.004233 7.345486
0.004413 0.004404 7.345486
0.004340 0.004574 7.345486
0.004264 0.004742 7.345486
0.004190 0.004912 7.345486
0.004122 0.005084 7.345486
0.004051 0.005255 7.345486
0.003982 0.005427 7.345486
0.003923 0.005602 7.345486
0.003866 0.005778 7.345486
0.003816 0.005956 7.345486
0.003767 0.006135 7.345486
0.003621 0.006249 7.345486
0.003440 0.006209 7.345486
0.003260 0.006168 7.345486
0.003078 0.006135 7.345486
0.002894 0.006116 7.345486
0.002709 0.006102 7.345486
0.002524 0.006096 7.345486
0.002340 0.006086 7.345486
0.002155 0.006068 7.345486
0.001971 0.006054 7.345486
0.001786 0.006040 7.345486
0.001602 0.006020 7.345486
0.001419 0.005997 7.345486
0.001236 0.005969 7.345486
0.001052 0.005948 7.345486
0.000868 0.005925 7.345486
0.000685 0.005901 7.345486
0.000505 0.005857 7.345486
0.000320 0.005847 7.345486
0.000139 0.005808 7.345486
-0.000045 0.005794 7.345486
-0.000225 0.005836 7.345486
-0.000410 0.005845 7.345486
-0.000591 0.005884 7.345486
-0.000775 0.005908 7.345486
-0.000957 0.005941 7.345486
-0.001141 0.005954 7.345486
-0.001324 0.005980 7.345486
-0.001508 0.006004 7.345486
-0.001692 0.006021 7.345486
-0.001877 0.006035 7.345486
-0.002062 0.006043 7.345486
-0.002246 0.006054 7.345486
-0.002431 0.006071 7.345486
-0.002615 0.006086 7.345486
-0.002798 0.006112 7.345486
-0.002980 0.006147 7.345486
-0.003163 0.006177 7.345486
-0.003346 0.006204 7.345486
-0.003529 0.006228 7.345486
-0.003711 0.006263 7.345486
-0.003857 0.006149 7.345486
-0.003905 0.005970 7.345486
-0.003954 0.005792 7.345486
-0.004006 0.005614 7.345486
-0.004056 0.005436 7.345486
-0.004113 0.005260 7.345486
-0.004170 0.005084 7.345486
-0.004226 0.004907 7.345486
-0.004291 0.004734 7.345486
-0.004361 0.004563 7.345486
-0.004428 0.004391 7.345486
-0.004497 0.004219 7.345486
-0.004561 0.004045 7.345486
-0.004633 0.003874 7.345486
-0.004705 0.003704 7.345486
-0.004774 0.003532 7.345486
-0.004827 0.003355 7.345486
-0.004911 0.003190 7.345486
-0.004964 0.003013 7.345486
-0.005047 0.002847 7.345486
-0.005176 0.002714 7.345486
-0.005275 0.002558 7.345486
-0.005400 0.002421 7.345486
-0.005514 0.002275 7.345486
-0.005633 0.002134 7.345486
-0.005738 0.001981 7.345486
-0.005854 0.001837 7.345486
-0.005969 0.001693 7.345486
-0.006081 0.001545 7.345486
-0.006192 0.001397 7.345486
-0.006302 0.001248 7.345486
-0.006417 0.001103 7.345486
-0.006537 0.000962 7.345486
-0.006653 0.000818 7.345486
-0.006774 0.000678 7.345486
-0.006900 0.000543 7.345486
-0.007025 0.000406 7.345486
-0.007153 0.000273 7.345486
-0.007281 0.000139 7.345486
-0.007310 -0.000044 7.345486
-0.007186 -0.000182 7.345486
-0.007054 -0.000311 7.345486
-0.006918 -0.000437 7.345486
-0.006788 -0.000569 7.345486
-0.006664 -0.000706 7.345486
-0.006552 -0.000853 7.345486
-0.006447 -0.001006 7.345486
-0.006339 -0.001156 7.345486
-0.006235 -0.001309 7.345486
-0.006131 -0.001462 7.345486
-0.006023 -0.001612 7.345486
-0.005913 -0.001761 7.345486
-0.005796 -0.001904 7.345486
-0.005687 -0.002054 7.345486
-0.005573 -0.002200 7.345486
-0.005464 -0.002349 7.345486
-0.005335 -0.002482 7.345486
-0.005233 -0.002636 7.345486
-0.005111 -0.002775 7.345486
-0.005004 -0.002926 7.345486
-0.004947 -0.003102 7.345486
-0.004864 -0.003268 7.345486
-0.004807 -0.003444 7.345486
-0.004735 -0.003614 7.345486
-0.004678 -0.003790 7.345486
-0.004596 -0.003956 7.345486
-0.004534 -0.004130 7.345486
-0.004468 -0.004303 7.345486
-0.004401 -0.004476 7.345486
-0.004334 -0.004649 7.345486
-0.004268 -0.004821 7.345486
-0.004206 -0.004996 7.345486
-0.004152 -0.005173 7.345486
-0.004093 -0.005348 7.345486
-0.004035 -0.005524 7.345486
-0.003982 -0.005701 7.345486
-0.003927 -0.005878 7.345486
-0.003878 -0.006056 7.345486
-0.003828 -0.006235 7.345486
-0.003683 -0.006350 7.345486
-0.003501 -0.006319 7.345486
-0.003318 -0.006290 7.345486
-0.003137 -0.006250 7.345486
-0.002958 -0.006204 7.345486
-0.002780 -0.006153 7.345486
-0.002600 -0.006113 7.345486
-0.002417 -0.006084 7.345486
-0.002234 -0.006057 7.345486
-0.002049 -0.006041 7.345486
-0.001865 -0.006032 7.345486
-0.001680 -0.006018 7.345486
-0.001496 -0.006002 7.345486
-0.001312 -0.005978 7.345486
-0.001129 -0.005954 7.345486
-0.000944 -0.005939 7.345486
-0.000762 -0.005910 7.345486
-0.000579 -0.005882 7.345486
-0.000397 -0.005848 7.345486
-0.000212 -0.005834 7.345486
-0.000031 -0.005797 7.345486
0.000153 -0.005816 7.345486
0.000335 -0.005849 7.345486
0.000520 -0.005866 7.345486
0.000700 -0.005906 7.345486
0.000883 -0.005933 7.345486
0.001067 -0.005954 7.345486
0.001251 -0.005980 7.345486
0.001433 -0.006012 7.345486
0.001616 -0.006040 7.345486
0.001798 -0.006070 7.345486
0.001981 -0.006098 7.345486
0.002163 -0.006131 7.345486
0.002343 -0.006175 7.345486
0.002524 -0.006216 7.345486
0.002704 -0.006256 7.345486
0.002884 -0.006302 7.345486
0.003064 -0.006344 7.345486
0.003243 -0.006389 7.345486
0.003422 -0.006435 7.345486
0.003593 -0.006364 7.345486
0.003651 -0.006188 7.345486
0.003718 -0.006016 7.345486
0.003785 -0.005843 7.345486
0.003850 -0.005670 7.345486
0.003906 -0.005494 7.345486
0.003968 -0.005319 7.345486
0.004040 -0.005149 7.345486
0.004113 -0.004979 7.345486
0.004194 -0.004812 7.345486
0.004279 -0.004648 7.345486
0.004362 -0.004483 7.345486
0.004440 -0.004315 7.345486
0.004513 -0.004145 7.345486
0.004581 -0.003973 7.345486
0.004665 -0.003808 7.345486
0.004724 -0.003633 7.345486
0.004799 -0.003463 7.345486
0.004852 -0.003286 7.345486
0.004940 -0.003123 7.345486
0.004990 -0.002945 7.345486
0.005092 -0.002790 7.345486
0.005220 -0.002657 7.345486
0.005318 -0.002500 7.345486
0.005448 -0.002369 7.345486
0.005559 -0.002220 7.345486
0.005673 -0.002075 7.345486
0.005783 -0.001926 7.345486
0.005902 -0.001784 7.345486
0.006016 -0.001638 7.345486
0.006132 -0.001494 7.345486
0.006245 -0.001348 7.345486
0.006362 -0.001204 7.345486
0.006488 -0.001068 7.345486
0.006611 -0.000930 7.345486
0.006736 -0.000793 7.345486
0.006865 -0.000661 7.345486
0.006992 -0.000527 7.345486
0.007121 -0.000394 7.345486
0.007250 -0.000261 7.345486
0.007275 -0.000078 7.345486

