0.006129 -0.000000 1.932292
0.006077 0.000146 1.932292
0.005981 0.000267 1.932292
0.005885 0.000388 1.932292
0.005785 0.000506 1.932292
0.005684 0.000624 1.932292
0.005592 0.000748 1.932292
0.005502 0.000874 1.932292
0.005406 0.000995 1.932292
0.005303 0.001110 1.932292
0.005197 0.001223 1.932292
0.005093 0.001338 1.932292
0.004993 0.001456 1.932292
0.004900 0.001579 1.932292
0.004812 0.001707 1.932292
0.004729 0.001837 1.932292
0.004648 0.001969 1.932292
0.004568 0.002102 1.932292
0.004490 0.002235 1.932292
0.004412 0.002369 1.932292
0.004334 0.002502 1.932292
0.004257 0.002637 1.932292
0.004181 0.002771 1.932292
0.004104 0.002906 1.932292
0.004029 0.003041 1.932292
0.003955 0.003177 1.932292
0.003884 0.003314 1.932292
0.003817 0.003454 1.932292
0.003758 0.003596 1.932292
0.003705 0.003742 1.932292
0.003658 0.003889 1.932292
0.003613 0.004037 1.932292
0.003565 0.004184 1.932292
0.003508 0.004328 1.932292
0.003443 0.004469 1.932292
0.003383 0.004611 1.932292
0.003330 0.004757 1.932292
0.003279 0.004902 1.932292
0.003222 0.005046 1.932292
0.003165 0.005190 1.932292
0.003064 0.005308 1.932292
0.002912 0.005336 1.932292
0.002759 0.005314 1.932292
0.002606 0.005291 1.932292
0.002454 0.005263 1.932292
0.002302 0.005235 1.932292
0.002148 0.005216 1.932292
0.001994 0.005202 1.932292
0.001841 0.005180 1.932292
0.001690 0.005148 1.932292
0.001539 0.005112 1.932292
0.001388 0.005079 1.932292
0.001236 0.005052 1.932292
0.001082 0.005033 1.932292
0.000928 0.005021 1.932292
0.000773 0.005014 1.932292
0.000619 0.005010 1.932292
0.000464 0.005007 1.932292
0.000309 0.005006 1.932292
0.000155 0.005005 1.932292
-0.000000 0.005005 1.932292
-0.000155 0.005005 1.932292
-0.000309 0.005006 1.932292
-0.000464 0.005007 1.932292
-0.000619 0.005010 1.932292
-0.000773 0.005014 1.932292
-0.000928 0.005021 1.932292
-0.001082 0.005033 1.932292
-0.001236 0.005052 1.932292
-0.001388 0.005079 1.932292
-0.001539 0.005112 1.932292
-0.001690 0.005148 1.932292
-0.001841 0.005180 1.932292
-0.001994 0.005202 1.932292
-0.002148 0.005216 1.932292
-0.002302 0.005235 1.932292
-0.002454 0.005263 1.932292
-0.002606 0.005291 1.932292
-0.002759 0.005314 1.932292
-0.002912 0.005336 1.932292
-0.003064 0.005308 1.932292
-0.003165 0.005190 1.932292
-0.003222 0.005046 1.932292
-0.003279 0.004902 1.932292
-0.003330 0.004757 1.932292
-0.003383 0.004611 1.932292
-0.003443 0.004469 1.932292
-0.003508 0.004328 1.932292
-0.003565 0.004184 1.932292
-0.003613 0.004037 1.932292
-0.003658 0.003889 1.932292
-0.003705 0.003742 1.932292
-0.003758 0.003596 1.932292
-0.003817 0.003454 1.932292
-0.003884 0.003314 1.932292
-0.003955 0.003177 1.932292
-0.004029 0.003041 1.932292
-0.004104 0.002906 1.932292
-0.004181 0.002771 1.932292
-0.004257 0.002637 1.932292
-0.004334 0.002502 1.932292
-0.004412 0.002369 1.932292
-0.004490 0.002235 1.932292
-0.004568 0.002102 1.932292
-0.004648 0.001969 1.932292
-0.004729 0.001837 1.932292
-0.004812 0.001707 1.932292
-0.004900 0.001579 1.932292
-0.004993 0.001456 1.932292
-0.005093 0.001338 1.932292
-0.005197 0.001223 1.932292
-0.005303 0.001110 1.932292
-0.005406 0.000995 1.932292
-0.005502 0.000874 1.932292
-0.005592 0.000748 1.932292
-0.005684 0.000624 1.932292
-0.005785 0.000506 1.932292
-0.005885 0.000388 1.932292
-0.005981 0.000267 1.932292
-0.006077 0.000146 1.932292
-0.006129 0.000000 1.932292
-0.006077 -0.000146 1.932292
-0.005981 -0.000267 1.932292
-0.005885 -0.000388 1.932292
-0.005785 -0.000506 1.932292
-0.005684 -0.000624 1.932292
-0.005592 -0.000748 1.932292
-0.005502 -0.000874 1.932292
-0.005406 -0.000995 1.932292
-0.005303 -0.001110 1.932292
-0.005197 -0.001223 1.932292
-0.005093 -0.001338 1.932292
-0.004993 -0.001456 1.932292
-0.004900 -0.001579 1.932292
-0.004812 -0.001707 1.932292
-0.004729 -0.001837 1.932292
-0.004648 -0.001969 1.932292
-0.004568 -0.002102 1.932292
-0.004490 -0.002235 1.932292
-0.004412 -0.002369 1.932292
-0.004334 -0.002502 1.932292
-0.004257 -0.002637 1.932292
-0.004181 -0.002771 1.932292
-0.004104 -0.002906 1.932292
-0.004029 -0.003041 1.932292
-0.003955 -0.003177 1.932292
-0.003884 -0.003314 1.932292
-0.003817 -0.003454 1.932292
-0.003758 -0.003596 1.932292
-0.003705 -0.003742 1.932292
-0.003658 -0.003889 1.932292
-0.003613 -0.004037 1.932292
-0.003565 -0.004184 1.932292
-0.003508 -0.004328 1.932292
-0.003443 -0.004469 1.932292
-0.003383 -0.004611 1.932292
-0.003330 -0.004757 1.932292
-0.003279 -0.004902 1.932292
-0.003222 -0.005046 1.932292
-0.003165 -0.005190 1.932292
-0.003064 -0.005308 1.932292
-0.002912 -0.005336 1.932292
-0.002759 -0.005314 1.932292
-0.002606 -0.005291 1.932292
-0.002454 -0.005263 1.932292
-0.002302 -0.005235 1.932292
-0.002148 -0.005216 1.932292
-0.001994 -0.005202 1.932292
-0.001841 -0.005180 1.932292
-0.001690 -0.005148 1.932292
-0.001539 -0.005112 1.932292
-0.001388 -0.005079 1.932292
-0.001236 -0.005052 1.932292
-0.001082 -0.005033 1.932292
-0.000928 -0.005021 1.932292
-0.000773 -0.005014 1.932292
-0.000619 -0.005010 1.932292
-0.000464 -0.005007 1.932292
-0.000309 -0.005006 1.932292
-0.000155 -0.005005 1.932292
0.000000 -0.005005 1.932292
0.000155 -0.005005 1.932292
0.000309 -0.005006 1.932292
0.000464 -0.005007 1.932292
0.000619 -0.005010 1.932292
0.000773 -0.005014 1.932292
0.000928 -0.005021 1.932292
0.001082 -0.005033 1.932292
0.001236 -0.005052 1.932292
0.001388 -0.005079 1.932292
0.001539 -0.005112 1.932292
0.001690 -0.005148 1.932292
0.001841 -0.005180 1.932292
0.001994 -0.005202 1.932292
0.002148 -0.005216 1.932292
0.002302 -0.005235 1.932292
0.002454 -0.005263 1.932292
0.002606 -0.005291 1.932292
0.002759 -0.005314 1.932292
0.002912 -0.005336 1.932292
0.003064 -0.005308 1.932292
0.003165 -0.005190 1.932292
0.003222 -0.005046 1.932292
0.003279 -0.004902 1.932292
0.003330 -0.004757 1.932292
0.003383 -0.004611 1.932292
0.003443 -0.004469 1.932292
0.003508 -0.004328 1.932292
0.003565 -0.004184 1.932292
0.003613 -0.004037 1.932292
0.003658 -0.003889 1.932292
0.003705 -0.003742 1.932292
0.003758 -0.003596 1.932292
0.003817 -0.003454 1.932292
0.003884 -0.003314 1.932292
0.003955 -0.003177 1.932292
0.004029 -0.003041 1.932292
0.004104 -0.002906 1.932292
0.004181 -0.002771 1.932292
0.004257 -0.002637 1.932292
0.004334 -0.002502 1.932292
0.004412 -0.002369 1.932292
0.004490 -0.002235 1.932292
0.004568 -0.002102 1.932292
0.004648 -0.001969 1.932292
0.004729 -0.001837 1.932292
0.004812 -0.001707 1.932292
0.004900 -0.001579 1.932292
0.004993 -0.001456 1.932292
0.005093 -0.001338 1.932292
0.005197 -0.001223 1.932292
0.005303 -0.001110 1.932292
0.005406 -0.000995 1.932292
0.005502 -0.000874 1.932292
0.005592 -0.000748 1.932292
0.005684 -0.000624 1.932292
0.005785 -0.000506 1.932292
0.005885 -0.000388 1.932292
0.005981 -0.000267 1.932292
0.006077 -0.000146 1.932292
0.006129 -0.000000 1.932292

