0.008123 0.000001 11.194444
0.007973 0.000149 11.194444
0.007815 0.000289 11.194444
0.007669 0.000441 11.194444
0.007512 0.000582 11.194444
0.007368 0.000737 11.194444
0.007215 0.000882 11.194444
0.007084 0.001047 11.194444
0.006922 0.001182 11.194444
0.006793 0.001350 11.194444
0.006628 0.001481 11.194444
0.006495 0.001645 11.194444
0.006354 0.001801 11.194444
0.006217 0.001962 11.194444
0.006067 0.002110 11.194444
0.005923 0.002265 11.194444
0.005792 0.002430 11.194444
0.005647 0.002583 11.194444
0.005521 0.002753 11.194444
0.005407 0.002930 11.194444
0.005339 0.003130 11.194444
0.005266 0.003328 11.194444
0.005183 0.003522 11.194444
0.005141 0.003729 11.194444
0.005064 0.003926 11.194444
0.005015 0.004131 11.194444
0.004943 0.004329 11.194444
0.004890 0.004533 11.194444
0.004846 0.004740 11.194444
0.004774 0.004938 11.194444
0.004717 0.005141 11.194444
0.004643 0.005339 11.194444
0.004589 0.005543 11.194444
0.004510 0.005739 11.194444
0.004461 0.005944 11.194444
0.004376 0.006137 11.194444
0.004319 0.006340 11.194444
0.004231 0.006532 11.194444
0.004161 0.006731 11.194444
0.004080 0.006926 11.194444
0.003918 0.007061 11.194444
0.003723 0.006981 11.194444
0.003522 0.006916 11.194444
0.003323 0.006846 11.194444
0.003119 0.006791 11.194444
0.002918 0.006729 11.194444
0.002713 0.006679 11.194444
0.002507 0.006630 11.194444
0.002305 0.006570 11.194444
0.002097 0.006533 11.194444
0.001892 0.006485 11.194444
0.001689 0.006428 11.194444
0.001479 0.006401 11.194444
0.001290 0.006495 11.194444
0.001150 0.006653 11.194444
0.000980 0.006528 11.194444
0.000785 0.006447 11.194444
0.000586 0.006378 11.194444
0.000386 0.006311 11.194444
0.000181 0.006260 11.194444
-0.000023 0.006207 11.194444
-0.000230 0.006250 11.194444
-0.000428 0.006323 11.194444
-0.000631 0.006379 11.194444
-0.000825 0.006462 11.194444
-0.001000 0.006581 11.194444
-0.001125 0.006411 11.194444
-0.001329 0.006355 11.194444
-0.001537 0.006387 11.194444
-0.001746 0.006417 11.194444
-0.001944 0.006490 11.194444
-0.002152 0.006524 11.194444
-0.002353 0.006591 11.194444
-0.002559 0.006636 11.194444
-0.002766 0.006675 11.194444
-0.002969 0.006732 11.194444
-0.003175 0.006777 11.194444
-0.003373 0.006851 11.194444
-0.003576 0.006908 11.194444
-0.003770 0.006991 11.194444
-0.003960 0.007082 11.194444
-0.004138 0.006968 11.194444
-0.004222 0.006774 11.194444
-0.004299 0.006578 11.194444
-0.004391 0.006388 11.194444
-0.004454 0.006187 11.194444
-0.004545 0.005996 11.194444
-0.004592 0.005791 11.194444
-0.004677 0.005598 11.194444
-0.004721 0.005391 11.194444
-0.004802 0.005196 11.194444
-0.004851 0.004991 11.194444
-0.004926 0.004794 11.194444
-0.004961 0.004586 11.194444
-0.005035 0.004388 11.194444
-0.005091 0.004185 11.194444
-0.005145 0.003981 11.194444
-0.005210 0.003780 11.194444
-0.005246 0.003572 11.194444
-0.005335 0.003381 11.194444
-0.005364 0.003172 11.194444
-0.005454 0.002981 11.194444
-0.005610 0.002840 11.194444
-0.005736 0.002670 11.194444
-0.005888 0.002524 11.194444
-0.006036 0.002374 11.194444
-0.006167 0.002208 11.194444
-0.006322 0.002065 11.194444
-0.006459 0.001905 11.194444
-0.006621 0.001769 11.194444
-0.006747 0.001600 11.194444
-0.006906 0.001461 11.194444
-0.007035 0.001294 11.194444
-0.007192 0.001153 11.194444
-0.007325 0.000989 11.194444
-0.007482 0.000848 11.194444
-0.007622 0.000691 11.194444
-0.007783 0.000554 11.194444
-0.007926 0.000399 11.194444
-0.008076 0.000250 11.194444
-0.008124 0.000045 11.194444
-0.007980 -0.000109 11.194444
-0.007851 -0.000277 11.194444
-0.007713 -0.000436 11.194444
-0.007589 -0.000607 11.194444
-0.007451 -0.000766 11.194444
-0.007327 -0.000937 11.194444
-0.007172 -0.001080 11.194444
-0.007035 -0.001241 11.194444
-0.006878 -0.001381 11.194444
-0.006751 -0.001550 11.194444
-0.006604 -0.001701 11.194444
-0.006468 -0.001863 11.194444
-0.006304 -0.001996 11.194444
-0.006172 -0.002160 11.194444
-0.006009 -0.002295 11.194444
-0.005868 -0.002452 11.194444
-0.005716 -0.002598 11.194444
-0.005569 -0.002749 11.194444
-0.005460 -0.002930 11.194444
-0.005417 -0.003136 11.194444
-0.005344 -0.003334 11.194444
-0.005269 -0.003531 11.194444
-0.005229 -0.003739 11.194444
-0.005149 -0.003934 11.194444
-0.005120 -0.004143 11.194444
-0.005034 -0.004336 11.194444
-0.004995 -0.004543 11.194444
-0.004926 -0.004742 11.194444
-0.004883 -0.004949 11.194444
-0.004805 -0.005145 11.194444
-0.004755 -0.005350 11.194444
-0.004679 -0.005547 11.194444
-0.004630 -0.005752 11.194444
-0.004558 -0.005951 11.194444
-0.004513 -0.006157 11.194444
-0.004443 -0.006356 11.194444
-0.004401 -0.006562 11.194444
-0.004329 -0.006761 11.194444
-0.004277 -0.006965 11.194444
-0.004102 -0.007083 11.194444
-0.003898 -0.007029 11.194444
-0.003695 -0.006974 11.194444
-0.003487 -0.006936 11.194444
-0.003283 -0.006881 11.194444
-0.003076 -0.006842 11.194444
-0.002870 -0.006795 11.194444
-0.002661 -0.006764 11.194444
-0.002459 -0.006705 11.194444
-0.002253 -0.006661 11.194444
-0.002052 -0.006595 11.194444
-0.001846 -0.006550 11.194444
-0.001638 -0.006514 11.194444
-0.001431 -0.006473 11.194444
-0.001223 -0.006435 11.194444
-0.001017 -0.006390 11.194444
-0.000811 -0.006348 11.194444
-0.000605 -0.006300 11.194444
-0.000411 -0.006218 11.194444
-0.000200 -0.006206 11.194444
-0.000002 -0.006280 11.194444
0.000207 -0.006303 11.194444
0.000411 -0.006359 11.194444
0.000613 -0.006418 11.194444
0.000821 -0.006455 11.194444
0.001019 -0.006529 11.194444
0.001228 -0.006557 11.194444
0.001431 -0.006616 11.194444
0.001636 -0.006666 11.194444
0.001841 -0.006713 11.194444
0.002047 -0.006760 11.194444
0.002254 -0.006801 11.194444
0.002459 -0.006853 11.194444
0.002667 -0.006888 11.194444
0.002869 -0.006947 11.194444
0.003077 -0.006982 11.194444
0.003281 -0.007036 11.194444
0.003489 -0.007073 11.194444
0.003696 -0.007112 11.194444
0.003904 -0.007147 11.194444
0.004094 -0.007055 11.194444
0.004138 -0.006848 11.194444
0.004175 -0.006641 11.194444
0.004241 -0.006440 11.194444
0.004283 -0.006233 11.194444
0.004355 -0.006035 11.194444
0.004398 -0.005828 11.194444
0.004481 -0.005635 11.194444
0.004520 -0.005427 11.194444
0.004591 -0.005229 11.194444
0.004639 -0.005023 11.194444
0.004700 -0.004821 11.194444
0.004764 -0.004620 11.194444
0.004817 -0.004416 11.194444
0.004913 -0.004228 11.194444
0.004943 -0.004019 11.194444
0.005050 -0.003837 11.194444
0.005245 -0.003756 11.194444
0.005293 -0.003550 11.194444
0.005293 -0.003339 11.194444
0.005369 -0.003143 11.194444
0.005524 -0.002999 11.194444
0.005650 -0.002829 11.194444
0.005806 -0.002688 11.194444
0.005946 -0.002530 11.194444
0.006099 -0.002385 11.194444
0.006246 -0.002233 11.194444
0.006380 -0.002070 11.194444
0.006538 -0.001930 11.194444
0.006675 -0.001770 11.194444
0.006828 -0.001625 11.194444
0.006958 -0.001458 11.194444
0.007116 -0.001318 11.194444
0.007241 -0.001148 11.194444
0.007398 -0.001008 11.194444
0.007524 -0.000839 11.194444
0.007677 -0.000694 11.194444
0.007807 -0.000527 11.194444
0.007950 -0.000372 11.194444
0.008080 -0.000206 11.194444
0.008123 0.000001 11.194444

