0.007847 -0.000053 9.769097
0.007704 0.000091 9.769097
0.007564 0.000236 9.769097
0.007423 0.000381 9.769097
0.007285 0.000528 9.769097
0.007151 0.000679 9.769097
0.007005 0.000819 9.769097
0.006869 0.000969 9.769097
0.006728 0.001113 9.769097
0.006600 0.001270 9.769097
0.006457 0.001413 9.769097
0.006337 0.001575 9.769097
0.006178 0.001700 9.769097
0.006063 0.001866 9.769097
0.005932 0.002020 9.769097
0.005820 0.002188 9.769097
0.005698 0.002349 9.769097
0.005593 0.002521 9.769097
0.005471 0.002683 9.769097
0.005351 0.002845 9.769097
0.005244 0.003017 9.769097
0.005176 0.003207 9.769097
0.005094 0.003391 9.769097
0.005017 0.003578 9.769097
0.004943 0.003767 9.769097
0.004861 0.003951 9.769097
0.004812 0.004147 9.769097
0.004739 0.004336 9.769097
0.004683 0.004530 9.769097
0.004613 0.004719 9.769097
0.004580 0.004919 9.769097
0.004510 0.005108 9.769097
0.004471 0.005307 9.769097
0.004401 0.005496 9.769097
0.004347 0.005691 9.769097
0.004281 0.005882 9.769097
0.004224 0.006075 9.769097
0.004157 0.006266 9.769097
0.004100 0.006460 9.769097
0.004034 0.006651 9.769097
0.003868 0.006765 9.769097
0.003674 0.006709 9.769097
0.003478 0.006658 9.769097
0.003284 0.006602 9.769097
0.003087 0.006557 9.769097
0.002891 0.006507 9.769097
0.002694 0.006465 9.769097
0.002498 0.006416 9.769097
0.002299 0.006378 9.769097
0.002104 0.006325 9.769097
0.001908 0.006276 9.769097
0.001710 0.006237 9.769097
0.001515 0.006183 9.769097
0.001315 0.006206 9.769097
0.001143 0.006313 9.769097
0.000962 0.006224 9.769097
0.000763 0.006188 9.769097
0.000568 0.006137 9.769097
0.000368 0.006106 9.769097
0.000168 0.006075 9.769097
-0.000032 0.006049 9.769097
-0.000233 0.006069 9.769097
-0.000433 0.006095 9.769097
-0.000629 0.006145 9.769097
-0.000829 0.006176 9.769097
-0.001015 0.006254 9.769097
-0.001203 0.006179 9.769097
-0.001405 0.006191 9.769097
-0.001600 0.006242 9.769097
-0.001800 0.006269 9.769097
-0.002000 0.006303 9.769097
-0.002197 0.006344 9.769097
-0.002397 0.006374 9.769097
-0.002590 0.006434 9.769097
-0.002788 0.006476 9.769097
-0.002981 0.006535 9.769097
-0.003180 0.006573 9.769097
-0.003377 0.006618 9.769097
-0.003573 0.006667 9.769097
-0.003768 0.006717 9.769097
-0.003962 0.006776 9.769097
-0.004131 0.006666 9.769097
-0.004196 0.006475 9.769097
-0.004255 0.006282 9.769097
-0.004322 0.006091 9.769097
-0.004379 0.005897 9.769097
-0.004443 0.005705 9.769097
-0.004498 0.005511 9.769097
-0.004566 0.005320 9.769097
-0.004606 0.005122 9.769097
-0.004678 0.004934 9.769097
-0.004707 0.004734 9.769097
-0.004784 0.004547 9.769097
-0.004823 0.004349 9.769097
-0.004891 0.004158 9.769097
-0.004927 0.003960 9.769097
-0.005009 0.003775 9.769097
-0.005060 0.003579 9.769097
-0.005138 0.003393 9.769097
-0.005200 0.003201 9.769097
-0.005273 0.003012 9.769097
-0.005397 0.002853 9.769097
-0.005515 0.002689 9.769097
-0.005654 0.002542 9.769097
-0.005767 0.002374 9.769097
-0.005910 0.002231 9.769097
-0.006035 0.002073 9.769097
-0.006187 0.001940 9.769097
-0.006305 0.001776 9.769097
-0.006460 0.001646 9.769097
-0.006589 0.001490 9.769097
-0.006740 0.001356 9.769097
-0.006869 0.001200 9.769097
-0.007015 0.001060 9.769097
-0.007145 0.000906 9.769097
-0.007288 0.000763 9.769097
-0.007421 0.000611 9.769097
-0.007559 0.000464 9.769097
-0.007701 0.000320 9.769097
-0.007845 0.000178 9.769097
-0.007882 -0.000021 9.769097
-0.007753 -0.000177 9.769097
-0.007624 -0.000332 9.769097
-0.007485 -0.000478 9.769097
-0.007349 -0.000628 9.769097
-0.007201 -0.000766 9.769097
-0.007068 -0.000918 9.769097
-0.006930 -0.001065 9.769097
-0.006805 -0.001224 9.769097
-0.006656 -0.001361 9.769097
-0.006521 -0.001511 9.769097
-0.006363 -0.001637 9.769097
-0.006235 -0.001793 9.769097
-0.006084 -0.001928 9.769097
-0.005953 -0.002082 9.769097
-0.005812 -0.002227 9.769097
-0.005710 -0.002401 9.769097
-0.005582 -0.002557 9.769097
-0.005476 -0.002729 9.769097
-0.005342 -0.002880 9.769097
-0.005249 -0.003060 9.769097
-0.005205 -0.003257 9.769097
-0.005118 -0.003439 9.769097
-0.005076 -0.003637 9.769097
-0.004991 -0.003820 9.769097
-0.004943 -0.004016 9.769097
-0.004876 -0.004207 9.769097
-0.004833 -0.004404 9.769097
-0.004758 -0.004592 9.769097
-0.004712 -0.004789 9.769097
-0.004645 -0.004980 9.769097
-0.004605 -0.005178 9.769097
-0.004537 -0.005368 9.769097
-0.004492 -0.005565 9.769097
-0.004419 -0.005753 9.769097
-0.004368 -0.005949 9.769097
-0.004302 -0.006140 9.769097
-0.004245 -0.006334 9.769097
-0.004190 -0.006528 9.769097
-0.004136 -0.006723 9.769097
-0.003977 -0.006847 9.769097
-0.003779 -0.006805 9.769097
-0.003581 -0.006764 9.769097
-0.003384 -0.006720 9.769097
-0.003186 -0.006681 9.769097
-0.002989 -0.006636 9.769097
-0.002796 -0.006575 9.769097
-0.002599 -0.006529 9.769097
-0.002404 -0.006478 9.769097
-0.002204 -0.006451 9.769097
-0.002006 -0.006409 9.769097
-0.001806 -0.006378 9.769097
-0.001613 -0.006319 9.769097
-0.001414 -0.006284 9.769097
-0.001219 -0.006231 9.769097
-0.001023 -0.006182 9.769097
-0.000826 -0.006137 9.769097
-0.000627 -0.006103 9.769097
-0.000425 -0.006087 9.769097
-0.000225 -0.006056 9.769097
-0.000024 -0.006076 9.769097
0.000169 -0.006135 9.769097
0.000370 -0.006156 9.769097
0.000565 -0.006209 9.769097
0.000764 -0.006241 9.769097
0.000962 -0.006282 9.769097
0.001156 -0.006340 9.769097
0.001353 -0.006386 9.769097
0.001548 -0.006437 9.769097
0.001747 -0.006473 9.769097
0.001939 -0.006535 9.769097
0.002138 -0.006572 9.769097
0.002332 -0.006629 9.769097
0.002530 -0.006670 9.769097
0.002726 -0.006715 9.769097
0.002924 -0.006759 9.769097
0.003121 -0.006804 9.769097
0.003319 -0.006844 9.769097
0.003515 -0.006893 9.769097
0.003711 -0.006939 9.769097
0.003896 -0.006858 9.769097
0.003954 -0.006664 9.769097
0.004013 -0.006471 9.769097
0.004071 -0.006277 9.769097
0.004128 -0.006084 9.769097
0.004196 -0.005893 9.769097
0.004241 -0.005696 9.769097
0.004304 -0.005504 9.769097
0.004343 -0.005306 9.769097
0.004420 -0.005119 9.769097
0.004465 -0.004922 9.769097
0.004552 -0.004740 9.769097
0.004608 -0.004546 9.769097
0.004682 -0.004358 9.769097
0.004734 -0.004162 9.769097
0.004803 -0.003972 9.769097
0.004885 -0.003788 9.769097
0.005015 -0.003634 9.769097
0.005072 -0.003440 9.769097
0.005150 -0.003253 9.769097
0.005233 -0.003069 9.769097
0.005363 -0.002914 9.769097
0.005494 -0.002760 9.769097
0.005621 -0.002603 9.769097
0.005761 -0.002458 9.769097
0.005881 -0.002295 9.769097
0.006032 -0.002161 9.769097
0.006165 -0.002008 9.769097
0.006317 -0.001876 9.769097
0.006439 -0.001715 9.769097
0.006597 -0.001589 9.769097
0.006723 -0.001431 9.769097
0.006876 -0.001299 9.769097
0.007005 -0.001143 9.769097
0.007149 -0.001002 9.769097
0.007281 -0.000849 9.769097
0.007422 -0.000704 9.769097
0.007552 -0.000549 9.769097
0.007692 -0.000403 9.769097
0.007828 -0.000254 9.769097
0.007847 -0.000053 9.769097

