0.005917 -0.000000 1.406250
0.005871 0.000142 1.406250
0.005780 0.000260 1.406250
0.005681 0.000371 1.406250
0.005577 0.000477 1.406250
0.005479 0.000588 1.406250
0.005390 0.000708 1.406250
0.005310 0.000833 1.406250
0.005232 0.000960 1.406250
0.005155 0.001087 1.406250
0.005080 0.001215 1.406250
0.005004 0.001343 1.406250
0.004929 0.001472 1.406250
0.004855 0.001601 1.406250
0.004780 0.001729 1.406250
0.004706 0.001858 1.406250
0.004631 0.001987 1.406250
0.004557 0.002116 1.406250
0.004482 0.002244 1.406250
0.004408 0.002373 1.406250
0.004333 0.002502 1.406250
0.004259 0.002631 1.406250
0.004185 0.002760 1.406250
0.004111 0.002888 1.406250
0.004036 0.003017 1.406250
0.003962 0.003146 1.406250
0.003888 0.003275 1.406250
0.003814 0.003404 1.406250
0.003739 0.003533 1.406250
0.003666 0.003662 1.406250
0.003592 0.003791 1.406250
0.003519 0.003921 1.406250
0.003447 0.004051 1.406250
0.003376 0.004182 1.406250
0.003308 0.004314 1.406250
0.003249 0.004451 1.406250
0.003202 0.004592 1.406250
0.003162 0.004735 1.406250
0.003115 0.004876 1.406250
0.003058 0.005014 1.406250
0.002958 0.005124 1.406250
0.002813 0.005155 1.406250
0.002665 0.005136 1.406250
0.002520 0.005106 1.406250
0.002376 0.005069 1.406250
0.002230 0.005039 1.406250
0.002082 0.005022 1.406250
0.001934 0.005015 1.406250
0.001785 0.005011 1.406250
0.001636 0.005008 1.406250
0.001487 0.005007 1.406250
0.001339 0.005006 1.406250
0.001190 0.005005 1.406250
0.001041 0.005005 1.406250
0.000892 0.005004 1.406250
0.000744 0.005004 1.406250
0.000595 0.005004 1.406250
0.000446 0.005004 1.406250
0.000297 0.005004 1.406250
0.000149 0.005004 1.406250
0.000000 0.005004 1.406250
-0.000149 0.005004 1.406250
-0.000297 0.005004 1.406250
-0.000446 0.005004 1.406250
-0.000595 0.005004 1.406250
-0.000744 0.005004 1.406250
-0.000892 0.005004 1.406250
-0.001041 0.005005 1.406250
-0.001190 0.005005 1.406250
-0.001339 0.005006 1.406250
-0.001487 0.005007 1.406250
-0.001636 0.005008 1.406250
-0.001785 0.005011 1.406250
-0.001934 0.005015 1.406250
-0.002082 0.005022 1.406250
-0.002230 0.005039 1.406250
-0.002376 0.005069 1.406250
-0.002520 0.005106 1.406250
-0.002665 0.005136 1.406250
-0.002813 0.005155 1.406250
-0.002958 0.005124 1.406250
-0.003058 0.005014 1.406250
-0.003115 0.004876 1.406250
-0.003162 0.004735 1.406250
-0.003202 0.004592 1.406250
-0.003249 0.004451 1.406250
-0.003308 0.004314 1.406250
-0.003376 0.004182 1.406250
-0.003447 0.004051 1.406250
-0.003519 0.003921 1.406250
-0.003592 0.003791 1.406250
-0.003666 0.003662 1.406250
-0.003739 0.003533 1.406250
-0.003814 0.003404 1.406250
-0.003888 0.003275 1.406250
-0.003962 0.003146 1.406250
-0.004036 0.003017 1.406250
-0.004111 0.002888 1.406250
-0.004185 0.002760 1.406250
-0.004259 0.002631 1.406250
-0.004333 0.002502 1.406250
-0.004408 0.002373 1.406250
-0.004482 0.002244 1.406250
-0.004557 0.002116 1.406250
-0.004631 0.001987 1.406250
-0.004706 0.001858 1.406250
-0.004780 0.001729 1.406250
-0.004855 0.001601 1.406250
-0.004929 0.001472 1.406250
-0.005004 0.001343 1.406250
-0.005080 0.001215 1.406250
-0.005155 0.001087 1.406250
-0.005232 0.000960 1.406250
-0.005310 0.000833 1.406250
-0.005390 0.000708 1.406250
-0.005479 0.000588 1.406250
-0.005577 0.000477 1.406250
-0.005681 0.000371 1.406250
-0.005780 0.000260 1.406250
-0.005871 0.000142 1.406250
-0.005917 0.000000 1.406250
-0.005871 -0.000142 1.406250
-0.005780 -0.000260 1.406250
-0.005681 -0.000371 1.406250
-0.005577 -0.000477 1.406250
-0.005479 -0.000588 1.406250
-0.005390 -0.000708 1.406250
-0.005310 -0.000833 1.406250
-0.005232 -0.000960 1.406250
-0.005155 -0.001087 1.406250
-0.005080 -0.001215 1.406250
-0.005004 -0.001343 1.406250
-0.004929 -0.001472 1.406250
-0.004855 -0.001601 1.406250
-0.004780 -0.001729 1.406250
-0.004706 -0.001858 1.406250
-0.004631 -0.001987 1.406250
-0.004557 -0.002116 1.406250
-0.004482 -0.002244 1.406250
-0.004408 -0.002373 1.406250
-0.004333 -0.002502 1.406250
-0.004259 -0.002631 1.406250
-0.004185 -0.002760 1.406250
-0.004111 -0.002888 1.406250
-0.004036 -0.003017 1.406250
-0.003962 -0.003146 1.406250
-0.003888 -0.003275 1.406250
-0.003814 -0.003404 1.406250
-0.003739 -0.003533 1.406250
-0.003666 -0.003662 1.406250
-0.003592 -0.003791 1.406250
-0.003519 -0.003921 1.406250
-0.003447 -0.004051 1.406250
-0.003376 -0.004182 1.406250
-0.003308 -0.004314 1.406250
-0.003249 -0.004451 1.406250
-0.003202 -0.004592 1.406250
-0.003162 -0.004735 1.406250
-0.003115 -0.004876 1.406250
-0.003058 -0.005014 1.406250
-0.002958 -0.005124 1.406250
-0.002813 -0.005155 1.406250
-0.002665 -0.005136 1.406250
-0.002520 -0.005106 1.406250
-0.002376 -0.005069 1.406250
-0.002230 -0.005039 1.406250
-0.002082 -0.005022 1.406250
-0.001934 -0.005015 1.406250
-0.001785 -0.005011 1.406250
-0.001636 -0.005008 1.406250
-0.001487 -0.005007 1.406250
-0.001339 -0.005006 1.406250
-0.001190 -0.005005 1.406250
-0.001041 -0.005005 1.406250
-0.000892 -0.005004 1.406250
-0.000744 -0.005004 1.406250
-0.000595 -0.005004 1.406250
-0.000446 -0.005004 1.406250
-0.000297 -0.005004 1.406250
-0.000149 -0.005004 1.406250
0.000000 -0.005004 1.406250
0.000149 -0.005004 1.406250
0.000297 -0.005004 1.406250
0.000446 -0.005004 1.406250
0.000595 -0.005004 1.406250
0.000744 -0.005004 1.406250
0.000892 -0.005004 1.406250
0.001041 -0.005005 1.406250
0.001190 -0.005005 1.406250
0.001339 -0.005006 1.406250
0.001487 -0.005007 1.406250
0.001636 -0.005008 1.406250
0.001785 -0.005011 1.406250
0.001934 -0.005015 1.406250
0.002082 -0.005022 1.406250
0.002230 -0.005039 1.406250
0.002376 -0.005069 1.406250
0.002520 -0.005106 1.406250
0.002665 -0.005136 1.406250
0.002813 -0.005155 1.406250
0.002958 -0.005124 1.406250
0.003058 -0.005014 1.406250
0.003115 -0.004876 1.406250
0.003162 -0.004735 1.406250
0.003202 -0.004592 1.406250
0.003249 -0.004451 1.406250
0.003308 -0.004314 1.406250
0.003376 -0.004182 1.406250
0.003447 -0.004051 1.406250
0.003519 -0.003921 1.406250
0.003592 -0.003791 1.406250
0.003666 -0.003662 1.406250
0.003739 -0.003533 1.406250
0.003814 -0.003404 1.406250
0.003888 -0.003275 1.406250
0.003962 -0.003146 1.406250
0.004036 -0.003017 1.406250
0.004111 -0.002888 1.406250
0.004185 -0.002760 1.406250
0.004259 -0.002631 1.406250
0.004333 -0.002502 1.406250
0.004408 -0.002373 1.406250
0.004482 -0.002244 1.406250
0.004557 -0.002116 1.406250
0.004631 -0.001987 1.406250
0.004706 -0.001858 1.406250
0.004780 -0.001729 1.406250
0.004855 -0.001601 1.406250
0.004929 -0.001472 1.406250
0.005004 -0.001343 1.406250
0.005080 -0.001215 1.406250
0.005155 -0.001087 1.406250
0.005232 -0.000960 1.406250
0.005310 -0.000833 1.406250
0.005390 -0.000708 1.406250
0.005479 -0.000588 1.406250
0.005577 -0.000477 1.406250
0.005681 -0.000371 1.406250
0.005780 -0.000260 1.406250
0.005871 -0.000142 1.406250
0.005917 -0.000000 1.406250

