0.008193 0.000000 11.619792
0.008051 0.000160 11.619792
0.007892 0.000302 11.619792
0.007745 0.000456 11.619792
0.007585 0.000598 11.619792
0.007439 0.000754 11.619792
0.007277 0.000893 11.619792
0.007147 0.001062 11.619792
0.006982 0.001198 11.619792
0.006852 0.001367 11.619792
0.006690 0.001506 11.619792
0.006547 0.001664 11.619792
0.006401 0.001821 11.619792
0.006266 0.001986 11.619792
0.006121 0.002142 11.619792
0.005968 0.002291 11.619792
0.005834 0.002457 11.619792
0.005689 0.002613 11.619792
0.005542 0.002768 11.619792
0.005433 0.002952 11.619792
0.005380 0.003159 11.619792
0.005298 0.003356 11.619792
0.005233 0.003559 11.619792
0.005187 0.003767 11.619792
0.005108 0.003966 11.619792
0.005062 0.004174 11.619792
0.004990 0.004375 11.619792
0.004947 0.004584 11.619792
0.004888 0.004789 11.619792
0.004812 0.004989 11.619792
0.004754 0.005194 11.619792
0.004681 0.005395 11.619792
0.004622 0.005600 11.619792
0.004544 0.005798 11.619792
0.004487 0.006004 11.619792
0.004398 0.006198 11.619792
0.004337 0.006403 11.619792
0.004243 0.006595 11.619792
0.004179 0.006798 11.619792
0.004094 0.006994 11.619792
0.003941 0.007142 11.619792
0.003742 0.007065 11.619792
0.003539 0.006997 11.619792
0.003339 0.006923 11.619792
0.003134 0.006865 11.619792
0.002930 0.006801 11.619792
0.002725 0.006743 11.619792
0.002516 0.006697 11.619792
0.002313 0.006633 11.619792
0.002104 0.006587 11.619792
0.001894 0.006549 11.619792
0.001693 0.006479 11.619792
0.001480 0.006461 11.619792
0.001299 0.006574 11.619792
0.001164 0.006740 11.619792
0.000984 0.006625 11.619792
0.000791 0.006534 11.619792
0.000591 0.006460 11.619792
0.000391 0.006386 11.619792
0.000185 0.006328 11.619792
-0.000020 0.006270 11.619792
-0.000228 0.006320 11.619792
-0.000426 0.006399 11.619792
-0.000631 0.006459 11.619792
-0.000822 0.006555 11.619792
-0.001013 0.006650 11.619792
-0.001125 0.006468 11.619792
-0.001329 0.006407 11.619792
-0.001541 0.006430 11.619792
-0.001748 0.006483 11.619792
-0.001950 0.006552 11.619792
-0.002161 0.006585 11.619792
-0.002362 0.006656 11.619792
-0.002573 0.006690 11.619792
-0.002781 0.006739 11.619792
-0.002985 0.006800 11.619792
-0.003192 0.006851 11.619792
-0.003390 0.006931 11.619792
-0.003595 0.006991 11.619792
-0.003787 0.007085 11.619792
-0.003983 0.007170 11.619792
-0.004152 0.007040 11.619792
-0.004234 0.006843 11.619792
-0.004302 0.006640 11.619792
-0.004401 0.006451 11.619792
-0.004466 0.006248 11.619792
-0.004565 0.006059 11.619792
-0.004619 0.005852 11.619792
-0.004707 0.005658 11.619792
-0.004757 0.005450 11.619792
-0.004837 0.005252 11.619792
-0.004889 0.005045 11.619792
-0.004969 0.004848 11.619792
-0.005011 0.004638 11.619792
-0.005075 0.004435 11.619792
-0.005142 0.004232 11.619792
-0.005192 0.004024 11.619792
-0.005265 0.003824 11.619792
-0.005288 0.003612 11.619792
-0.005377 0.003418 11.619792
-0.005408 0.003207 11.619792
-0.005493 0.003011 11.619792
-0.005652 0.002868 11.619792
-0.005779 0.002697 11.619792
-0.005942 0.002559 11.619792
-0.006080 0.002397 11.619792
-0.006219 0.002235 11.619792
-0.006378 0.002092 11.619792
-0.006518 0.001931 11.619792
-0.006675 0.001786 11.619792
-0.006803 0.001616 11.619792
-0.006965 0.001477 11.619792
-0.007095 0.001307 11.619792
-0.007256 0.001167 11.619792
-0.007391 0.001002 11.619792
-0.007553 0.000863 11.619792
-0.007696 0.000705 11.619792
-0.007858 0.000566 11.619792
-0.007998 0.000404 11.619792
-0.008149 0.000254 11.619792
-0.008196 0.000046 11.619792
-0.008045 -0.000105 11.619792
-0.007911 -0.000271 11.619792
-0.007767 -0.000429 11.619792
-0.007641 -0.000601 11.619792
-0.007499 -0.000760 11.619792
-0.007381 -0.000938 11.619792
-0.007233 -0.001092 11.619792
-0.007099 -0.001259 11.619792
-0.006937 -0.001397 11.619792
-0.006802 -0.001563 11.619792
-0.006655 -0.001717 11.619792
-0.006526 -0.001887 11.619792
-0.006361 -0.002022 11.619792
-0.006226 -0.002188 11.619792
-0.006066 -0.002330 11.619792
-0.005920 -0.002485 11.619792
-0.005771 -0.002638 11.619792
-0.005602 -0.002768 11.619792
-0.005494 -0.002953 11.619792
-0.005467 -0.003164 11.619792
-0.005381 -0.003359 11.619792
-0.005324 -0.003565 11.619792
-0.005275 -0.003773 11.619792
-0.005198 -0.003972 11.619792
-0.005162 -0.004182 11.619792
-0.005075 -0.004377 11.619792
-0.005047 -0.004589 11.619792
-0.004972 -0.004789 11.619792
-0.004924 -0.004997 11.619792
-0.004844 -0.005195 11.619792
-0.004794 -0.005402 11.619792
-0.004718 -0.005602 11.619792
-0.004672 -0.005810 11.619792
-0.004600 -0.006011 11.619792
-0.004555 -0.006220 11.619792
-0.004484 -0.006421 11.619792
-0.004439 -0.006630 11.619792
-0.004364 -0.006829 11.619792
-0.004321 -0.007038 11.619792
-0.004140 -0.007153 11.619792
-0.003933 -0.007102 11.619792
-0.003729 -0.007039 11.619792
-0.003519 -0.006998 11.619792
-0.003313 -0.006944 11.619792
-0.003104 -0.006902 11.619792
-0.002898 -0.006847 11.619792
-0.002686 -0.006819 11.619792
-0.002479 -0.006768 11.619792
-0.002269 -0.006728 11.619792
-0.002065 -0.006666 11.619792
-0.001859 -0.006608 11.619792
-0.001650 -0.006565 11.619792
-0.001441 -0.006523 11.619792
-0.001231 -0.006487 11.619792
-0.001022 -0.006444 11.619792
-0.000813 -0.006399 11.619792
-0.000602 -0.006368 11.619792
-0.000412 -0.006270 11.619792
-0.000199 -0.006255 11.619792
-0.000001 -0.006334 11.619792
0.000212 -0.006354 11.619792
0.000411 -0.006429 11.619792
0.000619 -0.006477 11.619792
0.000828 -0.006521 11.619792
0.001031 -0.006587 11.619792
0.001243 -0.006614 11.619792
0.001444 -0.006685 11.619792
0.001653 -0.006727 11.619792
0.001862 -0.006774 11.619792
0.002070 -0.006819 11.619792
0.002279 -0.006862 11.619792
0.002487 -0.006912 11.619792
0.002697 -0.006951 11.619792
0.002902 -0.007009 11.619792
0.003113 -0.007041 11.619792
0.003320 -0.007095 11.619792
0.003531 -0.007123 11.619792
0.003741 -0.007165 11.619792
0.003950 -0.007204 11.619792
0.004146 -0.007118 11.619792
0.004198 -0.006911 11.619792
0.004226 -0.006699 11.619792
0.004290 -0.006496 11.619792
0.004329 -0.006286 11.619792
0.004402 -0.006085 11.619792
0.004437 -0.005875 11.619792
0.004520 -0.005678 11.619792
0.004569 -0.005471 11.619792
0.004639 -0.005269 11.619792
0.004694 -0.005062 11.619792
0.004748 -0.004856 11.619792
0.004819 -0.004655 11.619792
0.004851 -0.004444 11.619792
0.004952 -0.004255 11.619792
0.004979 -0.004044 11.619792
0.005084 -0.003858 11.619792
0.005293 -0.003813 11.619792
0.005360 -0.003610 11.619792
0.005354 -0.003397 11.619792
0.005410 -0.003191 11.619792
0.005556 -0.003035 11.619792
0.005687 -0.002867 11.619792
0.005851 -0.002731 11.619792
0.005991 -0.002569 11.619792
0.006147 -0.002424 11.619792
0.006287 -0.002263 11.619792
0.006430 -0.002104 11.619792
0.006589 -0.001961 11.619792
0.006725 -0.001797 11.619792
0.006877 -0.001647 11.619792
0.007010 -0.001480 11.619792
0.007167 -0.001335 11.619792
0.007293 -0.001163 11.619792
0.007453 -0.001021 11.619792
0.007578 -0.000849 11.619792
0.007734 -0.000703 11.619792
0.007859 -0.000530 11.619792
0.008006 -0.000375 11.619792
0.008136 -0.000206 11.619792
0.008193 0.000000 11.619792

