0.006623 -0.000000 4.194444
0.006568 0.000158 4.194444
0.006463 0.000289 4.194444
0.006357 0.000419 4.194444
0.006252 0.000549 4.194444
0.006149 0.000682 4.194444
0.006045 0.000814 4.194444
0.005937 0.000942 4.194444
0.005831 0.001071 4.194444
0.005728 0.001204 4.194444
0.005628 0.001338 4.194444
0.005520 0.001467 4.194444
0.005413 0.001596 4.194444
0.005305 0.001723 4.194444
0.005206 0.001859 4.194444
0.005105 0.001992 4.194444
0.005000 0.002123 4.194444
0.004891 0.002251 4.194444
0.004779 0.002375 4.194444
0.004677 0.002508 4.194444
0.004576 0.002642 4.194444
0.004510 0.002796 4.194444
0.004447 0.002951 4.194444
0.004395 0.003111 4.194444
0.004338 0.003268 4.194444
0.004278 0.003425 4.194444
0.004213 0.003579 4.194444
0.004145 0.003732 4.194444
0.004088 0.003890 4.194444
0.004030 0.004048 4.194444
0.003973 0.004205 4.194444
0.003906 0.004359 4.194444
0.003843 0.004514 4.194444
0.003784 0.004671 4.194444
0.003727 0.004829 4.194444
0.003665 0.004984 4.194444
0.003602 0.005139 4.194444
0.003541 0.005296 4.194444
0.003482 0.005452 4.194444
0.003421 0.005609 4.194444
0.003312 0.005736 4.194444
0.003147 0.005767 4.194444
0.002981 0.005741 4.194444
0.002816 0.005714 4.194444
0.002650 0.005689 4.194444
0.002484 0.005666 4.194444
0.002318 0.005642 4.194444
0.002153 0.005613 4.194444
0.001988 0.005585 4.194444
0.001822 0.005562 4.194444
0.001655 0.005544 4.194444
0.001490 0.005514 4.194444
0.001325 0.005486 4.194444
0.001160 0.005456 4.194444
0.000993 0.005438 4.194444
0.000827 0.005417 4.194444
0.000661 0.005391 4.194444
0.000497 0.005361 4.194444
0.000332 0.005327 4.194444
0.000166 0.005304 4.194444
-0.000000 0.005284 4.194444
-0.000166 0.005304 4.194444
-0.000332 0.005327 4.194444
-0.000497 0.005361 4.194444
-0.000661 0.005391 4.194444
-0.000827 0.005417 4.194444
-0.000993 0.005438 4.194444
-0.001160 0.005456 4.194444
-0.001325 0.005486 4.194444
-0.001490 0.005514 4.194444
-0.001655 0.005544 4.194444
-0.001822 0.005562 4.194444
-0.001988 0.005585 4.194444
-0.002153 0.005613 4.194444
-0.002318 0.005642 4.194444
-0.002484 0.005666 4.194444
-0.002650 0.005689 4.194444
-0.002816 0.005714 4.194444
-0.002981 0.005741 4.194444
-0.003147 0.005767 4.194444
-0.003312 0.005736 4.194444
-0.003421 0.005609 4.194444
-0.003482 0.005452 4.194444
-0.003541 0.005296 4.194444
-0.003602 0.005139 4.194444
-0.003665 0.004984 4.194444
-0.003727 0.004829 4.194444
-0.003784 0.004671 4.194444
-0.003843 0.004514 4.194444
-0.003906 0.004359 4.194444
-0.003973 0.004205 4.194444
-0.004030 0.004048 4.194444
-0.004088 0.003890 4.194444
-0.004145 0.003732 4.194444
-0.004213 0.003579 4.194444
-0.004278 0.003425 4.194444
-0.004338 0.003268 4.194444
-0.004395 0.003111 4.194444
-0.004447 0.002951 4.194444
-0.004510 0.002796 4.194444
-0.004576 0.002642 4.194444
-0.004677 0.002508 4.194444
-0.004779 0.002375 4.194444
-0.004891 0.002251 4.194444
-0.005000 0.002123 4.194444
-0.005105 0.001992 4.194444
-0.005206 0.001859 4.194444
-0.005305 0.001723 4.194444
-0.005413 0.001596 4.194444
-0.005520 0.001467 4.194444
-0.005628 0.001338 4.194444
-0.005728 0.001204 4.194444
-0.005831 0.001071 4.194444
-0.005937 0.000942 4.194444
-0.006045 0.000814 4.194444
-0.006149 0.000682 4.194444
-0.006252 0.000549 4.194444
-0.006357 0.000419 4.194444
-0.006463 0.000289 4.194444
-0.006568 0.000158 4.194444
-0.006623 0.000000 4.194444
-0.006568 -0.000158 4.194444
-0.006463 -0.000289 4.194444
-0.006357 -0.000419 4.194444
-0.006252 -0.000549 4.194444
-0.006149 -0.000682 4.194444
-0.006045 -0.000814 4.194444
-0.005937 -0.000942 4.194444
-0.005831 -0.001071 4.194444
-0.005728 -0.001204 4.194444
-0.005628 -0.001338 4.194444
-0.005520 -0.001467 4.194444
-0.005413 -0.001596 4.194444
-0.005305 -0.001723 4.194444
-0.005206 -0.001859 4.194444
-0.005105 -0.001992 4.194444
-0.005000 -0.002123 4.194444
-0.004891 -0.002251 4.194444
-0.004779 -0.002375 4.194444
-0.004677 -0.002508 4.194444
-0.004576 -0.002642 4.194444
-0.004510 -0.002796 4.194444
-0.004447 -0.002951 4.194444
-0.004395 -0.003111 4.194444
-0.004338 -0.003268 4.194444
-0.004278 -0.003425 4.194444
-0.004213 -0.003579 4.194444
-0.004145 -0.003732 4.194444
-0.004088 -0.003890 4.194444
-0.004030 -0.004048 4.194444
-0.003973 -0.004205 4.194444
-0.003906 -0.004359 4.194444
-0.003843 -0.004514 4.194444
-0.003784 -0.004671 4.194444
-0.003727 -0.004829 4.194444
-0.003665 -0.004984 4.194444
-0.003602 -0.005139 4.194444
-0.003541 -0.005296 4.194444
-0.003482 -0.005452 4.194444
-0.003421 -0.005609 4.194444
-0.003312 -0.005736 4.194444
-0.003147 -0.005767 4.194444
-0.002981 -0.005741 4.194444
-0.002816 -0.005714 4.194444
-0.002650 -0.005689 4.194444
-0.002484 -0.005666 4.194444
-0.002318 -0.005642 4.194444
-0.002153 -0.005613 4.194444
-0.001988 -0.005585 4.194444
-0.001822 -0.005562 4.194444
-0.001655 -0.005544 4.194444
-0.001490 -0.005514 4.194444
-0.001325 -0.005486 4.194444
-0.001160 -0.005456 4.194444
-0.000993 -0.005438 4.194444
-0.000827 -0.005417 4.194444
-0.000661 -0.005391 4.194444
-0.000497 -0.005361 4.194444
-0.000332 -0.005327 4.194444
-0.000166 -0.005304 4.194444
0.000000 -0.005284 4.194444
0.000166 -0.005304 4.194444
0.000332 -0.005327 4.194444
0.000497 -0.005361 4.194444
0.000661 -0.005391 4.194444
0.000827 -0.005417 4.194444
0.000993 -0.005438 4.194444
0.001160 -0.005456 4.194444
0.001325 -0.005486 4.194444
0.001490 -0.005514 4.194444
0.001655 -0.005544 4.194444
0.001822 -0.005562 4.194444
0.001988 -0.005585 4.194444
0.002153 -0.005613 4.194444
0.002318 -0.005642 4.194444
0.002484 -0.005666 4.194444
0.002650 -0.005689 4.194444
0.002816 -0.005714 4.194444
0.002981 -0.005741 4.194444
0.003147 -0.005767 4.194444
0.003312 -0.005736 4.194444
0.003421 -0.005609 4.194444
0.003482 -0.005452 4.194444
0.003541 -0.005296 4.194444
0.003602 -0.005139 4.194444
0.003665 -0.004984 4.194444
0.003727 -0.004829 4.194444
0.003784 -0.004671 4.194444
0.003843 -0.004514 4.194444
0.003906 -0.004359 4.194444
0.003973 -0.004205 4.194444
0.004030 -0.004048 4.194444
0.004088 -0.003890 4.194444
0.004145 -0.003732 4.194444
0.004213 -0.003579 4.194444
0.004278 -0.003425 4.194444
0.004338 -0.003268 4.194444
0.004395 -0.003111 4.194444
0.004447 -0.002951 4.194444
0.004510 -0.002796 4.194444
0.004576 -0.002642 4.194444
0.004677 -0.002508 4.194444
0.004779 -0.002375 4.194444
0.004891 -0.002251 4.194444
0.005000 -0.002123 4.194444
0.005105 -0.001992 4.194444
0.005206 -0.001859 4.194444
0.005305 -0.001723 4.194444
0.005413 -0.001596 4.194444
0.005520 -0.001467 4.194444
0.005628 -0.001338 4.194444
0.005728 -0.001204 4.194444
0.005831 -0.001071 4.194444
0.005937 -0.000942 4.194444
0.006045 -0.000814 4.194444
0.006149 -0.000682 4.194444
0.006252 -0.000549 4.194444
0.006357 -0.000419 4.194444
0.006463 -0.000289 4.194444
0.006568 -0.000158 4.194444
0.006623 -0.000000 4.194444

