0.008169 0.000000 11.467014
0.008025 0.000156 11.467014
0.007865 0.000297 11.467014
0.007718 0.000450 11.467014
0.007559 0.000592 11.467014
0.007414 0.000747 11.467014
0.007256 0.000888 11.467014
0.007125 0.001056 11.467014
0.006961 0.001192 11.467014
0.006832 0.001360 11.467014
0.006668 0.001496 11.467014
0.006528 0.001656 11.467014
0.006385 0.001813 11.467014
0.006250 0.001977 11.467014
0.006102 0.002130 11.467014
0.005952 0.002281 11.467014
0.005819 0.002447 11.467014
0.005673 0.002601 11.467014
0.005534 0.002762 11.467014
0.005424 0.002944 11.467014
0.005365 0.003148 11.467014
0.005286 0.003345 11.467014
0.005214 0.003545 11.467014
0.005171 0.003753 11.467014
0.005092 0.003951 11.467014
0.005045 0.004158 11.467014
0.004973 0.004358 11.467014
0.004927 0.004566 11.467014
0.004874 0.004772 11.467014
0.004799 0.004971 11.467014
0.004741 0.005175 11.467014
0.004667 0.005375 11.467014
0.004611 0.005580 11.467014
0.004532 0.005777 11.467014
0.004478 0.005983 11.467014
0.004391 0.006176 11.467014
0.004331 0.006380 11.467014
0.004239 0.006572 11.467014
0.004173 0.006774 11.467014
0.004090 0.006970 11.467014
0.003933 0.007114 11.467014
0.003736 0.007035 11.467014
0.003534 0.006968 11.467014
0.003334 0.006896 11.467014
0.003129 0.006839 11.467014
0.002927 0.006775 11.467014
0.002721 0.006720 11.467014
0.002514 0.006673 11.467014
0.002311 0.006610 11.467014
0.002102 0.006568 11.467014
0.001894 0.006527 11.467014
0.001692 0.006461 11.467014
0.001480 0.006440 11.467014
0.001296 0.006546 11.467014
0.001159 0.006709 11.467014
0.000983 0.006591 11.467014
0.000789 0.006503 11.467014
0.000589 0.006430 11.467014
0.000389 0.006359 11.467014
0.000184 0.006303 11.467014
-0.000021 0.006247 11.467014
-0.000228 0.006294 11.467014
-0.000426 0.006371 11.467014
-0.000631 0.006429 11.467014
-0.000822 0.006521 11.467014
-0.001007 0.006627 11.467014
-0.001123 0.006450 11.467014
-0.001327 0.006389 11.467014
-0.001538 0.006413 11.467014
-0.001746 0.006458 11.467014
-0.001946 0.006529 11.467014
-0.002156 0.006563 11.467014
-0.002357 0.006633 11.467014
-0.002566 0.006670 11.467014
-0.002774 0.006715 11.467014
-0.002978 0.006774 11.467014
-0.003185 0.006824 11.467014
-0.003383 0.006902 11.467014
-0.003587 0.006960 11.467014
-0.003780 0.007050 11.467014
-0.003973 0.007139 11.467014
-0.004146 0.007015 11.467014
-0.004228 0.006819 11.467014
-0.004300 0.006619 11.467014
-0.004397 0.006430 11.467014
-0.004462 0.006228 11.467014
-0.004558 0.006038 11.467014
-0.004609 0.005832 11.467014
-0.004697 0.005638 11.467014
-0.004744 0.005431 11.467014
-0.004824 0.005234 11.467014
-0.004876 0.005027 11.467014
-0.004954 0.004830 11.467014
-0.004993 0.004621 11.467014
-0.005060 0.004419 11.467014
-0.005123 0.004216 11.467014
-0.005175 0.004010 11.467014
-0.005245 0.003809 11.467014
-0.005272 0.003598 11.467014
-0.005362 0.003406 11.467014
-0.005392 0.003195 11.467014
-0.005478 0.003001 11.467014
-0.005636 0.002859 11.467014
-0.005762 0.002688 11.467014
-0.005922 0.002548 11.467014
-0.006064 0.002390 11.467014
-0.006199 0.002225 11.467014
-0.006357 0.002083 11.467014
-0.006496 0.001923 11.467014
-0.006655 0.001781 11.467014
-0.006782 0.001611 11.467014
-0.006943 0.001472 11.467014
-0.007073 0.001303 11.467014
-0.007232 0.001163 11.467014
-0.007366 0.000998 11.467014
-0.007527 0.000858 11.467014
-0.007669 0.000700 11.467014
-0.007831 0.000563 11.467014
-0.007972 0.000403 11.467014
-0.008123 0.000253 11.467014
-0.008170 0.000046 11.467014
-0.008021 -0.000106 11.467014
-0.007889 -0.000273 11.467014
-0.007747 -0.000431 11.467014
-0.007623 -0.000603 11.467014
-0.007482 -0.000763 11.467014
-0.007363 -0.000938 11.467014
-0.007212 -0.001089 11.467014
-0.007077 -0.001252 11.467014
-0.006915 -0.001391 11.467014
-0.006784 -0.001558 11.467014
-0.006637 -0.001712 11.467014
-0.006506 -0.001879 11.467014
-0.006341 -0.002013 11.467014
-0.006207 -0.002178 11.467014
-0.006046 -0.002317 11.467014
-0.005902 -0.002473 11.467014
-0.005751 -0.002623 11.467014
-0.005589 -0.002761 11.467014
-0.005482 -0.002945 11.467014
-0.005450 -0.003155 11.467014
-0.005367 -0.003351 11.467014
-0.005303 -0.003553 11.467014
-0.005258 -0.003761 11.467014
-0.005180 -0.003959 11.467014
-0.005147 -0.004169 11.467014
-0.005060 -0.004363 11.467014
-0.005028 -0.004573 11.467014
-0.004956 -0.004773 11.467014
-0.004909 -0.004980 11.467014
-0.004830 -0.005177 11.467014
-0.004780 -0.005384 11.467014
-0.004704 -0.005583 11.467014
-0.004656 -0.005790 11.467014
-0.004585 -0.005990 11.467014
-0.004540 -0.006198 11.467014
-0.004469 -0.006398 11.467014
-0.004426 -0.006606 11.467014
-0.004351 -0.006805 11.467014
-0.004304 -0.007013 11.467014
-0.004126 -0.007128 11.467014
-0.003920 -0.007076 11.467014
-0.003716 -0.007015 11.467014
-0.003507 -0.006976 11.467014
-0.003301 -0.006921 11.467014
-0.003093 -0.006880 11.467014
-0.002887 -0.006828 11.467014
-0.002676 -0.006800 11.467014
-0.002470 -0.006746 11.467014
-0.002262 -0.006704 11.467014
-0.002059 -0.006640 11.467014
-0.001854 -0.006586 11.467014
-0.001645 -0.006546 11.467014
-0.001436 -0.006505 11.467014
-0.001227 -0.006468 11.467014
-0.001019 -0.006424 11.467014
-0.000810 -0.006382 11.467014
-0.000601 -0.006344 11.467014
-0.000410 -0.006251 11.467014
-0.000198 -0.006237 11.467014
-0.000000 -0.006315 11.467014
0.000211 -0.006335 11.467014
0.000412 -0.006404 11.467014
0.000618 -0.006456 11.467014
0.000827 -0.006498 11.467014
0.001028 -0.006567 11.467014
0.001239 -0.006594 11.467014
0.001441 -0.006660 11.467014
0.001648 -0.006706 11.467014
0.001856 -0.006752 11.467014
0.002064 -0.006798 11.467014
0.002272 -0.006841 11.467014
0.002478 -0.006891 11.467014
0.002688 -0.006929 11.467014
0.002892 -0.006987 11.467014
0.003102 -0.007020 11.467014
0.003307 -0.007075 11.467014
0.003518 -0.007106 11.467014
0.003726 -0.007146 11.467014
0.003936 -0.007183 11.467014
0.004129 -0.007094 11.467014
0.004177 -0.006887 11.467014
0.004208 -0.006677 11.467014
0.004273 -0.006474 11.467014
0.004313 -0.006266 11.467014
0.004385 -0.006066 11.467014
0.004423 -0.005857 11.467014
0.004507 -0.005661 11.467014
0.004552 -0.005454 11.467014
0.004622 -0.005253 11.467014
0.004675 -0.005047 11.467014
0.004731 -0.004842 11.467014
0.004799 -0.004641 11.467014
0.004839 -0.004432 11.467014
0.004939 -0.004244 11.467014
0.004967 -0.004033 11.467014
0.005075 -0.003850 11.467014
0.005279 -0.003792 11.467014
0.005338 -0.003588 11.467014
0.005331 -0.003375 11.467014
0.005395 -0.003173 11.467014
0.005545 -0.003022 11.467014
0.005674 -0.002853 11.467014
0.005835 -0.002715 11.467014
0.005975 -0.002555 11.467014
0.006131 -0.002410 11.467014
0.006273 -0.002252 11.467014
0.006412 -0.002091 11.467014
0.006571 -0.001950 11.467014
0.006708 -0.001787 11.467014
0.006860 -0.001639 11.467014
0.006991 -0.001472 11.467014
0.007149 -0.001329 11.467014
0.007275 -0.001157 11.467014
0.007434 -0.001016 11.467014
0.007559 -0.000845 11.467014
0.007714 -0.000699 11.467014
0.007841 -0.000528 11.467014
0.007986 -0.000373 11.467014
0.008117 -0.000206 11.467014
0.008169 0.000000 11.467014

