0.007669 -0.000078 8.895833
0.007535 0.000065 8.895833
0.007398 0.000206 8.895833
0.007266 0.000351 8.895833
0.007130 0.000493 8.895833
0.006993 0.000634 8.895833
0.006860 0.000779 8.895833
0.006735 0.000930 8.895833
0.006601 0.001074 8.895833
0.006474 0.001223 8.895833
0.006340 0.001366 8.895833
0.006215 0.001518 8.895833
0.006087 0.001667 8.895833
0.005998 0.001842 8.895833
0.005873 0.001994 8.895833
0.005778 0.002165 8.895833
0.005655 0.002318 8.895833
0.005547 0.002482 8.895833
0.005425 0.002636 8.895833
0.005322 0.002803 8.895833
0.005198 0.002956 8.895833
0.005117 0.003135 8.895833
0.005048 0.003319 8.895833
0.004959 0.003493 8.895833
0.004897 0.003680 8.895833
0.004811 0.003857 8.895833
0.004740 0.004039 8.895833
0.004654 0.004216 8.895833
0.004606 0.004406 8.895833
0.004525 0.004585 8.895833
0.004473 0.004775 8.895833
0.004406 0.004959 8.895833
0.004359 0.005150 8.895833
0.004303 0.005338 8.895833
0.004255 0.005529 8.895833
0.004194 0.005715 8.895833
0.004140 0.005904 8.895833
0.004082 0.006092 8.895833
0.004020 0.006278 8.895833
0.003962 0.006466 8.895833
0.003811 0.006591 8.895833
0.003620 0.006543 8.895833
0.003431 0.006492 8.895833
0.003239 0.006449 8.895833
0.003047 0.006407 8.895833
0.002856 0.006360 8.895833
0.002664 0.006320 8.895833
0.002474 0.006271 8.895833
0.002283 0.006227 8.895833
0.002092 0.006180 8.895833
0.001897 0.006155 8.895833
0.001703 0.006127 8.895833
0.001507 0.006116 8.895833
0.001311 0.006103 8.895833
0.001117 0.006133 8.895833
0.000925 0.006090 8.895833
0.000729 0.006073 8.895833
0.000537 0.006034 8.895833
0.000341 0.006027 8.895833
0.000148 0.005993 8.895833
-0.000048 0.005978 8.895833
-0.000242 0.006012 8.895833
-0.000438 0.006015 8.895833
-0.000632 0.006047 8.895833
-0.000828 0.006060 8.895833
-0.001020 0.006102 8.895833
-0.001215 0.006079 8.895833
-0.001410 0.006100 8.895833
-0.001605 0.006123 8.895833
-0.001796 0.006167 8.895833
-0.001992 0.006190 8.895833
-0.002183 0.006235 8.895833
-0.002378 0.006259 8.895833
-0.002570 0.006296 8.895833
-0.002764 0.006327 8.895833
-0.002955 0.006372 8.895833
-0.003145 0.006425 8.895833
-0.003335 0.006471 8.895833
-0.003527 0.006513 8.895833
-0.003718 0.006559 8.895833
-0.003910 0.006602 8.895833
-0.004061 0.006477 8.895833
-0.004119 0.006289 8.895833
-0.004180 0.006102 8.895833
-0.004235 0.005914 8.895833
-0.004290 0.005726 8.895833
-0.004349 0.005538 8.895833
-0.004399 0.005348 8.895833
-0.004453 0.005159 8.895833
-0.004504 0.004970 8.895833
-0.004566 0.004783 8.895833
-0.004611 0.004592 8.895833
-0.004682 0.004409 8.895833
-0.004713 0.004215 8.895833
-0.004796 0.004037 8.895833
-0.004849 0.003848 8.895833
-0.004930 0.003669 8.895833
-0.004981 0.003479 8.895833
-0.005070 0.003304 8.895833
-0.005128 0.003117 8.895833
-0.005215 0.002941 8.895833
-0.005347 0.002796 8.895833
-0.005451 0.002629 8.895833
-0.005582 0.002483 8.895833
-0.005693 0.002321 8.895833
-0.005827 0.002177 8.895833
-0.005930 0.002010 8.895833
-0.006074 0.001877 8.895833
-0.006195 0.001721 8.895833
-0.006333 0.001583 8.895833
-0.006456 0.001429 8.895833
-0.006598 0.001294 8.895833
-0.006728 0.001147 8.895833
-0.006869 0.001010 8.895833
-0.007002 0.000865 8.895833
-0.007135 0.000721 8.895833
-0.007271 0.000579 8.895833
-0.007405 0.000435 8.895833
-0.007535 0.000289 8.895833
-0.007671 0.000147 8.895833
-0.007706 -0.000047 8.895833
-0.007572 -0.000190 8.895833
-0.007433 -0.000328 8.895833
-0.007297 -0.000470 8.895833
-0.007164 -0.000615 8.895833
-0.007034 -0.000762 8.895833
-0.006907 -0.000912 8.895833
-0.006764 -0.001047 8.895833
-0.006627 -0.001187 8.895833
-0.006479 -0.001316 8.895833
-0.006349 -0.001464 8.895833
-0.006210 -0.001602 8.895833
-0.006090 -0.001758 8.895833
-0.005958 -0.001903 8.895833
-0.005863 -0.002075 8.895833
-0.005744 -0.002231 8.895833
-0.005635 -0.002394 8.895833
-0.005505 -0.002542 8.895833
-0.005402 -0.002709 8.895833
-0.005275 -0.002859 8.895833
-0.005170 -0.003024 8.895833
-0.005115 -0.003213 8.895833
-0.005027 -0.003389 8.895833
-0.004971 -0.003577 8.895833
-0.004897 -0.003759 8.895833
-0.004841 -0.003947 8.895833
-0.004761 -0.004126 8.895833
-0.004714 -0.004317 8.895833
-0.004648 -0.004502 8.895833
-0.004602 -0.004693 8.895833
-0.004530 -0.004875 8.895833
-0.004486 -0.005067 8.895833
-0.004421 -0.005252 8.895833
-0.004377 -0.005443 8.895833
-0.004320 -0.005631 8.895833
-0.004263 -0.005819 8.895833
-0.004206 -0.006007 8.895833
-0.004149 -0.006195 8.895833
-0.004087 -0.006381 8.895833
-0.004032 -0.006570 8.895833
-0.003882 -0.006697 8.895833
-0.003690 -0.006656 8.895833
-0.003499 -0.006610 8.895833
-0.003308 -0.006565 8.895833
-0.003119 -0.006512 8.895833
-0.002929 -0.006460 8.895833
-0.002736 -0.006425 8.895833
-0.002542 -0.006395 8.895833
-0.002349 -0.006357 8.895833
-0.002157 -0.006318 8.895833
-0.001968 -0.006264 8.895833
-0.001776 -0.006224 8.895833
-0.001586 -0.006173 8.895833
-0.001393 -0.006138 8.895833
-0.001203 -0.006088 8.895833
-0.001007 -0.006077 8.895833
-0.000812 -0.006056 8.895833
-0.000616 -0.006040 8.895833
-0.000421 -0.006018 8.895833
-0.000225 -0.006005 8.895833
-0.000029 -0.005988 8.895833
0.000164 -0.006021 8.895833
0.000359 -0.006049 8.895833
0.000553 -0.006077 8.895833
0.000744 -0.006122 8.895833
0.000938 -0.006151 8.895833
0.001131 -0.006191 8.895833
0.001324 -0.006223 8.895833
0.001510 -0.006286 8.895833
0.001704 -0.006322 8.895833
0.001893 -0.006374 8.895833
0.002085 -0.006416 8.895833
0.002275 -0.006463 8.895833
0.002466 -0.006510 8.895833
0.002656 -0.006560 8.895833
0.002848 -0.006602 8.895833
0.003039 -0.006648 8.895833
0.003230 -0.006693 8.895833
0.003422 -0.006733 8.895833
0.003614 -0.006777 8.895833
0.003798 -0.006709 8.895833
0.003856 -0.006522 8.895833
0.003910 -0.006333 8.895833
0.003969 -0.006146 8.895833
0.004023 -0.005957 8.895833
0.004073 -0.005767 8.895833
0.004126 -0.005578 8.895833
0.004194 -0.005394 8.895833
0.004255 -0.005207 8.895833
0.004331 -0.005026 8.895833
0.004387 -0.004838 8.895833
0.004464 -0.004657 8.895833
0.004504 -0.004465 8.895833
0.004590 -0.004288 8.895833
0.004657 -0.004104 8.895833
0.004755 -0.003933 8.895833
0.004826 -0.003751 8.895833
0.004933 -0.003586 8.895833
0.004998 -0.003400 8.895833
0.005089 -0.003226 8.895833
0.005153 -0.003041 8.895833
0.005266 -0.002880 8.895833
0.005397 -0.002734 8.895833
0.005505 -0.002570 8.895833
0.005642 -0.002429 8.895833
0.005758 -0.002271 8.895833
0.005895 -0.002130 8.895833
0.006006 -0.001968 8.895833
0.006160 -0.001846 8.895833
0.006282 -0.001692 8.895833
0.006427 -0.001560 8.895833
0.006554 -0.001410 8.895833
0.006696 -0.001274 8.895833
0.006828 -0.001129 8.895833
0.006969 -0.000992 8.895833
0.007100 -0.000846 8.895833
0.007237 -0.000705 8.895833
0.007372 -0.000563 8.895833
0.007503 -0.000416 8.895833
0.007636 -0.000272 8.895833
0.007669 -0.000078 8.895833

