0.006500 -0.000000 3.602431
0.006445 0.000155 3.602431
0.006342 0.000284 3.602431
0.006240 0.000413 3.602431
0.006136 0.000540 3.602431
0.006031 0.000667 3.602431
0.005930 0.000796 3.602431
0.005830 0.000927 3.602431
0.005726 0.001055 3.602431
0.005619 0.001179 3.602431
0.005516 0.001307 3.602431
0.005417 0.001439 3.602431
0.005319 0.001571 3.602431
0.005213 0.001697 3.602431
0.005106 0.001822 3.602431
0.004997 0.001945 3.602431
0.004899 0.002077 3.602431
0.004800 0.002209 3.602431
0.004704 0.002342 3.602431
0.004600 0.002470 3.602431
0.004492 0.002593 3.602431
0.004439 0.002749 3.602431
0.004381 0.002903 3.602431
0.004313 0.003053 3.602431
0.004249 0.003204 3.602431
0.004183 0.003355 3.602431
0.004131 0.003511 3.602431
0.004076 0.003666 3.602431
0.004020 0.003821 3.602431
0.003954 0.003972 3.602431
0.003890 0.004123 3.602431
0.003831 0.004277 3.602431
0.003777 0.004432 3.602431
0.003718 0.004586 3.602431
0.003655 0.004737 3.602431
0.003593 0.004890 3.602431
0.003535 0.005044 3.602431
0.003477 0.005198 3.602431
0.003417 0.005351 3.602431
0.003357 0.005504 3.602431
0.003250 0.005629 3.602431
0.003088 0.005659 3.602431
0.002925 0.005634 3.602431
0.002763 0.005610 3.602431
0.002600 0.005583 3.602431
0.002438 0.005556 3.602431
0.002275 0.005534 3.602431
0.002112 0.005513 3.602431
0.001950 0.005487 3.602431
0.001788 0.005456 3.602431
0.001626 0.005430 3.602431
0.001462 0.005411 3.602431
0.001299 0.005392 3.602431
0.001137 0.005363 3.602431
0.000975 0.005333 3.602431
0.000814 0.005301 3.602431
0.000651 0.005282 3.602431
0.000487 0.005262 3.602431
0.000324 0.005245 3.602431
0.000161 0.005219 3.602431
-0.000000 0.005187 3.602431
-0.000161 0.005219 3.602431
-0.000324 0.005245 3.602431
-0.000487 0.005262 3.602431
-0.000651 0.005282 3.602431
-0.000814 0.005301 3.602431
-0.000975 0.005333 3.602431
-0.001137 0.005363 3.602431
-0.001299 0.005392 3.602431
-0.001462 0.005411 3.602431
-0.001626 0.005430 3.602431
-0.001788 0.005456 3.602431
-0.001950 0.005487 3.602431
-0.002112 0.005513 3.602431
-0.002275 0.005534 3.602431
-0.002438 0.005556 3.602431
-0.002600 0.005583 3.602431
-0.002763 0.005610 3.602431
-0.002925 0.005634 3.602431
-0.003088 0.005659 3.602431
-0.003250 0.005629 3.602431
-0.003357 0.005504 3.602431
-0.003417 0.005351 3.602431
-0.003477 0.005198 3.602431
-0.003535 0.005044 3.602431
-0.003593 0.004890 3.602431
-0.003655 0.004737 3.602431
-0.003718 0.004586 3.602431
-0.003777 0.004432 3.602431
-0.003831 0.004277 3.602431
-0.003890 0.004123 3.602431
-0.003954 0.003972 3.602431
-0.004020 0.003821 3.602431
-0.004076 0.003666 3.602431
-0.004131 0.003511 3.602431
-0.004183 0.003355 3.602431
-0.004249 0.003204 3.602431
-0.004313 0.003053 3.602431
-0.004381 0.002903 3.602431
-0.004439 0.002749 3.602431
-0.004492 0.002593 3.602431
-0.004600 0.002470 3.602431
-0.004704 0.002342 3.602431
-0.004800 0.002209 3.602431
-0.004899 0.002077 3.602431
-0.004997 0.001945 3.602431
-0.005106 0.001822 3.602431
-0.005213 0.001697 3.602431
-0.005319 0.001571 3.602431
-0.005417 0.001439 3.602431
-0.005516 0.001307 3.602431
-0.005619 0.001179 3.602431
-0.005726 0.001055 3.602431
-0.005830 0.000927 3.602431
-0.005930 0.000796 3.602431
-0.006031 0.000667 3.602431
-0.006136 0.000540 3.602431
-0.006240 0.000413 3.602431
-0.006342 0.000284 3.602431
-0.006445 0.000155 3.602431
-0.006500 0.000000 3.602431
-0.006445 -0.000155 3.602431
-0.006342 -0.000284 3.602431
-0.006240 -0.000413 3.602431
-0.006136 -0.000540 3.602431
-0.006031 -0.000667 3.602431
-0.005930 -0.000796 3.602431
-0.005830 -0.000927 3.602431
-0.005726 -0.001055 3.602431
-0.005619 -0.001179 3.602431
-0.005516 -0.001307 3.602431
-0.005417 -0.001439 3.602431
-0.005319 -0.001571 3.602431
-0.005213 -0.001697 3.602431
-0.005106 -0.001822 3.602431
-0.004997 -0.001945 3.602431
-0.004899 -0.002077 3.602431
-0.004800 -0.002209 3.602431
-0.004704 -0.002342 3.602431
-0.004600 -0.002470 3.602431
-0.004492 -0.002593 3.602431
-0.004439 -0.002749 3.602431
-0.004381 -0.002903 3.602431
-0.004313 -0.003053 3.602431
-0.004249 -0.003204 3.602431
-0.004183 -0.003355 3.602431
-0.004131 -0.003511 3.602431
-0.004076 -0.003666 3.602431
-0.004020 -0.003821 3.602431
-0.003954 -0.003972 3.602431
-0.003890 -0.004123 3.602431
-0.003831 -0.004277 3.602431
-0.003777 -0.004432 3.602431
-0.003718 -0.004586 3.602431
-0.003655 -0.004737 3.602431
-0.003593 -0.004890 3.602431
-0.003535 -0.005044 3.602431
-0.003477 -0.005198 3.602431
-0.003417 -0.005351 3.602431
-0.003357 -0.005504 3.602431
-0.003250 -0.005629 3.602431
-0.003088 -0.005659 3.602431
-0.002925 -0.005634 3.602431
-0.002763 -0.005610 3.602431
-0.002600 -0.005583 3.602431
-0.002438 -0.005556 3.602431
-0.002275 -0.005534 3.602431
-0.002112 -0.005513 3.602431
-0.001950 -0.005487 3.602431
-0.001788 -0.005456 3.602431
-0.001626 -0.005430 3.602431
-0.001462 -0.005411 3.602431
-0.001299 -0.005392 3.602431
-0.001137 -0.005363 3.602431
-0.000975 -0.005333 3.602431
-0.000814 -0.005301 3.602431
-0.000651 -0.005282 3.602431
-0.000487 -0.005262 3.602431
-0.000324 -0.005245 3.602431
-0.000161 -0.005219 3.602431
0.000000 -0.005187 3.602431
0.000161 -0.005219 3.602431
0.000324 -0.005245 3.602431
0.000487 -0.005262 3.602431
0.000651 -0.005282 3.602431
0.000814 -0.005301 3.602431
0.000975 -0.005333 3.602431
0.001137 -0.005363 3.602431
0.001299 -0.005392 3.602431
0.001462 -0.005411 3.602431
0.001626 -0.005430 3.602431
0.001788 -0.005456 3.602431
0.001950 -0.005487 3.602431
0.002112 -0.005513 3.602431
0.002275 -0.005534 3.602431
0.002438 -0.005556 3.602431
0.002600 -0.005583 3.602431
0.002763 -0.005610 3.602431
0.002925 -0.005634 3.602431
0.003088 -0.005659 3.602431
0.003250 -0.005629 3.602431
0.003357 -0.005504 3.602431
0.003417 -0.005351 3.602431
0.003477 -0.005198 3.602431
0.003535 -0.005044 3.602431
0.003593 -0.004890 3.602431
0.003655 -0.004737 3.602431
0.003718 -0.004586 3.602431
0.003777 -0.004432 3.602431
0.003831 -0.004277 3.602431
0.003890 -0.004123 3.602431
0.003954 -0.003972 3.602431
0.004020 -0.003821 3.602431
0.004076 -0.003666 3.602431
0.004131 -0.003511 3.602431
0.004183 -0.003355 3.602431
0.004249 -0.003204 3.602431
0.004313 -0.003053 3.602431
0.004381 -0.002903 3.602431
0.004439 -0.002749 3.602431
0.004492 -0.002593 3.602431
0.004600 -0.002470 3.602431
0.004704 -0.002342 3.602431
0.004800 -0.002209 3.602431
0.004899 -0.002077 3.602431
0.004997 -0.001945 3.602431
0.005106 -0.001822 3.602431
0.005213 -0.001697 3.602431
0.005319 -0.001571 3.602431
0.005417 -0.001439 3.602431
0.005516 -0.001307 3.602431
0.005619 -0.001179 3.602431
0.005726 -0.001055 3.602431
0.005830 -0.000927 3.602431
0.005930 -0.000796 3.602431
0.006031 -0.000667 3.602431
0.006136 -0.000540 3.602431
0.006240 -0.000413 3.602431
0.006342 -0.000284 3.602431
0.006445 -0.000155 3.602431
0.006500 -0.000000 3.602431

