0.006812 -0.000000 5.138889
0.006753 0.000162 5.138889
0.006647 0.000298 5.138889
0.006538 0.000431 5.138889
0.006432 0.000566 5.138889
0.006324 0.000701 5.138889
0.006219 0.000838 5.138889
0.006107 0.000968 5.138889
0.005999 0.001103 5.138889
0.005893 0.001239 5.138889
0.005788 0.001376 5.138889
0.005680 0.001510 5.138889
0.005567 0.001639 5.138889
0.005461 0.001776 5.138889
0.005357 0.001913 5.138889
0.005251 0.002049 5.138889
0.005142 0.002182 5.138889
0.005028 0.002311 5.138889
0.004921 0.002447 5.138889
0.004820 0.002586 5.138889
0.004713 0.002721 5.138889
0.004649 0.002881 5.138889
0.004580 0.003039 5.138889
0.004515 0.003199 5.138889
0.004461 0.003362 5.138889
0.004400 0.003523 5.138889
0.004335 0.003683 5.138889
0.004269 0.003842 5.138889
0.004203 0.004001 5.138889
0.004147 0.004164 5.138889
0.004086 0.004325 5.138889
0.004020 0.004484 5.138889
0.003955 0.004644 5.138889
0.003892 0.004804 5.138889
0.003835 0.004967 5.138889
0.003769 0.005126 5.138889
0.003706 0.005287 5.138889
0.003642 0.005446 5.138889
0.003582 0.005608 5.138889
0.003517 0.005768 5.138889
0.003406 0.005899 5.138889
0.003236 0.005930 5.138889
0.003066 0.005905 5.138889
0.002896 0.005877 5.138889
0.002725 0.005853 5.138889
0.002555 0.005827 5.138889
0.002384 0.005805 5.138889
0.002215 0.005773 5.138889
0.002044 0.005747 5.138889
0.001874 0.005723 5.138889
0.001703 0.005701 5.138889
0.001533 0.005674 5.138889
0.001364 0.005640 5.138889
0.001193 0.005618 5.138889
0.001022 0.005596 5.138889
0.000851 0.005572 5.138889
0.000681 0.005545 5.138889
0.000512 0.005510 5.138889
0.000342 0.005485 5.138889
0.000171 0.005467 5.138889
-0.000000 0.005442 5.138889
-0.000171 0.005467 5.138889
-0.000342 0.005485 5.138889
-0.000512 0.005510 5.138889
-0.000681 0.005545 5.138889
-0.000851 0.005572 5.138889
-0.001022 0.005596 5.138889
-0.001193 0.005618 5.138889
-0.001364 0.005640 5.138889
-0.001533 0.005674 5.138889
-0.001703 0.005701 5.138889
-0.001874 0.005723 5.138889
-0.002044 0.005747 5.138889
-0.002215 0.005773 5.138889
-0.002384 0.005805 5.138889
-0.002555 0.005827 5.138889
-0.002725 0.005853 5.138889
-0.002896 0.005877 5.138889
-0.003066 0.005905 5.138889
-0.003236 0.005929 5.138889
-0.003406 0.005899 5.138889
-0.003518 0.005768 5.138889
-0.003582 0.005608 5.138889
-0.003642 0.005447 5.138889
-0.003707 0.005287 5.138889
-0.003769 0.005126 5.138889
-0.003835 0.004967 5.138889
-0.003892 0.004804 5.138889
-0.003955 0.004644 5.138889
-0.004020 0.004484 5.138889
-0.004086 0.004325 5.138889
-0.004147 0.004164 5.138889
-0.004203 0.004001 5.138889
-0.004269 0.003842 5.138889
-0.004335 0.003683 5.138889
-0.004400 0.003523 5.138889
-0.004461 0.003362 5.138889
-0.004515 0.003199 5.138889
-0.004580 0.003039 5.138889
-0.004649 0.002881 5.138889
-0.004713 0.002721 5.138889
-0.004820 0.002586 5.138889
-0.004921 0.002447 5.138889
-0.005028 0.002311 5.138889
-0.005142 0.002182 5.138889
-0.005251 0.002049 5.138889
-0.005357 0.001913 5.138889
-0.005461 0.001776 5.138889
-0.005567 0.001639 5.138889
-0.005680 0.001510 5.138889
-0.005788 0.001376 5.138889
-0.005894 0.001239 5.138889
-0.005999 0.001103 5.138889
-0.006107 0.000968 5.138889
-0.006219 0.000838 5.138889
-0.006324 0.000701 5.138889
-0.006432 0.000567 5.138889
-0.006538 0.000431 5.138889
-0.006647 0.000298 5.138889
-0.006754 0.000162 5.138889
-0.006812 0.000000 5.138889
-0.006753 -0.000162 5.138889
-0.006647 -0.000298 5.138889
-0.006538 -0.000431 5.138889
-0.006432 -0.000567 5.138889
-0.006324 -0.000701 5.138889
-0.006219 -0.000838 5.138889
-0.006107 -0.000968 5.138889
-0.005999 -0.001103 5.138889
-0.005893 -0.001239 5.138889
-0.005788 -0.001376 5.138889
-0.005680 -0.001510 5.138889
-0.005567 -0.001639 5.138889
-0.005461 -0.001776 5.138889
-0.005357 -0.001913 5.138889
-0.005251 -0.002049 5.138889
-0.005142 -0.002182 5.138889
-0.005028 -0.002311 5.138889
-0.004921 -0.002447 5.138889
-0.004820 -0.002586 5.138889
-0.004713 -0.002721 5.138889
-0.004649 -0.002881 5.138889
-0.004580 -0.003039 5.138889
-0.004515 -0.003199 5.138889
-0.004461 -0.003362 5.138889
-0.004400 -0.003523 5.138889
-0.004335 -0.003683 5.138889
-0.004269 -0.003842 5.138889
-0.004203 -0.004001 5.138889
-0.004147 -0.004164 5.138889
-0.004086 -0.004325 5.138889
-0.004020 -0.004484 5.138889
-0.003955 -0.004644 5.138889
-0.003892 -0.004804 5.138889
-0.003835 -0.004967 5.138889
-0.003769 -0.005126 5.138889
-0.003707 -0.005287 5.138889
-0.003642 -0.005447 5.138889
-0.003582 -0.005608 5.138889
-0.003518 -0.005768 5.138889
-0.003406 -0.005899 5.138889
-0.003236 -0.005929 5.138889
-0.003066 -0.005905 5.138889
-0.002896 -0.005877 5.138889
-0.002725 -0.005853 5.138889
-0.002555 -0.005827 5.138889
-0.002384 -0.005805 5.138889
-0.002215 -0.005773 5.138889
-0.002044 -0.005747 5.138889
-0.001874 -0.005723 5.138889
-0.001703 -0.005701 5.138889
-0.001533 -0.005674 5.138889
-0.001364 -0.005640 5.138889
-0.001193 -0.005618 5.138889
-0.001022 -0.005596 5.138889
-0.000851 -0.005572 5.138889
-0.000681 -0.005545 5.138889
-0.000512 -0.005510 5.138889
-0.000342 -0.005485 5.138889
-0.000171 -0.005467 5.138889
0.000000 -0.005442 5.138889
0.000171 -0.005467 5.138889
0.000342 -0.005485 5.138889
0.000512 -0.005510 5.138889
0.000681 -0.005545 5.138889
0.000851 -0.005572 5.138889
0.001022 -0.005596 5.138889
0.001193 -0.005618 5.138889
0.001364 -0.005640 5.138889
0.001533 -0.005674 5.138889
0.001703 -0.005701 5.138889
0.001874 -0.005724 5.138889
0.002044 -0.005747 5.138889
0.002215 -0.005773 5.138889
0.002384 -0.005805 5.138889
0.002555 -0.005827 5.138889
0.002725 -0.005853 5.138889
0.002896 -0.005878 5.138889
0.003066 -0.005906 5.138889
0.003236 -0.005931 5.138889
0.003406 -0.005899 5.138889
0.003516 -0.005767 5.138889
0.003581 -0.005608 5.138889
0.003642 -0.005446 5.138889
0.003706 -0.005287 5.138889
0.003769 -0.005126 5.138889
0.003835 -0.004967 5.138889
0.003892 -0.004804 5.138889
0.003955 -0.004644 5.138889
0.004020 -0.004484 5.138889
0.004086 -0.004325 5.138889
0.004147 -0.004164 5.138889
0.004203 -0.004001 5.138889
0.004269 -0.003842 5.138889
0.004335 -0.003683 5.138889
0.004400 -0.003523 5.138889
0.004461 -0.003362 5.138889
0.004515 -0.003199 5.138889
0.004580 -0.003039 5.138889
0.004649 -0.002881 5.138889
0.004713 -0.002721 5.138889
0.004820 -0.002586 5.138889
0.004921 -0.002447 5.138889
0.005028 -0.002311 5.138889
0.005142 -0.002182 5.138889
0.005251 -0.002049 5.138889
0.005357 -0.001913 5.138889
0.005461 -0.001776 5.138889
0.005567 -0.001639 5.138889
0.005680 -0.001510 5.138889
0.005788 -0.001376 5.138889
0.005894 -0.001239 5.138889
0.005999 -0.001103 5.138889
0.006107 -0.000968 5.138889
0.006219 -0.000838 5.138889
0.006324 -0.000701 5.138889
0.006432 -0.000567 5.138889
0.006538 -0.000431 5.138889
0.006648 -0.000298 5.138889
0.006754 -0.000163 5.138889
0.006812 -0.000000 5.138889

