0.006324 -0.000000 2.741319
0.006270 0.000151 2.741319
0.006170 0.000276 2.741319
0.006071 0.000402 2.741319
0.005969 0.000526 2.741319
0.005866 0.000648 2.741319
0.005767 0.000775 2.741319
0.005672 0.000903 2.741319
0.005572 0.001029 2.741319
0.005467 0.001149 2.741319
0.005362 0.001270 2.741319
0.005263 0.001397 2.741319
0.005170 0.001527 2.741319
0.005075 0.001656 2.741319
0.004973 0.001779 2.741319
0.004866 0.001899 2.741319
0.004759 0.002017 2.741319
0.004651 0.002136 2.741319
0.004548 0.002259 2.741319
0.004447 0.002383 2.741319
0.004355 0.002515 2.741319
0.004288 0.002660 2.741319
0.004230 0.002809 2.741319
0.004176 0.002960 2.741319
0.004126 0.003112 2.741319
0.004078 0.003265 2.741319
0.004028 0.003417 2.741319
0.003971 0.003567 2.741319
0.003907 0.003714 2.741319
0.003841 0.003860 2.741319
0.003781 0.004008 2.741319
0.003729 0.004160 2.741319
0.003677 0.004311 2.741319
0.003618 0.004460 2.741319
0.003554 0.004607 2.741319
0.003495 0.004756 2.741319
0.003440 0.004907 2.741319
0.003384 0.005057 2.741319
0.003324 0.005205 2.741319
0.003266 0.005355 2.741319
0.003162 0.005476 2.741319
0.003004 0.005505 2.741319
0.002846 0.005482 2.741319
0.002687 0.005459 2.741319
0.002529 0.005433 2.741319
0.002372 0.005405 2.741319
0.002213 0.005382 2.741319
0.002054 0.005364 2.741319
0.001895 0.005340 2.741319
0.001738 0.005309 2.741319
0.001581 0.005279 2.741319
0.001422 0.005257 2.741319
0.001263 0.005241 2.741319
0.001104 0.005223 2.741319
0.000946 0.005197 2.741319
0.000789 0.005164 2.741319
0.000632 0.005130 2.741319
0.000476 0.005096 2.741319
0.000318 0.005068 2.741319
0.000160 0.005043 2.741319
-0.000000 0.005029 2.741319
-0.000160 0.005043 2.741319
-0.000318 0.005068 2.741319
-0.000476 0.005096 2.741319
-0.000632 0.005130 2.741319
-0.000789 0.005164 2.741319
-0.000946 0.005197 2.741319
-0.001104 0.005223 2.741319
-0.001263 0.005241 2.741319
-0.001422 0.005257 2.741319
-0.001581 0.005279 2.741319
-0.001738 0.005309 2.741319
-0.001895 0.005340 2.741319
-0.002054 0.005364 2.741319
-0.002213 0.005382 2.741319
-0.002372 0.005405 2.741319
-0.002529 0.005433 2.741319
-0.002687 0.005459 2.741319
-0.002846 0.005482 2.741319
-0.003004 0.005505 2.741319
-0.003162 0.005476 2.741319
-0.003266 0.005355 2.741319
-0.003324 0.005205 2.741319
-0.003384 0.005057 2.741319
-0.003440 0.004907 2.741319
-0.003495 0.004756 2.741319
-0.003554 0.004607 2.741319
-0.003618 0.004460 2.741319
-0.003677 0.004311 2.741319
-0.003729 0.004160 2.741319
-0.003781 0.004008 2.741319
-0.003841 0.003860 2.741319
-0.003907 0.003714 2.741319
-0.003971 0.003567 2.741319
-0.004028 0.003417 2.741319
-0.004078 0.003265 2.741319
-0.004126 0.003112 2.741319
-0.004176 0.002960 2.741319
-0.004230 0.002809 2.741319
-0.004288 0.002660 2.741319
-0.004355 0.002515 2.741319
-0.004447 0.002383 2.741319
-0.004548 0.002259 2.741319
-0.004651 0.002136 2.741319
-0.004759 0.002017 2.741319
-0.004866 0.001899 2.741319
-0.004973 0.001779 2.741319
-0.005075 0.001656 2.741319
-0.005170 0.001527 2.741319
-0.005263 0.001397 2.741319
-0.005362 0.001270 2.741319
-0.005467 0.001149 2.741319
-0.005572 0.001029 2.741319
-0.005672 0.000903 2.741319
-0.005767 0.000775 2.741319
-0.005866 0.000648 2.741319
-0.005969 0.000526 2.741319
-0.006071 0.000402 2.741319
-0.006170 0.000276 2.741319
-0.006270 0.000151 2.741319
-0.006324 0.000000 2.741319
-0.006270 -0.000151 2.741319
-0.006170 -0.000276 2.741319
-0.006071 -0.000402 2.741319
-0.005969 -0.000526 2.741319
-0.005866 -0.000648 2.741319
-0.005767 -0.000775 2.741319
-0.005672 -0.000903 2.741319
-0.005572 -0.001029 2.741319
-0.005467 -0.001149 2.741319
-0.005362 -0.001270 2.741319
-0.005263 -0.001397 2.741319
-0.005170 -0.001527 2.741319
-0.005075 -0.001656 2.741319
-0.004973 -0.001779 2.741319
-0.004866 -0.001899 2.741319
-0.004759 -0.002017 2.741319
-0.004651 -0.002136 2.741319
-0.004548 -0.002259 2.741319
-0.004447 -0.002383 2.741319
-0.004355 -0.002515 2.741319
-0.004288 -0.002660 2.741319
-0.004230 -0.002809 2.741319
-0.004176 -0.002960 2.741319
-0.004126 -0.003112 2.741319
-0.004078 -0.003265 2.741319
-0.004028 -0.003417 2.741319
-0.003971 -0.003567 2.741319
-0.003907 -0.003714 2.741319
-0.003841 -0.003860 2.741319
-0.003781 -0.004008 2.741319
-0.003729 -0.004160 2.741319
-0.003677 -0.004311 2.741319
-0.003618 -0.004460 2.741319
-0.003554 -0.004607 2.741319
-0.003495 -0.004756 2.741319
-0.003440 -0.004907 2.741319
-0.003384 -0.005057 2.741319
-0.003324 -0.005205 2.741319
-0.003266 -0.005355 2.741319
-0.003162 -0.005476 2.741319
-0.003004 -0.005505 2.741319
-0.002846 -0.005482 2.741319
-0.002687 -0.005459 2.741319
-0.002529 -0.005433 2.741319
-0.002372 -0.005405 2.741319
-0.002213 -0.005382 2.741319
-0.002054 -0.005364 2.741319
-0.001895 -0.005340 2.741319
-0.001738 -0.005309 2.741319
-0.001581 -0.005279 2.741319
-0.001422 -0.005257 2.741319
-0.001263 -0.005241 2.741319
-0.001104 -0.005223 2.741319
-0.000946 -0.005197 2.741319
-0.000789 -0.005164 2.741319
-0.000632 -0.005130 2.741319
-0.000476 -0.005096 2.741319
-0.000318 -0.005068 2.741319
-0.000160 -0.005043 2.741319
0.000000 -0.005029 2.741319
0.000160 -0.005043 2.741319
0.000318 -0.005068 2.741319
0.000476 -0.005096 2.741319
0.000632 -0.005130 2.741319
0.000789 -0.005164 2.741319
0.000946 -0.005197 2.741319
0.001104 -0.005223 2.741319
0.001263 -0.005241 2.741319
0.001422 -0.005257 2.741319
0.001581 -0.005279 2.741319
0.001738 -0.005309 2.741319
0.001895 -0.005340 2.741319
0.002054 -0.005364 2.741319
0.002213 -0.005382 2.741319
0.002372 -0.005405 2.741319
0.002529 -0.005433 2.741319
0.002687 -0.005459 2.741319
0.002846 -0.005482 2.741319
0.003004 -0.005505 2.741319
0.003162 -0.005476 2.741319
0.003266 -0.005355 2.741319
0.003324 -0.005205 2.741319
0.003384 -0.005057 2.741319
0.003440 -0.004907 2.741319
0.003495 -0.004756 2.741319
0.003554 -0.004607 2.741319
0.003618 -0.004460 2.741319
0.003677 -0.004311 2.741319
0.003729 -0.004160 2.741319
0.003781 -0.004008 2.741319
0.003841 -0.003860 2.741319
0.003907 -0.003714 2.741319
0.003971 -0.003567 2.741319
0.004028 -0.003417 2.741319
0.004078 -0.003265 2.741319
0.004126 -0.003112 2.741319
0.004176 -0.002960 2.741319
0.004230 -0.002809 2.741319
0.004288 -0.002660 2.741319
0.004355 -0.002515 2.741319
0.004447 -0.002383 2.741319
0.004548 -0.002259 2.741319
0.004651 -0.002136 2.741319
0.004759 -0.002017 2.741319
0.004866 -0.001899 2.741319
0.004973 -0.001779 2.741319
0.005075 -0.001656 2.741319
0.005170 -0.001527 2.741319
0.005263 -0.001397 2.741319
0.005362 -0.001270 2.741319
0.005467 -0.001149 2.741319
0.005572 -0.001029 2.741319
0.005672 -0.000903 2.741319
0.005767 -0.000775 2.741319
0.005866 -0.000648 2.741319
0.005969 -0.000526 2.741319
0.006071 -0.000402 2.741319
0.006170 -0.000276 2.741319
0.006270 -0.000151 2.741319
0.006324 -0.000000 2.741319

