0.007619 -0.000080 8.671875
0.007485 0.000061 8.671875
0.007350 0.000202 8.671875
0.007218 0.000346 8.671875
0.007083 0.000485 8.671875
0.006949 0.000627 8.671875
0.006822 0.000775 8.671875
0.006695 0.000924 8.671875
0.006562 0.001066 8.671875
0.006436 0.001215 8.671875
0.006305 0.001358 8.671875
0.006185 0.001512 8.671875
0.006065 0.001666 8.671875
0.005978 0.001840 8.671875
0.005856 0.001992 8.671875
0.005761 0.002163 8.671875
0.005636 0.002312 8.671875
0.005531 0.002476 8.671875
0.005411 0.002630 8.671875
0.005307 0.002794 8.671875
0.005180 0.002942 8.671875
0.005098 0.003119 8.671875
0.005034 0.003303 8.671875
0.004944 0.003476 8.671875
0.004880 0.003660 8.671875
0.004798 0.003837 8.671875
0.004730 0.004020 8.671875
0.004637 0.004191 8.671875
0.004584 0.004379 8.671875
0.004505 0.004557 8.671875
0.004448 0.004743 8.671875
0.004379 0.004926 8.671875
0.004327 0.005114 8.671875
0.004271 0.005300 8.671875
0.004224 0.005490 8.671875
0.004167 0.005676 8.671875
0.004112 0.005863 8.671875
0.004058 0.006050 8.671875
0.003997 0.006235 8.671875
0.003939 0.006421 8.671875
0.003788 0.006545 8.671875
0.003599 0.006496 8.671875
0.003410 0.006448 8.671875
0.003219 0.006408 8.671875
0.003030 0.006364 8.671875
0.002840 0.006319 8.671875
0.002650 0.006277 8.671875
0.002461 0.006228 8.671875
0.002270 0.006187 8.671875
0.002079 0.006150 8.671875
0.001885 0.006133 8.671875
0.001691 0.006111 8.671875
0.001496 0.006105 8.671875
0.001302 0.006085 8.671875
0.001108 0.006104 8.671875
0.000918 0.006064 8.671875
0.000723 0.006049 8.671875
0.000531 0.006014 8.671875
0.000337 0.006009 8.671875
0.000145 0.005970 8.671875
-0.000049 0.005956 8.671875
-0.000240 0.005994 8.671875
-0.000435 0.006000 8.671875
-0.000628 0.006029 8.671875
-0.000822 0.006037 8.671875
-0.001013 0.006076 8.671875
-0.001208 0.006062 8.671875
-0.001402 0.006082 8.671875
-0.001596 0.006095 8.671875
-0.001787 0.006136 8.671875
-0.001980 0.006158 8.671875
-0.002170 0.006201 8.671875
-0.002363 0.006229 8.671875
-0.002555 0.006264 8.671875
-0.002748 0.006293 8.671875
-0.002939 0.006329 8.671875
-0.003128 0.006378 8.671875
-0.003317 0.006428 8.671875
-0.003507 0.006470 8.671875
-0.003696 0.006516 8.671875
-0.003886 0.006559 8.671875
-0.004036 0.006434 8.671875
-0.004094 0.006248 8.671875
-0.004153 0.006062 8.671875
-0.004206 0.005874 8.671875
-0.004262 0.005688 8.671875
-0.004318 0.005501 8.671875
-0.004365 0.005312 8.671875
-0.004421 0.005125 8.671875
-0.004473 0.004937 8.671875
-0.004533 0.004752 8.671875
-0.004582 0.004563 8.671875
-0.004649 0.004380 8.671875
-0.004688 0.004189 8.671875
-0.004775 0.004015 8.671875
-0.004826 0.003826 8.671875
-0.004906 0.003649 8.671875
-0.004961 0.003462 8.671875
-0.005051 0.003289 8.671875
-0.005107 0.003102 8.671875
-0.005194 0.002928 8.671875
-0.005327 0.002786 8.671875
-0.005431 0.002621 8.671875
-0.005560 0.002474 8.671875
-0.005667 0.002312 8.671875
-0.005803 0.002172 8.671875
-0.005904 0.002005 8.671875
-0.006039 0.001865 8.671875
-0.006159 0.001711 8.671875
-0.006296 0.001573 8.671875
-0.006417 0.001420 8.671875
-0.006555 0.001282 8.671875
-0.006684 0.001136 8.671875
-0.006823 0.000999 8.671875
-0.006957 0.000858 8.671875
-0.007089 0.000714 8.671875
-0.007224 0.000573 8.671875
-0.007358 0.000432 8.671875
-0.007488 0.000287 8.671875
-0.007621 0.000144 8.671875
-0.007654 -0.000048 8.671875
-0.007518 -0.000187 8.671875
-0.007380 -0.000325 8.671875
-0.007248 -0.000468 8.671875
-0.007119 -0.000614 8.671875
-0.006990 -0.000760 8.671875
-0.006858 -0.000904 8.671875
-0.006713 -0.001034 8.671875
-0.006576 -0.001173 8.671875
-0.006434 -0.001306 8.671875
-0.006308 -0.001455 8.671875
-0.006174 -0.001596 8.671875
-0.006059 -0.001754 8.671875
-0.005934 -0.001904 8.671875
-0.005844 -0.002076 8.671875
-0.005722 -0.002228 8.671875
-0.005611 -0.002388 8.671875
-0.005485 -0.002537 8.671875
-0.005383 -0.002704 8.671875
-0.005256 -0.002851 8.671875
-0.005148 -0.003013 8.671875
-0.005093 -0.003200 8.671875
-0.005007 -0.003375 8.671875
-0.004945 -0.003560 8.671875
-0.004869 -0.003740 8.671875
-0.004818 -0.003928 8.671875
-0.004737 -0.004105 8.671875
-0.004683 -0.004292 8.671875
-0.004615 -0.004475 8.671875
-0.004573 -0.004665 8.671875
-0.004502 -0.004847 8.671875
-0.004454 -0.005036 8.671875
-0.004390 -0.005220 8.671875
-0.004342 -0.005409 8.671875
-0.004289 -0.005596 8.671875
-0.004234 -0.005783 8.671875
-0.004178 -0.005970 8.671875
-0.004123 -0.006157 8.671875
-0.004061 -0.006342 8.671875
-0.004004 -0.006528 8.671875
-0.003856 -0.006655 8.671875
-0.003666 -0.006612 8.671875
-0.003477 -0.006564 8.671875
-0.003288 -0.006516 8.671875
-0.003100 -0.006464 8.671875
-0.002910 -0.006421 8.671875
-0.002717 -0.006393 8.671875
-0.002525 -0.006360 8.671875
-0.002335 -0.006317 8.671875
-0.002145 -0.006273 8.671875
-0.001957 -0.006220 8.671875
-0.001766 -0.006182 8.671875
-0.001577 -0.006133 8.671875
-0.001385 -0.006102 8.671875
-0.001193 -0.006066 8.671875
-0.000999 -0.006064 8.671875
-0.000805 -0.006038 8.671875
-0.000611 -0.006024 8.671875
-0.000417 -0.006003 8.671875
-0.000223 -0.005990 8.671875
-0.000029 -0.005965 8.671875
0.000164 -0.005993 8.671875
0.000356 -0.006025 8.671875
0.000550 -0.006046 8.671875
0.000740 -0.006088 8.671875
0.000932 -0.006119 8.671875
0.001123 -0.006159 8.671875
0.001317 -0.006183 8.671875
0.001503 -0.006241 8.671875
0.001694 -0.006281 8.671875
0.001882 -0.006330 8.671875
0.002072 -0.006374 8.671875
0.002262 -0.006419 8.671875
0.002451 -0.006464 8.671875
0.002639 -0.006515 8.671875
0.002829 -0.006559 8.671875
0.003019 -0.006603 8.671875
0.003208 -0.006651 8.671875
0.003399 -0.006691 8.671875
0.003589 -0.006734 8.671875
0.003772 -0.006666 8.671875
0.003828 -0.006480 8.671875
0.003883 -0.006293 8.671875
0.003940 -0.006106 8.671875
0.003991 -0.005918 8.671875
0.004041 -0.005730 8.671875
0.004102 -0.005545 8.671875
0.004172 -0.005363 8.671875
0.004235 -0.005178 8.671875
0.004308 -0.004997 8.671875
0.004364 -0.004811 8.671875
0.004437 -0.004630 8.671875
0.004484 -0.004441 8.671875
0.004578 -0.004270 8.671875
0.004648 -0.004088 8.671875
0.004746 -0.003920 8.671875
0.004814 -0.003737 8.671875
0.004917 -0.003572 8.671875
0.004982 -0.003388 8.671875
0.005071 -0.003215 8.671875
0.005131 -0.003029 8.671875
0.005242 -0.002869 8.671875
0.005375 -0.002726 8.671875
0.005480 -0.002562 8.671875
0.005613 -0.002419 8.671875
0.005727 -0.002261 8.671875
0.005865 -0.002124 8.671875
0.005971 -0.001961 8.671875
0.006118 -0.001833 8.671875
0.006241 -0.001681 8.671875
0.006384 -0.001548 8.671875
0.006511 -0.001401 8.671875
0.006650 -0.001264 8.671875
0.006781 -0.001120 8.671875
0.006921 -0.000984 8.671875
0.007054 -0.000841 8.671875
0.007187 -0.000699 8.671875
0.007324 -0.000560 8.671875
0.007455 -0.000416 8.671875
0.007587 -0.000272 8.671875
0.007619 -0.000080 8.671875

