0.007089 -0.000060 6.609375
0.006978 0.000081 6.609375
0.006869 0.000224 6.609375
0.006774 0.000376 6.609375
0.006678 0.000528 6.609375
0.006582 0.000680 6.609375
0.006482 0.000829 6.609375
0.006379 0.000976 6.609375
0.006277 0.001124 6.609375
0.006166 0.001265 6.609375
0.006055 0.001405 6.609375
0.005947 0.001549 6.609375
0.005837 0.001691 6.609375
0.005727 0.001833 6.609375
0.005612 0.001971 6.609375
0.005497 0.002108 6.609375
0.005390 0.002253 6.609375
0.005282 0.002396 6.609375
0.005164 0.002531 6.609375
0.005053 0.002672 6.609375
0.004936 0.002808 6.609375
0.004861 0.002971 6.609375
0.004801 0.003141 6.609375
0.004740 0.003310 6.609375
0.004674 0.003477 6.609375
0.004601 0.003640 6.609375
0.004537 0.003808 6.609375
0.004476 0.003977 6.609375
0.004410 0.004144 6.609375
0.004343 0.004310 6.609375
0.004273 0.004476 6.609375
0.004207 0.004643 6.609375
0.004144 0.004811 6.609375
0.004071 0.004975 6.609375
0.004000 0.005140 6.609375
0.003930 0.005305 6.609375
0.003858 0.005470 6.609375
0.003789 0.005635 6.609375
0.003716 0.005799 6.609375
0.003652 0.005967 6.609375
0.003530 0.006099 6.609375
0.003350 0.006098 6.609375
0.003171 0.006089 6.609375
0.002992 0.006082 6.609375
0.002813 0.006066 6.609375
0.002634 0.006050 6.609375
0.002455 0.006031 6.609375
0.002277 0.006012 6.609375
0.002098 0.005993 6.609375
0.001921 0.005964 6.609375
0.001744 0.005938 6.609375
0.001565 0.005917 6.609375
0.001388 0.005892 6.609375
0.001210 0.005866 6.609375
0.001033 0.005834 6.609375
0.000856 0.005805 6.609375
0.000677 0.005787 6.609375
0.000500 0.005761 6.609375
0.000323 0.005728 6.609375
0.000147 0.005697 6.609375
-0.000032 0.005679 6.609375
-0.000209 0.005711 6.609375
-0.000386 0.005737 6.609375
-0.000562 0.005772 6.609375
-0.000741 0.005794 6.609375
-0.000919 0.005814 6.609375
-0.001096 0.005845 6.609375
-0.001273 0.005876 6.609375
-0.001451 0.005900 6.609375
-0.001628 0.005924 6.609375
-0.001807 0.005946 6.609375
-0.001984 0.005972 6.609375
-0.002162 0.005998 6.609375
-0.002341 0.006012 6.609375
-0.002520 0.006027 6.609375
-0.002699 0.006039 6.609375
-0.002878 0.006048 6.609375
-0.003057 0.006058 6.609375
-0.003237 0.006070 6.609375
-0.003413 0.006101 6.609375
-0.003590 0.006131 6.609375
-0.003717 0.006004 6.609375
-0.003766 0.005831 6.609375
-0.003823 0.005661 6.609375
-0.003878 0.005490 6.609375
-0.003941 0.005322 6.609375
-0.004005 0.005154 6.609375
-0.004072 0.004988 6.609375
-0.004143 0.004823 6.609375
-0.004205 0.004654 6.609375
-0.004270 0.004487 6.609375
-0.004340 0.004321 6.609375
-0.004406 0.004155 6.609375
-0.004473 0.003988 6.609375
-0.004534 0.003819 6.609375
-0.004597 0.003651 6.609375
-0.004670 0.003487 6.609375
-0.004737 0.003321 6.609375
-0.004797 0.003151 6.609375
-0.004858 0.002983 6.609375
-0.004930 0.002818 6.609375
-0.005045 0.002680 6.609375
-0.005158 0.002540 6.609375
-0.005275 0.002405 6.609375
-0.005384 0.002262 6.609375
-0.005490 0.002117 6.609375
-0.005605 0.001980 6.609375
-0.005721 0.001842 6.609375
-0.005831 0.001700 6.609375
-0.005941 0.001559 6.609375
-0.006049 0.001415 6.609375
-0.006162 0.001276 6.609375
-0.006275 0.001136 6.609375
-0.006380 0.000991 6.609375
-0.006488 0.000847 6.609375
-0.006598 0.000705 6.609375
-0.006707 0.000562 6.609375
-0.006819 0.000422 6.609375
-0.006931 0.000282 6.609375
-0.007051 0.000148 6.609375
-0.007079 -0.000029 6.609375
-0.006956 -0.000159 6.609375
-0.006847 -0.000302 6.609375
-0.006751 -0.000454 6.609375
-0.006651 -0.000603 6.609375
-0.006549 -0.000751 6.609375
-0.006444 -0.000896 6.609375
-0.006339 -0.001042 6.609375
-0.006234 -0.001187 6.609375
-0.006120 -0.001326 6.609375
-0.006009 -0.001467 6.609375
-0.005901 -0.001611 6.609375
-0.005790 -0.001752 6.609375
-0.005679 -0.001893 6.609375
-0.005563 -0.002030 6.609375
-0.005450 -0.002169 6.609375
-0.005345 -0.002315 6.609375
-0.005232 -0.002455 6.609375
-0.005118 -0.002593 6.609375
-0.004999 -0.002728 6.609375
-0.004897 -0.002876 6.609375
-0.004841 -0.003046 6.609375
-0.004771 -0.003212 6.609375
-0.004716 -0.003382 6.609375
-0.004644 -0.003547 6.609375
-0.004573 -0.003712 6.609375
-0.004512 -0.003881 6.609375
-0.004450 -0.004049 6.609375
-0.004383 -0.004216 6.609375
-0.004315 -0.004382 6.609375
-0.004246 -0.004548 6.609375
-0.004183 -0.004716 6.609375
-0.004121 -0.004884 6.609375
-0.004051 -0.005049 6.609375
-0.003986 -0.005217 6.609375
-0.003924 -0.005385 6.609375
-0.003865 -0.005555 6.609375
-0.003809 -0.005726 6.609375
-0.003750 -0.005895 6.609375
-0.003698 -0.006067 6.609375
-0.003562 -0.006184 6.609375
-0.003389 -0.006135 6.609375
-0.003216 -0.006088 6.609375
-0.003038 -0.006061 6.609375
-0.002860 -0.006044 6.609375
-0.002680 -0.006034 6.609375
-0.002501 -0.006021 6.609375
-0.002322 -0.006007 6.609375
-0.002143 -0.005994 6.609375
-0.001965 -0.005969 6.609375
-0.001788 -0.005943 6.609375
-0.001610 -0.005922 6.609375
-0.001432 -0.005898 6.609375
-0.001254 -0.005873 6.609375
-0.001077 -0.005842 6.609375
-0.000900 -0.005812 6.609375
-0.000722 -0.005792 6.609375
-0.000544 -0.005769 6.609375
-0.000367 -0.005736 6.609375
-0.000190 -0.005707 6.609375
-0.000013 -0.005679 6.609375
0.000165 -0.005702 6.609375
0.000343 -0.005732 6.609375
0.000519 -0.005765 6.609375
0.000697 -0.005790 6.609375
0.000875 -0.005809 6.609375
0.001052 -0.005839 6.609375
0.001229 -0.005870 6.609375
0.001407 -0.005896 6.609375
0.001584 -0.005921 6.609375
0.001762 -0.005944 6.609375
0.001940 -0.005972 6.609375
0.002117 -0.006003 6.609375
0.002295 -0.006026 6.609375
0.002472 -0.006053 6.609375
0.002649 -0.006084 6.609375
0.002825 -0.006118 6.609375
0.003000 -0.006158 6.609375
0.003176 -0.006196 6.609375
0.003350 -0.006240 6.609375
0.003523 -0.006193 6.609375
0.003584 -0.006024 6.609375
0.003639 -0.005854 6.609375
0.003710 -0.005688 6.609375
0.003786 -0.005526 6.609375
0.003868 -0.005366 6.609375
0.003948 -0.005206 6.609375
0.004026 -0.005044 6.609375
0.004106 -0.004883 6.609375
0.004174 -0.004717 6.609375
0.004240 -0.004550 6.609375
0.004311 -0.004385 6.609375
0.004379 -0.004219 6.609375
0.004447 -0.004053 6.609375
0.004510 -0.003885 6.609375
0.004571 -0.003716 6.609375
0.004642 -0.003551 6.609375
0.004714 -0.003386 6.609375
0.004770 -0.003216 6.609375
0.004839 -0.003050 6.609375
0.004895 -0.002880 6.609375
0.004997 -0.002732 6.609375
0.005115 -0.002596 6.609375
0.005230 -0.002458 6.609375
0.005342 -0.002318 6.609375
0.005447 -0.002173 6.609375
0.005561 -0.002034 6.609375
0.005676 -0.001896 6.609375
0.005788 -0.001756 6.609375
0.005899 -0.001615 6.609375
0.006007 -0.001471 6.609375
0.006119 -0.001331 6.609375
0.006234 -0.001193 6.609375
0.006342 -0.001050 6.609375
0.006452 -0.000908 6.609375
0.006564 -0.000768 6.609375
0.006679 -0.000630 6.609375
0.006798 -0.000496 6.609375
0.006917 -0.000361 6.609375
0.007043 -0.000233 6.609375
0.007089 -0.000060 6.609375

