0.008170 0.000000 11.472222
0.008026 0.000156 11.472222
0.007866 0.000297 11.472222
0.007719 0.000450 11.472222
0.007560 0.000592 11.472222
0.007415 0.000747 11.472222
0.007256 0.000889 11.472222
0.007126 0.001056 11.472222
0.006962 0.001192 11.472222
0.006832 0.001361 11.472222
0.006669 0.001497 11.472222
0.006529 0.001656 11.472222
0.006385 0.001813 11.472222
0.006250 0.001978 11.472222
0.006103 0.002131 11.472222
0.005952 0.002281 11.472222
0.005820 0.002447 11.472222
0.005673 0.002601 11.472222
0.005534 0.002762 11.472222
0.005424 0.002944 11.472222
0.005366 0.003148 11.472222
0.005286 0.003346 11.472222
0.005214 0.003546 11.472222
0.005171 0.003754 11.472222
0.005093 0.003952 11.472222
0.005046 0.004159 11.472222
0.004973 0.004359 11.472222
0.004927 0.004566 11.472222
0.004874 0.004772 11.472222
0.004799 0.004971 11.472222
0.004741 0.005176 11.472222
0.004668 0.005375 11.472222
0.004611 0.005580 11.472222
0.004533 0.005778 11.472222
0.004479 0.005983 11.472222
0.004391 0.006177 11.472222
0.004331 0.006381 11.472222
0.004239 0.006573 11.472222
0.004173 0.006775 11.472222
0.004090 0.006971 11.472222
0.003933 0.007115 11.472222
0.003736 0.007036 11.472222
0.003534 0.006969 11.472222
0.003334 0.006896 11.472222
0.003129 0.006839 11.472222
0.002927 0.006776 11.472222
0.002721 0.006721 11.472222
0.002514 0.006674 11.472222
0.002311 0.006611 11.472222
0.002102 0.006569 11.472222
0.001894 0.006527 11.472222
0.001692 0.006461 11.472222
0.001480 0.006441 11.472222
0.001296 0.006547 11.472222
0.001160 0.006710 11.472222
0.000983 0.006592 11.472222
0.000789 0.006504 11.472222
0.000590 0.006431 11.472222
0.000389 0.006360 11.472222
0.000184 0.006304 11.472222
-0.000021 0.006247 11.472222
-0.000228 0.006295 11.472222
-0.000426 0.006372 11.472222
-0.000631 0.006430 11.472222
-0.000822 0.006522 11.472222
-0.001007 0.006628 11.472222
-0.001123 0.006450 11.472222
-0.001327 0.006389 11.472222
-0.001538 0.006414 11.472222
-0.001746 0.006458 11.472222
-0.001946 0.006530 11.472222
-0.002156 0.006564 11.472222
-0.002357 0.006634 11.472222
-0.002566 0.006671 11.472222
-0.002774 0.006716 11.472222
-0.002978 0.006775 11.472222
-0.003185 0.006825 11.472222
-0.003383 0.006903 11.472222
-0.003587 0.006961 11.472222
-0.003780 0.007051 11.472222
-0.003973 0.007140 11.472222
-0.004146 0.007016 11.472222
-0.004228 0.006820 11.472222
-0.004300 0.006620 11.472222
-0.004398 0.006431 11.472222
-0.004462 0.006228 11.472222
-0.004559 0.006039 11.472222
-0.004610 0.005832 11.472222
-0.004697 0.005639 11.472222
-0.004745 0.005431 11.472222
-0.004824 0.005234 11.472222
-0.004876 0.005028 11.472222
-0.004955 0.004830 11.472222
-0.004993 0.004621 11.472222
-0.005061 0.004420 11.472222
-0.005124 0.004217 11.472222
-0.005175 0.004010 11.472222
-0.005246 0.003810 11.472222
-0.005272 0.003599 11.472222
-0.005362 0.003406 11.472222
-0.005392 0.003196 11.472222
-0.005478 0.003001 11.472222
-0.005637 0.002859 11.472222
-0.005763 0.002688 11.472222
-0.005923 0.002548 11.472222
-0.006065 0.002390 11.472222
-0.006200 0.002226 11.472222
-0.006358 0.002084 11.472222
-0.006497 0.001923 11.472222
-0.006656 0.001781 11.472222
-0.006783 0.001611 11.472222
-0.006944 0.001472 11.472222
-0.007073 0.001303 11.472222
-0.007233 0.001163 11.472222
-0.007367 0.000998 11.472222
-0.007528 0.000858 11.472222
-0.007670 0.000701 11.472222
-0.007832 0.000563 11.472222
-0.007973 0.000403 11.472222
-0.008123 0.000253 11.472222
-0.008171 0.000046 11.472222
-0.008022 -0.000106 11.472222
-0.007890 -0.000273 11.472222
-0.007748 -0.000431 11.472222
-0.007623 -0.000603 11.472222
-0.007483 -0.000763 11.472222
-0.007363 -0.000938 11.472222
-0.007213 -0.001089 11.472222
-0.007078 -0.001253 11.472222
-0.006916 -0.001391 11.472222
-0.006785 -0.001558 11.472222
-0.006638 -0.001712 11.472222
-0.006506 -0.001879 11.472222
-0.006341 -0.002013 11.472222
-0.006207 -0.002178 11.472222
-0.006047 -0.002317 11.472222
-0.005902 -0.002473 11.472222
-0.005752 -0.002624 11.472222
-0.005590 -0.002762 11.472222
-0.005482 -0.002945 11.472222
-0.005450 -0.003155 11.472222
-0.005368 -0.003351 11.472222
-0.005304 -0.003554 11.472222
-0.005259 -0.003762 11.472222
-0.005181 -0.003959 11.472222
-0.005148 -0.004169 11.472222
-0.005060 -0.004363 11.472222
-0.005029 -0.004573 11.472222
-0.004957 -0.004773 11.472222
-0.004910 -0.004981 11.472222
-0.004830 -0.005178 11.472222
-0.004780 -0.005385 11.472222
-0.004704 -0.005583 11.472222
-0.004657 -0.005791 11.472222
-0.004586 -0.005991 11.472222
-0.004541 -0.006199 11.472222
-0.004470 -0.006399 11.472222
-0.004426 -0.006607 11.472222
-0.004351 -0.006806 11.472222
-0.004304 -0.007014 11.472222
-0.004126 -0.007129 11.472222
-0.003920 -0.007077 11.472222
-0.003716 -0.007016 11.472222
-0.003507 -0.006976 11.472222
-0.003302 -0.006922 11.472222
-0.003093 -0.006881 11.472222
-0.002887 -0.006829 11.472222
-0.002676 -0.006800 11.472222
-0.002470 -0.006747 11.472222
-0.002262 -0.006705 11.472222
-0.002059 -0.006640 11.472222
-0.001854 -0.006586 11.472222
-0.001645 -0.006547 11.472222
-0.001436 -0.006505 11.472222
-0.001227 -0.006469 11.472222
-0.001019 -0.006425 11.472222
-0.000811 -0.006382 11.472222
-0.000601 -0.006345 11.472222
-0.000410 -0.006251 11.472222
-0.000198 -0.006238 11.472222
-0.000000 -0.006315 11.472222
0.000211 -0.006336 11.472222
0.000412 -0.006405 11.472222
0.000618 -0.006457 11.472222
0.000827 -0.006499 11.472222
0.001028 -0.006568 11.472222
0.001239 -0.006594 11.472222
0.001441 -0.006661 11.472222
0.001649 -0.006707 11.472222
0.001856 -0.006753 11.472222
0.002064 -0.006799 11.472222
0.002272 -0.006841 11.472222
0.002479 -0.006892 11.472222
0.002688 -0.006929 11.472222
0.002892 -0.006988 11.472222
0.003102 -0.007021 11.472222
0.003308 -0.007076 11.472222
0.003518 -0.007106 11.472222
0.003727 -0.007146 11.472222
0.003936 -0.007184 11.472222
0.004129 -0.007095 11.472222
0.004178 -0.006888 11.472222
0.004208 -0.006678 11.472222
0.004273 -0.006475 11.472222
0.004313 -0.006266 11.472222
0.004386 -0.006066 11.472222
0.004423 -0.005857 11.472222
0.004508 -0.005662 11.472222
0.004553 -0.005454 11.472222
0.004623 -0.005253 11.472222
0.004675 -0.005047 11.472222
0.004731 -0.004842 11.472222
0.004800 -0.004641 11.472222
0.004839 -0.004432 11.472222
0.004939 -0.004244 11.472222
0.004967 -0.004033 11.472222
0.005075 -0.003850 11.472222
0.005280 -0.003793 11.472222
0.005338 -0.003589 11.472222
0.005332 -0.003376 11.472222
0.005396 -0.003173 11.472222
0.005546 -0.003023 11.472222
0.005674 -0.002853 11.472222
0.005836 -0.002715 11.472222
0.005976 -0.002555 11.472222
0.006131 -0.002410 11.472222
0.006273 -0.002252 11.472222
0.006413 -0.002091 11.472222
0.006572 -0.001950 11.472222
0.006709 -0.001788 11.472222
0.006860 -0.001639 11.472222
0.006992 -0.001472 11.472222
0.007149 -0.001329 11.472222
0.007275 -0.001158 11.472222
0.007434 -0.001016 11.472222
0.007560 -0.000845 11.472222
0.007715 -0.000699 11.472222
0.007842 -0.000529 11.472222
0.007987 -0.000373 11.472222
0.008118 -0.000206 11.472222
0.008170 0.000000 11.472222

