0.006570 -0.000000 3.940972
0.006515 0.000157 3.940972
0.006411 0.000286 3.940972
0.006307 0.000416 3.940972
0.006205 0.000547 3.940972
0.006101 0.000677 3.940972
0.005994 0.000804 3.940972
0.005889 0.000933 3.940972
0.005789 0.001066 3.940972
0.005687 0.001197 3.940972
0.005581 0.001325 3.940972
0.005472 0.001450 3.940972
0.005370 0.001582 3.940972
0.005269 0.001714 3.940972
0.005171 0.001848 3.940972
0.005062 0.001974 3.940972
0.004954 0.002100 3.940972
0.004846 0.002227 3.940972
0.004744 0.002358 3.940972
0.004648 0.002494 3.940972
0.004547 0.002625 3.940972
0.004484 0.002779 3.940972
0.004414 0.002930 3.940972
0.004352 0.003084 3.940972
0.004296 0.003240 3.940972
0.004240 0.003397 3.940972
0.004186 0.003554 3.940972
0.004119 0.003706 3.940972
0.004055 0.003860 3.940972
0.003992 0.004013 3.940972
0.003938 0.004171 3.940972
0.003880 0.004327 3.940972
0.003817 0.004480 3.940972
0.003752 0.004633 3.940972
0.003693 0.004789 3.940972
0.003636 0.004945 3.940972
0.003576 0.005100 3.940972
0.003513 0.005254 3.940972
0.003453 0.005409 3.940972
0.003393 0.005564 3.940972
0.003285 0.005690 3.940972
0.003122 0.005721 3.940972
0.002958 0.005695 3.940972
0.002793 0.005670 3.940972
0.002629 0.005647 3.940972
0.002464 0.005622 3.940972
0.002301 0.005593 3.940972
0.002137 0.005566 3.940972
0.001972 0.005546 3.940972
0.001807 0.005523 3.940972
0.001643 0.005496 3.940972
0.001480 0.005464 3.940972
0.001315 0.005441 3.940972
0.001150 0.005420 3.940972
0.000985 0.005402 3.940972
0.000822 0.005371 3.940972
0.000658 0.005340 3.940972
0.000495 0.005311 3.940972
0.000330 0.005287 3.940972
0.000165 0.005272 3.940972
-0.000000 0.005250 3.940972
-0.000165 0.005272 3.940972
-0.000330 0.005287 3.940972
-0.000495 0.005311 3.940972
-0.000658 0.005340 3.940972
-0.000822 0.005371 3.940972
-0.000985 0.005402 3.940972
-0.001150 0.005420 3.940972
-0.001315 0.005441 3.940972
-0.001480 0.005464 3.940972
-0.001643 0.005496 3.940972
-0.001807 0.005523 3.940972
-0.001972 0.005546 3.940972
-0.002137 0.005566 3.940972
-0.002301 0.005593 3.940972
-0.002464 0.005622 3.940972
-0.002629 0.005647 3.940972
-0.002793 0.005670 3.940972
-0.002958 0.005695 3.940972
-0.003122 0.005721 3.940972
-0.003285 0.005690 3.940972
-0.003393 0.005564 3.940972
-0.003453 0.005409 3.940972
-0.003513 0.005254 3.940972
-0.003576 0.005100 3.940972
-0.003636 0.004945 3.940972
-0.003693 0.004789 3.940972
-0.003752 0.004633 3.940972
-0.003817 0.004480 3.940972
-0.003880 0.004327 3.940972
-0.003938 0.004171 3.940972
-0.003992 0.004013 3.940972
-0.004055 0.003860 3.940972
-0.004119 0.003706 3.940972
-0.004186 0.003554 3.940972
-0.004240 0.003397 3.940972
-0.004296 0.003240 3.940972
-0.004352 0.003084 3.940972
-0.004414 0.002930 3.940972
-0.004484 0.002779 3.940972
-0.004547 0.002625 3.940972
-0.004648 0.002494 3.940972
-0.004744 0.002358 3.940972
-0.004846 0.002227 3.940972
-0.004954 0.002100 3.940972
-0.005062 0.001974 3.940972
-0.005171 0.001848 3.940972
-0.005269 0.001714 3.940972
-0.005370 0.001582 3.940972
-0.005472 0.001450 3.940972
-0.005581 0.001325 3.940972
-0.005687 0.001197 3.940972
-0.005789 0.001066 3.940972
-0.005889 0.000933 3.940972
-0.005994 0.000804 3.940972
-0.006101 0.000677 3.940972
-0.006205 0.000547 3.940972
-0.006307 0.000416 3.940972
-0.006411 0.000286 3.940972
-0.006515 0.000157 3.940972
-0.006570 0.000000 3.940972
-0.006515 -0.000157 3.940972
-0.006411 -0.000286 3.940972
-0.006307 -0.000416 3.940972
-0.006205 -0.000547 3.940972
-0.006101 -0.000677 3.940972
-0.005994 -0.000804 3.940972
-0.005889 -0.000933 3.940972
-0.005789 -0.001066 3.940972
-0.005687 -0.001197 3.940972
-0.005581 -0.001325 3.940972
-0.005472 -0.001450 3.940972
-0.005370 -0.001582 3.940972
-0.005269 -0.001714 3.940972
-0.005171 -0.001848 3.940972
-0.005062 -0.001974 3.940972
-0.004954 -0.002100 3.940972
-0.004846 -0.002227 3.940972
-0.004744 -0.002358 3.940972
-0.004648 -0.002494 3.940972
-0.004547 -0.002625 3.940972
-0.004484 -0.002779 3.940972
-0.004414 -0.002930 3.940972
-0.004352 -0.003084 3.940972
-0.004296 -0.003240 3.940972
-0.004240 -0.003397 3.940972
-0.004186 -0.003554 3.940972
-0.004119 -0.003706 3.940972
-0.004055 -0.003860 3.940972
-0.003992 -0.004013 3.940972
-0.003938 -0.004171 3.940972
-0.003880 -0.004327 3.940972
-0.003817 -0.004480 3.940972
-0.003752 -0.004633 3.940972
-0.003693 -0.004789 3.940972
-0.003636 -0.004945 3.940972
-0.003576 -0.005100 3.940972
-0.003513 -0.005254 3.940972
-0.003453 -0.005409 3.940972
-0.003393 -0.005564 3.940972
-0.003285 -0.005690 3.940972
-0.003122 -0.005721 3.940972
-0.002958 -0.005695 3.940972
-0.002793 -0.005670 3.940972
-0.002629 -0.005647 3.940972
-0.002464 -0.005622 3.940972
-0.002301 -0.005593 3.940972
-0.002137 -0.005566 3.940972
-0.001972 -0.005546 3.940972
-0.001807 -0.005523 3.940972
-0.001643 -0.005496 3.940972
-0.001480 -0.005464 3.940972
-0.001315 -0.005441 3.940972
-0.001150 -0.005420 3.940972
-0.000985 -0.005402 3.940972
-0.000822 -0.005371 3.940972
-0.000658 -0.005340 3.940972
-0.000495 -0.005311 3.940972
-0.000330 -0.005287 3.940972
-0.000165 -0.005272 3.940972
0.000000 -0.005250 3.940972
0.000165 -0.005272 3.940972
0.000330 -0.005287 3.940972
0.000495 -0.005311 3.940972
0.000658 -0.005340 3.940972
0.000822 -0.005371 3.940972
0.000985 -0.005402 3.940972
0.001150 -0.005420 3.940972
0.001315 -0.005441 3.940972
0.001480 -0.005464 3.940972
0.001643 -0.005496 3.940972
0.001807 -0.005523 3.940972
0.001972 -0.005546 3.940972
0.002137 -0.005566 3.940972
0.002301 -0.005593 3.940972
0.002464 -0.005622 3.940972
0.002629 -0.005647 3.940972
0.002793 -0.005670 3.940972
0.002958 -0.005695 3.940972
0.003122 -0.005721 3.940972
0.003285 -0.005690 3.940972
0.003393 -0.005564 3.940972
0.003453 -0.005409 3.940972
0.003513 -0.005254 3.940972
0.003576 -0.005100 3.940972
0.003636 -0.004945 3.940972
0.003693 -0.004789 3.940972
0.003752 -0.004633 3.940972
0.003817 -0.004480 3.940972
0.003880 -0.004327 3.940972
0.003938 -0.004171 3.940972
0.003992 -0.004013 3.940972
0.004055 -0.003860 3.940972
0.004119 -0.003706 3.940972
0.004186 -0.003554 3.940972
0.004240 -0.003397 3.940972
0.004296 -0.003240 3.940972
0.004352 -0.003084 3.940972
0.004414 -0.002930 3.940972
0.004484 -0.002779 3.940972
0.004547 -0.002625 3.940972
0.004648 -0.002494 3.940972
0.004744 -0.002358 3.940972
0.004846 -0.002227 3.940972
0.004954 -0.002100 3.940972
0.005062 -0.001974 3.940972
0.005171 -0.001848 3.940972
0.005269 -0.001714 3.940972
0.005370 -0.001582 3.940972
0.005472 -0.001450 3.940972
0.005581 -0.001325 3.940972
0.005687 -0.001197 3.940972
0.005789 -0.001066 3.940972
0.005889 -0.000933 3.940972
0.005994 -0.000804 3.940972
0.006101 -0.000677 3.940972
0.006205 -0.000547 3.940972
0.006307 -0.000416 3.940972
0.006411 -0.000286 3.940972
0.006515 -0.000157 3.940972
0.006570 -0.000000 3.940972

