0.008221 0.000002 11.826389
0.008083 0.000166 11.826389
0.007926 0.000312 11.826389
0.007778 0.000467 11.826389
0.007617 0.000609 11.826389
0.007471 0.000766 11.826389
0.007305 0.000902 11.826389
0.007174 0.001072 11.826389
0.007009 0.001208 11.826389
0.006877 0.001378 11.826389
0.006718 0.001522 11.826389
0.006571 0.001678 11.826389
0.006422 0.001833 11.826389
0.006286 0.001998 11.826389
0.006145 0.002160 11.826389
0.005989 0.002307 11.826389
0.005851 0.002472 11.826389
0.005709 0.002633 11.826389
0.005553 0.002780 11.826389
0.005446 0.002966 11.826389
0.005400 0.003175 11.826389
0.005316 0.003372 11.826389
0.005259 0.003579 11.826389
0.005208 0.003788 11.826389
0.005129 0.003987 11.826389
0.005085 0.004197 11.826389
0.005013 0.004399 11.826389
0.004972 0.004610 11.826389
0.004904 0.004813 11.826389
0.004830 0.005015 11.826389
0.004772 0.005221 11.826389
0.004698 0.005422 11.826389
0.004637 0.005628 11.826389
0.004559 0.005828 11.826389
0.004497 0.006033 11.826389
0.004407 0.006228 11.826389
0.004344 0.006433 11.826389
0.004250 0.006626 11.826389
0.004187 0.006831 11.826389
0.004097 0.007026 11.826389
0.003948 0.007180 11.826389
0.003748 0.007104 11.826389
0.003545 0.007036 11.826389
0.003344 0.006960 11.826389
0.003138 0.006900 11.826389
0.002933 0.006836 11.826389
0.002728 0.006774 11.826389
0.002518 0.006728 11.826389
0.002313 0.006665 11.826389
0.002105 0.006612 11.826389
0.001893 0.006579 11.826389
0.001693 0.006503 11.826389
0.001479 0.006488 11.826389
0.001303 0.006612 11.826389
0.001169 0.006780 11.826389
0.000984 0.006672 11.826389
0.000792 0.006577 11.826389
0.000591 0.006500 11.826389
0.000391 0.006423 11.826389
0.000185 0.006362 11.826389
-0.000021 0.006302 11.826389
-0.000228 0.006356 11.826389
-0.000427 0.006437 11.826389
-0.000632 0.006499 11.826389
-0.000822 0.006599 11.826389
-0.001023 0.006675 11.826389
-0.001129 0.006488 11.826389
-0.001335 0.006430 11.826389
-0.001548 0.006455 11.826389
-0.001753 0.006519 11.826389
-0.001958 0.006582 11.826389
-0.002170 0.006616 11.826389
-0.002372 0.006687 11.826389
-0.002585 0.006717 11.826389
-0.002791 0.006774 11.826389
-0.002997 0.006835 11.826389
-0.003204 0.006891 11.826389
-0.003403 0.006972 11.826389
-0.003608 0.007034 11.826389
-0.003800 0.007131 11.826389
-0.003999 0.007210 11.826389
-0.004162 0.007070 11.826389
-0.004245 0.006872 11.826389
-0.004307 0.006667 11.826389
-0.004406 0.006477 11.826389
-0.004472 0.006272 11.826389
-0.004574 0.006083 11.826389
-0.004632 0.005877 11.826389
-0.004722 0.005682 11.826389
-0.004775 0.005474 11.826389
-0.004855 0.005275 11.826389
-0.004907 0.005067 11.826389
-0.004989 0.004869 11.826389
-0.005038 0.004660 11.826389
-0.005097 0.004454 11.826389
-0.005166 0.004251 11.826389
-0.005214 0.004042 11.826389
-0.005292 0.003842 11.826389
-0.005310 0.003628 11.826389
-0.005399 0.003433 11.826389
-0.005432 0.003221 11.826389
-0.005516 0.003023 11.826389
-0.005675 0.002880 11.826389
-0.005804 0.002708 11.826389
-0.005970 0.002572 11.826389
-0.006104 0.002404 11.826389
-0.006249 0.002247 11.826389
-0.006408 0.002103 11.826389
-0.006548 0.001940 11.826389
-0.006703 0.001791 11.826389
-0.006833 0.001621 11.826389
-0.006996 0.001482 11.826389
-0.007126 0.001311 11.826389
-0.007290 0.001172 11.826389
-0.007426 0.001006 11.826389
-0.007591 0.000869 11.826389
-0.007734 0.000709 11.826389
-0.007895 0.000568 11.826389
-0.008033 0.000403 11.826389
-0.008186 0.000253 11.826389
-0.008233 0.000044 11.826389
-0.008078 -0.000105 11.826389
-0.007942 -0.000271 11.826389
-0.007794 -0.000427 11.826389
-0.007667 -0.000600 11.826389
-0.007522 -0.000757 11.826389
-0.007404 -0.000936 11.826389
-0.007260 -0.001095 11.826389
-0.007129 -0.001266 11.826389
-0.006967 -0.001406 11.826389
-0.006829 -0.001570 11.826389
-0.006678 -0.001723 11.826389
-0.006552 -0.001896 11.826389
-0.006388 -0.002035 11.826389
-0.006251 -0.002200 11.826389
-0.006094 -0.002346 11.826389
-0.005944 -0.002500 11.826389
-0.005800 -0.002658 11.826389
-0.005621 -0.002778 11.826389
-0.005512 -0.002962 11.826389
-0.005491 -0.003176 11.826389
-0.005400 -0.003370 11.826389
-0.005353 -0.003580 11.826389
-0.005298 -0.003787 11.826389
-0.005222 -0.003988 11.826389
-0.005183 -0.004199 11.826389
-0.005097 -0.004395 11.826389
-0.005072 -0.004608 11.826389
-0.004994 -0.004808 11.826389
-0.004943 -0.005017 11.826389
-0.004863 -0.005216 11.826389
-0.004815 -0.005425 11.826389
-0.004739 -0.005625 11.826389
-0.004694 -0.005835 11.826389
-0.004622 -0.006037 11.826389
-0.004577 -0.006247 11.826389
-0.004505 -0.006449 11.826389
-0.004458 -0.006658 11.826389
-0.004383 -0.006859 11.826389
-0.004346 -0.007071 11.826389
-0.004164 -0.007184 11.826389
-0.003954 -0.007139 11.826389
-0.003750 -0.007074 11.826389
-0.003540 -0.007030 11.826389
-0.003332 -0.006975 11.826389
-0.003122 -0.006934 11.826389
-0.002915 -0.006876 11.826389
-0.002703 -0.006844 11.826389
-0.002494 -0.006797 11.826389
-0.002283 -0.006759 11.826389
-0.002076 -0.006702 11.826389
-0.001870 -0.006641 11.826389
-0.001661 -0.006593 11.826389
-0.001451 -0.006548 11.826389
-0.001240 -0.006512 11.826389
-0.001029 -0.006471 11.826389
-0.000820 -0.006422 11.826389
-0.000607 -0.006400 11.826389
-0.000418 -0.006299 11.826389
-0.000204 -0.006279 11.826389
-0.000005 -0.006358 11.826389
0.000209 -0.006378 11.826389
0.000407 -0.006461 11.826389
0.000617 -0.006503 11.826389
0.000826 -0.006552 11.826389
0.001032 -0.006613 11.826389
0.001244 -0.006641 11.826389
0.001445 -0.006716 11.826389
0.001657 -0.006753 11.826389
0.001866 -0.006801 11.826389
0.002076 -0.006846 11.826389
0.002285 -0.006891 11.826389
0.002494 -0.006939 11.826389
0.002705 -0.006980 11.826389
0.002912 -0.007036 11.826389
0.003124 -0.007067 11.826389
0.003332 -0.007120 11.826389
0.003545 -0.007145 11.826389
0.003755 -0.007192 11.826389
0.003965 -0.007233 11.826389
0.004164 -0.007152 11.826389
0.004224 -0.006946 11.826389
0.004251 -0.006733 11.826389
0.004314 -0.006528 11.826389
0.004349 -0.006317 11.826389
0.004424 -0.006116 11.826389
0.004456 -0.005904 11.826389
0.004537 -0.005705 11.826389
0.004591 -0.005497 11.826389
0.004659 -0.005294 11.826389
0.004719 -0.005088 11.826389
0.004769 -0.004879 11.826389
0.004844 -0.004678 11.826389
0.004867 -0.004465 11.826389
0.004968 -0.004275 11.826389
0.004995 -0.004063 11.826389
0.005091 -0.003871 11.826389
0.005303 -0.003837 11.826389
0.005387 -0.003639 11.826389
0.005388 -0.003425 11.826389
0.005432 -0.003214 11.826389
0.005571 -0.003052 11.826389
0.005708 -0.002886 11.826389
0.005874 -0.002750 11.826389
0.006013 -0.002587 11.826389
0.006170 -0.002441 11.826389
0.006308 -0.002277 11.826389
0.006456 -0.002121 11.826389
0.006613 -0.001975 11.826389
0.006749 -0.001809 11.826389
0.006900 -0.001657 11.826389
0.007035 -0.001490 11.826389
0.007191 -0.001343 11.826389
0.007319 -0.001171 11.826389
0.007478 -0.001027 11.826389
0.007604 -0.000853 11.826389
0.007760 -0.000706 11.826389
0.007884 -0.000531 11.826389
0.008032 -0.000376 11.826389
0.008161 -0.000204 11.826389
0.008221 0.000002 11.826389

