0.005107 -0.000000 0.315972
0.005105 0.000133 0.315972
0.005099 0.000265 0.315972
0.005089 0.000398 0.315972
0.005075 0.000530 0.315972
0.005057 0.000661 0.315972
0.005035 0.000792 0.315972
0.005009 0.000922 0.315972
0.004978 0.001051 0.315972
0.004943 0.001179 0.315972
0.004904 0.001306 0.315972
0.004861 0.001432 0.315972
0.004813 0.001556 0.315972
0.004763 0.001678 0.315972
0.004709 0.001800 0.315972
0.004652 0.001920 0.315972
0.004592 0.002038 0.315972
0.004529 0.002155 0.315972
0.004464 0.002271 0.315972
0.004398 0.002386 0.315972
0.004331 0.002501 0.315972
0.004265 0.002616 0.315972
0.004198 0.002731 0.315972
0.004131 0.002845 0.315972
0.004061 0.002957 0.315972
0.003988 0.003069 0.315972
0.003913 0.003178 0.315972
0.003835 0.003285 0.315972
0.003754 0.003391 0.315972
0.003670 0.003494 0.315972
0.003583 0.003594 0.315972
0.003493 0.003691 0.315972
0.003399 0.003785 0.315972
0.003303 0.003877 0.315972
0.003203 0.003964 0.315972
0.003101 0.004049 0.315972
0.002996 0.004130 0.315972
0.002889 0.004209 0.315972
0.002779 0.004283 0.315972
0.002668 0.004355 0.315972
0.002554 0.004423 0.315972
0.002438 0.004488 0.315972
0.002320 0.004549 0.315972
0.002200 0.004606 0.315972
0.002079 0.004660 0.315972
0.001956 0.004710 0.315972
0.001832 0.004756 0.315972
0.001706 0.004799 0.315972
0.001579 0.004837 0.315972
0.001450 0.004871 0.315972
0.001321 0.004900 0.315972
0.001190 0.004925 0.315972
0.001059 0.004946 0.315972
0.000928 0.004964 0.315972
0.000796 0.004978 0.315972
0.000663 0.004988 0.315972
0.000531 0.004995 0.315972
0.000398 0.005000 0.315972
0.000265 0.005001 0.315972
0.000133 0.005001 0.315972
-0.000000 0.005001 0.315972
-0.000133 0.005001 0.315972
-0.000265 0.005001 0.315972
-0.000398 0.005000 0.315972
-0.000531 0.004995 0.315972
-0.000663 0.004988 0.315972
-0.000796 0.004978 0.315972
-0.000928 0.004964 0.315972
-0.001059 0.004946 0.315972
-0.001190 0.004925 0.315972
-0.001321 0.004900 0.315972
-0.001450 0.004871 0.315972
-0.001579 0.004837 0.315972
-0.001706 0.004799 0.315972
-0.001832 0.004756 0.315972
-0.001956 0.004710 0.315972
-0.002079 0.004660 0.315972
-0.002200 0.004606 0.315972
-0.002320 0.004549 0.315972
-0.002438 0.004488 0.315972
-0.002554 0.004423 0.315972
-0.002668 0.004355 0.315972
-0.002779 0.004283 0.315972
-0.002889 0.004209 0.315972
-0.002996 0.004130 0.315972
-0.003101 0.004049 0.315972
-0.003203 0.003964 0.315972
-0.003303 0.003877 0.315972
-0.003399 0.003785 0.315972
-0.003493 0.003691 0.315972
-0.003583 0.003594 0.315972
-0.003670 0.003494 0.315972
-0.003754 0.003391 0.315972
-0.003835 0.003285 0.315972
-0.003913 0.003178 0.315972
-0.003988 0.003069 0.315972
-0.004061 0.002957 0.315972
-0.004131 0.002845 0.315972
-0.004198 0.002731 0.315972
-0.004265 0.002616 0.315972
-0.004331 0.002501 0.315972
-0.004398 0.002386 0.315972
-0.004464 0.002271 0.315972
-0.004529 0.002155 0.315972
-0.004592 0.002038 0.315972
-0.004652 0.001920 0.315972
-0.004709 0.001800 0.315972
-0.004763 0.001678 0.315972
-0.004813 0.001556 0.315972
-0.004861 0.001432 0.315972
-0.004904 0.001306 0.315972
-0.004943 0.001179 0.315972
-0.004978 0.001051 0.315972
-0.005009 0.000922 0.315972
-0.005035 0.000792 0.315972
-0.005057 0.000661 0.315972
-0.005075 0.000530 0.315972
-0.005089 0.000398 0.315972
-0.005099 0.000265 0.315972
-0.005105 0.000133 0.315972
-0.005107 0.000000 0.315972
-0.005105 -0.000133 0.315972
-0.005099 -0.000265 0.315972
-0.005089 -0.000398 0.315972
-0.005075 -0.000530 0.315972
-0.005057 -0.000661 0.315972
-0.005035 -0.000792 0.315972
-0.005009 -0.000922 0.315972
-0.004978 -0.001051 0.315972
-0.004943 -0.001179 0.315972
-0.004904 -0.001306 0.315972
-0.004861 -0.001432 0.315972
-0.004813 -0.001556 0.315972
-0.004763 -0.001678 0.315972
-0.004709 -0.001800 0.315972
-0.004652 -0.001920 0.315972
-0.004592 -0.002038 0.315972
-0.004529 -0.002155 0.315972
-0.004464 -0.002271 0.315972
-0.004398 -0.002386 0.315972
-0.004331 -0.002501 0.315972
-0.004265 -0.002616 0.315972
-0.004198 -0.002731 0.315972
-0.004131 -0.002845 0.315972
-0.004061 -0.002957 0.315972
-0.003988 -0.003069 0.315972
-0.003913 -0.003178 0.315972
-0.003835 -0.003285 0.315972
-0.003754 -0.003391 0.315972
-0.003670 -0.003494 0.315972
-0.003583 -0.003594 0.315972
-0.003493 -0.003691 0.315972
-0.003399 -0.003785 0.315972
-0.003303 -0.003877 0.315972
-0.003203 -0.003964 0.315972
-0.003101 -0.004049 0.315972
-0.002996 -0.004130 0.315972
-0.002889 -0.004209 0.315972
-0.002779 -0.004283 0.315972
-0.002668 -0.004355 0.315972
-0.002554 -0.004423 0.315972
-0.002438 -0.004488 0.315972
-0.002320 -0.004549 0.315972
-0.002200 -0.004606 0.315972
-0.002079 -0.004660 0.315972
-0.001956 -0.004710 0.315972
-0.001832 -0.004756 0.315972
-0.001706 -0.004799 0.315972
-0.001579 -0.004837 0.315972
-0.001450 -0.004871 0.315972
-0.001321 -0.004900 0.315972
-0.001190 -0.004925 0.315972
-0.001059 -0.004946 0.315972
-0.000928 -0.004964 0.315972
-0.000796 -0.004978 0.315972
-0.000663 -0.004988 0.315972
-0.000531 -0.004995 0.315972
-0.000398 -0.005000 0.315972
-0.000265 -0.005001 0.315972
-0.000133 -0.005001 0.315972
-0.000000 -0.005001 0.315972
0.000133 -0.005001 0.315972
0.000265 -0.005001 0.315972
0.000398 -0.005000 0.315972
0.000531 -0.004995 0.315972
0.000663 -0.004988 0.315972
0.000796 -0.004978 0.315972
0.000928 -0.004964 0.315972
0.001059 -0.004946 0.315972
0.001190 -0.004925 0.315972
0.001321 -0.004900 0.315972
0.001450 -0.004871 0.315972
0.001579 -0.004837 0.315972
0.001706 -0.004799 0.315972
0.001832 -0.004756 0.315972
0.001956 -0.004710 0.315972
0.002079 -0.004660 0.315972
0.002200 -0.004606 0.315972
0.002320 -0.004549 0.315972
0.002438 -0.004488 0.315972
0.002554 -0.004423 0.315972
0.002668 -0.004355 0.315972
0.002779 -0.004283 0.315972
0.002889 -0.004209 0.315972
0.002996 -0.004130 0.315972
0.003101 -0.004049 0.315972
0.003203 -0.003964 0.315972
0.003303 -0.003877 0.315972
0.003399 -0.003785 0.315972
0.003493 -0.003691 0.315972
0.003583 -0.003594 0.315972
0.003670 -0.003494 0.315972
0.003754 -0.003391 0.315972
0.003835 -0.003285 0.315972
0.003913 -0.003178 0.315972
0.003988 -0.003069 0.315972
0.004061 -0.002957 0.315972
0.004131 -0.002845 0.315972
0.004198 -0.002731 0.315972
0.004265 -0.002616 0.315972
0.004331 -0.002501 0.315972
0.004398 -0.002386 0.315972
0.004464 -0.002271 0.315972
0.004529 -0.002155 0.315972
0.004592 -0.002038 0.315972
0.004652 -0.001920 0.315972
0.004709 -0.001800 0.315972
0.004763 -0.001678 0.315972
0.004813 -0.001556 0.315972
0.004861 -0.001432 0.315972
0.004904 -0.001306 0.315972
0.004943 -0.001179 0.315972
0.004978 -0.001051 0.315972
0.005009 -0.000922 0.315972
0.005035 -0.000792 0.315972
0.005057 -0.000661 0.315972
0.005075 -0.000530 0.315972
0.005089 -0.000398 0.315972
0.005099 -0.000265 0.315972
0.005105 -0.000133 0.315972
0.005107 -0.000000 0.315972

