0.008040 -0.000005 10.760417
0.007886 0.000136 10.760417
0.007733 0.000277 10.760417
0.007589 0.000427 10.760417
0.007436 0.000569 10.760417
0.007297 0.000724 10.760417
0.007150 0.000872 10.760417
0.007015 0.001031 10.760417
0.006858 0.001167 10.760417
0.006729 0.001331 10.760417
0.006567 0.001462 10.760417
0.006446 0.001632 10.760417
0.006299 0.001780 10.760417
0.006161 0.001936 10.760417
0.006012 0.002082 10.760417
0.005881 0.002244 10.760417
0.005749 0.002405 10.760417
0.005615 0.002565 10.760417
0.005506 0.002742 10.760417
0.005382 0.002910 10.760417
0.005300 0.003101 10.760417
0.005237 0.003300 10.760417
0.005144 0.003487 10.760417
0.005093 0.003689 10.760417
0.005019 0.003884 10.760417
0.004966 0.004085 10.760417
0.004901 0.004283 10.760417
0.004833 0.004480 10.760417
0.004794 0.004685 10.760417
0.004730 0.004883 10.760417
0.004678 0.005085 10.760417
0.004604 0.005280 10.760417
0.004555 0.005482 10.760417
0.004475 0.005675 10.760417
0.004429 0.005878 10.760417
0.004349 0.006070 10.760417
0.004294 0.006271 10.760417
0.004216 0.006465 10.760417
0.004146 0.006661 10.760417
0.004064 0.006853 10.760417
0.003894 0.006973 10.760417
0.003701 0.006894 10.760417
0.003502 0.006833 10.760417
0.003304 0.006769 10.760417
0.003102 0.006717 10.760417
0.002902 0.006658 10.760417
0.002699 0.006613 10.760417
0.002497 0.006560 10.760417
0.002295 0.006511 10.760417
0.002089 0.006475 10.760417
0.001889 0.006418 10.760417
0.001685 0.006373 10.760417
0.001480 0.006335 10.760417
0.001285 0.006408 10.760417
0.001139 0.006557 10.760417
0.000974 0.006430 10.760417
0.000777 0.006360 10.760417
0.000579 0.006297 10.760417
0.000379 0.006239 10.760417
0.000175 0.006195 10.760417
-0.000028 0.006149 10.760417
-0.000234 0.006184 10.760417
-0.000432 0.006249 10.760417
-0.000633 0.006302 10.760417
-0.000830 0.006370 10.760417
-0.000999 0.006492 10.760417
-0.001139 0.006337 10.760417
-0.001343 0.006297 10.760417
-0.001546 0.006347 10.760417
-0.001753 0.006364 10.760417
-0.001952 0.006429 10.760417
-0.002157 0.006465 10.760417
-0.002357 0.006522 10.760417
-0.002558 0.006579 10.760417
-0.002763 0.006616 10.760417
-0.002964 0.006670 10.760417
-0.003169 0.006709 10.760417
-0.003366 0.006775 10.760417
-0.003567 0.006830 10.760417
-0.003763 0.006901 10.760417
-0.003952 0.006990 10.760417
-0.004133 0.006887 10.760417
-0.004220 0.006697 10.760417
-0.004297 0.006504 10.760417
-0.004377 0.006311 10.760417
-0.004438 0.006112 10.760417
-0.004518 0.005920 10.760417
-0.004563 0.005717 10.760417
-0.004646 0.005525 10.760417
-0.004687 0.005321 10.760417
-0.004768 0.005129 10.760417
-0.004809 0.004925 10.760417
-0.004879 0.004728 10.760417
-0.004917 0.004524 10.760417
-0.004995 0.004330 10.760417
-0.005037 0.004126 10.760417
-0.005097 0.003927 10.760417
-0.005156 0.003727 10.760417
-0.005209 0.003525 10.760417
-0.005293 0.003334 10.760417
-0.005326 0.003129 10.760417
-0.005425 0.002945 10.760417
-0.005575 0.002800 10.760417
-0.005703 0.002636 10.760417
-0.005840 0.002479 10.760417
-0.005995 0.002340 10.760417
-0.006123 0.002176 10.760417
-0.006274 0.002031 10.760417
-0.006405 0.001870 10.760417
-0.006569 0.001741 10.760417
-0.006696 0.001576 10.760417
-0.006852 0.001438 10.760417
-0.006981 0.001274 10.760417
-0.007134 0.001132 10.760417
-0.007266 0.000971 10.760417
-0.007417 0.000828 10.760417
-0.007554 0.000670 10.760417
-0.007710 0.000533 10.760417
-0.007856 0.000384 10.760417
-0.008005 0.000238 10.760417
-0.008052 0.000035 10.760417
-0.007915 -0.000122 10.760417
-0.007791 -0.000289 10.760417
-0.007656 -0.000448 10.760417
-0.007532 -0.000616 10.760417
-0.007392 -0.000770 10.760417
-0.007259 -0.000930 10.760417
-0.007101 -0.001067 10.760417
-0.006968 -0.001227 10.760417
-0.006819 -0.001373 10.760417
-0.006696 -0.001541 10.760417
-0.006541 -0.001681 10.760417
-0.006403 -0.001836 10.760417
-0.006244 -0.001972 10.760417
-0.006113 -0.002134 10.760417
-0.005949 -0.002262 10.760417
-0.005814 -0.002421 10.760417
-0.005666 -0.002567 10.760417
-0.005544 -0.002736 10.760417
-0.005426 -0.002908 10.760417
-0.005363 -0.003107 10.760417
-0.005306 -0.003307 10.760417
-0.005221 -0.003498 10.760417
-0.005182 -0.003702 10.760417
-0.005099 -0.003894 10.760417
-0.005073 -0.004100 10.760417
-0.004993 -0.004293 10.760417
-0.004945 -0.004495 10.760417
-0.004875 -0.004692 10.760417
-0.004837 -0.004897 10.760417
-0.004764 -0.005092 10.760417
-0.004715 -0.005295 10.760417
-0.004640 -0.005489 10.760417
-0.004589 -0.005691 10.760417
-0.004516 -0.005886 10.760417
-0.004471 -0.006090 10.760417
-0.004400 -0.006286 10.760417
-0.004358 -0.006490 10.760417
-0.004293 -0.006688 10.760417
-0.004238 -0.006889 10.760417
-0.004068 -0.007010 10.760417
-0.003866 -0.006959 10.760417
-0.003663 -0.006912 10.760417
-0.003459 -0.006872 10.760417
-0.003257 -0.006819 10.760417
-0.003052 -0.006785 10.760417
-0.002848 -0.006740 10.760417
-0.002643 -0.006701 10.760417
-0.002446 -0.006636 10.760417
-0.002242 -0.006591 10.760417
-0.002043 -0.006531 10.760417
-0.001836 -0.006501 10.760417
-0.001632 -0.006462 10.760417
-0.001427 -0.006420 10.760417
-0.001223 -0.006380 10.760417
-0.001020 -0.006333 10.760417
-0.000816 -0.006288 10.760417
-0.000616 -0.006229 10.760417
-0.000416 -0.006172 10.760417
-0.000208 -0.006157 10.760417
-0.000010 -0.006220 10.760417
0.000196 -0.006254 10.760417
0.000401 -0.006289 10.760417
0.000599 -0.006354 10.760417
0.000805 -0.006387 10.760417
0.001000 -0.006461 10.760417
0.001205 -0.006499 10.760417
0.001408 -0.006545 10.760417
0.001610 -0.006597 10.760417
0.001813 -0.006645 10.760417
0.002015 -0.006697 10.760417
0.002219 -0.006734 10.760417
0.002420 -0.006790 10.760417
0.002626 -0.006822 10.760417
0.002827 -0.006880 10.760417
0.003032 -0.006917 10.760417
0.003234 -0.006967 10.760417
0.003437 -0.007012 10.760417
0.003641 -0.007055 10.760417
0.003847 -0.007090 10.760417
0.004033 -0.006996 10.760417
0.004077 -0.006793 10.760417
0.004124 -0.006590 10.760417
0.004190 -0.006392 10.760417
0.004235 -0.006188 10.760417
0.004306 -0.005993 10.760417
0.004355 -0.005790 10.760417
0.004435 -0.005597 10.760417
0.004466 -0.005391 10.760417
0.004539 -0.005196 10.760417
0.004581 -0.004992 10.760417
0.004649 -0.004795 10.760417
0.004712 -0.004596 10.760417
0.004782 -0.004400 10.760417
0.004867 -0.004210 10.760417
0.004903 -0.004005 10.760417
0.005000 -0.003820 10.760417
0.005174 -0.003705 10.760417
0.005220 -0.003502 10.760417
0.005242 -0.003295 10.760417
0.005330 -0.003106 10.760417
0.005484 -0.002965 10.760417
0.005609 -0.002799 10.760417
0.005756 -0.002651 10.760417
0.005895 -0.002495 10.760417
0.006041 -0.002347 10.760417
0.006195 -0.002206 10.760417
0.006325 -0.002044 10.760417
0.006478 -0.001903 10.760417
0.006614 -0.001745 10.760417
0.006771 -0.001608 10.760417
0.006898 -0.001442 10.760417
0.007056 -0.001306 10.760417
0.007180 -0.001139 10.760417
0.007335 -0.000999 10.760417
0.007462 -0.000834 10.760417
0.007610 -0.000688 10.760417
0.007743 -0.000527 10.760417
0.007886 -0.000375 10.760417
0.008015 -0.000212 10.760417
0.008040 -0.000005 10.760417

