0.007686 -0.000077 8.975694
0.007552 0.000066 8.975694
0.007415 0.000208 8.975694
0.007282 0.000353 8.975694
0.007147 0.000496 8.975694
0.007009 0.000637 8.975694
0.006874 0.000780 8.975694
0.006748 0.000932 8.975694
0.006615 0.001077 8.975694
0.006488 0.001227 8.975694
0.006352 0.001370 8.975694
0.006227 0.001522 8.975694
0.006095 0.001668 8.975694
0.006006 0.001843 8.975694
0.005879 0.001994 8.975694
0.005784 0.002166 8.975694
0.005661 0.002320 8.975694
0.005553 0.002485 8.975694
0.005429 0.002638 8.975694
0.005326 0.002806 8.975694
0.005204 0.002961 8.975694
0.005123 0.003140 8.975694
0.005053 0.003324 8.975694
0.004965 0.003500 8.975694
0.004903 0.003687 8.975694
0.004816 0.003863 8.975694
0.004744 0.004047 8.975694
0.004661 0.004225 8.975694
0.004614 0.004417 8.975694
0.004532 0.004596 8.975694
0.004483 0.004786 8.975694
0.004416 0.004972 8.975694
0.004371 0.005163 8.975694
0.004314 0.005352 8.975694
0.004265 0.005542 8.975694
0.004204 0.005730 8.975694
0.004149 0.005919 8.975694
0.004090 0.006107 8.975694
0.004028 0.006293 8.975694
0.003971 0.006482 8.975694
0.003818 0.006607 8.975694
0.003627 0.006559 8.975694
0.003437 0.006508 8.975694
0.003245 0.006464 8.975694
0.003053 0.006421 8.975694
0.002862 0.006375 8.975694
0.002669 0.006335 8.975694
0.002478 0.006286 8.975694
0.002286 0.006242 8.975694
0.002096 0.006192 8.975694
0.001901 0.006164 8.975694
0.001706 0.006133 8.975694
0.001510 0.006120 8.975694
0.001313 0.006109 8.975694
0.001120 0.006145 8.975694
0.000928 0.006099 8.975694
0.000732 0.006082 8.975694
0.000539 0.006041 8.975694
0.000343 0.006034 8.975694
0.000148 0.006001 8.975694
-0.000048 0.005986 8.975694
-0.000242 0.006018 8.975694
-0.000439 0.006021 8.975694
-0.000633 0.006054 8.975694
-0.000829 0.006068 8.975694
-0.001021 0.006112 8.975694
-0.001217 0.006086 8.975694
-0.001412 0.006107 8.975694
-0.001607 0.006134 8.975694
-0.001799 0.006177 8.975694
-0.001995 0.006201 8.975694
-0.002187 0.006246 8.975694
-0.002382 0.006269 8.975694
-0.002575 0.006307 8.975694
-0.002769 0.006340 8.975694
-0.002960 0.006389 8.975694
-0.003150 0.006441 8.975694
-0.003342 0.006486 8.975694
-0.003534 0.006528 8.975694
-0.003725 0.006575 8.975694
-0.003918 0.006618 8.975694
-0.004069 0.006492 8.975694
-0.004127 0.006304 8.975694
-0.004189 0.006117 8.975694
-0.004245 0.005928 8.975694
-0.004300 0.005739 8.975694
-0.004360 0.005552 8.975694
-0.004410 0.005361 8.975694
-0.004465 0.005172 8.975694
-0.004514 0.004981 8.975694
-0.004577 0.004795 8.975694
-0.004621 0.004603 8.975694
-0.004693 0.004420 8.975694
-0.004723 0.004225 8.975694
-0.004803 0.004045 8.975694
-0.004857 0.003856 8.975694
-0.004938 0.003677 8.975694
-0.004988 0.003486 8.975694
-0.005077 0.003310 8.975694
-0.005135 0.003122 8.975694
-0.005222 0.002945 8.975694
-0.005354 0.002799 8.975694
-0.005457 0.002632 8.975694
-0.005590 0.002487 8.975694
-0.005701 0.002324 8.975694
-0.005835 0.002179 8.975694
-0.005940 0.002013 8.975694
-0.006087 0.001881 8.975694
-0.006207 0.001725 8.975694
-0.006346 0.001586 8.975694
-0.006470 0.001433 8.975694
-0.006613 0.001298 8.975694
-0.006744 0.001151 8.975694
-0.006885 0.001014 8.975694
-0.007017 0.000868 8.975694
-0.007152 0.000724 8.975694
-0.007288 0.000582 8.975694
-0.007420 0.000436 8.975694
-0.007552 0.000290 8.975694
-0.007688 0.000148 8.975694
-0.007724 -0.000046 8.975694
-0.007591 -0.000191 8.975694
-0.007451 -0.000330 8.975694
-0.007314 -0.000471 8.975694
-0.007181 -0.000616 8.975694
-0.007049 -0.000762 8.975694
-0.006923 -0.000913 8.975694
-0.006782 -0.001051 8.975694
-0.006644 -0.001192 8.975694
-0.006496 -0.001321 8.975694
-0.006365 -0.001468 8.975694
-0.006223 -0.001605 8.975694
-0.006102 -0.001760 8.975694
-0.005967 -0.001903 8.975694
-0.005869 -0.002074 8.975694
-0.005750 -0.002231 8.975694
-0.005643 -0.002396 8.975694
-0.005512 -0.002543 8.975694
-0.005408 -0.002711 8.975694
-0.005281 -0.002861 8.975694
-0.005177 -0.003028 8.975694
-0.005123 -0.003217 8.975694
-0.005035 -0.003393 8.975694
-0.004981 -0.003583 8.975694
-0.004906 -0.003765 8.975694
-0.004850 -0.003954 8.975694
-0.004770 -0.004134 8.975694
-0.004726 -0.004325 8.975694
-0.004659 -0.004511 8.975694
-0.004612 -0.004702 8.975694
-0.004540 -0.004885 8.975694
-0.004497 -0.005077 8.975694
-0.004432 -0.005263 8.975694
-0.004389 -0.005455 8.975694
-0.004330 -0.005643 8.975694
-0.004274 -0.005832 8.975694
-0.004216 -0.006020 8.975694
-0.004158 -0.006208 8.975694
-0.004096 -0.006395 8.975694
-0.004041 -0.006584 8.975694
-0.003891 -0.006712 8.975694
-0.003698 -0.006671 8.975694
-0.003507 -0.006626 8.975694
-0.003315 -0.006581 8.975694
-0.003125 -0.006530 8.975694
-0.002936 -0.006476 8.975694
-0.002743 -0.006436 8.975694
-0.002548 -0.006407 8.975694
-0.002355 -0.006370 8.975694
-0.002161 -0.006333 8.975694
-0.001972 -0.006279 8.975694
-0.001779 -0.006239 8.975694
-0.001589 -0.006187 8.975694
-0.001396 -0.006152 8.975694
-0.001206 -0.006098 8.975694
-0.001010 -0.006083 8.975694
-0.000814 -0.006062 8.975694
-0.000618 -0.006046 8.975694
-0.000422 -0.006024 8.975694
-0.000226 -0.006009 8.975694
-0.000029 -0.005996 8.975694
0.000165 -0.006030 8.975694
0.000359 -0.006058 8.975694
0.000554 -0.006088 8.975694
0.000746 -0.006134 8.975694
0.000940 -0.006163 8.975694
0.001133 -0.006203 8.975694
0.001327 -0.006238 8.975694
0.001513 -0.006301 8.975694
0.001707 -0.006336 8.975694
0.001897 -0.006389 8.975694
0.002089 -0.006431 8.975694
0.002280 -0.006479 8.975694
0.002471 -0.006526 8.975694
0.002662 -0.006575 8.975694
0.002854 -0.006617 8.975694
0.003046 -0.006664 8.975694
0.003237 -0.006708 8.975694
0.003430 -0.006747 8.975694
0.003622 -0.006792 8.975694
0.003807 -0.006724 8.975694
0.003866 -0.006536 8.975694
0.003920 -0.006347 8.975694
0.003979 -0.006159 8.975694
0.004035 -0.005970 8.975694
0.004085 -0.005780 8.975694
0.004135 -0.005590 8.975694
0.004202 -0.005405 8.975694
0.004262 -0.005217 8.975694
0.004339 -0.005036 8.975694
0.004394 -0.004847 8.975694
0.004474 -0.004667 8.975694
0.004512 -0.004473 8.975694
0.004595 -0.004295 8.975694
0.004660 -0.004109 8.975694
0.004757 -0.003938 8.975694
0.004831 -0.003755 8.975694
0.004938 -0.003590 8.975694
0.005004 -0.003405 8.975694
0.005095 -0.003230 8.975694
0.005161 -0.003045 8.975694
0.005274 -0.002884 8.975694
0.005405 -0.002737 8.975694
0.005514 -0.002573 8.975694
0.005653 -0.002433 8.975694
0.005769 -0.002274 8.975694
0.005905 -0.002132 8.975694
0.006020 -0.001972 8.975694
0.006174 -0.001850 8.975694
0.006296 -0.001695 8.975694
0.006442 -0.001564 8.975694
0.006569 -0.001413 8.975694
0.006712 -0.001277 8.975694
0.006845 -0.001132 8.975694
0.006986 -0.000994 8.975694
0.007117 -0.000848 8.975694
0.007254 -0.000707 8.975694
0.007389 -0.000563 8.975694
0.007520 -0.000416 8.975694
0.007654 -0.000272 8.975694
0.007686 -0.000077 8.975694

