0.007152 -0.000073 6.866319
0.007039 0.000069 6.866319
0.006922 0.000207 6.866319
0.006812 0.000351 6.866319
0.006709 0.000501 6.866319
0.006612 0.000654 6.866319
0.006516 0.000808 6.866319
0.006414 0.000958 6.866319
0.006315 0.001109 6.866319
0.006213 0.001260 6.866319
0.006102 0.001403 6.866319
0.005992 0.001547 6.866319
0.005881 0.001691 6.866319
0.005772 0.001836 6.866319
0.005662 0.001980 6.866319
0.005545 0.002119 6.866319
0.005428 0.002257 6.866319
0.005323 0.002405 6.866319
0.005207 0.002545 6.866319
0.005098 0.002690 6.866319
0.004974 0.002822 6.866319
0.004898 0.002987 6.866319
0.004846 0.003160 6.866319
0.004774 0.003327 6.866319
0.004703 0.003494 6.866319
0.004636 0.003662 6.866319
0.004577 0.003834 6.866319
0.004509 0.004002 6.866319
0.004439 0.004169 6.866319
0.004370 0.004337 6.866319
0.004302 0.004505 6.866319
0.004237 0.004675 6.866319
0.004165 0.004841 6.866319
0.004089 0.005006 6.866319
0.004020 0.005174 6.866319
0.003948 0.005341 6.866319
0.003877 0.005507 6.866319
0.003809 0.005675 6.866319
0.003743 0.005844 6.866319
0.003690 0.006018 6.866319
0.003554 0.006138 6.866319
0.003374 0.006115 6.866319
0.003193 0.006101 6.866319
0.003012 0.006095 6.866319
0.002831 0.006086 6.866319
0.002650 0.006074 6.866319
0.002469 0.006059 6.866319
0.002289 0.006039 6.866319
0.002108 0.006024 6.866319
0.001928 0.006004 6.866319
0.001748 0.005977 6.866319
0.001569 0.005952 6.866319
0.001389 0.005928 6.866319
0.001209 0.005905 6.866319
0.001029 0.005880 6.866319
0.000851 0.005846 6.866319
0.000672 0.005819 6.866319
0.000492 0.005798 6.866319
0.000312 0.005775 6.866319
0.000135 0.005735 6.866319
-0.000046 0.005720 6.866319
-0.000222 0.005761 6.866319
-0.000402 0.005784 6.866319
-0.000582 0.005813 6.866319
-0.000762 0.005830 6.866319
-0.000941 0.005862 6.866319
-0.001119 0.005894 6.866319
-0.001299 0.005917 6.866319
-0.001479 0.005939 6.866319
-0.001659 0.005963 6.866319
-0.001839 0.005987 6.866319
-0.002019 0.006010 6.866319
-0.002200 0.006023 6.866319
-0.002381 0.006033 6.866319
-0.002561 0.006047 6.866319
-0.002743 0.006055 6.866319
-0.002924 0.006068 6.866319
-0.003104 0.006089 6.866319
-0.003283 0.006119 6.866319
-0.003461 0.006153 6.866319
-0.003641 0.006173 6.866319
-0.003770 0.006045 6.866319
-0.003817 0.005870 6.866319
-0.003870 0.005697 6.866319
-0.003923 0.005523 6.866319
-0.003981 0.005351 6.866319
-0.004042 0.005180 6.866319
-0.004103 0.005010 6.866319
-0.004174 0.004843 6.866319
-0.004243 0.004675 6.866319
-0.004306 0.004505 6.866319
-0.004373 0.004336 6.866319
-0.004441 0.004168 6.866319
-0.004511 0.004001 6.866319
-0.004579 0.003832 6.866319
-0.004638 0.003661 6.866319
-0.004704 0.003492 6.866319
-0.004776 0.003326 6.866319
-0.004846 0.003158 6.866319
-0.004900 0.002985 6.866319
-0.004977 0.002821 6.866319
-0.005100 0.002688 6.866319
-0.005211 0.002544 6.866319
-0.005325 0.002403 6.866319
-0.005431 0.002255 6.866319
-0.005548 0.002117 6.866319
-0.005665 0.001979 6.866319
-0.005775 0.001834 6.866319
-0.005885 0.001690 6.866319
-0.005996 0.001547 6.866319
-0.006109 0.001404 6.866319
-0.006222 0.001263 6.866319
-0.006328 0.001116 6.866319
-0.006436 0.000970 6.866319
-0.006549 0.000828 6.866319
-0.006660 0.000685 6.866319
-0.006774 0.000544 6.866319
-0.006892 0.000406 6.866319
-0.007011 0.000269 6.866319
-0.007136 0.000137 6.866319
-0.007162 -0.000042 6.866319
-0.007031 -0.000168 6.866319
-0.006901 -0.000295 6.866319
-0.006788 -0.000437 6.866319
-0.006684 -0.000585 6.866319
-0.006584 -0.000736 6.866319
-0.006482 -0.000887 6.866319
-0.006376 -0.001033 6.866319
-0.006273 -0.001183 6.866319
-0.006167 -0.001330 6.866319
-0.006053 -0.001471 6.866319
-0.005942 -0.001615 6.866319
-0.005831 -0.001758 6.866319
-0.005722 -0.001903 6.866319
-0.005611 -0.002046 6.866319
-0.005491 -0.002183 6.866319
-0.005379 -0.002326 6.866319
-0.005269 -0.002469 6.866319
-0.005162 -0.002616 6.866319
-0.005036 -0.002747 6.866319
-0.004933 -0.002896 6.866319
-0.004881 -0.003070 6.866319
-0.004808 -0.003236 6.866319
-0.004747 -0.003407 6.866319
-0.004670 -0.003571 6.866319
-0.004611 -0.003742 6.866319
-0.004549 -0.003913 6.866319
-0.004479 -0.004080 6.866319
-0.004410 -0.004248 6.866319
-0.004343 -0.004416 6.866319
-0.004277 -0.004586 6.866319
-0.004215 -0.004756 6.866319
-0.004145 -0.004923 6.866319
-0.004079 -0.005092 6.866319
-0.004021 -0.005264 6.866319
-0.003961 -0.005435 6.866319
-0.003904 -0.005608 6.866319
-0.003849 -0.005780 6.866319
-0.003792 -0.005952 6.866319
-0.003743 -0.006127 6.866319
-0.003610 -0.006251 6.866319
-0.003432 -0.006215 6.866319
-0.003258 -0.006163 6.866319
-0.003083 -0.006118 6.866319
-0.002905 -0.006081 6.866319
-0.002725 -0.006058 6.866319
-0.002544 -0.006044 6.866319
-0.002364 -0.006028 6.866319
-0.002182 -0.006019 6.866319
-0.002001 -0.006007 6.866319
-0.001822 -0.005984 6.866319
-0.001642 -0.005961 6.866319
-0.001462 -0.005937 6.866319
-0.001282 -0.005915 6.866319
-0.001102 -0.005893 6.866319
-0.000923 -0.005860 6.866319
-0.000745 -0.005829 6.866319
-0.000564 -0.005810 6.866319
-0.000385 -0.005784 6.866319
-0.000205 -0.005757 6.866319
-0.000027 -0.005721 6.866319
0.000153 -0.005742 6.866319
0.000331 -0.005778 6.866319
0.000510 -0.005803 6.866319
0.000691 -0.005822 6.866319
0.000870 -0.005851 6.866319
0.001048 -0.005885 6.866319
0.001227 -0.005910 6.866319
0.001407 -0.005934 6.866319
0.001587 -0.005959 6.866319
0.001766 -0.005986 6.866319
0.001945 -0.006018 6.866319
0.002125 -0.006043 6.866319
0.002304 -0.006068 6.866319
0.002482 -0.006104 6.866319
0.002660 -0.006140 6.866319
0.002837 -0.006179 6.866319
0.003013 -0.006222 6.866319
0.003190 -0.006262 6.866319
0.003366 -0.006307 6.866319
0.003540 -0.006257 6.866319
0.003610 -0.006090 6.866319
0.003669 -0.005918 6.866319
0.003728 -0.005747 6.866319
0.003792 -0.005577 6.866319
0.003865 -0.005411 6.866319
0.003946 -0.005249 6.866319
0.004024 -0.005085 6.866319
0.004107 -0.004924 6.866319
0.004189 -0.004762 6.866319
0.004260 -0.004595 6.866319
0.004330 -0.004428 6.866319
0.004400 -0.004260 6.866319
0.004471 -0.004093 6.866319
0.004541 -0.003926 6.866319
0.004604 -0.003756 6.866319
0.004663 -0.003584 6.866319
0.004741 -0.003420 6.866319
0.004802 -0.003250 6.866319
0.004876 -0.003084 6.866319
0.004925 -0.002909 6.866319
0.005025 -0.002758 6.866319
0.005152 -0.002629 6.866319
0.005259 -0.002482 6.866319
0.005369 -0.002338 6.866319
0.005481 -0.002195 6.866319
0.005600 -0.002059 6.866319
0.005712 -0.001916 6.866319
0.005822 -0.001772 6.866319
0.005934 -0.001629 6.866319
0.006046 -0.001486 6.866319
0.006162 -0.001346 6.866319
0.006273 -0.001203 6.866319
0.006381 -0.001058 6.866319
0.006498 -0.000919 6.866319
0.006615 -0.000780 6.866319
0.006736 -0.000644 6.866319
0.006859 -0.000512 6.866319
0.006983 -0.000379 6.866319
0.007110 -0.000250 6.866319
0.007152 -0.000073 6.866319

