0.006360 -0.000000 2.918403
0.006306 0.000152 2.918403
0.006204 0.000277 2.918403
0.006105 0.000404 2.918403
0.006006 0.000531 2.918403
0.005902 0.000655 2.918403
0.005798 0.000778 2.918403
0.005700 0.000905 2.918403
0.005604 0.001035 2.918403
0.005503 0.001161 2.918403
0.005397 0.001282 2.918403
0.005292 0.001404 2.918403
0.005193 0.001531 2.918403
0.005098 0.001662 2.918403
0.005003 0.001791 2.918403
0.004901 0.001916 2.918403
0.004794 0.002037 2.918403
0.004685 0.002156 2.918403
0.004579 0.002277 2.918403
0.004471 0.002397 2.918403
0.004373 0.002525 2.918403
0.004312 0.002674 2.918403
0.004261 0.002827 2.918403
0.004209 0.002980 2.918403
0.004162 0.003133 2.918403
0.004110 0.003286 2.918403
0.004053 0.003437 2.918403
0.003988 0.003584 2.918403
0.003922 0.003731 2.918403
0.003862 0.003881 2.918403
0.003809 0.004033 2.918403
0.003757 0.004186 2.918403
0.003698 0.004336 2.918403
0.003634 0.004483 2.918403
0.003573 0.004633 2.918403
0.003518 0.004784 2.918403
0.003463 0.004936 2.918403
0.003402 0.005085 2.918403
0.003342 0.005235 2.918403
0.003284 0.005385 2.918403
0.003180 0.005508 2.918403
0.003021 0.005537 2.918403
0.002862 0.005512 2.918403
0.002703 0.005489 2.918403
0.002543 0.005466 2.918403
0.002384 0.005439 2.918403
0.002226 0.005411 2.918403
0.002066 0.005389 2.918403
0.001906 0.005371 2.918403
0.001746 0.005346 2.918403
0.001588 0.005315 2.918403
0.001430 0.005285 2.918403
0.001270 0.005262 2.918403
0.001110 0.005246 2.918403
0.000950 0.005228 2.918403
0.000791 0.005202 2.918403
0.000633 0.005171 2.918403
0.000476 0.005135 2.918403
0.000318 0.005104 2.918403
0.000160 0.005071 2.918403
-0.000000 0.005050 2.918403
-0.000160 0.005071 2.918403
-0.000318 0.005104 2.918403
-0.000476 0.005135 2.918403
-0.000633 0.005171 2.918403
-0.000791 0.005202 2.918403
-0.000950 0.005228 2.918403
-0.001110 0.005246 2.918403
-0.001270 0.005262 2.918403
-0.001430 0.005285 2.918403
-0.001588 0.005315 2.918403
-0.001746 0.005346 2.918403
-0.001906 0.005371 2.918403
-0.002066 0.005389 2.918403
-0.002226 0.005411 2.918403
-0.002384 0.005439 2.918403
-0.002543 0.005466 2.918403
-0.002703 0.005489 2.918403
-0.002862 0.005512 2.918403
-0.003021 0.005537 2.918403
-0.003180 0.005508 2.918403
-0.003284 0.005385 2.918403
-0.003342 0.005235 2.918403
-0.003402 0.005085 2.918403
-0.003463 0.004936 2.918403
-0.003518 0.004784 2.918403
-0.003573 0.004633 2.918403
-0.003634 0.004483 2.918403
-0.003698 0.004336 2.918403
-0.003757 0.004186 2.918403
-0.003809 0.004033 2.918403
-0.003862 0.003881 2.918403
-0.003922 0.003731 2.918403
-0.003988 0.003584 2.918403
-0.004053 0.003437 2.918403
-0.004110 0.003286 2.918403
-0.004162 0.003133 2.918403
-0.004209 0.002980 2.918403
-0.004261 0.002827 2.918403
-0.004312 0.002674 2.918403
-0.004373 0.002525 2.918403
-0.004471 0.002397 2.918403
-0.004579 0.002277 2.918403
-0.004685 0.002156 2.918403
-0.004794 0.002037 2.918403
-0.004901 0.001916 2.918403
-0.005003 0.001791 2.918403
-0.005098 0.001662 2.918403
-0.005193 0.001531 2.918403
-0.005292 0.001404 2.918403
-0.005397 0.001282 2.918403
-0.005503 0.001161 2.918403
-0.005604 0.001035 2.918403
-0.005700 0.000905 2.918403
-0.005798 0.000778 2.918403
-0.005902 0.000655 2.918403
-0.006006 0.000531 2.918403
-0.006105 0.000404 2.918403
-0.006204 0.000277 2.918403
-0.006306 0.000152 2.918403
-0.006360 0.000000 2.918403
-0.006306 -0.000152 2.918403
-0.006204 -0.000277 2.918403
-0.006105 -0.000404 2.918403
-0.006006 -0.000531 2.918403
-0.005902 -0.000655 2.918403
-0.005798 -0.000778 2.918403
-0.005700 -0.000905 2.918403
-0.005604 -0.001035 2.918403
-0.005503 -0.001161 2.918403
-0.005397 -0.001282 2.918403
-0.005292 -0.001404 2.918403
-0.005193 -0.001531 2.918403
-0.005098 -0.001662 2.918403
-0.005003 -0.001791 2.918403
-0.004901 -0.001916 2.918403
-0.004794 -0.002037 2.918403
-0.004685 -0.002156 2.918403
-0.004579 -0.002277 2.918403
-0.004471 -0.002397 2.918403
-0.004373 -0.002525 2.918403
-0.004312 -0.002674 2.918403
-0.004261 -0.002827 2.918403
-0.004209 -0.002980 2.918403
-0.004162 -0.003133 2.918403
-0.004110 -0.003286 2.918403
-0.004053 -0.003437 2.918403
-0.003988 -0.003584 2.918403
-0.003922 -0.003731 2.918403
-0.003862 -0.003881 2.918403
-0.003809 -0.004033 2.918403
-0.003757 -0.004186 2.918403
-0.003698 -0.004336 2.918403
-0.003634 -0.004483 2.918403
-0.003573 -0.004633 2.918403
-0.003518 -0.004784 2.918403
-0.003463 -0.004936 2.918403
-0.003402 -0.005085 2.918403
-0.003342 -0.005235 2.918403
-0.003284 -0.005385 2.918403
-0.003180 -0.005508 2.918403
-0.003021 -0.005537 2.918403
-0.002862 -0.005512 2.918403
-0.002703 -0.005489 2.918403
-0.002543 -0.005466 2.918403
-0.002384 -0.005439 2.918403
-0.002226 -0.005411 2.918403
-0.002066 -0.005389 2.918403
-0.001906 -0.005371 2.918403
-0.001746 -0.005346 2.918403
-0.001588 -0.005315 2.918403
-0.001430 -0.005285 2.918403
-0.001270 -0.005262 2.918403
-0.001110 -0.005246 2.918403
-0.000950 -0.005228 2.918403
-0.000791 -0.005202 2.918403
-0.000633 -0.005171 2.918403
-0.000476 -0.005135 2.918403
-0.000318 -0.005104 2.918403
-0.000160 -0.005071 2.918403
0.000000 -0.005050 2.918403
0.000160 -0.005071 2.918403
0.000318 -0.005104 2.918403
0.000476 -0.005135 2.918403
0.000633 -0.005171 2.918403
0.000791 -0.005202 2.918403
0.000950 -0.005228 2.918403
0.001110 -0.005246 2.918403
0.001270 -0.005262 2.918403
0.001430 -0.005285 2.918403
0.001588 -0.005315 2.918403
0.001746 -0.005346 2.918403
0.001906 -0.005371 2.918403
0.002066 -0.005389 2.918403
0.002226 -0.005411 2.918403
0.002384 -0.005439 2.918403
0.002543 -0.005466 2.918403
0.002703 -0.005489 2.918403
0.002862 -0.005512 2.918403
0.003021 -0.005537 2.918403
0.003180 -0.005508 2.918403
0.003284 -0.005385 2.918403
0.003342 -0.005235 2.918403
0.003402 -0.005085 2.918403
0.003463 -0.004936 2.918403
0.003518 -0.004784 2.918403
0.003573 -0.004633 2.918403
0.003634 -0.004483 2.918403
0.003698 -0.004336 2.918403
0.003757 -0.004186 2.918403
0.003809 -0.004033 2.918403
0.003862 -0.003881 2.918403
0.003922 -0.003731 2.918403
0.003988 -0.003584 2.918403
0.004053 -0.003437 2.918403
0.004110 -0.003286 2.918403
0.004162 -0.003133 2.918403
0.004209 -0.002980 2.918403
0.004261 -0.002827 2.918403
0.004312 -0.002674 2.918403
0.004373 -0.002525 2.918403
0.004471 -0.002397 2.918403
0.004579 -0.002277 2.918403
0.004685 -0.002156 2.918403
0.004794 -0.002037 2.918403
0.004901 -0.001916 2.918403
0.005003 -0.001791 2.918403
0.005098 -0.001662 2.918403
0.005193 -0.001531 2.918403
0.005292 -0.001404 2.918403
0.005397 -0.001282 2.918403
0.005503 -0.001161 2.918403
0.005604 -0.001035 2.918403
0.005700 -0.000905 2.918403
0.005798 -0.000778 2.918403
0.005902 -0.000655 2.918403
0.006006 -0.000531 2.918403
0.006105 -0.000404 2.918403
0.006204 -0.000277 2.918403
0.006306 -0.000152 2.918403
0.006360 -0.000000 2.918403

