0.008148 0.000001 11.338542
0.008001 0.000153 11.338542
0.007842 0.000293 11.338542
0.007695 0.000446 11.338542
0.007537 0.000587 11.338542
0.007393 0.000742 11.338542
0.007237 0.000885 11.338542
0.007106 0.001052 11.338542
0.006943 0.001187 11.338542
0.006814 0.001355 11.338542
0.006649 0.001489 11.338542
0.006512 0.001650 11.338542
0.006370 0.001808 11.338542
0.006235 0.001970 11.338542
0.006086 0.002121 11.338542
0.005938 0.002273 11.338542
0.005807 0.002439 11.338542
0.005660 0.002592 11.338542
0.005527 0.002757 11.338542
0.005416 0.002937 11.338542
0.005353 0.003139 11.338542
0.005276 0.003337 11.338542
0.005199 0.003534 11.338542
0.005157 0.003742 11.338542
0.005079 0.003939 11.338542
0.005031 0.004145 11.338542
0.004959 0.004344 11.338542
0.004909 0.004550 11.338542
0.004861 0.004757 11.338542
0.004787 0.004955 11.338542
0.004730 0.005159 11.338542
0.004656 0.005358 11.338542
0.004601 0.005562 11.338542
0.004522 0.005759 11.338542
0.004470 0.005964 11.338542
0.004384 0.006158 11.338542
0.004325 0.006362 11.338542
0.004235 0.006553 11.338542
0.004167 0.006754 11.338542
0.004085 0.006949 11.338542
0.003926 0.007089 11.338542
0.003730 0.007010 11.338542
0.003529 0.006943 11.338542
0.003329 0.006872 11.338542
0.003125 0.006816 11.338542
0.002923 0.006753 11.338542
0.002717 0.006701 11.338542
0.002511 0.006653 11.338542
0.002308 0.006591 11.338542
0.002100 0.006552 11.338542
0.001893 0.006507 11.338542
0.001690 0.006445 11.338542
0.001480 0.006422 11.338542
0.001293 0.006522 11.338542
0.001155 0.006683 11.338542
0.000982 0.006561 11.338542
0.000788 0.006476 11.338542
0.000588 0.006406 11.338542
0.000388 0.006336 11.338542
0.000183 0.006282 11.338542
-0.000022 0.006228 11.338542
-0.000229 0.006273 11.338542
-0.000427 0.006349 11.338542
-0.000631 0.006405 11.338542
-0.000823 0.006493 11.338542
-0.001003 0.006606 11.338542
-0.001124 0.006432 11.338542
-0.001327 0.006373 11.338542
-0.001537 0.006401 11.338542
-0.001746 0.006438 11.338542
-0.001945 0.006511 11.338542
-0.002154 0.006544 11.338542
-0.002354 0.006613 11.338542
-0.002562 0.006654 11.338542
-0.002770 0.006696 11.338542
-0.002973 0.006754 11.338542
-0.003180 0.006801 11.338542
-0.003378 0.006878 11.338542
-0.003581 0.006935 11.338542
-0.003775 0.007022 11.338542
-0.003966 0.007112 11.338542
-0.004142 0.006993 11.338542
-0.004224 0.006798 11.338542
-0.004299 0.006600 11.338542
-0.004395 0.006411 11.338542
-0.004459 0.006209 11.338542
-0.004552 0.006019 11.338542
-0.004601 0.005813 11.338542
-0.004688 0.005620 11.338542
-0.004733 0.005413 11.338542
-0.004814 0.005217 11.338542
-0.004864 0.005011 11.338542
-0.004941 0.004813 11.338542
-0.004978 0.004605 11.338542
-0.005048 0.004405 11.338542
-0.005108 0.004202 11.338542
-0.005161 0.003997 11.338542
-0.005229 0.003796 11.338542
-0.005259 0.003586 11.338542
-0.005349 0.003394 11.338542
-0.005378 0.003185 11.338542
-0.005466 0.002992 11.338542
-0.005624 0.002850 11.338542
-0.005749 0.002679 11.338542
-0.005906 0.002537 11.338542
-0.006051 0.002383 11.338542
-0.006183 0.002217 11.338542
-0.006340 0.002075 11.338542
-0.006479 0.001915 11.338542
-0.006639 0.001776 11.338542
-0.006765 0.001606 11.338542
-0.006926 0.001467 11.338542
-0.007055 0.001299 11.338542
-0.007213 0.001158 11.338542
-0.007347 0.000994 11.338542
-0.007505 0.000854 11.338542
-0.007647 0.000696 11.338542
-0.007808 0.000559 11.338542
-0.007950 0.000402 11.338542
-0.008101 0.000252 11.338542
-0.008148 0.000046 11.338542
-0.008002 -0.000107 11.338542
-0.007871 -0.000274 11.338542
-0.007731 -0.000433 11.338542
-0.007607 -0.000605 11.338542
-0.007468 -0.000764 11.338542
-0.007346 -0.000938 11.338542
-0.007194 -0.001085 11.338542
-0.007057 -0.001247 11.338542
-0.006897 -0.001386 11.338542
-0.006769 -0.001554 11.338542
-0.006622 -0.001707 11.338542
-0.006488 -0.001871 11.338542
-0.006324 -0.002005 11.338542
-0.006191 -0.002170 11.338542
-0.006029 -0.002306 11.338542
-0.005886 -0.002463 11.338542
-0.005734 -0.002611 11.338542
-0.005580 -0.002755 11.338542
-0.005471 -0.002938 11.338542
-0.005435 -0.003146 11.338542
-0.005356 -0.003343 11.338542
-0.005286 -0.003543 11.338542
-0.005244 -0.003751 11.338542
-0.005165 -0.003947 11.338542
-0.005134 -0.004157 11.338542
-0.005048 -0.004350 11.338542
-0.005013 -0.004559 11.338542
-0.004942 -0.004759 11.338542
-0.004897 -0.004966 11.338542
-0.004818 -0.005162 11.338542
-0.004768 -0.005368 11.338542
-0.004692 -0.005566 11.338542
-0.004644 -0.005772 11.338542
-0.004572 -0.005972 11.338542
-0.004528 -0.006179 11.338542
-0.004457 -0.006378 11.338542
-0.004414 -0.006586 11.338542
-0.004340 -0.006785 11.338542
-0.004291 -0.006991 11.338542
-0.004114 -0.007107 11.338542
-0.003909 -0.007054 11.338542
-0.003705 -0.006996 11.338542
-0.003497 -0.006957 11.338542
-0.003293 -0.006902 11.338542
-0.003085 -0.006862 11.338542
-0.002879 -0.006812 11.338542
-0.002669 -0.006783 11.338542
-0.002464 -0.006727 11.338542
-0.002257 -0.006684 11.338542
-0.002056 -0.006618 11.338542
-0.001850 -0.006568 11.338542
-0.001641 -0.006530 11.338542
-0.001433 -0.006490 11.338542
-0.001225 -0.006453 11.338542
-0.001018 -0.006408 11.338542
-0.000810 -0.006366 11.338542
-0.000602 -0.006324 11.338542
-0.000410 -0.006235 11.338542
-0.000199 -0.006222 11.338542
-0.000001 -0.006299 11.338542
0.000210 -0.006320 11.338542
0.000412 -0.006383 11.338542
0.000617 -0.006439 11.338542
0.000825 -0.006478 11.338542
0.001024 -0.006549 11.338542
0.001234 -0.006577 11.338542
0.001437 -0.006640 11.338542
0.001643 -0.006688 11.338542
0.001850 -0.006734 11.338542
0.002056 -0.006780 11.338542
0.002264 -0.006822 11.338542
0.002470 -0.006873 11.338542
0.002678 -0.006909 11.338542
0.002882 -0.006969 11.338542
0.003091 -0.007002 11.338542
0.003296 -0.007057 11.338542
0.003505 -0.007091 11.338542
0.003713 -0.007130 11.338542
0.003922 -0.007166 11.338542
0.004113 -0.007075 11.338542
0.004159 -0.006868 11.338542
0.004192 -0.006659 11.338542
0.004258 -0.006458 11.338542
0.004299 -0.006250 11.338542
0.004371 -0.006051 11.338542
0.004411 -0.005843 11.338542
0.004495 -0.005648 11.338542
0.004537 -0.005441 11.338542
0.004608 -0.005241 11.338542
0.004658 -0.005035 11.338542
0.004716 -0.004831 11.338542
0.004783 -0.004630 11.338542
0.004829 -0.004423 11.338542
0.004927 -0.004236 11.338542
0.004956 -0.004026 11.338542
0.005064 -0.003844 11.338542
0.005264 -0.003775 11.338542
0.005317 -0.003570 11.338542
0.005312 -0.003358 11.338542
0.005383 -0.003158 11.338542
0.005535 -0.003011 11.338542
0.005662 -0.002841 11.338542
0.005822 -0.002702 11.338542
0.005962 -0.002543 11.338542
0.006116 -0.002398 11.338542
0.006260 -0.002243 11.338542
0.006397 -0.002081 11.338542
0.006556 -0.001940 11.338542
0.006693 -0.001779 11.338542
0.006845 -0.001632 11.338542
0.006976 -0.001465 11.338542
0.007134 -0.001324 11.338542
0.007259 -0.001153 11.338542
0.007417 -0.001012 11.338542
0.007543 -0.000842 11.338542
0.007697 -0.000696 11.338542
0.007825 -0.000528 11.338542
0.007969 -0.000372 11.338542
0.008100 -0.000206 11.338542
0.008148 0.000001 11.338542

