0.006386 -0.000000 3.048611
0.006332 0.000153 3.048611
0.006230 0.000278 3.048611
0.006129 0.000405 3.048611
0.006030 0.000533 3.048611
0.005929 0.000659 3.048611
0.005824 0.000782 3.048611
0.005721 0.000907 3.048611
0.005624 0.001037 3.048611
0.005527 0.001166 3.048611
0.005424 0.001291 3.048611
0.005317 0.001412 3.048611
0.005212 0.001536 3.048611
0.005114 0.001665 3.048611
0.005020 0.001796 3.048611
0.004922 0.001925 3.048611
0.004820 0.002050 3.048611
0.004711 0.002170 3.048611
0.004604 0.002291 3.048611
0.004493 0.002410 3.048611
0.004391 0.002535 3.048611
0.004334 0.002686 3.048611
0.004286 0.002841 3.048611
0.004235 0.002995 3.048611
0.004185 0.003149 3.048611
0.004129 0.003300 3.048611
0.004066 0.003450 3.048611
0.003999 0.003597 3.048611
0.003936 0.003746 3.048611
0.003881 0.003898 3.048611
0.003830 0.004052 3.048611
0.003773 0.004203 3.048611
0.003710 0.004352 3.048611
0.003646 0.004501 3.048611
0.003590 0.004653 3.048611
0.003535 0.004805 3.048611
0.003476 0.004956 3.048611
0.003415 0.005106 3.048611
0.003356 0.005256 3.048611
0.003298 0.005407 3.048611
0.003193 0.005530 3.048611
0.003034 0.005560 3.048611
0.002874 0.005535 3.048611
0.002714 0.005510 3.048611
0.002554 0.005489 3.048611
0.002394 0.005464 3.048611
0.002234 0.005435 3.048611
0.002075 0.005408 3.048611
0.001914 0.005389 3.048611
0.001754 0.005370 3.048611
0.001594 0.005343 3.048611
0.001435 0.005311 3.048611
0.001276 0.005282 3.048611
0.001115 0.005262 3.048611
0.000954 0.005246 3.048611
0.000794 0.005226 3.048611
0.000634 0.005199 3.048611
0.000476 0.005165 3.048611
0.000317 0.005133 3.048611
0.000160 0.005096 3.048611
-0.000000 0.005070 3.048611
-0.000160 0.005096 3.048611
-0.000317 0.005133 3.048611
-0.000476 0.005165 3.048611
-0.000634 0.005199 3.048611
-0.000794 0.005226 3.048611
-0.000954 0.005246 3.048611
-0.001115 0.005262 3.048611
-0.001276 0.005282 3.048611
-0.001435 0.005311 3.048611
-0.001594 0.005343 3.048611
-0.001754 0.005370 3.048611
-0.001914 0.005389 3.048611
-0.002075 0.005408 3.048611
-0.002234 0.005435 3.048611
-0.002394 0.005464 3.048611
-0.002554 0.005489 3.048611
-0.002714 0.005510 3.048611
-0.002874 0.005535 3.048611
-0.003034 0.005560 3.048611
-0.003193 0.005530 3.048611
-0.003298 0.005407 3.048611
-0.003356 0.005256 3.048611
-0.003415 0.005106 3.048611
-0.003476 0.004956 3.048611
-0.003535 0.004805 3.048611
-0.003590 0.004653 3.048611
-0.003646 0.004501 3.048611
-0.003710 0.004352 3.048611
-0.003773 0.004203 3.048611
-0.003830 0.004052 3.048611
-0.003881 0.003898 3.048611
-0.003936 0.003746 3.048611
-0.003999 0.003597 3.048611
-0.004066 0.003450 3.048611
-0.004129 0.003300 3.048611
-0.004185 0.003149 3.048611
-0.004235 0.002995 3.048611
-0.004286 0.002841 3.048611
-0.004334 0.002686 3.048611
-0.004391 0.002535 3.048611
-0.004493 0.002410 3.048611
-0.004604 0.002291 3.048611
-0.004711 0.002170 3.048611
-0.004820 0.002050 3.048611
-0.004922 0.001925 3.048611
-0.005020 0.001796 3.048611
-0.005114 0.001665 3.048611
-0.005212 0.001536 3.048611
-0.005317 0.001412 3.048611
-0.005424 0.001291 3.048611
-0.005527 0.001166 3.048611
-0.005624 0.001037 3.048611
-0.005721 0.000907 3.048611
-0.005824 0.000782 3.048611
-0.005929 0.000659 3.048611
-0.006030 0.000533 3.048611
-0.006129 0.000405 3.048611
-0.006230 0.000278 3.048611
-0.006332 0.000153 3.048611
-0.006386 0.000000 3.048611
-0.006332 -0.000153 3.048611
-0.006230 -0.000278 3.048611
-0.006129 -0.000405 3.048611
-0.006030 -0.000533 3.048611
-0.005929 -0.000659 3.048611
-0.005824 -0.000782 3.048611
-0.005721 -0.000907 3.048611
-0.005624 -0.001037 3.048611
-0.005527 -0.001166 3.048611
-0.005424 -0.001291 3.048611
-0.005317 -0.001412 3.048611
-0.005212 -0.001536 3.048611
-0.005114 -0.001665 3.048611
-0.005020 -0.001796 3.048611
-0.004922 -0.001925 3.048611
-0.004820 -0.002050 3.048611
-0.004711 -0.002170 3.048611
-0.004604 -0.002291 3.048611
-0.004493 -0.002410 3.048611
-0.004391 -0.002535 3.048611
-0.004334 -0.002686 3.048611
-0.004286 -0.002841 3.048611
-0.004235 -0.002995 3.048611
-0.004185 -0.003149 3.048611
-0.004129 -0.003300 3.048611
-0.004066 -0.003450 3.048611
-0.003999 -0.003597 3.048611
-0.003936 -0.003746 3.048611
-0.003881 -0.003898 3.048611
-0.003830 -0.004052 3.048611
-0.003773 -0.004203 3.048611
-0.003710 -0.004352 3.048611
-0.003646 -0.004501 3.048611
-0.003590 -0.004653 3.048611
-0.003535 -0.004805 3.048611
-0.003476 -0.004956 3.048611
-0.003415 -0.005106 3.048611
-0.003356 -0.005256 3.048611
-0.003298 -0.005407 3.048611
-0.003193 -0.005530 3.048611
-0.003034 -0.005560 3.048611
-0.002874 -0.005535 3.048611
-0.002714 -0.005510 3.048611
-0.002554 -0.005489 3.048611
-0.002394 -0.005464 3.048611
-0.002234 -0.005435 3.048611
-0.002075 -0.005408 3.048611
-0.001914 -0.005389 3.048611
-0.001754 -0.005370 3.048611
-0.001594 -0.005343 3.048611
-0.001435 -0.005311 3.048611
-0.001276 -0.005282 3.048611
-0.001115 -0.005262 3.048611
-0.000954 -0.005246 3.048611
-0.000794 -0.005226 3.048611
-0.000634 -0.005199 3.048611
-0.000476 -0.005165 3.048611
-0.000317 -0.005133 3.048611
-0.000160 -0.005096 3.048611
0.000000 -0.005070 3.048611
0.000160 -0.005096 3.048611
0.000317 -0.005133 3.048611
0.000476 -0.005165 3.048611
0.000634 -0.005199 3.048611
0.000794 -0.005226 3.048611
0.000954 -0.005246 3.048611
0.001115 -0.005262 3.048611
0.001276 -0.005282 3.048611
0.001435 -0.005311 3.048611
0.001594 -0.005343 3.048611
0.001754 -0.005370 3.048611
0.001914 -0.005389 3.048611
0.002075 -0.005408 3.048611
0.002234 -0.005435 3.048611
0.002394 -0.005464 3.048611
0.002554 -0.005489 3.048611
0.002714 -0.005510 3.048611
0.002874 -0.005535 3.048611
0.003034 -0.005560 3.048611
0.003193 -0.005530 3.048611
0.003298 -0.005407 3.048611
0.003356 -0.005256 3.048611
0.003415 -0.005106 3.048611
0.003476 -0.004956 3.048611
0.003535 -0.004805 3.048611
0.003590 -0.004653 3.048611
0.003646 -0.004501 3.048611
0.003710 -0.004352 3.048611
0.003773 -0.004203 3.048611
0.003830 -0.004052 3.048611
0.003881 -0.003898 3.048611
0.003936 -0.003746 3.048611
0.003999 -0.003597 3.048611
0.004066 -0.003450 3.048611
0.004129 -0.003300 3.048611
0.004185 -0.003149 3.048611
0.004235 -0.002995 3.048611
0.004286 -0.002841 3.048611
0.004334 -0.002686 3.048611
0.004391 -0.002535 3.048611
0.004493 -0.002410 3.048611
0.004604 -0.002291 3.048611
0.004711 -0.002170 3.048611
0.004820 -0.002050 3.048611
0.004922 -0.001925 3.048611
0.005020 -0.001796 3.048611
0.005114 -0.001665 3.048611
0.005212 -0.001536 3.048611
0.005317 -0.001412 3.048611
0.005424 -0.001291 3.048611
0.005527 -0.001166 3.048611
0.005624 -0.001037 3.048611
0.005721 -0.000907 3.048611
0.005824 -0.000782 3.048611
0.005929 -0.000659 3.048611
0.006030 -0.000533 3.048611
0.006129 -0.000405 3.048611
0.006230 -0.000278 3.048611
0.006332 -0.000153 3.048611
0.006386 -0.000000 3.048611

