0.006185 -0.000000 2.137153
0.006132 0.000147 2.137153
0.006034 0.000269 2.137153
0.005938 0.000392 2.137153
0.005843 0.000516 2.137153
0.005742 0.000636 2.137153
0.005639 0.000753 2.137153
0.005541 0.000875 2.137153
0.005450 0.001002 2.137153
0.005358 0.001128 2.137153
0.005258 0.001248 2.137153
0.005153 0.001364 2.137153
0.005047 0.001478 2.137153
0.004942 0.001595 2.137153
0.004843 0.001715 2.137153
0.004749 0.001840 2.137153
0.004660 0.001969 2.137153
0.004576 0.002101 2.137153
0.004495 0.002234 2.137153
0.004414 0.002368 2.137153
0.004335 0.002503 2.137153
0.004258 0.002639 2.137153
0.004182 0.002775 2.137153
0.004107 0.002913 2.137153
0.004035 0.003051 2.137153
0.003968 0.003192 2.137153
0.003907 0.003336 2.137153
0.003852 0.003483 2.137153
0.003804 0.003631 2.137153
0.003758 0.003781 2.137153
0.003710 0.003930 2.137153
0.003656 0.004076 2.137153
0.003593 0.004219 2.137153
0.003528 0.004361 2.137153
0.003472 0.004507 2.137153
0.003422 0.004655 2.137153
0.003368 0.004802 2.137153
0.003308 0.004946 2.137153
0.003250 0.005091 2.137153
0.003194 0.005237 2.137153
0.003092 0.005356 2.137153
0.002939 0.005385 2.137153
0.002784 0.005360 2.137153
0.002630 0.005338 2.137153
0.002475 0.005318 2.137153
0.002321 0.005291 2.137153
0.002167 0.005260 2.137153
0.002013 0.005236 2.137153
0.001857 0.005221 2.137153
0.001702 0.005204 2.137153
0.001548 0.005178 2.137153
0.001395 0.005144 2.137153
0.001243 0.005110 2.137153
0.001090 0.005078 2.137153
0.000936 0.005051 2.137153
0.000781 0.005032 2.137153
0.000625 0.005020 2.137153
0.000469 0.005013 2.137153
0.000313 0.005009 2.137153
0.000156 0.005007 2.137153
-0.000000 0.005006 2.137153
-0.000156 0.005007 2.137153
-0.000313 0.005009 2.137153
-0.000469 0.005013 2.137153
-0.000625 0.005020 2.137153
-0.000781 0.005032 2.137153
-0.000936 0.005051 2.137153
-0.001090 0.005078 2.137153
-0.001243 0.005110 2.137153
-0.001395 0.005144 2.137153
-0.001548 0.005178 2.137153
-0.001702 0.005204 2.137153
-0.001857 0.005221 2.137153
-0.002013 0.005236 2.137153
-0.002167 0.005260 2.137153
-0.002321 0.005291 2.137153
-0.002475 0.005318 2.137153
-0.002630 0.005338 2.137153
-0.002784 0.005360 2.137153
-0.002939 0.005385 2.137153
-0.003092 0.005356 2.137153
-0.003194 0.005237 2.137153
-0.003250 0.005091 2.137153
-0.003308 0.004946 2.137153
-0.003368 0.004802 2.137153
-0.003422 0.004655 2.137153
-0.003472 0.004507 2.137153
-0.003528 0.004361 2.137153
-0.003593 0.004219 2.137153
-0.003656 0.004076 2.137153
-0.003710 0.003930 2.137153
-0.003758 0.003781 2.137153
-0.003804 0.003631 2.137153
-0.003852 0.003483 2.137153
-0.003907 0.003336 2.137153
-0.003968 0.003192 2.137153
-0.004035 0.003051 2.137153
-0.004107 0.002913 2.137153
-0.004182 0.002775 2.137153
-0.004258 0.002639 2.137153
-0.004335 0.002503 2.137153
-0.004414 0.002368 2.137153
-0.004495 0.002234 2.137153
-0.004576 0.002101 2.137153
-0.004660 0.001969 2.137153
-0.004749 0.001840 2.137153
-0.004843 0.001715 2.137153
-0.004942 0.001595 2.137153
-0.005047 0.001478 2.137153
-0.005153 0.001364 2.137153
-0.005258 0.001248 2.137153
-0.005358 0.001128 2.137153
-0.005450 0.001002 2.137153
-0.005541 0.000875 2.137153
-0.005639 0.000753 2.137153
-0.005742 0.000636 2.137153
-0.005843 0.000516 2.137153
-0.005938 0.000392 2.137153
-0.006034 0.000269 2.137153
-0.006132 0.000147 2.137153
-0.006185 0.000000 2.137153
-0.006132 -0.000147 2.137153
-0.006034 -0.000269 2.137153
-0.005938 -0.000392 2.137153
-0.005843 -0.000516 2.137153
-0.005742 -0.000636 2.137153
-0.005639 -0.000753 2.137153
-0.005541 -0.000875 2.137153
-0.005450 -0.001002 2.137153
-0.005358 -0.001128 2.137153
-0.005258 -0.001248 2.137153
-0.005153 -0.001364 2.137153
-0.005047 -0.001478 2.137153
-0.004942 -0.001595 2.137153
-0.004843 -0.001715 2.137153
-0.004749 -0.001840 2.137153
-0.004660 -0.001969 2.137153
-0.004576 -0.002101 2.137153
-0.004495 -0.002234 2.137153
-0.004414 -0.002368 2.137153
-0.004335 -0.002503 2.137153
-0.004258 -0.002639 2.137153
-0.004182 -0.002775 2.137153
-0.004107 -0.002913 2.137153
-0.004035 -0.003051 2.137153
-0.003968 -0.003192 2.137153
-0.003907 -0.003336 2.137153
-0.003852 -0.003483 2.137153
-0.003804 -0.003631 2.137153
-0.003758 -0.003781 2.137153
-0.003710 -0.003930 2.137153
-0.003656 -0.004076 2.137153
-0.003593 -0.004219 2.137153
-0.003528 -0.004361 2.137153
-0.003472 -0.004507 2.137153
-0.003422 -0.004655 2.137153
-0.003368 -0.004802 2.137153
-0.003308 -0.004946 2.137153
-0.003250 -0.005091 2.137153
-0.003194 -0.005237 2.137153
-0.003092 -0.005356 2.137153
-0.002939 -0.005385 2.137153
-0.002784 -0.005360 2.137153
-0.002630 -0.005338 2.137153
-0.002475 -0.005318 2.137153
-0.002321 -0.005291 2.137153
-0.002167 -0.005260 2.137153
-0.002013 -0.005236 2.137153
-0.001857 -0.005221 2.137153
-0.001702 -0.005204 2.137153
-0.001548 -0.005178 2.137153
-0.001395 -0.005144 2.137153
-0.001243 -0.005110 2.137153
-0.001090 -0.005078 2.137153
-0.000936 -0.005051 2.137153
-0.000781 -0.005032 2.137153
-0.000625 -0.005020 2.137153
-0.000469 -0.005013 2.137153
-0.000313 -0.005009 2.137153
-0.000156 -0.005007 2.137153
0.000000 -0.005006 2.137153
0.000156 -0.005007 2.137153
0.000313 -0.005009 2.137153
0.000469 -0.005013 2.137153
0.000625 -0.005020 2.137153
0.000781 -0.005032 2.137153
0.000936 -0.005051 2.137153
0.001090 -0.005078 2.137153
0.001243 -0.005110 2.137153
0.001395 -0.005144 2.137153
0.001548 -0.005178 2.137153
0.001702 -0.005204 2.137153
0.001857 -0.005221 2.137153
0.002013 -0.005236 2.137153
0.002167 -0.005260 2.137153
0.002321 -0.005291 2.137153
0.002475 -0.005318 2.137153
0.002630 -0.005338 2.137153
0.002784 -0.005360 2.137153
0.002939 -0.005385 2.137153
0.003092 -0.005356 2.137153
0.003194 -0.005237 2.137153
0.003250 -0.005091 2.137153
0.003308 -0.004946 2.137153
0.003368 -0.004802 2.137153
0.003422 -0.004655 2.137153
0.003472 -0.004507 2.137153
0.003528 -0.004361 2.137153
0.003593 -0.004219 2.137153
0.003656 -0.004076 2.137153
0.003710 -0.003930 2.137153
0.003758 -0.003781 2.137153
0.003804 -0.003631 2.137153
0.003852 -0.003483 2.137153
0.003907 -0.003336 2.137153
0.003968 -0.003192 2.137153
0.004035 -0.003051 2.137153
0.004107 -0.002913 2.137153
0.004182 -0.002775 2.137153
0.004258 -0.002639 2.137153
0.004335 -0.002503 2.137153
0.004414 -0.002368 2.137153
0.004495 -0.002234 2.137153
0.004576 -0.002101 2.137153
0.004660 -0.001969 2.137153
0.004749 -0.001840 2.137153
0.004843 -0.001715 2.137153
0.004942 -0.001595 2.137153
0.005047 -0.001478 2.137153
0.005153 -0.001364 2.137153
0.005258 -0.001248 2.137153
0.005358 -0.001128 2.137153
0.005450 -0.001002 2.137153
0.005541 -0.000875 2.137153
0.005639 -0.000753 2.137153
0.005742 -0.000636 2.137153
0.005843 -0.000516 2.137153
0.005938 -0.000392 2.137153
0.006034 -0.000269 2.137153
0.006132 -0.000147 2.137153
0.006185 -0.000000 2.137153

