0.007441 -0.000082 7.947917
0.007310 0.000055 7.947917
0.007181 0.000195 7.947917
0.007053 0.000334 7.947917
0.006928 0.000478 7.947917
0.006807 0.000624 7.947917
0.006679 0.000764 7.947917
0.006554 0.000907 7.947917
0.006436 0.001056 7.947917
0.006324 0.001209 7.947917
0.006215 0.001364 7.947917
0.006113 0.001524 7.947917
0.006006 0.001681 7.947917
0.005913 0.001847 7.947917
0.005797 0.001997 7.947917
0.005691 0.002154 7.947917
0.005570 0.002301 7.947917
0.005471 0.002463 7.947917
0.005343 0.002602 7.947917
0.005233 0.002757 7.947917
0.005107 0.002899 7.947917
0.005025 0.003070 7.947917
0.004967 0.003251 7.947917
0.004889 0.003424 7.947917
0.004829 0.003604 7.947917
0.004738 0.003771 7.947917
0.004682 0.003952 7.947917
0.004601 0.004124 7.947917
0.004528 0.004299 7.947917
0.004448 0.004471 7.947917
0.004378 0.004648 7.947917
0.004307 0.004823 7.947917
0.004241 0.005002 7.947917
0.004174 0.005179 7.947917
0.004115 0.005359 7.947917
0.004065 0.005543 7.947917
0.004012 0.005725 7.947917
0.003960 0.005907 7.947917
0.003910 0.006090 7.947917
0.003854 0.006272 7.947917
0.003703 0.006387 7.947917
0.003519 0.006344 7.947917
0.003333 0.006305 7.947917
0.003149 0.006260 7.947917
0.002964 0.006216 7.947917
0.002778 0.006177 7.947917
0.002592 0.006141 7.947917
0.002403 0.006120 7.947917
0.002213 0.006110 7.947917
0.002024 0.006097 7.947917
0.001835 0.006086 7.947917
0.001646 0.006069 7.947917
0.001456 0.006059 7.947917
0.001267 0.006040 7.947917
0.001078 0.006026 7.947917
0.000892 0.005985 7.947917
0.000703 0.005982 7.947917
0.000517 0.005944 7.947917
0.000328 0.005927 7.947917
0.000143 0.005885 7.947917
-0.000047 0.005871 7.947917
-0.000232 0.005912 7.947917
-0.000421 0.005927 7.947917
-0.000606 0.005971 7.947917
-0.000796 0.005974 7.947917
-0.000983 0.006006 7.947917
-0.001172 0.006019 7.947917
-0.001361 0.006043 7.947917
-0.001551 0.006042 7.947917
-0.001740 0.006059 7.947917
-0.001929 0.006072 7.947917
-0.002118 0.006094 7.947917
-0.002305 0.006121 7.947917
-0.002493 0.006151 7.947917
-0.002679 0.006186 7.947917
-0.002866 0.006219 7.947917
-0.003055 0.006242 7.947917
-0.003242 0.006274 7.947917
-0.003427 0.006316 7.947917
-0.003612 0.006360 7.947917
-0.003796 0.006406 7.947917
-0.003946 0.006290 7.947917
-0.004001 0.006108 7.947917
-0.004050 0.005925 7.947917
-0.004103 0.005743 7.947917
-0.004155 0.005560 7.947917
-0.004203 0.005376 7.947917
-0.004258 0.005195 7.947917
-0.004315 0.005014 7.947917
-0.004368 0.004831 7.947917
-0.004427 0.004651 7.947917
-0.004486 0.004471 7.947917
-0.004556 0.004294 7.947917
-0.004624 0.004117 7.947917
-0.004698 0.003942 7.947917
-0.004750 0.003760 7.947917
-0.004841 0.003593 7.947917
-0.004896 0.003411 7.947917
-0.004978 0.003240 7.947917
-0.005030 0.003057 7.947917
-0.005115 0.002888 7.947917
-0.005245 0.002750 7.947917
-0.005351 0.002592 7.947917
-0.005485 0.002457 7.947917
-0.005583 0.002295 7.947917
-0.005708 0.002152 7.947917
-0.005820 0.001999 7.947917
-0.005941 0.001853 7.947917
-0.006047 0.001695 7.947917
-0.006169 0.001550 7.947917
-0.006288 0.001402 7.947917
-0.006412 0.001258 7.947917
-0.006537 0.001115 7.947917
-0.006661 0.000972 7.947917
-0.006791 0.000833 7.947917
-0.006924 0.000698 7.947917
-0.007052 0.000558 7.947917
-0.007184 0.000421 7.947917
-0.007316 0.000285 7.947917
-0.007445 0.000145 7.947917
-0.007468 -0.000043 7.947917
-0.007338 -0.000181 7.947917
-0.007215 -0.000326 7.947917
-0.007086 -0.000465 7.947917
-0.006953 -0.000600 7.947917
-0.006817 -0.000732 7.947917
-0.006678 -0.000862 7.947917
-0.006546 -0.000999 7.947917
-0.006425 -0.001145 7.947917
-0.006306 -0.001293 7.947917
-0.006197 -0.001448 7.947917
-0.006083 -0.001600 7.947917
-0.005982 -0.001761 7.947917
-0.005870 -0.001914 7.947917
-0.005767 -0.002073 7.947917
-0.005638 -0.002213 7.947917
-0.005539 -0.002375 7.947917
-0.005417 -0.002520 7.947917
-0.005305 -0.002673 7.947917
-0.005178 -0.002814 7.947917
-0.005070 -0.002970 7.947917
-0.005011 -0.003151 7.947917
-0.004935 -0.003324 7.947917
-0.004879 -0.003506 7.947917
-0.004793 -0.003675 7.947917
-0.004733 -0.003855 7.947917
-0.004659 -0.004030 7.947917
-0.004604 -0.004212 7.947917
-0.004525 -0.004384 7.947917
-0.004469 -0.004566 7.947917
-0.004405 -0.004745 7.947917
-0.004351 -0.004926 7.947917
-0.004294 -0.005107 7.947917
-0.004234 -0.005288 7.947917
-0.004178 -0.005469 7.947917
-0.004128 -0.005652 7.947917
-0.004074 -0.005834 7.947917
-0.004023 -0.006017 7.947917
-0.003972 -0.006200 7.947917
-0.003915 -0.006381 7.947917
-0.003764 -0.006495 7.947917
-0.003581 -0.006445 7.947917
-0.003396 -0.006402 7.947917
-0.003209 -0.006367 7.947917
-0.003022 -0.006338 7.947917
-0.002835 -0.006305 7.947917
-0.002651 -0.006256 7.947917
-0.002468 -0.006207 7.947917
-0.002283 -0.006165 7.947917
-0.002098 -0.006123 7.947917
-0.001911 -0.006089 7.947917
-0.001723 -0.006064 7.947917
-0.001534 -0.006044 7.947917
-0.001344 -0.006039 7.947917
-0.001155 -0.006020 7.947917
-0.000966 -0.006002 7.947917
-0.000779 -0.005975 7.947917
-0.000589 -0.005968 7.947917
-0.000403 -0.005932 7.947917
-0.000214 -0.005911 7.947917
-0.000027 -0.005877 7.947917
0.000161 -0.005898 7.947917
0.000347 -0.005936 7.947917
0.000536 -0.005959 7.947917
0.000723 -0.005992 7.947917
0.000912 -0.006006 7.947917
0.001097 -0.006050 7.947917
0.001284 -0.006078 7.947917
0.001472 -0.006108 7.947917
0.001659 -0.006141 7.947917
0.001844 -0.006181 7.947917
0.002029 -0.006224 7.947917
0.002213 -0.006271 7.947917
0.002398 -0.006313 7.947917
0.002583 -0.006355 7.947917
0.002767 -0.006404 7.947917
0.002951 -0.006448 7.947917
0.003136 -0.006493 7.947917
0.003320 -0.006541 7.947917
0.003505 -0.006583 7.947917
0.003680 -0.006511 7.947917
0.003731 -0.006328 7.947917
0.003785 -0.006146 7.947917
0.003839 -0.005964 7.947917
0.003901 -0.005784 7.947917
0.003973 -0.005609 7.947917
0.004037 -0.005430 7.947917
0.004098 -0.005250 7.947917
0.004161 -0.005071 7.947917
0.004226 -0.004893 7.947917
0.004293 -0.004715 7.947917
0.004373 -0.004543 7.947917
0.004450 -0.004370 7.947917
0.004549 -0.004208 7.947917
0.004619 -0.004031 7.947917
0.004706 -0.003863 7.947917
0.004770 -0.003684 7.947917
0.004865 -0.003520 7.947917
0.004917 -0.003338 7.947917
0.005001 -0.003167 7.947917
0.005057 -0.002986 7.947917
0.005162 -0.002827 7.947917
0.005292 -0.002690 7.947917
0.005400 -0.002534 7.947917
0.005531 -0.002397 7.947917
0.005628 -0.002233 7.947917
0.005762 -0.002099 7.947917
0.005874 -0.001945 7.947917
0.005996 -0.001800 7.947917
0.006111 -0.001649 7.947917
0.006239 -0.001509 7.947917
0.006365 -0.001367 7.947917
0.006497 -0.001231 7.947917
0.006625 -0.001091 7.947917
0.006755 -0.000952 7.947917
0.006889 -0.000818 7.947917
0.007020 -0.000680 7.947917
0.007151 -0.000543 7.947917
0.007284 -0.000408 7.947917
0.007415 -0.000270 7.947917
0.007441 -0.000082 7.947917

