0.007382 -0.000081 7.730903
0.007252 0.000056 7.730903
0.007127 0.000196 7.730903
0.007002 0.000337 7.730903
0.006881 0.000481 7.730903
0.006759 0.000623 7.730903
0.006632 0.000763 7.730903
0.006515 0.000910 7.730903
0.006406 0.001063 7.730903
0.006298 0.001218 7.730903
0.006195 0.001375 7.730903
0.006095 0.001534 7.730903
0.005991 0.001691 7.730903
0.005892 0.001851 7.730903
0.005771 0.001995 7.730903
0.005666 0.002151 7.730903
0.005549 0.002299 7.730903
0.005445 0.002455 7.730903
0.005314 0.002590 7.730903
0.005208 0.002746 7.730903
0.005083 0.002886 7.730903
0.005002 0.003056 7.730903
0.004942 0.003235 7.730903
0.004865 0.003406 7.730903
0.004812 0.003586 7.730903
0.004723 0.003752 7.730903
0.004659 0.003930 7.730903
0.004586 0.004103 7.730903
0.004516 0.004277 7.730903
0.004435 0.004447 7.730903
0.004362 0.004621 7.730903
0.004289 0.004794 7.730903
0.004221 0.004970 7.730903
0.004153 0.005145 7.730903
0.004086 0.005321 7.730903
0.004032 0.005501 7.730903
0.003979 0.005681 7.730903
0.003927 0.005862 7.730903
0.003878 0.006044 7.730903
0.003825 0.006224 7.730903
0.003675 0.006339 7.730903
0.003492 0.006297 7.730903
0.003308 0.006257 7.730903
0.003125 0.006211 7.730903
0.002941 0.006172 7.730903
0.002756 0.006140 7.730903
0.002569 0.006116 7.730903
0.002381 0.006108 7.730903
0.002194 0.006098 7.730903
0.002006 0.006083 7.730903
0.001818 0.006071 7.730903
0.001631 0.006055 7.730903
0.001443 0.006042 7.730903
0.001256 0.006019 7.730903
0.001070 0.005997 7.730903
0.000884 0.005964 7.730903
0.000696 0.005959 7.730903
0.000513 0.005914 7.730903
0.000326 0.005898 7.730903
0.000142 0.005858 7.730903
-0.000046 0.005845 7.730903
-0.000230 0.005884 7.730903
-0.000417 0.005897 7.730903
-0.000599 0.005944 7.730903
-0.000787 0.005955 7.730903
-0.000973 0.005983 7.730903
-0.001161 0.005997 7.730903
-0.001347 0.006027 7.730903
-0.001535 0.006034 7.730903
-0.001722 0.006045 7.730903
-0.001910 0.006056 7.730903
-0.002098 0.006070 7.730903
-0.002285 0.006092 7.730903
-0.002471 0.006116 7.730903
-0.002657 0.006147 7.730903
-0.002841 0.006184 7.730903
-0.003027 0.006212 7.730903
-0.003214 0.006236 7.730903
-0.003399 0.006270 7.730903
-0.003583 0.006309 7.730903
-0.003765 0.006355 7.730903
-0.003916 0.006241 7.730903
-0.003968 0.006061 7.730903
-0.004017 0.005879 7.730903
-0.004070 0.005698 7.730903
-0.004119 0.005517 7.730903
-0.004169 0.005336 7.730903
-0.004227 0.005157 7.730903
-0.004282 0.004977 7.730903
-0.004336 0.004797 7.730903
-0.004399 0.004619 7.730903
-0.004464 0.004442 7.730903
-0.004536 0.004269 7.730903
-0.004603 0.004093 7.730903
-0.004671 0.003917 7.730903
-0.004734 0.003740 7.730903
-0.004821 0.003574 7.730903
-0.004871 0.003392 7.730903
-0.004953 0.003223 7.730903
-0.005006 0.003042 7.730903
-0.005091 0.002874 7.730903
-0.005220 0.002737 7.730903
-0.005323 0.002580 7.730903
-0.005457 0.002448 7.730903
-0.005560 0.002291 7.730903
-0.005679 0.002145 7.730903
-0.005790 0.001992 7.730903
-0.005913 0.001850 7.730903
-0.006020 0.001696 7.730903
-0.006135 0.001546 7.730903
-0.006250 0.001398 7.730903
-0.006370 0.001253 7.730903
-0.006493 0.001111 7.730903
-0.006615 0.000967 7.730903
-0.006739 0.000826 7.730903
-0.006870 0.000691 7.730903
-0.006998 0.000553 7.730903
-0.007127 0.000416 7.730903
-0.007259 0.000282 7.730903
-0.007387 0.000144 7.730903
-0.007412 -0.000042 7.730903
-0.007287 -0.000183 7.730903
-0.007163 -0.000325 7.730903
-0.007030 -0.000457 7.730903
-0.006895 -0.000588 7.730903
-0.006759 -0.000719 7.730903
-0.006626 -0.000851 7.730903
-0.006505 -0.000996 7.730903
-0.006391 -0.001145 7.730903
-0.006278 -0.001296 7.730903
-0.006172 -0.001451 7.730903
-0.006063 -0.001605 7.730903
-0.005962 -0.001763 7.730903
-0.005848 -0.001913 7.730903
-0.005738 -0.002066 7.730903
-0.005615 -0.002208 7.730903
-0.005517 -0.002369 7.730903
-0.005389 -0.002507 7.730903
-0.005278 -0.002658 7.730903
-0.005154 -0.002800 7.730903
-0.005047 -0.002955 7.730903
-0.004987 -0.003133 7.730903
-0.004908 -0.003304 7.730903
-0.004857 -0.003485 7.730903
-0.004776 -0.003655 7.730903
-0.004711 -0.003831 7.730903
-0.004634 -0.004003 7.730903
-0.004581 -0.004184 7.730903
-0.004505 -0.004356 7.730903
-0.004442 -0.004533 7.730903
-0.004377 -0.004709 7.730903
-0.004319 -0.004888 7.730903
-0.004264 -0.005068 7.730903
-0.004206 -0.005247 7.730903
-0.004146 -0.005426 7.730903
-0.004094 -0.005606 7.730903
-0.004042 -0.005787 7.730903
-0.003989 -0.005968 7.730903
-0.003941 -0.006150 7.730903
-0.003887 -0.006330 7.730903
-0.003735 -0.006441 7.730903
-0.003553 -0.006395 7.730903
-0.003368 -0.006360 7.730903
-0.003182 -0.006330 7.730903
-0.002997 -0.006298 7.730903
-0.002814 -0.006254 7.730903
-0.002633 -0.006202 7.730903
-0.002450 -0.006158 7.730903
-0.002266 -0.006120 7.730903
-0.002081 -0.006085 7.730903
-0.001894 -0.006061 7.730903
-0.001707 -0.006044 7.730903
-0.001519 -0.006032 7.730903
-0.001331 -0.006023 7.730903
-0.001145 -0.005997 7.730903
-0.000958 -0.005979 7.730903
-0.000771 -0.005957 7.730903
-0.000583 -0.005943 7.730903
-0.000400 -0.005901 7.730903
-0.000213 -0.005883 7.730903
-0.000027 -0.005849 7.730903
0.000160 -0.005868 7.730903
0.000344 -0.005904 7.730903
0.000531 -0.005927 7.730903
0.000715 -0.005966 7.730903
0.000903 -0.005978 7.730903
0.001088 -0.006012 7.730903
0.001273 -0.006045 7.730903
0.001459 -0.006075 7.730903
0.001645 -0.006103 7.730903
0.001830 -0.006138 7.730903
0.002014 -0.006176 7.730903
0.002197 -0.006221 7.730903
0.002380 -0.006266 7.730903
0.002564 -0.006305 7.730903
0.002746 -0.006352 7.730903
0.002928 -0.006398 7.730903
0.003111 -0.006441 7.730903
0.003293 -0.006489 7.730903
0.003476 -0.006533 7.730903
0.003649 -0.006459 7.730903
0.003700 -0.006278 7.730903
0.003756 -0.006098 7.730903
0.003816 -0.005920 7.730903
0.003885 -0.005745 7.730903
0.003954 -0.005569 7.730903
0.004012 -0.005390 7.730903
0.004074 -0.005213 7.730903
0.004139 -0.005036 7.730903
0.004207 -0.004861 7.730903
0.004283 -0.004689 7.730903
0.004367 -0.004521 7.730903
0.004449 -0.004351 7.730903
0.004541 -0.004187 7.730903
0.004606 -0.004011 7.730903
0.004692 -0.003843 7.730903
0.004758 -0.003667 7.730903
0.004846 -0.003501 7.730903
0.004893 -0.003319 7.730903
0.004979 -0.003151 7.730903
0.005034 -0.002971 7.730903
0.005138 -0.002814 7.730903
0.005266 -0.002677 7.730903
0.005371 -0.002521 7.730903
0.005506 -0.002389 7.730903
0.005603 -0.002228 7.730903
0.005729 -0.002088 7.730903
0.005843 -0.001938 7.730903
0.005964 -0.001795 7.730903
0.006077 -0.001644 7.730903
0.006198 -0.001500 7.730903
0.006320 -0.001357 7.730903
0.006449 -0.001220 7.730903
0.006578 -0.001082 7.730903
0.006704 -0.000943 7.730903
0.006835 -0.000809 7.730903
0.006967 -0.000674 7.730903
0.007096 -0.000537 7.730903
0.007228 -0.000403 7.730903
0.007358 -0.000267 7.730903
0.007382 -0.000081 7.730903

