0.007993 -0.000013 10.522569
0.007840 0.000126 10.522569
0.007690 0.000269 10.522569
0.007547 0.000418 10.522569
0.007396 0.000560 10.522569
0.007260 0.000716 10.522569
0.007115 0.000864 10.522569
0.006978 0.001019 10.522569
0.006824 0.001157 10.522569
0.006695 0.001319 10.522569
0.006538 0.001453 10.522569
0.006420 0.001623 10.522569
0.006268 0.001763 10.522569
0.006132 0.001919 10.522569
0.005987 0.002067 10.522569
0.005862 0.002232 10.522569
0.005730 0.002392 10.522569
0.005605 0.002556 10.522569
0.005498 0.002733 10.522569
0.005370 0.002896 10.522569
0.005281 0.003083 10.522569
0.005222 0.003281 10.522569
0.005129 0.003466 10.522569
0.005070 0.003664 10.522569
0.004996 0.003857 10.522569
0.004939 0.004057 10.522569
0.004880 0.004255 10.522569
0.004807 0.004448 10.522569
0.004765 0.004651 10.522569
0.004703 0.004849 10.522569
0.004657 0.005050 10.522569
0.004582 0.005243 10.522569
0.004536 0.005445 10.522569
0.004457 0.005636 10.522569
0.004410 0.005838 10.522569
0.004334 0.006030 10.522569
0.004278 0.006229 10.522569
0.004205 0.006423 10.522569
0.004138 0.006619 10.522569
0.004058 0.006809 10.522569
0.003885 0.006923 10.522569
0.003692 0.006847 10.522569
0.003494 0.006790 10.522569
0.003296 0.006728 10.522569
0.003095 0.006678 10.522569
0.002896 0.006621 10.522569
0.002694 0.006577 10.522569
0.002494 0.006524 10.522569
0.002292 0.006480 10.522569
0.002089 0.006441 10.522569
0.001890 0.006383 10.522569
0.001687 0.006343 10.522569
0.001486 0.006296 10.522569
0.001288 0.006358 10.522569
0.001138 0.006501 10.522569
0.000972 0.006378 10.522569
0.000774 0.006316 10.522569
0.000577 0.006255 10.522569
0.000376 0.006203 10.522569
0.000173 0.006162 10.522569
-0.000029 0.006120 10.522569
-0.000234 0.006151 10.522569
-0.000433 0.006209 10.522569
-0.000633 0.006261 10.522569
-0.000831 0.006320 10.522569
-0.001002 0.006437 10.522569
-0.001152 0.006294 10.522569
-0.001357 0.006265 10.522569
-0.001555 0.006324 10.522569
-0.001762 0.006340 10.522569
-0.001961 0.006397 10.522569
-0.002164 0.006434 10.522569
-0.002365 0.006484 10.522569
-0.002562 0.006546 10.522569
-0.002766 0.006584 10.522569
-0.002965 0.006639 10.522569
-0.003169 0.006674 10.522569
-0.003367 0.006736 10.522569
-0.003567 0.006789 10.522569
-0.003763 0.006854 10.522569
-0.003952 0.006939 10.522569
-0.004134 0.006840 10.522569
-0.004219 0.006652 10.522569
-0.004291 0.006458 10.522569
-0.004365 0.006264 10.522569
-0.004426 0.006067 10.522569
-0.004501 0.005874 10.522569
-0.004548 0.005672 10.522569
-0.004629 0.005482 10.522569
-0.004668 0.005279 10.522569
-0.004748 0.005088 10.522569
-0.004784 0.004884 10.522569
-0.004853 0.004689 10.522569
-0.004895 0.004486 10.522569
-0.004972 0.004294 10.522569
-0.005008 0.004091 10.522569
-0.005072 0.003894 10.522569
-0.005129 0.003695 10.522569
-0.005191 0.003497 10.522569
-0.005269 0.003306 10.522569
-0.005311 0.003103 10.522569
-0.005416 0.002925 10.522569
-0.005558 0.002775 10.522569
-0.005689 0.002614 10.522569
-0.005818 0.002453 10.522569
-0.005973 0.002316 10.522569
-0.006102 0.002154 10.522569
-0.006251 0.002011 10.522569
-0.006379 0.001848 10.522569
-0.006543 0.001721 10.522569
-0.006670 0.001558 10.522569
-0.006825 0.001421 10.522569
-0.006954 0.001259 10.522569
-0.007104 0.001117 10.522569
-0.007236 0.000957 10.522569
-0.007385 0.000814 10.522569
-0.007520 0.000657 10.522569
-0.007673 0.000517 10.522569
-0.007819 0.000371 10.522569
-0.007967 0.000227 10.522569
-0.008013 0.000025 10.522569
-0.007879 -0.000134 10.522569
-0.007756 -0.000300 10.522569
-0.007621 -0.000457 10.522569
-0.007495 -0.000621 10.522569
-0.007352 -0.000770 10.522569
-0.007215 -0.000926 10.522569
-0.007060 -0.001062 10.522569
-0.006930 -0.001224 10.522569
-0.006785 -0.001371 10.522569
-0.006660 -0.001536 10.522569
-0.006502 -0.001669 10.522569
-0.006364 -0.001824 10.522569
-0.006209 -0.001960 10.522569
-0.006077 -0.002120 10.522569
-0.005914 -0.002247 10.522569
-0.005785 -0.002409 10.522569
-0.005642 -0.002559 10.522569
-0.005530 -0.002733 10.522569
-0.005407 -0.002899 10.522569
-0.005333 -0.003093 10.522569
-0.005284 -0.003294 10.522569
-0.005197 -0.003481 10.522569
-0.005157 -0.003684 10.522569
-0.005073 -0.003873 10.522569
-0.005044 -0.004078 10.522569
-0.004968 -0.004271 10.522569
-0.004918 -0.004472 10.522569
-0.004846 -0.004666 10.522569
-0.004809 -0.004869 10.522569
-0.004739 -0.005064 10.522569
-0.004692 -0.005265 10.522569
-0.004618 -0.005459 10.522569
-0.004567 -0.005659 10.522569
-0.004493 -0.005852 10.522569
-0.004448 -0.006054 10.522569
-0.004377 -0.006249 10.522569
-0.004332 -0.006451 10.522569
-0.004271 -0.006648 10.522569
-0.004215 -0.006848 10.522569
-0.004049 -0.006970 10.522569
-0.003848 -0.006921 10.522569
-0.003645 -0.006878 10.522569
-0.003443 -0.006836 10.522569
-0.003242 -0.006786 10.522569
-0.003037 -0.006754 10.522569
-0.002836 -0.006706 10.522569
-0.002634 -0.006662 10.522569
-0.002438 -0.006596 10.522569
-0.002235 -0.006554 10.522569
-0.002035 -0.006500 10.522569
-0.001830 -0.006475 10.522569
-0.001628 -0.006431 10.522569
-0.001425 -0.006390 10.522569
-0.001222 -0.006348 10.522569
-0.001021 -0.006299 10.522569
-0.000820 -0.006252 10.522569
-0.000622 -0.006192 10.522569
-0.000419 -0.006149 10.522569
-0.000213 -0.006131 10.522569
-0.000013 -0.006185 10.522569
0.000189 -0.006228 10.522569
0.000394 -0.006255 10.522569
0.000591 -0.006319 10.522569
0.000796 -0.006349 10.522569
0.000990 -0.006419 10.522569
0.001192 -0.006465 10.522569
0.001395 -0.006507 10.522569
0.001595 -0.006558 10.522569
0.001797 -0.006605 10.522569
0.001996 -0.006661 10.522569
0.002200 -0.006697 10.522569
0.002399 -0.006755 10.522569
0.002603 -0.006787 10.522569
0.002803 -0.006841 10.522569
0.003006 -0.006880 10.522569
0.003207 -0.006928 10.522569
0.003409 -0.006974 10.522569
0.003611 -0.007020 10.522569
0.003814 -0.007057 10.522569
0.003999 -0.006964 10.522569
0.004045 -0.006762 10.522569
0.004097 -0.006562 10.522569
0.004161 -0.006365 10.522569
0.004208 -0.006164 10.522569
0.004281 -0.005970 10.522569
0.004331 -0.005769 10.522569
0.004406 -0.005576 10.522569
0.004435 -0.005372 10.522569
0.004510 -0.005179 10.522569
0.004550 -0.004976 10.522569
0.004623 -0.004782 10.522569
0.004686 -0.004585 10.522569
0.004761 -0.004392 10.522569
0.004837 -0.004200 10.522569
0.004879 -0.003997 10.522569
0.004971 -0.003811 10.522569
0.005133 -0.003683 10.522569
0.005180 -0.003482 10.522569
0.005217 -0.003278 10.522569
0.005308 -0.003092 10.522569
0.005458 -0.002950 10.522569
0.005584 -0.002786 10.522569
0.005726 -0.002635 10.522569
0.005864 -0.002481 10.522569
0.006004 -0.002329 10.522569
0.006162 -0.002194 10.522569
0.006292 -0.002033 10.522569
0.006443 -0.001892 10.522569
0.006576 -0.001733 10.522569
0.006735 -0.001601 10.522569
0.006860 -0.001437 10.522569
0.007018 -0.001303 10.522569
0.007143 -0.001137 10.522569
0.007295 -0.000998 10.522569
0.007424 -0.000835 10.522569
0.007569 -0.000688 10.522569
0.007702 -0.000530 10.522569
0.007846 -0.000380 10.522569
0.007975 -0.000219 10.522569
0.007993 -0.000013 10.522569

