0.008028 -0.000007 10.701389
0.007874 0.000133 10.701389
0.007722 0.000275 10.701389
0.007578 0.000425 10.701389
0.007426 0.000567 10.701389
0.007287 0.000722 10.701389
0.007142 0.000870 10.701389
0.007006 0.001028 10.701389
0.006849 0.001165 10.701389
0.006721 0.001328 10.701389
0.006559 0.001460 10.701389
0.006439 0.001630 10.701389
0.006291 0.001776 10.701389
0.006153 0.001932 10.701389
0.006006 0.002079 10.701389
0.005876 0.002241 10.701389
0.005744 0.002402 10.701389
0.005612 0.002563 10.701389
0.005504 0.002740 10.701389
0.005379 0.002906 10.701389
0.005295 0.003097 10.701389
0.005233 0.003295 10.701389
0.005140 0.003482 10.701389
0.005087 0.003683 10.701389
0.005013 0.003877 10.701389
0.004960 0.004078 10.701389
0.004896 0.004276 10.701389
0.004826 0.004472 10.701389
0.004787 0.004677 10.701389
0.004724 0.004875 10.701389
0.004673 0.005077 10.701389
0.004599 0.005271 10.701389
0.004550 0.005473 10.701389
0.004471 0.005665 10.701389
0.004424 0.005868 10.701389
0.004345 0.006061 10.701389
0.004290 0.006261 10.701389
0.004213 0.006455 10.701389
0.004144 0.006651 10.701389
0.004063 0.006842 10.701389
0.003892 0.006961 10.701389
0.003699 0.006882 10.701389
0.003500 0.006822 10.701389
0.003302 0.006759 10.701389
0.003100 0.006707 10.701389
0.002900 0.006649 10.701389
0.002697 0.006604 10.701389
0.002496 0.006551 10.701389
0.002294 0.006503 10.701389
0.002089 0.006467 10.701389
0.001889 0.006409 10.701389
0.001685 0.006366 10.701389
0.001481 0.006325 10.701389
0.001286 0.006396 10.701389
0.001138 0.006543 10.701389
0.000973 0.006417 10.701389
0.000776 0.006349 10.701389
0.000578 0.006287 10.701389
0.000378 0.006230 10.701389
0.000174 0.006187 10.701389
-0.000029 0.006142 10.701389
-0.000234 0.006176 10.701389
-0.000432 0.006239 10.701389
-0.000633 0.006292 10.701389
-0.000831 0.006357 10.701389
-0.001000 0.006479 10.701389
-0.001142 0.006327 10.701389
-0.001346 0.006289 10.701389
-0.001548 0.006342 10.701389
-0.001755 0.006358 10.701389
-0.001953 0.006421 10.701389
-0.002158 0.006457 10.701389
-0.002359 0.006512 10.701389
-0.002558 0.006571 10.701389
-0.002763 0.006608 10.701389
-0.002964 0.006662 10.701389
-0.003169 0.006700 10.701389
-0.003366 0.006765 10.701389
-0.003567 0.006819 10.701389
-0.003763 0.006889 10.701389
-0.003951 0.006977 10.701389
-0.004133 0.006876 10.701389
-0.004220 0.006686 10.701389
-0.004296 0.006493 10.701389
-0.004374 0.006300 10.701389
-0.004435 0.006101 10.701389
-0.004514 0.005909 10.701389
-0.004560 0.005706 10.701389
-0.004642 0.005515 10.701389
-0.004682 0.005311 10.701389
-0.004763 0.005119 10.701389
-0.004803 0.004915 10.701389
-0.004872 0.004719 10.701389
-0.004911 0.004515 10.701389
-0.004989 0.004322 10.701389
-0.005030 0.004118 10.701389
-0.005091 0.003919 10.701389
-0.005149 0.003719 10.701389
-0.005205 0.003518 10.701389
-0.005287 0.003327 10.701389
-0.005322 0.003122 10.701389
-0.005422 0.002940 10.701389
-0.005571 0.002794 10.701389
-0.005699 0.002631 10.701389
-0.005834 0.002473 10.701389
-0.005989 0.002334 10.701389
-0.006118 0.002170 10.701389
-0.006268 0.002026 10.701389
-0.006399 0.001864 10.701389
-0.006563 0.001737 10.701389
-0.006690 0.001572 10.701389
-0.006845 0.001434 10.701389
-0.006974 0.001270 10.701389
-0.007126 0.001129 10.701389
-0.007258 0.000968 10.701389
-0.007409 0.000824 10.701389
-0.007545 0.000667 10.701389
-0.007701 0.000529 10.701389
-0.007847 0.000381 10.701389
-0.007996 0.000235 10.701389
-0.008042 0.000033 10.701389
-0.007906 -0.000125 10.701389
-0.007782 -0.000292 10.701389
-0.007648 -0.000450 10.701389
-0.007523 -0.000617 10.701389
-0.007382 -0.000770 10.701389
-0.007248 -0.000929 10.701389
-0.007091 -0.001066 10.701389
-0.006959 -0.001226 10.701389
-0.006811 -0.001372 10.701389
-0.006687 -0.001540 10.701389
-0.006532 -0.001678 10.701389
-0.006393 -0.001833 10.701389
-0.006236 -0.001969 10.701389
-0.006104 -0.002130 10.701389
-0.005940 -0.002258 10.701389
-0.005807 -0.002418 10.701389
-0.005660 -0.002565 10.701389
-0.005540 -0.002735 10.701389
-0.005421 -0.002906 10.701389
-0.005355 -0.003103 10.701389
-0.005301 -0.003304 10.701389
-0.005215 -0.003493 10.701389
-0.005176 -0.003698 10.701389
-0.005093 -0.003888 10.701389
-0.005066 -0.004095 10.701389
-0.004987 -0.004287 10.701389
-0.004938 -0.004489 10.701389
-0.004868 -0.004685 10.701389
-0.004830 -0.004890 10.701389
-0.004758 -0.005085 10.701389
-0.004709 -0.005287 10.701389
-0.004634 -0.005481 10.701389
-0.004584 -0.005683 10.701389
-0.004511 -0.005878 10.701389
-0.004466 -0.006081 10.701389
-0.004395 -0.006276 10.701389
-0.004352 -0.006480 10.701389
-0.004288 -0.006678 10.701389
-0.004232 -0.006878 10.701389
-0.004064 -0.007000 10.701389
-0.003862 -0.006949 10.701389
-0.003659 -0.006904 10.701389
-0.003455 -0.006863 10.701389
-0.003254 -0.006811 10.701389
-0.003048 -0.006778 10.701389
-0.002845 -0.006732 10.701389
-0.002641 -0.006692 10.701389
-0.002444 -0.006626 10.701389
-0.002241 -0.006582 10.701389
-0.002041 -0.006523 10.701389
-0.001835 -0.006494 10.701389
-0.001631 -0.006455 10.701389
-0.001427 -0.006413 10.701389
-0.001223 -0.006372 10.701389
-0.001020 -0.006325 10.701389
-0.000817 -0.006279 10.701389
-0.000618 -0.006220 10.701389
-0.000417 -0.006166 10.701389
-0.000210 -0.006151 10.701389
-0.000011 -0.006212 10.701389
0.000194 -0.006248 10.701389
0.000400 -0.006280 10.701389
0.000597 -0.006345 10.701389
0.000803 -0.006377 10.701389
0.000997 -0.006451 10.701389
0.001202 -0.006491 10.701389
0.001405 -0.006535 10.701389
0.001606 -0.006587 10.701389
0.001809 -0.006635 10.701389
0.002010 -0.006688 10.701389
0.002215 -0.006725 10.701389
0.002415 -0.006782 10.701389
0.002620 -0.006813 10.701389
0.002821 -0.006870 10.701389
0.003025 -0.006908 10.701389
0.003227 -0.006958 10.701389
0.003430 -0.007002 10.701389
0.003634 -0.007047 10.701389
0.003839 -0.007082 10.701389
0.004025 -0.006988 10.701389
0.004069 -0.006785 10.701389
0.004117 -0.006583 10.701389
0.004183 -0.006385 10.701389
0.004228 -0.006182 10.701389
0.004300 -0.005987 10.701389
0.004350 -0.005785 10.701389
0.004428 -0.005592 10.701389
0.004458 -0.005386 10.701389
0.004532 -0.005192 10.701389
0.004573 -0.004988 10.701389
0.004643 -0.004792 10.701389
0.004705 -0.004594 10.701389
0.004777 -0.004398 10.701389
0.004860 -0.004207 10.701389
0.004897 -0.004003 10.701389
0.004993 -0.003818 10.701389
0.005164 -0.003699 10.701389
0.005210 -0.003497 10.701389
0.005236 -0.003290 10.701389
0.005325 -0.003102 10.701389
0.005478 -0.002961 10.701389
0.005603 -0.002795 10.701389
0.005749 -0.002647 10.701389
0.005887 -0.002492 10.701389
0.006032 -0.002342 10.701389
0.006187 -0.002203 10.701389
0.006317 -0.002041 10.701389
0.006470 -0.001900 10.701389
0.006605 -0.001742 10.701389
0.006763 -0.001606 10.701389
0.006889 -0.001440 10.701389
0.007047 -0.001305 10.701389
0.007171 -0.001138 10.701389
0.007325 -0.000999 10.701389
0.007453 -0.000834 10.701389
0.007600 -0.000688 10.701389
0.007733 -0.000528 10.701389
0.007876 -0.000376 10.701389
0.008005 -0.000213 10.701389
0.008028 -0.000007 10.701389

