0.008120 0.000001 11.177083
0.007970 0.000149 11.177083
0.007812 0.000288 11.177083
0.007666 0.000441 11.177083
0.007509 0.000581 11.177083
0.007365 0.000736 11.177083
0.007213 0.000882 11.177083
0.007081 0.001046 11.177083
0.006919 0.001182 11.177083
0.006790 0.001349 11.177083
0.006625 0.001480 11.177083
0.006493 0.001645 11.177083
0.006351 0.001801 11.177083
0.006215 0.001961 11.177083
0.006064 0.002109 11.177083
0.005922 0.002264 11.177083
0.005790 0.002429 11.177083
0.005645 0.002582 11.177083
0.005520 0.002753 11.177083
0.005406 0.002930 11.177083
0.005337 0.003129 11.177083
0.005264 0.003327 11.177083
0.005182 0.003521 11.177083
0.005139 0.003727 11.177083
0.005062 0.003924 11.177083
0.005013 0.004129 11.177083
0.004942 0.004327 11.177083
0.004887 0.004531 11.177083
0.004844 0.004738 11.177083
0.004772 0.004936 11.177083
0.004715 0.005139 11.177083
0.004642 0.005337 11.177083
0.004588 0.005541 11.177083
0.004509 0.005736 11.177083
0.004460 0.005941 11.177083
0.004375 0.006134 11.177083
0.004318 0.006337 11.177083
0.004230 0.006529 11.177083
0.004161 0.006728 11.177083
0.004080 0.006923 11.177083
0.003917 0.007058 11.177083
0.003722 0.006977 11.177083
0.003521 0.006912 11.177083
0.003322 0.006843 11.177083
0.003118 0.006788 11.177083
0.002917 0.006726 11.177083
0.002712 0.006677 11.177083
0.002507 0.006627 11.177083
0.002305 0.006568 11.177083
0.002097 0.006531 11.177083
0.001892 0.006482 11.177083
0.001688 0.006426 11.177083
0.001479 0.006399 11.177083
0.001290 0.006492 11.177083
0.001150 0.006649 11.177083
0.000980 0.006524 11.177083
0.000785 0.006443 11.177083
0.000586 0.006375 11.177083
0.000385 0.006308 11.177083
0.000181 0.006257 11.177083
-0.000023 0.006204 11.177083
-0.000230 0.006247 11.177083
-0.000428 0.006320 11.177083
-0.000631 0.006376 11.177083
-0.000825 0.006458 11.177083
-0.000999 0.006577 11.177083
-0.001125 0.006408 11.177083
-0.001329 0.006353 11.177083
-0.001537 0.006386 11.177083
-0.001746 0.006415 11.177083
-0.001944 0.006487 11.177083
-0.002152 0.006522 11.177083
-0.002353 0.006588 11.177083
-0.002558 0.006634 11.177083
-0.002766 0.006673 11.177083
-0.002969 0.006730 11.177083
-0.003175 0.006774 11.177083
-0.003372 0.006848 11.177083
-0.003576 0.006905 11.177083
-0.003770 0.006987 11.177083
-0.003960 0.007078 11.177083
-0.004137 0.006965 11.177083
-0.004221 0.006771 11.177083
-0.004299 0.006575 11.177083
-0.004391 0.006385 11.177083
-0.004454 0.006184 11.177083
-0.004544 0.005994 11.177083
-0.004591 0.005788 11.177083
-0.004676 0.005595 11.177083
-0.004720 0.005389 11.177083
-0.004801 0.005194 11.177083
-0.004850 0.004989 11.177083
-0.004924 0.004791 11.177083
-0.004959 0.004583 11.177083
-0.005033 0.004386 11.177083
-0.005089 0.004182 11.177083
-0.005143 0.003979 11.177083
-0.005208 0.003778 11.177083
-0.005245 0.003570 11.177083
-0.005334 0.003379 11.177083
-0.005362 0.003170 11.177083
-0.005452 0.002979 11.177083
-0.005609 0.002838 11.177083
-0.005734 0.002668 11.177083
-0.005886 0.002522 11.177083
-0.006035 0.002373 11.177083
-0.006165 0.002207 11.177083
-0.006320 0.002064 11.177083
-0.006457 0.001903 11.177083
-0.006619 0.001768 11.177083
-0.006745 0.001599 11.177083
-0.006904 0.001461 11.177083
-0.007033 0.001294 11.177083
-0.007190 0.001152 11.177083
-0.007323 0.000989 11.177083
-0.007479 0.000847 11.177083
-0.007620 0.000690 11.177083
-0.007780 0.000553 11.177083
-0.007923 0.000399 11.177083
-0.008073 0.000250 11.177083
-0.008121 0.000045 11.177083
-0.007977 -0.000110 11.177083
-0.007849 -0.000277 11.177083
-0.007711 -0.000436 11.177083
-0.007587 -0.000607 11.177083
-0.007449 -0.000767 11.177083
-0.007324 -0.000937 11.177083
-0.007169 -0.001080 11.177083
-0.007033 -0.001240 11.177083
-0.006875 -0.001381 11.177083
-0.006749 -0.001550 11.177083
-0.006602 -0.001700 11.177083
-0.006465 -0.001862 11.177083
-0.006302 -0.001995 11.177083
-0.006170 -0.002159 11.177083
-0.006007 -0.002293 11.177083
-0.005866 -0.002450 11.177083
-0.005714 -0.002596 11.177083
-0.005568 -0.002749 11.177083
-0.005459 -0.002929 11.177083
-0.005415 -0.003135 11.177083
-0.005343 -0.003333 11.177083
-0.005267 -0.003530 11.177083
-0.005227 -0.003737 11.177083
-0.005147 -0.003932 11.177083
-0.005118 -0.004141 11.177083
-0.005032 -0.004334 11.177083
-0.004993 -0.004541 11.177083
-0.004924 -0.004740 11.177083
-0.004881 -0.004947 11.177083
-0.004804 -0.005143 11.177083
-0.004753 -0.005348 11.177083
-0.004677 -0.005545 11.177083
-0.004628 -0.005750 11.177083
-0.004556 -0.005948 11.177083
-0.004512 -0.006154 11.177083
-0.004441 -0.006353 11.177083
-0.004400 -0.006560 11.177083
-0.004328 -0.006758 11.177083
-0.004276 -0.006962 11.177083
-0.004101 -0.007080 11.177083
-0.003897 -0.007026 11.177083
-0.003693 -0.006972 11.177083
-0.003486 -0.006933 11.177083
-0.003282 -0.006878 11.177083
-0.003075 -0.006840 11.177083
-0.002869 -0.006793 11.177083
-0.002661 -0.006762 11.177083
-0.002458 -0.006703 11.177083
-0.002252 -0.006658 11.177083
-0.002052 -0.006592 11.177083
-0.001846 -0.006548 11.177083
-0.001638 -0.006512 11.177083
-0.001431 -0.006471 11.177083
-0.001223 -0.006433 11.177083
-0.001017 -0.006387 11.177083
-0.000811 -0.006346 11.177083
-0.000605 -0.006298 11.177083
-0.000411 -0.006216 11.177083
-0.000200 -0.006204 11.177083
-0.000003 -0.006278 11.177083
0.000207 -0.006301 11.177083
0.000411 -0.006356 11.177083
0.000613 -0.006416 11.177083
0.000821 -0.006453 11.177083
0.001018 -0.006526 11.177083
0.001227 -0.006555 11.177083
0.001430 -0.006613 11.177083
0.001635 -0.006664 11.177083
0.001840 -0.006710 11.177083
0.002046 -0.006757 11.177083
0.002253 -0.006798 11.177083
0.002457 -0.006851 11.177083
0.002665 -0.006885 11.177083
0.002867 -0.006945 11.177083
0.003076 -0.006979 11.177083
0.003279 -0.007034 11.177083
0.003487 -0.007071 11.177083
0.003694 -0.007109 11.177083
0.003902 -0.007144 11.177083
0.004092 -0.007052 11.177083
0.004136 -0.006846 11.177083
0.004173 -0.006638 11.177083
0.004239 -0.006438 11.177083
0.004281 -0.006232 11.177083
0.004353 -0.006033 11.177083
0.004396 -0.005827 11.177083
0.004480 -0.005633 11.177083
0.004518 -0.005426 11.177083
0.004589 -0.005227 11.177083
0.004637 -0.005022 11.177083
0.004698 -0.004820 11.177083
0.004762 -0.004619 11.177083
0.004816 -0.004415 11.177083
0.004911 -0.004227 11.177083
0.004942 -0.004018 11.177083
0.005048 -0.003836 11.177083
0.005242 -0.003753 11.177083
0.005291 -0.003548 11.177083
0.005291 -0.003337 11.177083
0.005368 -0.003141 11.177083
0.005522 -0.002997 11.177083
0.005648 -0.002828 11.177083
0.005804 -0.002686 11.177083
0.005944 -0.002528 11.177083
0.006097 -0.002383 11.177083
0.006244 -0.002232 11.177083
0.006378 -0.002069 11.177083
0.006535 -0.001929 11.177083
0.006673 -0.001769 11.177083
0.006826 -0.001624 11.177083
0.006955 -0.001457 11.177083
0.007113 -0.001318 11.177083
0.007238 -0.001148 11.177083
0.007396 -0.001008 11.177083
0.007522 -0.000838 11.177083
0.007675 -0.000693 11.177083
0.007804 -0.000527 11.177083
0.007947 -0.000372 11.177083
0.008078 -0.000206 11.177083
0.008120 0.000001 11.177083

