0.006365 -0.000000 2.944444
0.006311 0.000152 2.944444
0.006210 0.000277 2.944444
0.006110 0.000404 2.944444
0.006011 0.000531 2.944444
0.005908 0.000656 2.944444
0.005803 0.000779 2.944444
0.005704 0.000906 2.944444
0.005608 0.001035 2.944444
0.005508 0.001162 2.944444
0.005403 0.001284 2.944444
0.005296 0.001405 2.944444
0.005196 0.001532 2.944444
0.005102 0.001662 2.944444
0.005007 0.001793 2.944444
0.004905 0.001918 2.944444
0.004800 0.002040 2.944444
0.004690 0.002159 2.944444
0.004584 0.002280 2.944444
0.004476 0.002399 2.944444
0.004377 0.002527 2.944444
0.004316 0.002676 2.944444
0.004266 0.002830 2.944444
0.004215 0.002983 2.944444
0.004167 0.003137 2.944444
0.004114 0.003289 2.944444
0.004056 0.003439 2.944444
0.003990 0.003587 2.944444
0.003925 0.003734 2.944444
0.003865 0.003884 2.944444
0.003813 0.004037 2.944444
0.003761 0.004189 2.944444
0.003701 0.004339 2.944444
0.003636 0.004487 2.944444
0.003576 0.004637 2.944444
0.003522 0.004788 2.944444
0.003466 0.004940 2.944444
0.003405 0.005089 2.944444
0.003345 0.005239 2.944444
0.003287 0.005389 2.944444
0.003182 0.005512 2.944444
0.003024 0.005541 2.944444
0.002864 0.005516 2.944444
0.002705 0.005493 2.944444
0.002545 0.005471 2.944444
0.002386 0.005444 2.944444
0.002227 0.005415 2.944444
0.002068 0.005393 2.944444
0.001907 0.005374 2.944444
0.001748 0.005351 2.944444
0.001589 0.005321 2.944444
0.001431 0.005290 2.944444
0.001272 0.005266 2.944444
0.001111 0.005249 2.944444
0.000951 0.005232 2.944444
0.000791 0.005207 2.944444
0.000633 0.005177 2.944444
0.000476 0.005141 2.944444
0.000318 0.005109 2.944444
0.000160 0.005076 2.944444
-0.000000 0.005054 2.944444
-0.000160 0.005076 2.944444
-0.000318 0.005109 2.944444
-0.000476 0.005141 2.944444
-0.000633 0.005177 2.944444
-0.000791 0.005207 2.944444
-0.000951 0.005232 2.944444
-0.001111 0.005249 2.944444
-0.001272 0.005266 2.944444
-0.001431 0.005290 2.944444
-0.001589 0.005321 2.944444
-0.001748 0.005351 2.944444
-0.001907 0.005374 2.944444
-0.002068 0.005393 2.944444
-0.002227 0.005415 2.944444
-0.002386 0.005444 2.944444
-0.002545 0.005471 2.944444
-0.002705 0.005493 2.944444
-0.002864 0.005516 2.944444
-0.003024 0.005541 2.944444
-0.003182 0.005512 2.944444
-0.003287 0.005389 2.944444
-0.003345 0.005239 2.944444
-0.003405 0.005089 2.944444
-0.003466 0.004940 2.944444
-0.003522 0.004788 2.944444
-0.003576 0.004637 2.944444
-0.003636 0.004487 2.944444
-0.003701 0.004339 2.944444
-0.003761 0.004189 2.944444
-0.003813 0.004037 2.944444
-0.003865 0.003884 2.944444
-0.003925 0.003734 2.944444
-0.003990 0.003587 2.944444
-0.004056 0.003439 2.944444
-0.004114 0.003289 2.944444
-0.004167 0.003137 2.944444
-0.004215 0.002983 2.944444
-0.004266 0.002830 2.944444
-0.004316 0.002676 2.944444
-0.004377 0.002527 2.944444
-0.004476 0.002399 2.944444
-0.004584 0.002280 2.944444
-0.004690 0.002159 2.944444
-0.004800 0.002040 2.944444
-0.004905 0.001918 2.944444
-0.005007 0.001793 2.944444
-0.005102 0.001662 2.944444
-0.005196 0.001532 2.944444
-0.005296 0.001405 2.944444
-0.005403 0.001284 2.944444
-0.005508 0.001162 2.944444
-0.005608 0.001035 2.944444
-0.005704 0.000906 2.944444
-0.005803 0.000779 2.944444
-0.005908 0.000656 2.944444
-0.006011 0.000531 2.944444
-0.006110 0.000404 2.944444
-0.006210 0.000277 2.944444
-0.006311 0.000152 2.944444
-0.006365 0.000000 2.944444
-0.006311 -0.000152 2.944444
-0.006210 -0.000277 2.944444
-0.006110 -0.000404 2.944444
-0.006011 -0.000531 2.944444
-0.005908 -0.000656 2.944444
-0.005803 -0.000779 2.944444
-0.005704 -0.000906 2.944444
-0.005608 -0.001035 2.944444
-0.005508 -0.001162 2.944444
-0.005403 -0.001284 2.944444
-0.005296 -0.001405 2.944444
-0.005196 -0.001532 2.944444
-0.005102 -0.001662 2.944444
-0.005007 -0.001793 2.944444
-0.004905 -0.001918 2.944444
-0.004800 -0.002040 2.944444
-0.004690 -0.002159 2.944444
-0.004584 -0.002280 2.944444
-0.004476 -0.002399 2.944444
-0.004377 -0.002527 2.944444
-0.004316 -0.002676 2.944444
-0.004266 -0.002830 2.944444
-0.004215 -0.002983 2.944444
-0.004167 -0.003137 2.944444
-0.004114 -0.003289 2.944444
-0.004056 -0.003439 2.944444
-0.003990 -0.003587 2.944444
-0.003925 -0.003734 2.944444
-0.003865 -0.003884 2.944444
-0.003813 -0.004037 2.944444
-0.003761 -0.004189 2.944444
-0.003701 -0.004339 2.944444
-0.003636 -0.004487 2.944444
-0.003576 -0.004637 2.944444
-0.003522 -0.004788 2.944444
-0.003466 -0.004940 2.944444
-0.003405 -0.005089 2.944444
-0.003345 -0.005239 2.944444
-0.003287 -0.005389 2.944444
-0.003182 -0.005512 2.944444
-0.003024 -0.005541 2.944444
-0.002864 -0.005516 2.944444
-0.002705 -0.005493 2.944444
-0.002545 -0.005471 2.944444
-0.002386 -0.005444 2.944444
-0.002227 -0.005415 2.944444
-0.002068 -0.005393 2.944444
-0.001907 -0.005374 2.944444
-0.001748 -0.005351 2.944444
-0.001589 -0.005321 2.944444
-0.001431 -0.005290 2.944444
-0.001272 -0.005266 2.944444
-0.001111 -0.005249 2.944444
-0.000951 -0.005232 2.944444
-0.000791 -0.005207 2.944444
-0.000633 -0.005177 2.944444
-0.000476 -0.005141 2.944444
-0.000318 -0.005109 2.944444
-0.000160 -0.005076 2.944444
0.000000 -0.005054 2.944444
0.000160 -0.005076 2.944444
0.000318 -0.005109 2.944444
0.000476 -0.005141 2.944444
0.000633 -0.005177 2.944444
0.000791 -0.005207 2.944444
0.000951 -0.005232 2.944444
0.001111 -0.005249 2.944444
0.001272 -0.005266 2.944444
0.001431 -0.005290 2.944444
0.001589 -0.005321 2.944444
0.001748 -0.005351 2.944444
0.001907 -0.005374 2.944444
0.002068 -0.005393 2.944444
0.002227 -0.005415 2.944444
0.002386 -0.005444 2.944444
0.002545 -0.005471 2.944444
0.002705 -0.005493 2.944444
0.002864 -0.005516 2.944444
0.003024 -0.005541 2.944444
0.003182 -0.005512 2.944444
0.003287 -0.005389 2.944444
0.003345 -0.005239 2.944444
0.003405 -0.005089 2.944444
0.003466 -0.004940 2.944444
0.003522 -0.004788 2.944444
0.003576 -0.004637 2.944444
0.003636 -0.004487 2.944444
0.003701 -0.004339 2.944444
0.003761 -0.004189 2.944444
0.003813 -0.004037 2.944444
0.003865 -0.003884 2.944444
0.003925 -0.003734 2.944444
0.003990 -0.003587 2.944444
0.004056 -0.003439 2.944444
0.004114 -0.003289 2.944444
0.004167 -0.003137 2.944444
0.004215 -0.002983 2.944444
0.004266 -0.002830 2.944444
0.004316 -0.002676 2.944444
0.004377 -0.002527 2.944444
0.004476 -0.002399 2.944444
0.004584 -0.002280 2.944444
0.004690 -0.002159 2.944444
0.004800 -0.002040 2.944444
0.004905 -0.001918 2.944444
0.005007 -0.001793 2.944444
0.005102 -0.001662 2.944444
0.005196 -0.001532 2.944444
0.005296 -0.001405 2.944444
0.005403 -0.001284 2.944444
0.005508 -0.001162 2.944444
0.005608 -0.001035 2.944444
0.005704 -0.000906 2.944444
0.005803 -0.000779 2.944444
0.005908 -0.000656 2.944444
0.006011 -0.000531 2.944444
0.006110 -0.000404 2.944444
0.006210 -0.000277 2.944444
0.006311 -0.000152 2.944444
0.006365 -0.000000 2.944444

