0.007889 -0.000041 9.987847
0.007743 0.000101 9.987847
0.007600 0.000246 9.987847
0.007458 0.000392 9.987847
0.007316 0.000538 9.987847
0.007183 0.000692 9.987847
0.007038 0.000834 9.987847
0.006900 0.000984 9.987847
0.006755 0.001127 9.987847
0.006627 0.001285 9.987847
0.006480 0.001426 9.987847
0.006363 0.001592 9.987847
0.006203 0.001718 9.987847
0.006079 0.001879 9.987847
0.005946 0.002033 9.987847
0.005830 0.002200 9.987847
0.005704 0.002360 9.987847
0.005596 0.002533 9.987847
0.005480 0.002700 9.987847
0.005354 0.002859 9.987847
0.005252 0.003036 9.987847
0.005189 0.003229 9.987847
0.005103 0.003413 9.987847
0.005029 0.003603 9.987847
0.004954 0.003792 9.987847
0.004881 0.003982 9.987847
0.004833 0.004180 9.987847
0.004758 0.004369 9.987847
0.004704 0.004565 9.987847
0.004639 0.004758 9.987847
0.004604 0.004959 9.987847
0.004533 0.005149 9.987847
0.004492 0.005349 9.987847
0.004418 0.005538 9.987847
0.004366 0.005735 9.987847
0.004298 0.005926 9.987847
0.004240 0.006122 9.987847
0.004172 0.006313 9.987847
0.004115 0.006509 9.987847
0.004044 0.006699 9.987847
0.003873 0.006811 9.987847
0.003680 0.006749 9.987847
0.003483 0.006696 9.987847
0.003288 0.006639 9.987847
0.003090 0.006592 9.987847
0.002893 0.006540 9.987847
0.002694 0.006498 9.987847
0.002497 0.006447 9.987847
0.002297 0.006410 9.987847
0.002099 0.006361 9.987847
0.001903 0.006307 9.987847
0.001703 0.006269 9.987847
0.001508 0.006212 9.987847
0.001307 0.006246 9.987847
0.001144 0.006368 9.987847
0.000968 0.006267 9.987847
0.000769 0.006223 9.987847
0.000573 0.006169 9.987847
0.000373 0.006132 9.987847
0.000172 0.006098 9.987847
-0.000029 0.006067 9.987847
-0.000231 0.006088 9.987847
-0.000432 0.006125 9.987847
-0.000629 0.006176 9.987847
-0.000828 0.006214 9.987847
-0.001010 0.006305 9.987847
-0.001190 0.006209 9.987847
-0.001393 0.006210 9.987847
-0.001588 0.006268 9.987847
-0.001791 0.006289 9.987847
-0.001990 0.006329 9.987847
-0.002190 0.006370 9.987847
-0.002390 0.006405 9.987847
-0.002583 0.006469 9.987847
-0.002783 0.006510 9.987847
-0.002978 0.006567 9.987847
-0.003178 0.006603 9.987847
-0.003376 0.006652 9.987847
-0.003573 0.006702 9.987847
-0.003769 0.006756 9.987847
-0.003961 0.006823 9.987847
-0.004136 0.006719 9.987847
-0.004208 0.006529 9.987847
-0.004268 0.006335 9.987847
-0.004336 0.006143 9.987847
-0.004395 0.005948 9.987847
-0.004461 0.005755 9.987847
-0.004514 0.005559 9.987847
-0.004586 0.005369 9.987847
-0.004625 0.005169 9.987847
-0.004700 0.004980 9.987847
-0.004728 0.004778 9.987847
-0.004804 0.004589 9.987847
-0.004846 0.004390 9.987847
-0.004916 0.004199 9.987847
-0.004948 0.003998 9.987847
-0.005025 0.003810 9.987847
-0.005079 0.003614 9.987847
-0.005153 0.003424 9.987847
-0.005218 0.003231 9.987847
-0.005284 0.003039 9.987847
-0.005403 0.002874 9.987847
-0.005528 0.002713 9.987847
-0.005665 0.002562 9.987847
-0.005780 0.002395 9.987847
-0.005928 0.002255 9.987847
-0.006056 0.002097 9.987847
-0.006207 0.001960 9.987847
-0.006327 0.001796 9.987847
-0.006485 0.001668 9.987847
-0.006614 0.001510 9.987847
-0.006766 0.001375 9.987847
-0.006895 0.001218 9.987847
-0.007042 0.001077 9.987847
-0.007172 0.000921 9.987847
-0.007317 0.000778 9.987847
-0.007450 0.000624 9.987847
-0.007592 0.000478 9.987847
-0.007737 0.000335 9.987847
-0.007882 0.000192 9.987847
-0.007921 -0.000007 9.987847
-0.007792 -0.000165 9.987847
-0.007666 -0.000324 9.987847
-0.007529 -0.000475 9.987847
-0.007395 -0.000628 9.987847
-0.007247 -0.000768 9.987847
-0.007110 -0.000918 9.987847
-0.006967 -0.001063 9.987847
-0.006843 -0.001225 9.987847
-0.006697 -0.001366 9.987847
-0.006564 -0.001520 9.987847
-0.006404 -0.001646 9.987847
-0.006273 -0.001801 9.987847
-0.006122 -0.001938 9.987847
-0.005989 -0.002092 9.987847
-0.005838 -0.002228 9.987847
-0.005728 -0.002400 9.987847
-0.005599 -0.002557 9.987847
-0.005494 -0.002731 9.987847
-0.005361 -0.002885 9.987847
-0.005272 -0.003068 9.987847
-0.005229 -0.003267 9.987847
-0.005141 -0.003450 9.987847
-0.005100 -0.003650 9.987847
-0.005014 -0.003834 9.987847
-0.004973 -0.004034 9.987847
-0.004905 -0.004225 9.987847
-0.004859 -0.004424 9.987847
-0.004783 -0.004613 9.987847
-0.004740 -0.004812 9.987847
-0.004674 -0.005004 9.987847
-0.004632 -0.005203 9.987847
-0.004562 -0.005394 9.987847
-0.004515 -0.005592 9.987847
-0.004441 -0.005782 9.987847
-0.004392 -0.005979 9.987847
-0.004324 -0.006171 9.987847
-0.004271 -0.006367 9.987847
-0.004215 -0.006563 9.987847
-0.004160 -0.006759 9.987847
-0.003999 -0.006883 9.987847
-0.003800 -0.006839 9.987847
-0.003601 -0.006798 9.987847
-0.003402 -0.006754 9.987847
-0.003203 -0.006713 9.987847
-0.003003 -0.006675 9.987847
-0.002808 -0.006616 9.987847
-0.002610 -0.006568 9.987847
-0.002415 -0.006510 9.987847
-0.002214 -0.006478 9.987847
-0.002015 -0.006437 9.987847
-0.001813 -0.006410 9.987847
-0.001618 -0.006353 9.987847
-0.001418 -0.006316 9.987847
-0.001220 -0.006267 9.987847
-0.001023 -0.006217 9.987847
-0.000825 -0.006168 9.987847
-0.000627 -0.006124 9.987847
-0.000424 -0.006104 9.987847
-0.000223 -0.006076 9.987847
-0.000021 -0.006105 9.987847
0.000174 -0.006163 9.987847
0.000376 -0.006184 9.987847
0.000572 -0.006241 9.987847
0.000773 -0.006271 9.987847
0.000970 -0.006321 9.987847
0.001165 -0.006379 9.987847
0.001364 -0.006423 9.987847
0.001561 -0.006472 9.987847
0.001761 -0.006512 9.987847
0.001955 -0.006573 9.987847
0.002155 -0.006609 9.987847
0.002350 -0.006668 9.987847
0.002550 -0.006705 9.987847
0.002748 -0.006752 9.987847
0.002947 -0.006795 9.987847
0.003146 -0.006840 9.987847
0.003345 -0.006882 9.987847
0.003542 -0.006932 9.987847
0.003740 -0.006976 9.987847
0.003925 -0.006890 9.987847
0.003979 -0.006694 9.987847
0.004038 -0.006499 9.987847
0.004097 -0.006304 9.987847
0.004151 -0.006108 9.987847
0.004222 -0.005917 9.987847
0.004269 -0.005719 9.987847
0.004334 -0.005526 9.987847
0.004369 -0.005326 9.987847
0.004446 -0.005137 9.987847
0.004487 -0.004938 9.987847
0.004571 -0.004753 9.987847
0.004631 -0.004558 9.987847
0.004708 -0.004370 9.987847
0.004764 -0.004174 9.987847
0.004823 -0.003980 9.987847
0.004907 -0.003794 9.987847
0.005046 -0.003645 9.987847
0.005100 -0.003449 9.987847
0.005167 -0.003257 9.987847
0.005255 -0.003074 9.987847
0.005391 -0.002922 9.987847
0.005521 -0.002766 9.987847
0.005653 -0.002611 9.987847
0.005792 -0.002462 9.987847
0.005917 -0.002301 9.987847
0.006072 -0.002170 9.987847
0.006205 -0.002016 9.987847
0.006355 -0.001879 9.987847
0.006480 -0.001718 9.987847
0.006640 -0.001592 9.987847
0.006765 -0.001432 9.987847
0.006920 -0.001300 9.987847
0.007047 -0.001141 9.987847
0.007194 -0.001000 9.987847
0.007325 -0.000845 9.987847
0.007467 -0.000698 9.987847
0.007598 -0.000542 9.987847
0.007740 -0.000397 9.987847
0.007874 -0.000244 9.987847
0.007889 -0.000041 9.987847

