0.006471 -0.000000 3.463542
0.006417 0.000155 3.463542
0.006315 0.000283 3.463542
0.006211 0.000410 3.463542
0.006107 0.000536 3.463542
0.006005 0.000665 3.463542
0.005906 0.000795 3.463542
0.005804 0.000923 3.463542
0.005697 0.001048 3.463542
0.005593 0.001174 3.463542
0.005494 0.001304 3.463542
0.005396 0.001436 3.463542
0.005294 0.001564 3.463542
0.005185 0.001686 3.463542
0.005079 0.001811 3.463542
0.004976 0.001939 3.463542
0.004882 0.002073 3.463542
0.004782 0.002203 3.463542
0.004683 0.002333 3.463542
0.004574 0.002456 3.463542
0.004465 0.002578 3.463542
0.004414 0.002734 3.463542
0.004362 0.002889 3.463542
0.004299 0.003040 3.463542
0.004236 0.003191 3.463542
0.004167 0.003340 3.463542
0.004108 0.003493 3.463542
0.004053 0.003647 3.463542
0.004001 0.003803 3.463542
0.003941 0.003955 3.463542
0.003876 0.004106 3.463542
0.003813 0.004256 3.463542
0.003756 0.004410 3.463542
0.003701 0.004565 3.463542
0.003642 0.004717 3.463542
0.003578 0.004868 3.463542
0.003518 0.005021 3.463542
0.003461 0.005174 3.463542
0.003402 0.005327 3.463542
0.003342 0.005480 3.463542
0.003235 0.005604 3.463542
0.003074 0.005634 3.463542
0.002912 0.005610 3.463542
0.002751 0.005584 3.463542
0.002589 0.005557 3.463542
0.002427 0.005533 3.463542
0.002264 0.005512 3.463542
0.002102 0.005488 3.463542
0.001941 0.005458 3.463542
0.001780 0.005430 3.463542
0.001617 0.005410 3.463542
0.001455 0.005391 3.463542
0.001293 0.005366 3.463542
0.001132 0.005334 3.463542
0.000971 0.005304 3.463542
0.000809 0.005279 3.463542
0.000646 0.005264 3.463542
0.000483 0.005243 3.463542
0.000321 0.005222 3.463542
0.000160 0.005189 3.463542
-0.000000 0.005156 3.463542
-0.000160 0.005189 3.463542
-0.000321 0.005222 3.463542
-0.000483 0.005243 3.463542
-0.000646 0.005264 3.463542
-0.000809 0.005279 3.463542
-0.000971 0.005304 3.463542
-0.001132 0.005334 3.463542
-0.001293 0.005366 3.463542
-0.001455 0.005391 3.463542
-0.001617 0.005410 3.463542
-0.001780 0.005430 3.463542
-0.001941 0.005458 3.463542
-0.002102 0.005488 3.463542
-0.002264 0.005512 3.463542
-0.002427 0.005533 3.463542
-0.002589 0.005557 3.463542
-0.002751 0.005584 3.463542
-0.002912 0.005610 3.463542
-0.003074 0.005634 3.463542
-0.003235 0.005604 3.463542
-0.003342 0.005480 3.463542
-0.003402 0.005327 3.463542
-0.003461 0.005174 3.463542
-0.003518 0.005021 3.463542
-0.003578 0.004868 3.463542
-0.003642 0.004717 3.463542
-0.003701 0.004565 3.463542
-0.003756 0.004410 3.463542
-0.003813 0.004256 3.463542
-0.003876 0.004106 3.463542
-0.003941 0.003955 3.463542
-0.004001 0.003803 3.463542
-0.004053 0.003647 3.463542
-0.004108 0.003493 3.463542
-0.004167 0.003340 3.463542
-0.004236 0.003191 3.463542
-0.004299 0.003040 3.463542
-0.004362 0.002889 3.463542
-0.004414 0.002734 3.463542
-0.004465 0.002578 3.463542
-0.004574 0.002456 3.463542
-0.004683 0.002333 3.463542
-0.004782 0.002203 3.463542
-0.004882 0.002073 3.463542
-0.004976 0.001939 3.463542
-0.005079 0.001811 3.463542
-0.005185 0.001686 3.463542
-0.005294 0.001564 3.463542
-0.005396 0.001436 3.463542
-0.005494 0.001304 3.463542
-0.005593 0.001174 3.463542
-0.005697 0.001048 3.463542
-0.005804 0.000923 3.463542
-0.005906 0.000795 3.463542
-0.006005 0.000665 3.463542
-0.006107 0.000536 3.463542
-0.006211 0.000410 3.463542
-0.006315 0.000283 3.463542
-0.006417 0.000155 3.463542
-0.006471 0.000000 3.463542
-0.006417 -0.000155 3.463542
-0.006315 -0.000283 3.463542
-0.006211 -0.000410 3.463542
-0.006107 -0.000536 3.463542
-0.006005 -0.000665 3.463542
-0.005906 -0.000795 3.463542
-0.005804 -0.000923 3.463542
-0.005697 -0.001048 3.463542
-0.005593 -0.001174 3.463542
-0.005494 -0.001304 3.463542
-0.005396 -0.001436 3.463542
-0.005294 -0.001564 3.463542
-0.005185 -0.001686 3.463542
-0.005079 -0.001811 3.463542
-0.004976 -0.001939 3.463542
-0.004882 -0.002073 3.463542
-0.004782 -0.002203 3.463542
-0.004683 -0.002333 3.463542
-0.004574 -0.002456 3.463542
-0.004465 -0.002578 3.463542
-0.004414 -0.002734 3.463542
-0.004362 -0.002889 3.463542
-0.004299 -0.003040 3.463542
-0.004236 -0.003191 3.463542
-0.004167 -0.003340 3.463542
-0.004108 -0.003493 3.463542
-0.004053 -0.003647 3.463542
-0.004001 -0.003803 3.463542
-0.003941 -0.003955 3.463542
-0.003876 -0.004106 3.463542
-0.003813 -0.004256 3.463542
-0.003756 -0.004410 3.463542
-0.003701 -0.004565 3.463542
-0.003642 -0.004717 3.463542
-0.003578 -0.004868 3.463542
-0.003518 -0.005021 3.463542
-0.003461 -0.005174 3.463542
-0.003402 -0.005327 3.463542
-0.003342 -0.005480 3.463542
-0.003235 -0.005604 3.463542
-0.003074 -0.005634 3.463542
-0.002912 -0.005610 3.463542
-0.002751 -0.005584 3.463542
-0.002589 -0.005557 3.463542
-0.002427 -0.005533 3.463542
-0.002264 -0.005512 3.463542
-0.002102 -0.005488 3.463542
-0.001941 -0.005458 3.463542
-0.001780 -0.005430 3.463542
-0.001617 -0.005410 3.463542
-0.001455 -0.005391 3.463542
-0.001293 -0.005366 3.463542
-0.001132 -0.005334 3.463542
-0.000971 -0.005304 3.463542
-0.000809 -0.005279 3.463542
-0.000646 -0.005264 3.463542
-0.000483 -0.005243 3.463542
-0.000321 -0.005222 3.463542
-0.000160 -0.005189 3.463542
0.000000 -0.005156 3.463542
0.000160 -0.005189 3.463542
0.000321 -0.005222 3.463542
0.000483 -0.005243 3.463542
0.000646 -0.005264 3.463542
0.000809 -0.005279 3.463542
0.000971 -0.005304 3.463542
0.001132 -0.005334 3.463542
0.001293 -0.005366 3.463542
0.001455 -0.005391 3.463542
0.001617 -0.005410 3.463542
0.001780 -0.005430 3.463542
0.001941 -0.005458 3.463542
0.002102 -0.005488 3.463542
0.002264 -0.005512 3.463542
0.002427 -0.005533 3.463542
0.002589 -0.005557 3.463542
0.002751 -0.005584 3.463542
0.002912 -0.005610 3.463542
0.003074 -0.005634 3.463542
0.003235 -0.005604 3.463542
0.003342 -0.005480 3.463542
0.003402 -0.005327 3.463542
0.003461 -0.005174 3.463542
0.003518 -0.005021 3.463542
0.003578 -0.004868 3.463542
0.003642 -0.004717 3.463542
0.003701 -0.004565 3.463542
0.003756 -0.004410 3.463542
0.003813 -0.004256 3.463542
0.003876 -0.004106 3.463542
0.003941 -0.003955 3.463542
0.004001 -0.003803 3.463542
0.004053 -0.003647 3.463542
0.004108 -0.003493 3.463542
0.004167 -0.003340 3.463542
0.004236 -0.003191 3.463542
0.004299 -0.003040 3.463542
0.004362 -0.002889 3.463542
0.004414 -0.002734 3.463542
0.004465 -0.002578 3.463542
0.004574 -0.002456 3.463542
0.004683 -0.002333 3.463542
0.004782 -0.002203 3.463542
0.004882 -0.002073 3.463542
0.004976 -0.001939 3.463542
0.005079 -0.001811 3.463542
0.005185 -0.001686 3.463542
0.005294 -0.001564 3.463542
0.005396 -0.001436 3.463542
0.005494 -0.001304 3.463542
0.005593 -0.001174 3.463542
0.005697 -0.001048 3.463542
0.005804 -0.000923 3.463542
0.005906 -0.000795 3.463542
0.006005 -0.000665 3.463542
0.006107 -0.000536 3.463542
0.006211 -0.000410 3.463542
0.006315 -0.000283 3.463542
0.006417 -0.000155 3.463542
0.006471 -0.000000 3.463542

