0.006190 -0.000000 2.157986
0.006138 0.000147 2.157986
0.006039 0.000269 2.157986
0.005943 0.000392 2.157986
0.005848 0.000516 2.157986
0.005748 0.000637 2.157986
0.005645 0.000754 2.157986
0.005545 0.000875 2.157986
0.005454 0.001002 2.157986
0.005362 0.001129 2.157986
0.005263 0.001250 2.157986
0.005159 0.001366 2.157986
0.005052 0.001481 2.157986
0.004947 0.001597 2.157986
0.004847 0.001717 2.157986
0.004751 0.001841 2.157986
0.004662 0.001969 2.157986
0.004577 0.002101 2.157986
0.004495 0.002234 2.157986
0.004415 0.002368 2.157986
0.004335 0.002503 2.157986
0.004258 0.002639 2.157986
0.004182 0.002776 2.157986
0.004108 0.002914 2.157986
0.004037 0.003053 2.157986
0.003970 0.003194 2.157986
0.003910 0.003339 2.157986
0.003857 0.003486 2.157986
0.003809 0.003635 2.157986
0.003763 0.003784 2.157986
0.003714 0.003933 2.157986
0.003659 0.004079 2.157986
0.003595 0.004222 2.157986
0.003531 0.004365 2.157986
0.003475 0.004511 2.157986
0.003425 0.004659 2.157986
0.003371 0.004806 2.157986
0.003311 0.004951 2.157986
0.003252 0.005096 2.157986
0.003197 0.005242 2.157986
0.003095 0.005361 2.157986
0.002941 0.005389 2.157986
0.002787 0.005364 2.157986
0.002632 0.005342 2.157986
0.002477 0.005322 2.157986
0.002322 0.005296 2.157986
0.002169 0.005265 2.157986
0.002015 0.005240 2.157986
0.001859 0.005224 2.157986
0.001703 0.005208 2.157986
0.001549 0.005183 2.157986
0.001396 0.005151 2.157986
0.001244 0.005116 2.157986
0.001091 0.005083 2.157986
0.000936 0.005056 2.157986
0.000781 0.005035 2.157986
0.000625 0.005022 2.157986
0.000469 0.005014 2.157986
0.000313 0.005010 2.157986
0.000156 0.005007 2.157986
-0.000000 0.005006 2.157986
-0.000156 0.005007 2.157986
-0.000313 0.005010 2.157986
-0.000469 0.005014 2.157986
-0.000625 0.005022 2.157986
-0.000781 0.005035 2.157986
-0.000936 0.005056 2.157986
-0.001091 0.005083 2.157986
-0.001244 0.005116 2.157986
-0.001396 0.005151 2.157986
-0.001549 0.005183 2.157986
-0.001703 0.005208 2.157986
-0.001859 0.005224 2.157986
-0.002015 0.005240 2.157986
-0.002169 0.005265 2.157986
-0.002322 0.005296 2.157986
-0.002477 0.005322 2.157986
-0.002632 0.005342 2.157986
-0.002787 0.005364 2.157986
-0.002941 0.005389 2.157986
-0.003095 0.005361 2.157986
-0.003197 0.005242 2.157986
-0.003252 0.005096 2.157986
-0.003311 0.004951 2.157986
-0.003371 0.004806 2.157986
-0.003425 0.004659 2.157986
-0.003475 0.004511 2.157986
-0.003531 0.004365 2.157986
-0.003595 0.004222 2.157986
-0.003659 0.004079 2.157986
-0.003714 0.003933 2.157986
-0.003763 0.003784 2.157986
-0.003809 0.003635 2.157986
-0.003857 0.003486 2.157986
-0.003910 0.003339 2.157986
-0.003970 0.003194 2.157986
-0.004037 0.003053 2.157986
-0.004108 0.002914 2.157986
-0.004182 0.002776 2.157986
-0.004258 0.002639 2.157986
-0.004335 0.002503 2.157986
-0.004415 0.002368 2.157986
-0.004495 0.002234 2.157986
-0.004577 0.002101 2.157986
-0.004662 0.001969 2.157986
-0.004751 0.001841 2.157986
-0.004847 0.001717 2.157986
-0.004947 0.001597 2.157986
-0.005052 0.001481 2.157986
-0.005159 0.001366 2.157986
-0.005263 0.001250 2.157986
-0.005362 0.001129 2.157986
-0.005454 0.001002 2.157986
-0.005545 0.000875 2.157986
-0.005645 0.000754 2.157986
-0.005748 0.000637 2.157986
-0.005848 0.000516 2.157986
-0.005943 0.000392 2.157986
-0.006039 0.000269 2.157986
-0.006138 0.000147 2.157986
-0.006190 0.000000 2.157986
-0.006138 -0.000147 2.157986
-0.006039 -0.000269 2.157986
-0.005943 -0.000392 2.157986
-0.005848 -0.000516 2.157986
-0.005748 -0.000637 2.157986
-0.005645 -0.000754 2.157986
-0.005545 -0.000875 2.157986
-0.005454 -0.001002 2.157986
-0.005362 -0.001129 2.157986
-0.005263 -0.001250 2.157986
-0.005159 -0.001366 2.157986
-0.005052 -0.001481 2.157986
-0.004947 -0.001597 2.157986
-0.004847 -0.001717 2.157986
-0.004751 -0.001841 2.157986
-0.004662 -0.001969 2.157986
-0.004577 -0.002101 2.157986
-0.004495 -0.002234 2.157986
-0.004415 -0.002368 2.157986
-0.004335 -0.002503 2.157986
-0.004258 -0.002639 2.157986
-0.004182 -0.002776 2.157986
-0.004108 -0.002914 2.157986
-0.004037 -0.003053 2.157986
-0.003970 -0.003194 2.157986
-0.003910 -0.003339 2.157986
-0.003857 -0.003486 2.157986
-0.003809 -0.003635 2.157986
-0.003763 -0.003784 2.157986
-0.003714 -0.003933 2.157986
-0.003659 -0.004079 2.157986
-0.003595 -0.004222 2.157986
-0.003531 -0.004365 2.157986
-0.003475 -0.004511 2.157986
-0.003425 -0.004659 2.157986
-0.003371 -0.004806 2.157986
-0.003311 -0.004951 2.157986
-0.003252 -0.005096 2.157986
-0.003197 -0.005242 2.157986
-0.003095 -0.005361 2.157986
-0.002941 -0.005389 2.157986
-0.002787 -0.005364 2.157986
-0.002632 -0.005342 2.157986
-0.002477 -0.005322 2.157986
-0.002322 -0.005296 2.157986
-0.002169 -0.005265 2.157986
-0.002015 -0.005240 2.157986
-0.001859 -0.005224 2.157986
-0.001703 -0.005208 2.157986
-0.001549 -0.005183 2.157986
-0.001396 -0.005151 2.157986
-0.001244 -0.005116 2.157986
-0.001091 -0.005083 2.157986
-0.000936 -0.005056 2.157986
-0.000781 -0.005035 2.157986
-0.000625 -0.005022 2.157986
-0.000469 -0.005014 2.157986
-0.000313 -0.005010 2.157986
-0.000156 -0.005007 2.157986
0.000000 -0.005006 2.157986
0.000156 -0.005007 2.157986
0.000313 -0.005010 2.157986
0.000469 -0.005014 2.157986
0.000625 -0.005022 2.157986
0.000781 -0.005035 2.157986
0.000936 -0.005056 2.157986
0.001091 -0.005083 2.157986
0.001244 -0.005116 2.157986
0.001396 -0.005151 2.157986
0.001549 -0.005183 2.157986
0.001703 -0.005208 2.157986
0.001859 -0.005224 2.157986
0.002015 -0.005240 2.157986
0.002169 -0.005265 2.157986
0.002322 -0.005296 2.157986
0.002477 -0.005322 2.157986
0.002632 -0.005342 2.157986
0.002787 -0.005364 2.157986
0.002941 -0.005389 2.157986
0.003095 -0.005361 2.157986
0.003197 -0.005242 2.157986
0.003252 -0.005096 2.157986
0.003311 -0.004951 2.157986
0.003371 -0.004806 2.157986
0.003425 -0.004659 2.157986
0.003475 -0.004511 2.157986
0.003531 -0.004365 2.157986
0.003595 -0.004222 2.157986
0.003659 -0.004079 2.157986
0.003714 -0.003933 2.157986
0.003763 -0.003784 2.157986
0.003809 -0.003635 2.157986
0.003857 -0.003486 2.157986
0.003910 -0.003339 2.157986
0.003970 -0.003194 2.157986
0.004037 -0.003053 2.157986
0.004108 -0.002914 2.157986
0.004182 -0.002776 2.157986
0.004258 -0.002639 2.157986
0.004335 -0.002503 2.157986
0.004415 -0.002368 2.157986
0.004495 -0.002234 2.157986
0.004577 -0.002101 2.157986
0.004662 -0.001969 2.157986
0.004751 -0.001841 2.157986
0.004847 -0.001717 2.157986
0.004947 -0.001597 2.157986
0.005052 -0.001481 2.157986
0.005159 -0.001366 2.157986
0.005263 -0.001250 2.157986
0.005362 -0.001129 2.157986
0.005454 -0.001002 2.157986
0.005545 -0.000875 2.157986
0.005645 -0.000754 2.157986
0.005748 -0.000637 2.157986
0.005848 -0.000516 2.157986
0.005943 -0.000392 2.157986
0.006039 -0.000269 2.157986
0.006138 -0.000147 2.157986
0.006190 -0.000000 2.157986

