0.006508 -0.000000 3.642361
0.006453 0.000155 3.642361
0.006350 0.000284 3.642361
0.006248 0.000413 3.642361
0.006144 0.000541 3.642361
0.006039 0.000667 3.642361
0.005937 0.000797 3.642361
0.005838 0.000928 3.642361
0.005735 0.001057 3.642361
0.005627 0.001182 3.642361
0.005522 0.001309 3.642361
0.005423 0.001440 3.642361
0.005325 0.001572 3.642361
0.005221 0.001700 3.642361
0.005114 0.001825 3.642361
0.005004 0.001948 3.642361
0.004905 0.002079 3.642361
0.004805 0.002210 3.642361
0.004710 0.002344 3.642361
0.004607 0.002473 3.642361
0.004499 0.002598 3.642361
0.004446 0.002753 3.642361
0.004385 0.002906 3.642361
0.004317 0.003056 3.642361
0.004253 0.003208 3.642361
0.004189 0.003360 3.642361
0.004138 0.003516 3.642361
0.004082 0.003672 3.642361
0.004024 0.003826 3.642361
0.003958 0.003976 3.642361
0.003894 0.004128 3.642361
0.003837 0.004283 3.642361
0.003782 0.004438 3.642361
0.003723 0.004591 3.642361
0.003659 0.004743 3.642361
0.003597 0.004896 3.642361
0.003540 0.005051 3.642361
0.003482 0.005204 3.642361
0.003421 0.005357 3.642361
0.003361 0.005511 3.642361
0.003254 0.005636 3.642361
0.003092 0.005666 3.642361
0.002929 0.005641 3.642361
0.002766 0.005618 3.642361
0.002604 0.005591 3.642361
0.002441 0.005563 3.642361
0.002278 0.005540 3.642361
0.002115 0.005520 3.642361
0.001952 0.005495 3.642361
0.001790 0.005464 3.642361
0.001628 0.005437 3.642361
0.001465 0.005416 3.642361
0.001301 0.005398 3.642361
0.001138 0.005371 3.642361
0.000976 0.005342 3.642361
0.000815 0.005308 3.642361
0.000652 0.005287 3.642361
0.000488 0.005267 3.642361
0.000325 0.005251 3.642361
0.000162 0.005227 3.642361
-0.000000 0.005195 3.642361
-0.000162 0.005227 3.642361
-0.000325 0.005251 3.642361
-0.000488 0.005267 3.642361
-0.000652 0.005287 3.642361
-0.000815 0.005308 3.642361
-0.000976 0.005342 3.642361
-0.001138 0.005371 3.642361
-0.001301 0.005398 3.642361
-0.001465 0.005416 3.642361
-0.001628 0.005437 3.642361
-0.001790 0.005464 3.642361
-0.001952 0.005495 3.642361
-0.002115 0.005520 3.642361
-0.002278 0.005540 3.642361
-0.002441 0.005563 3.642361
-0.002604 0.005591 3.642361
-0.002766 0.005618 3.642361
-0.002929 0.005641 3.642361
-0.003092 0.005666 3.642361
-0.003254 0.005636 3.642361
-0.003361 0.005511 3.642361
-0.003421 0.005357 3.642361
-0.003482 0.005204 3.642361
-0.003540 0.005051 3.642361
-0.003597 0.004896 3.642361
-0.003659 0.004743 3.642361
-0.003723 0.004591 3.642361
-0.003782 0.004438 3.642361
-0.003837 0.004283 3.642361
-0.003894 0.004128 3.642361
-0.003958 0.003976 3.642361
-0.004024 0.003826 3.642361
-0.004082 0.003672 3.642361
-0.004138 0.003516 3.642361
-0.004189 0.003360 3.642361
-0.004253 0.003208 3.642361
-0.004317 0.003056 3.642361
-0.004385 0.002906 3.642361
-0.004446 0.002753 3.642361
-0.004499 0.002598 3.642361
-0.004607 0.002473 3.642361
-0.004710 0.002344 3.642361
-0.004805 0.002210 3.642361
-0.004905 0.002079 3.642361
-0.005004 0.001948 3.642361
-0.005114 0.001825 3.642361
-0.005221 0.001700 3.642361
-0.005325 0.001572 3.642361
-0.005423 0.001440 3.642361
-0.005522 0.001309 3.642361
-0.005627 0.001182 3.642361
-0.005735 0.001057 3.642361
-0.005838 0.000928 3.642361
-0.005937 0.000797 3.642361
-0.006039 0.000667 3.642361
-0.006144 0.000541 3.642361
-0.006248 0.000413 3.642361
-0.006350 0.000284 3.642361
-0.006453 0.000155 3.642361
-0.006508 0.000000 3.642361
-0.006453 -0.000155 3.642361
-0.006350 -0.000284 3.642361
-0.006248 -0.000413 3.642361
-0.006144 -0.000541 3.642361
-0.006039 -0.000667 3.642361
-0.005937 -0.000797 3.642361
-0.005838 -0.000928 3.642361
-0.005735 -0.001057 3.642361
-0.005627 -0.001182 3.642361
-0.005522 -0.001309 3.642361
-0.005423 -0.001440 3.642361
-0.005325 -0.001572 3.642361
-0.005221 -0.001700 3.642361
-0.005114 -0.001825 3.642361
-0.005004 -0.001948 3.642361
-0.004905 -0.002079 3.642361
-0.004805 -0.002210 3.642361
-0.004710 -0.002344 3.642361
-0.004607 -0.002473 3.642361
-0.004499 -0.002598 3.642361
-0.004446 -0.002753 3.642361
-0.004385 -0.002906 3.642361
-0.004317 -0.003056 3.642361
-0.004253 -0.003208 3.642361
-0.004189 -0.003360 3.642361
-0.004138 -0.003516 3.642361
-0.004082 -0.003672 3.642361
-0.004024 -0.003826 3.642361
-0.003958 -0.003976 3.642361
-0.003894 -0.004128 3.642361
-0.003837 -0.004283 3.642361
-0.003782 -0.004438 3.642361
-0.003723 -0.004591 3.642361
-0.003659 -0.004743 3.642361
-0.003597 -0.004896 3.642361
-0.003540 -0.005051 3.642361
-0.003482 -0.005204 3.642361
-0.003421 -0.005357 3.642361
-0.003361 -0.005511 3.642361
-0.003254 -0.005636 3.642361
-0.003092 -0.005666 3.642361
-0.002929 -0.005641 3.642361
-0.002766 -0.005618 3.642361
-0.002604 -0.005591 3.642361
-0.002441 -0.005563 3.642361
-0.002278 -0.005540 3.642361
-0.002115 -0.005520 3.642361
-0.001952 -0.005495 3.642361
-0.001790 -0.005464 3.642361
-0.001628 -0.005437 3.642361
-0.001465 -0.005416 3.642361
-0.001301 -0.005398 3.642361
-0.001138 -0.005371 3.642361
-0.000976 -0.005342 3.642361
-0.000815 -0.005308 3.642361
-0.000652 -0.005287 3.642361
-0.000488 -0.005267 3.642361
-0.000325 -0.005251 3.642361
-0.000162 -0.005227 3.642361
0.000000 -0.005195 3.642361
0.000162 -0.005227 3.642361
0.000325 -0.005251 3.642361
0.000488 -0.005267 3.642361
0.000652 -0.005287 3.642361
0.000815 -0.005308 3.642361
0.000976 -0.005342 3.642361
0.001138 -0.005371 3.642361
0.001301 -0.005398 3.642361
0.001465 -0.005416 3.642361
0.001628 -0.005437 3.642361
0.001790 -0.005464 3.642361
0.001952 -0.005495 3.642361
0.002115 -0.005520 3.642361
0.002278 -0.005540 3.642361
0.002441 -0.005563 3.642361
0.002604 -0.005591 3.642361
0.002766 -0.005618 3.642361
0.002929 -0.005641 3.642361
0.003092 -0.005666 3.642361
0.003254 -0.005636 3.642361
0.003361 -0.005511 3.642361
0.003421 -0.005357 3.642361
0.003482 -0.005204 3.642361
0.003540 -0.005051 3.642361
0.003597 -0.004896 3.642361
0.003659 -0.004743 3.642361
0.003723 -0.004591 3.642361
0.003782 -0.004438 3.642361
0.003837 -0.004283 3.642361
0.003894 -0.004128 3.642361
0.003958 -0.003976 3.642361
0.004024 -0.003826 3.642361
0.004082 -0.003672 3.642361
0.004138 -0.003516 3.642361
0.004189 -0.003360 3.642361
0.004253 -0.003208 3.642361
0.004317 -0.003056 3.642361
0.004385 -0.002906 3.642361
0.004446 -0.002753 3.642361
0.004499 -0.002598 3.642361
0.004607 -0.002473 3.642361
0.004710 -0.002344 3.642361
0.004805 -0.002210 3.642361
0.004905 -0.002079 3.642361
0.005004 -0.001948 3.642361
0.005114 -0.001825 3.642361
0.005221 -0.001700 3.642361
0.005325 -0.001572 3.642361
0.005423 -0.001440 3.642361
0.005522 -0.001309 3.642361
0.005627 -0.001182 3.642361
0.005735 -0.001057 3.642361
0.005838 -0.000928 3.642361
0.005937 -0.000797 3.642361
0.006039 -0.000667 3.642361
0.006144 -0.000541 3.642361
0.006248 -0.000413 3.642361
0.006350 -0.000284 3.642361
0.006453 -0.000155 3.642361
0.006508 -0.000000 3.642361

