0.007044 -0.000042 6.430556
0.006937 0.000101 6.430556
0.006841 0.000251 6.430556
0.006750 0.000404 6.430556
0.006652 0.000553 6.430556
0.006553 0.000701 6.430556
0.006450 0.000846 6.430556
0.006346 0.000991 6.430556
0.006239 0.001134 6.430556
0.006125 0.001271 6.430556
0.006018 0.001413 6.430556
0.005910 0.001555 6.430556
0.005799 0.001694 6.430556
0.005687 0.001833 6.430556
0.005572 0.001970 6.430556
0.005464 0.002111 6.430556
0.005358 0.002254 6.430556
0.005244 0.002391 6.430556
0.005127 0.002526 6.430556
0.005019 0.002668 6.430556
0.004906 0.002806 6.430556
0.004834 0.002969 6.430556
0.004768 0.003134 6.430556
0.004707 0.003302 6.430556
0.004649 0.003470 6.430556
0.004578 0.003634 6.430556
0.004509 0.003798 6.430556
0.004447 0.003965 6.430556
0.004383 0.004132 6.430556
0.004320 0.004298 6.430556
0.004251 0.004463 6.430556
0.004181 0.004627 6.430556
0.004120 0.004794 6.430556
0.004053 0.004959 6.430556
0.003983 0.005123 6.430556
0.003913 0.005287 6.430556
0.003842 0.005450 6.430556
0.003774 0.005615 6.430556
0.003701 0.005778 6.430556
0.003631 0.005942 6.430556
0.003518 0.006080 6.430556
0.003340 0.006090 6.430556
0.003162 0.006079 6.430556
0.002985 0.006067 6.430556
0.002807 0.006047 6.430556
0.002630 0.006030 6.430556
0.002453 0.006010 6.430556
0.002276 0.005990 6.430556
0.002099 0.005966 6.430556
0.001924 0.005935 6.430556
0.001747 0.005914 6.430556
0.001570 0.005891 6.430556
0.001394 0.005863 6.430556
0.001218 0.005835 6.430556
0.001042 0.005805 6.430556
0.000865 0.005782 6.430556
0.000688 0.005762 6.430556
0.000513 0.005729 6.430556
0.000338 0.005698 6.430556
0.000161 0.005673 6.430556
-0.000016 0.005652 6.430556
-0.000192 0.005679 6.430556
-0.000369 0.005702 6.430556
-0.000544 0.005735 6.430556
-0.000719 0.005766 6.430556
-0.000896 0.005786 6.430556
-0.001073 0.005809 6.430556
-0.001249 0.005840 6.430556
-0.001425 0.005868 6.430556
-0.001601 0.005895 6.430556
-0.001778 0.005917 6.430556
-0.001955 0.005939 6.430556
-0.002130 0.005969 6.430556
-0.002307 0.005991 6.430556
-0.002485 0.006007 6.430556
-0.002662 0.006024 6.430556
-0.002840 0.006035 6.430556
-0.003018 0.006047 6.430556
-0.003196 0.006051 6.430556
-0.003374 0.006065 6.430556
-0.003549 0.006095 6.430556
-0.003680 0.005974 6.430556
-0.003733 0.005804 6.430556
-0.003792 0.005636 6.430556
-0.003851 0.005467 6.430556
-0.003917 0.005302 6.430556
-0.003983 0.005136 6.430556
-0.004052 0.004972 6.430556
-0.004117 0.004806 6.430556
-0.004178 0.004639 6.430556
-0.004247 0.004474 6.430556
-0.004316 0.004310 6.430556
-0.004379 0.004143 6.430556
-0.004443 0.003977 6.430556
-0.004504 0.003810 6.430556
-0.004573 0.003645 6.430556
-0.004644 0.003482 6.430556
-0.004704 0.003314 6.430556
-0.004764 0.003146 6.430556
-0.004831 0.002981 6.430556
-0.004900 0.002816 6.430556
-0.005011 0.002677 6.430556
-0.005119 0.002535 6.430556
-0.005236 0.002400 6.430556
-0.005351 0.002264 6.430556
-0.005456 0.002121 6.430556
-0.005565 0.001979 6.430556
-0.005679 0.001843 6.430556
-0.005791 0.001704 6.430556
-0.005903 0.001565 6.430556
-0.006011 0.001423 6.430556
-0.006119 0.001282 6.430556
-0.006233 0.001145 6.430556
-0.006343 0.001004 6.430556
-0.006449 0.000861 6.430556
-0.006557 0.000719 6.430556
-0.006663 0.000576 6.430556
-0.006774 0.000436 6.430556
-0.006881 0.000294 6.430556
-0.006995 0.000157 6.430556
-0.007031 -0.000018 6.430556
-0.006924 -0.000160 6.430556
-0.006829 -0.000311 6.430556
-0.006733 -0.000461 6.430556
-0.006629 -0.000606 6.430556
-0.006526 -0.000751 6.430556
-0.006420 -0.000894 6.430556
-0.006315 -0.001038 6.430556
-0.006205 -0.001179 6.430556
-0.006091 -0.001316 6.430556
-0.005984 -0.001458 6.430556
-0.005876 -0.001600 6.430556
-0.005764 -0.001738 6.430556
-0.005651 -0.001876 6.430556
-0.005537 -0.002014 6.430556
-0.005430 -0.002156 6.430556
-0.005323 -0.002299 6.430556
-0.005207 -0.002434 6.430556
-0.005093 -0.002571 6.430556
-0.004981 -0.002710 6.430556
-0.004878 -0.002855 6.430556
-0.004817 -0.003023 6.430556
-0.004747 -0.003186 6.430556
-0.004690 -0.003355 6.430556
-0.004628 -0.003522 6.430556
-0.004556 -0.003686 6.430556
-0.004489 -0.003850 6.430556
-0.004428 -0.004018 6.430556
-0.004364 -0.004184 6.430556
-0.004300 -0.004351 6.430556
-0.004231 -0.004515 6.430556
-0.004163 -0.004680 6.430556
-0.004103 -0.004848 6.430556
-0.004037 -0.005013 6.430556
-0.003969 -0.005178 6.430556
-0.003905 -0.005344 6.430556
-0.003841 -0.005511 6.430556
-0.003785 -0.005680 6.430556
-0.003726 -0.005848 6.430556
-0.003670 -0.006017 6.430556
-0.003531 -0.006129 6.430556
-0.003360 -0.006081 6.430556
-0.003184 -0.006052 6.430556
-0.003006 -0.006041 6.430556
-0.002828 -0.006029 6.430556
-0.002650 -0.006019 6.430556
-0.002473 -0.006004 6.430556
-0.002295 -0.005988 6.430556
-0.002118 -0.005966 6.430556
-0.001942 -0.005937 6.430556
-0.001765 -0.005916 6.430556
-0.001589 -0.005894 6.430556
-0.001412 -0.005866 6.430556
-0.001236 -0.005838 6.430556
-0.001061 -0.005808 6.430556
-0.000884 -0.005785 6.430556
-0.000707 -0.005765 6.430556
-0.000532 -0.005733 6.430556
-0.000356 -0.005701 6.430556
-0.000180 -0.005677 6.430556
-0.000003 -0.005652 6.430556
0.000173 -0.005676 6.430556
0.000350 -0.005700 6.430556
0.000525 -0.005732 6.430556
0.000701 -0.005764 6.430556
0.000878 -0.005784 6.430556
0.001055 -0.005807 6.430556
0.001230 -0.005838 6.430556
0.001406 -0.005866 6.430556
0.001582 -0.005894 6.430556
0.001759 -0.005917 6.430556
0.001936 -0.005940 6.430556
0.002111 -0.005971 6.430556
0.002287 -0.005998 6.430556
0.002464 -0.006022 6.430556
0.002640 -0.006049 6.430556
0.002816 -0.006078 6.430556
0.002990 -0.006115 6.430556
0.003165 -0.006151 6.430556
0.003338 -0.006192 6.430556
0.003509 -0.006140 6.430556
0.003565 -0.005971 6.430556
0.003632 -0.005806 6.430556
0.003714 -0.005647 6.430556
0.003793 -0.005488 6.430556
0.003875 -0.005329 6.430556
0.003951 -0.005168 6.430556
0.004026 -0.005006 6.430556
0.004097 -0.004843 6.430556
0.004160 -0.004676 6.430556
0.004229 -0.004512 6.430556
0.004299 -0.004348 6.430556
0.004364 -0.004182 6.430556
0.004428 -0.004016 6.430556
0.004489 -0.003848 6.430556
0.004557 -0.003683 6.430556
0.004629 -0.003520 6.430556
0.004690 -0.003353 6.430556
0.004748 -0.003184 6.430556
0.004818 -0.003020 6.430556
0.004879 -0.002853 6.430556
0.004983 -0.002708 6.430556
0.005094 -0.002569 6.430556
0.005208 -0.002432 6.430556
0.005325 -0.002297 6.430556
0.005431 -0.002154 6.430556
0.005539 -0.002012 6.430556
0.005653 -0.001875 6.430556
0.005765 -0.001737 6.430556
0.005878 -0.001598 6.430556
0.005986 -0.001457 6.430556
0.006094 -0.001315 6.430556
0.006208 -0.001178 6.430556
0.006319 -0.001039 6.430556
0.006427 -0.000897 6.430556
0.006537 -0.000756 6.430556
0.006647 -0.000616 6.430556
0.006763 -0.000481 6.430556
0.006878 -0.000345 6.430556
0.007000 -0.000215 6.430556
0.007044 -0.000042 6.430556

