0.006691 -0.000000 4.532986
0.006635 0.000160 4.532986
0.006529 0.000292 4.532986
0.006424 0.000425 4.532986
0.006317 0.000556 4.532986
0.006209 0.000687 4.532986
0.006105 0.000820 4.532986
0.006001 0.000954 4.532986
0.005896 0.001087 4.532986
0.005784 0.001214 4.532986
0.005680 0.001348 4.532986
0.005576 0.001482 4.532986
0.005475 0.001617 4.532986
0.005365 0.001746 4.532986
0.005254 0.001874 4.532986
0.005150 0.002008 4.532986
0.005047 0.002142 4.532986
0.004947 0.002279 4.532986
0.004839 0.002409 4.532986
0.004727 0.002536 4.532986
0.004620 0.002667 4.532986
0.004559 0.002825 4.532986
0.004506 0.002986 4.532986
0.004447 0.003145 4.532986
0.004379 0.003300 4.532986
0.004314 0.003456 4.532986
0.004250 0.003613 4.532986
0.004195 0.003773 4.532986
0.004138 0.003933 4.532986
0.004071 0.004089 4.532986
0.004008 0.004245 4.532986
0.003944 0.004402 4.532986
0.003889 0.004563 4.532986
0.003827 0.004720 4.532986
0.003763 0.004877 4.532986
0.003699 0.005034 4.532986
0.003640 0.005193 4.532986
0.003580 0.005351 4.532986
0.003518 0.005508 4.532986
0.003456 0.005666 4.532986
0.003346 0.005795 4.532986
0.003179 0.005826 4.532986
0.003012 0.005800 4.532986
0.002844 0.005775 4.532986
0.002677 0.005749 4.532986
0.002510 0.005720 4.532986
0.002342 0.005698 4.532986
0.002174 0.005674 4.532986
0.002007 0.005649 4.532986
0.001841 0.005616 4.532986
0.001673 0.005593 4.532986
0.001505 0.005570 4.532986
0.001337 0.005550 4.532986
0.001170 0.005519 4.532986
0.001004 0.005488 4.532986
0.000836 0.005464 4.532986
0.000668 0.005442 4.532986
0.000500 0.005424 4.532986
0.000333 0.005395 4.532986
0.000167 0.005361 4.532986
-0.000000 0.005334 4.532986
-0.000167 0.005361 4.532986
-0.000333 0.005395 4.532986
-0.000500 0.005424 4.532986
-0.000668 0.005442 4.532986
-0.000836 0.005464 4.532986
-0.001004 0.005488 4.532986
-0.001170 0.005519 4.532986
-0.001337 0.005550 4.532986
-0.001505 0.005570 4.532986
-0.001673 0.005593 4.532986
-0.001841 0.005616 4.532986
-0.002007 0.005649 4.532986
-0.002174 0.005674 4.532986
-0.002342 0.005698 4.532986
-0.002510 0.005720 4.532986
-0.002677 0.005749 4.532986
-0.002844 0.005775 4.532986
-0.003012 0.005800 4.532986
-0.003179 0.005826 4.532986
-0.003346 0.005795 4.532986
-0.003456 0.005666 4.532986
-0.003518 0.005508 4.532986
-0.003580 0.005351 4.532986
-0.003640 0.005193 4.532986
-0.003699 0.005034 4.532986
-0.003763 0.004877 4.532986
-0.003827 0.004720 4.532986
-0.003889 0.004563 4.532986
-0.003944 0.004402 4.532986
-0.004008 0.004245 4.532986
-0.004071 0.004089 4.532986
-0.004138 0.003933 4.532986
-0.004195 0.003773 4.532986
-0.004250 0.003613 4.532986
-0.004314 0.003456 4.532986
-0.004379 0.003300 4.532986
-0.004447 0.003145 4.532986
-0.004506 0.002986 4.532986
-0.004559 0.002825 4.532986
-0.004620 0.002667 4.532986
-0.004727 0.002536 4.532986
-0.004839 0.002409 4.532986
-0.004947 0.002279 4.532986
-0.005047 0.002142 4.532986
-0.005150 0.002008 4.532986
-0.005254 0.001874 4.532986
-0.005365 0.001746 4.532986
-0.005475 0.001617 4.532986
-0.005576 0.001482 4.532986
-0.005680 0.001348 4.532986
-0.005784 0.001214 4.532986
-0.005896 0.001087 4.532986
-0.006001 0.000954 4.532986
-0.006105 0.000820 4.532986
-0.006209 0.000687 4.532986
-0.006317 0.000556 4.532986
-0.006424 0.000425 4.532986
-0.006529 0.000292 4.532986
-0.006635 0.000160 4.532986
-0.006691 0.000000 4.532986
-0.006635 -0.000160 4.532986
-0.006529 -0.000292 4.532986
-0.006424 -0.000425 4.532986
-0.006317 -0.000556 4.532986
-0.006209 -0.000687 4.532986
-0.006105 -0.000820 4.532986
-0.006001 -0.000954 4.532986
-0.005896 -0.001087 4.532986
-0.005784 -0.001214 4.532986
-0.005680 -0.001348 4.532986
-0.005576 -0.001482 4.532986
-0.005475 -0.001617 4.532986
-0.005365 -0.001746 4.532986
-0.005254 -0.001874 4.532986
-0.005150 -0.002008 4.532986
-0.005047 -0.002142 4.532986
-0.004947 -0.002279 4.532986
-0.004839 -0.002409 4.532986
-0.004727 -0.002536 4.532986
-0.004620 -0.002667 4.532986
-0.004559 -0.002825 4.532986
-0.004506 -0.002986 4.532986
-0.004447 -0.003145 4.532986
-0.004379 -0.003300 4.532986
-0.004314 -0.003456 4.532986
-0.004250 -0.003613 4.532986
-0.004195 -0.003773 4.532986
-0.004138 -0.003933 4.532986
-0.004071 -0.004089 4.532986
-0.004008 -0.004245 4.532986
-0.003944 -0.004402 4.532986
-0.003889 -0.004563 4.532986
-0.003827 -0.004720 4.532986
-0.003763 -0.004877 4.532986
-0.003699 -0.005034 4.532986
-0.003640 -0.005193 4.532986
-0.003580 -0.005351 4.532986
-0.003518 -0.005508 4.532986
-0.003456 -0.005666 4.532986
-0.003346 -0.005795 4.532986
-0.003179 -0.005826 4.532986
-0.003012 -0.005800 4.532986
-0.002844 -0.005775 4.532986
-0.002677 -0.005749 4.532986
-0.002510 -0.005720 4.532986
-0.002342 -0.005698 4.532986
-0.002174 -0.005674 4.532986
-0.002007 -0.005649 4.532986
-0.001841 -0.005616 4.532986
-0.001673 -0.005593 4.532986
-0.001505 -0.005570 4.532986
-0.001337 -0.005550 4.532986
-0.001170 -0.005519 4.532986
-0.001004 -0.005488 4.532986
-0.000836 -0.005464 4.532986
-0.000668 -0.005442 4.532986
-0.000500 -0.005424 4.532986
-0.000333 -0.005395 4.532986
-0.000167 -0.005361 4.532986
0.000000 -0.005334 4.532986
0.000167 -0.005361 4.532986
0.000333 -0.005395 4.532986
0.000500 -0.005424 4.532986
0.000668 -0.005442 4.532986
0.000836 -0.005464 4.532986
0.001004 -0.005488 4.532986
0.001170 -0.005519 4.532986
0.001337 -0.005550 4.532986
0.001505 -0.005570 4.532986
0.001673 -0.005593 4.532986
0.001841 -0.005616 4.532986
0.002007 -0.005649 4.532986
0.002174 -0.005674 4.532986
0.002342 -0.005698 4.532986
0.002510 -0.005720 4.532986
0.002677 -0.005749 4.532986
0.002844 -0.005775 4.532986
0.003012 -0.005801 4.532986
0.003179 -0.005826 4.532986
0.003346 -0.005795 4.532986
0.003455 -0.005666 4.532986
0.003518 -0.005508 4.532986
0.003580 -0.005351 4.532986
0.003640 -0.005193 4.532986
0.003699 -0.005034 4.532986
0.003763 -0.004877 4.532986
0.003827 -0.004720 4.532986
0.003889 -0.004563 4.532986
0.003944 -0.004402 4.532986
0.004008 -0.004245 4.532986
0.004071 -0.004089 4.532986
0.004138 -0.003933 4.532986
0.004195 -0.003773 4.532986
0.004250 -0.003613 4.532986
0.004314 -0.003456 4.532986
0.004379 -0.003300 4.532986
0.004447 -0.003145 4.532986
0.004506 -0.002986 4.532986
0.004559 -0.002825 4.532986
0.004620 -0.002667 4.532986
0.004727 -0.002536 4.532986
0.004839 -0.002409 4.532986
0.004947 -0.002279 4.532986
0.005047 -0.002142 4.532986
0.005150 -0.002008 4.532986
0.005254 -0.001874 4.532986
0.005365 -0.001746 4.532986
0.005475 -0.001617 4.532986
0.005576 -0.001482 4.532986
0.005680 -0.001348 4.532986
0.005784 -0.001214 4.532986
0.005896 -0.001087 4.532986
0.006001 -0.000954 4.532986
0.006105 -0.000820 4.532986
0.006209 -0.000687 4.532986
0.006317 -0.000556 4.532986
0.006424 -0.000425 4.532986
0.006529 -0.000292 4.532986
0.006635 -0.000160 4.532986
0.006691 -0.000000 4.532986

