0.008038 -0.000005 10.751736
0.007884 0.000135 10.751736
0.007732 0.000277 10.751736
0.007587 0.000427 10.751736
0.007434 0.000568 10.751736
0.007295 0.000724 10.751736
0.007149 0.000872 10.751736
0.007014 0.001030 10.751736
0.006857 0.001167 10.751736
0.006728 0.001331 10.751736
0.006566 0.001462 10.751736
0.006445 0.001632 10.751736
0.006298 0.001779 10.751736
0.006160 0.001935 10.751736
0.006011 0.002082 10.751736
0.005881 0.002244 10.751736
0.005749 0.002405 10.751736
0.005615 0.002564 10.751736
0.005505 0.002742 10.751736
0.005381 0.002909 10.751736
0.005299 0.003101 10.751736
0.005236 0.003299 10.751736
0.005144 0.003486 10.751736
0.005092 0.003688 10.751736
0.005018 0.003883 10.751736
0.004966 0.004084 10.751736
0.004900 0.004282 10.751736
0.004832 0.004479 10.751736
0.004793 0.004684 10.751736
0.004729 0.004882 10.751736
0.004678 0.005084 10.751736
0.004603 0.005278 10.751736
0.004554 0.005481 10.751736
0.004475 0.005673 10.751736
0.004428 0.005876 10.751736
0.004349 0.006069 10.751736
0.004293 0.006270 10.751736
0.004215 0.006463 10.751736
0.004146 0.006660 10.751736
0.004064 0.006851 10.751736
0.003894 0.006971 10.751736
0.003701 0.006892 10.751736
0.003502 0.006832 10.751736
0.003303 0.006767 10.751736
0.003102 0.006715 10.751736
0.002902 0.006657 10.751736
0.002698 0.006612 10.751736
0.002497 0.006559 10.751736
0.002294 0.006510 10.751736
0.002089 0.006474 10.751736
0.001889 0.006417 10.751736
0.001685 0.006372 10.751736
0.001481 0.006333 10.751736
0.001286 0.006407 10.751736
0.001139 0.006555 10.751736
0.000974 0.006428 10.751736
0.000777 0.006359 10.751736
0.000579 0.006296 10.751736
0.000378 0.006238 10.751736
0.000175 0.006194 10.751736
-0.000028 0.006148 10.751736
-0.000234 0.006183 10.751736
-0.000432 0.006247 10.751736
-0.000633 0.006300 10.751736
-0.000830 0.006368 10.751736
-0.000999 0.006490 10.751736
-0.001139 0.006336 10.751736
-0.001344 0.006296 10.751736
-0.001546 0.006347 10.751736
-0.001754 0.006364 10.751736
-0.001952 0.006427 10.751736
-0.002157 0.006464 10.751736
-0.002357 0.006520 10.751736
-0.002558 0.006578 10.751736
-0.002763 0.006615 10.751736
-0.002964 0.006669 10.751736
-0.003169 0.006707 10.751736
-0.003366 0.006774 10.751736
-0.003567 0.006828 10.751736
-0.003763 0.006899 10.751736
-0.003952 0.006988 10.751736
-0.004133 0.006885 10.751736
-0.004220 0.006696 10.751736
-0.004296 0.006502 10.751736
-0.004376 0.006310 10.751736
-0.004437 0.006111 10.751736
-0.004518 0.005918 10.751736
-0.004563 0.005715 10.751736
-0.004646 0.005524 10.751736
-0.004686 0.005319 10.751736
-0.004767 0.005128 10.751736
-0.004808 0.004923 10.751736
-0.004878 0.004727 10.751736
-0.004916 0.004522 10.751736
-0.004994 0.004329 10.751736
-0.005036 0.004125 10.751736
-0.005096 0.003925 10.751736
-0.005155 0.003726 10.751736
-0.005209 0.003524 10.751736
-0.005292 0.003333 10.751736
-0.005325 0.003128 10.751736
-0.005424 0.002944 10.751736
-0.005574 0.002800 10.751736
-0.005702 0.002635 10.751736
-0.005839 0.002478 10.751736
-0.005994 0.002339 10.751736
-0.006123 0.002175 10.751736
-0.006273 0.002031 10.751736
-0.006404 0.001869 10.751736
-0.006568 0.001741 10.751736
-0.006695 0.001575 10.751736
-0.006851 0.001437 10.751736
-0.006980 0.001273 10.751736
-0.007133 0.001132 10.751736
-0.007265 0.000970 10.751736
-0.007416 0.000827 10.751736
-0.007553 0.000670 10.751736
-0.007709 0.000532 10.751736
-0.007854 0.000383 10.751736
-0.008004 0.000238 10.751736
-0.008050 0.000035 10.751736
-0.007914 -0.000123 10.751736
-0.007790 -0.000290 10.751736
-0.007655 -0.000449 10.751736
-0.007531 -0.000616 10.751736
-0.007390 -0.000770 10.751736
-0.007257 -0.000930 10.751736
-0.007100 -0.001067 10.751736
-0.006967 -0.001227 10.751736
-0.006818 -0.001373 10.751736
-0.006694 -0.001541 10.751736
-0.006540 -0.001680 10.751736
-0.006401 -0.001836 10.751736
-0.006243 -0.001971 10.751736
-0.006112 -0.002133 10.751736
-0.005947 -0.002261 10.751736
-0.005813 -0.002421 10.751736
-0.005665 -0.002567 10.751736
-0.005543 -0.002736 10.751736
-0.005425 -0.002908 10.751736
-0.005362 -0.003106 10.751736
-0.005306 -0.003307 10.751736
-0.005220 -0.003497 10.751736
-0.005181 -0.003702 10.751736
-0.005098 -0.003893 10.751736
-0.005072 -0.004099 10.751736
-0.004992 -0.004292 10.751736
-0.004944 -0.004495 10.751736
-0.004874 -0.004691 10.751736
-0.004836 -0.004896 10.751736
-0.004763 -0.005091 10.751736
-0.004714 -0.005293 10.751736
-0.004639 -0.005488 10.751736
-0.004588 -0.005690 10.751736
-0.004515 -0.005885 10.751736
-0.004471 -0.006088 10.751736
-0.004399 -0.006284 10.751736
-0.004357 -0.006488 10.751736
-0.004292 -0.006686 10.751736
-0.004237 -0.006887 10.751736
-0.004068 -0.007009 10.751736
-0.003866 -0.006957 10.751736
-0.003663 -0.006911 10.751736
-0.003458 -0.006870 10.751736
-0.003257 -0.006818 10.751736
-0.003051 -0.006784 10.751736
-0.002848 -0.006739 10.751736
-0.002643 -0.006700 10.751736
-0.002445 -0.006634 10.751736
-0.002242 -0.006590 10.751736
-0.002042 -0.006529 10.751736
-0.001836 -0.006500 10.751736
-0.001631 -0.006461 10.751736
-0.001427 -0.006419 10.751736
-0.001223 -0.006379 10.751736
-0.001020 -0.006332 10.751736
-0.000817 -0.006287 10.751736
-0.000617 -0.006228 10.751736
-0.000416 -0.006171 10.751736
-0.000209 -0.006156 10.751736
-0.000010 -0.006219 10.751736
0.000196 -0.006253 10.751736
0.000401 -0.006288 10.751736
0.000599 -0.006353 10.751736
0.000805 -0.006385 10.751736
0.001000 -0.006459 10.751736
0.001204 -0.006498 10.751736
0.001408 -0.006543 10.751736
0.001609 -0.006596 10.751736
0.001812 -0.006644 10.751736
0.002014 -0.006695 10.751736
0.002219 -0.006733 10.751736
0.002419 -0.006789 10.751736
0.002625 -0.006821 10.751736
0.002826 -0.006878 10.751736
0.003031 -0.006916 10.751736
0.003233 -0.006966 10.751736
0.003436 -0.007010 10.751736
0.003640 -0.007054 10.751736
0.003846 -0.007088 10.751736
0.004032 -0.006995 10.751736
0.004076 -0.006792 10.751736
0.004123 -0.006589 10.751736
0.004189 -0.006391 10.751736
0.004234 -0.006187 10.751736
0.004306 -0.005992 10.751736
0.004355 -0.005789 10.751736
0.004434 -0.005597 10.751736
0.004464 -0.005391 10.751736
0.004538 -0.005196 10.751736
0.004580 -0.004992 10.751736
0.004648 -0.004795 10.751736
0.004711 -0.004596 10.751736
0.004781 -0.004400 10.751736
0.004865 -0.004209 10.751736
0.004902 -0.004004 10.751736
0.004999 -0.003820 10.751736
0.005172 -0.003704 10.751736
0.005218 -0.003501 10.751736
0.005241 -0.003294 10.751736
0.005329 -0.003105 10.751736
0.005483 -0.002965 10.751736
0.005608 -0.002798 10.751736
0.005755 -0.002650 10.751736
0.005894 -0.002495 10.751736
0.006039 -0.002346 10.751736
0.006194 -0.002206 10.751736
0.006324 -0.002043 10.751736
0.006477 -0.001902 10.751736
0.006613 -0.001744 10.751736
0.006770 -0.001607 10.751736
0.006896 -0.001442 10.751736
0.007054 -0.001306 10.751736
0.007179 -0.001139 10.751736
0.007333 -0.000999 10.751736
0.007461 -0.000834 10.751736
0.007609 -0.000688 10.751736
0.007742 -0.000527 10.751736
0.007884 -0.000375 10.751736
0.008013 -0.000212 10.751736
0.008038 -0.000005 10.751736

