0.008188 0.000000 11.588542
0.008046 0.000159 11.588542
0.007887 0.000301 11.588542
0.007739 0.000455 11.588542
0.007580 0.000597 11.588542
0.007434 0.000752 11.588542
0.007273 0.000892 11.588542
0.007142 0.001061 11.588542
0.006978 0.001196 11.588542
0.006848 0.001366 11.588542
0.006686 0.001504 11.588542
0.006543 0.001662 11.588542
0.006398 0.001819 11.588542
0.006263 0.001984 11.588542
0.006117 0.002140 11.588542
0.005965 0.002289 11.588542
0.005831 0.002455 11.588542
0.005685 0.002611 11.588542
0.005540 0.002767 11.588542
0.005431 0.002950 11.588542
0.005377 0.003157 11.588542
0.005296 0.003354 11.588542
0.005229 0.003556 11.588542
0.005184 0.003765 11.588542
0.005105 0.003963 11.588542
0.005058 0.004171 11.588542
0.004986 0.004372 11.588542
0.004943 0.004580 11.588542
0.004885 0.004786 11.588542
0.004809 0.004985 11.588542
0.004752 0.005190 11.588542
0.004678 0.005391 11.588542
0.004620 0.005596 11.588542
0.004542 0.005794 11.588542
0.004485 0.006000 11.588542
0.004397 0.006194 11.588542
0.004335 0.006398 11.588542
0.004242 0.006590 11.588542
0.004178 0.006793 11.588542
0.004093 0.006989 11.588542
0.003939 0.007137 11.588542
0.003741 0.007059 11.588542
0.003538 0.006991 11.588542
0.003338 0.006917 11.588542
0.003133 0.006859 11.588542
0.002930 0.006795 11.588542
0.002724 0.006738 11.588542
0.002516 0.006692 11.588542
0.002312 0.006629 11.588542
0.002104 0.006583 11.588542
0.001894 0.006545 11.588542
0.001693 0.006475 11.588542
0.001480 0.006457 11.588542
0.001299 0.006569 11.588542
0.001163 0.006733 11.588542
0.000984 0.006618 11.588542
0.000791 0.006528 11.588542
0.000590 0.006454 11.588542
0.000390 0.006380 11.588542
0.000185 0.006323 11.588542
-0.000020 0.006265 11.588542
-0.000228 0.006315 11.588542
-0.000426 0.006393 11.588542
-0.000631 0.006453 11.588542
-0.000822 0.006548 11.588542
-0.001011 0.006645 11.588542
-0.001124 0.006464 11.588542
-0.001329 0.006403 11.588542
-0.001541 0.006426 11.588542
-0.001748 0.006478 11.588542
-0.001949 0.006547 11.588542
-0.002160 0.006581 11.588542
-0.002361 0.006651 11.588542
-0.002571 0.006686 11.588542
-0.002779 0.006734 11.588542
-0.002984 0.006794 11.588542
-0.003191 0.006846 11.588542
-0.003389 0.006925 11.588542
-0.003594 0.006985 11.588542
-0.003786 0.007077 11.588542
-0.003981 0.007164 11.588542
-0.004151 0.007035 11.588542
-0.004233 0.006838 11.588542
-0.004301 0.006636 11.588542
-0.004400 0.006447 11.588542
-0.004465 0.006244 11.588542
-0.004564 0.006055 11.588542
-0.004617 0.005848 11.588542
-0.004705 0.005654 11.588542
-0.004755 0.005447 11.588542
-0.004834 0.005249 11.588542
-0.004886 0.005042 11.588542
-0.004966 0.004844 11.588542
-0.005008 0.004635 11.588542
-0.005072 0.004432 11.588542
-0.005138 0.004229 11.588542
-0.005188 0.004022 11.588542
-0.005261 0.003821 11.588542
-0.005284 0.003609 11.588542
-0.005374 0.003416 11.588542
-0.005405 0.003205 11.588542
-0.005490 0.003009 11.588542
-0.005649 0.002867 11.588542
-0.005775 0.002695 11.588542
-0.005938 0.002557 11.588542
-0.006077 0.002395 11.588542
-0.006215 0.002233 11.588542
-0.006374 0.002091 11.588542
-0.006513 0.001929 11.588542
-0.006671 0.001785 11.588542
-0.006799 0.001615 11.588542
-0.006961 0.001476 11.588542
-0.007090 0.001306 11.588542
-0.007251 0.001166 11.588542
-0.007386 0.001001 11.588542
-0.007548 0.000862 11.588542
-0.007691 0.000704 11.588542
-0.007853 0.000565 11.588542
-0.007992 0.000404 11.588542
-0.008144 0.000254 11.588542
-0.008191 0.000046 11.588542
-0.008040 -0.000105 11.588542
-0.007907 -0.000272 11.588542
-0.007763 -0.000429 11.588542
-0.007637 -0.000602 11.588542
-0.007496 -0.000761 11.588542
-0.007377 -0.000938 11.588542
-0.007229 -0.001092 11.588542
-0.007095 -0.001257 11.588542
-0.006932 -0.001396 11.588542
-0.006799 -0.001562 11.588542
-0.006651 -0.001716 11.588542
-0.006521 -0.001885 11.588542
-0.006356 -0.002020 11.588542
-0.006222 -0.002186 11.588542
-0.006062 -0.002327 11.588542
-0.005916 -0.002482 11.588542
-0.005767 -0.002635 11.588542
-0.005599 -0.002767 11.588542
-0.005492 -0.002951 11.588542
-0.005464 -0.003162 11.588542
-0.005378 -0.003358 11.588542
-0.005319 -0.003563 11.588542
-0.005272 -0.003771 11.588542
-0.005194 -0.003969 11.588542
-0.005159 -0.004180 11.588542
-0.005072 -0.004374 11.588542
-0.005043 -0.004586 11.588542
-0.004969 -0.004786 11.588542
-0.004921 -0.004993 11.588542
-0.004841 -0.005191 11.588542
-0.004791 -0.005399 11.588542
-0.004715 -0.005598 11.588542
-0.004669 -0.005806 11.588542
-0.004597 -0.006007 11.588542
-0.004552 -0.006215 11.588542
-0.004481 -0.006416 11.588542
-0.004437 -0.006625 11.588542
-0.004361 -0.006825 11.588542
-0.004317 -0.007033 11.588542
-0.004137 -0.007148 11.588542
-0.003930 -0.007097 11.588542
-0.003726 -0.007034 11.588542
-0.003517 -0.006994 11.588542
-0.003311 -0.006939 11.588542
-0.003101 -0.006898 11.588542
-0.002895 -0.006843 11.588542
-0.002684 -0.006815 11.588542
-0.002477 -0.006764 11.588542
-0.002267 -0.006723 11.588542
-0.002064 -0.006660 11.588542
-0.001858 -0.006603 11.588542
-0.001649 -0.006561 11.588542
-0.001440 -0.006519 11.588542
-0.001230 -0.006483 11.588542
-0.001021 -0.006440 11.588542
-0.000812 -0.006396 11.588542
-0.000601 -0.006363 11.588542
-0.000412 -0.006266 11.588542
-0.000199 -0.006251 11.588542
-0.000001 -0.006330 11.588542
0.000212 -0.006350 11.588542
0.000412 -0.006424 11.588542
0.000619 -0.006473 11.588542
0.000828 -0.006516 11.588542
0.001031 -0.006583 11.588542
0.001242 -0.006610 11.588542
0.001444 -0.006680 11.588542
0.001653 -0.006723 11.588542
0.001861 -0.006769 11.588542
0.002069 -0.006814 11.588542
0.002278 -0.006858 11.588542
0.002485 -0.006907 11.588542
0.002695 -0.006946 11.588542
0.002900 -0.007004 11.588542
0.003111 -0.007037 11.588542
0.003317 -0.007091 11.588542
0.003529 -0.007120 11.588542
0.003738 -0.007161 11.588542
0.003948 -0.007200 11.588542
0.004142 -0.007113 11.588542
0.004194 -0.006906 11.588542
0.004222 -0.006695 11.588542
0.004287 -0.006491 11.588542
0.004325 -0.006282 11.588542
0.004398 -0.006081 11.588542
0.004434 -0.005871 11.588542
0.004518 -0.005675 11.588542
0.004566 -0.005467 11.588542
0.004635 -0.005265 11.588542
0.004690 -0.005059 11.588542
0.004744 -0.004853 11.588542
0.004815 -0.004652 11.588542
0.004849 -0.004441 11.588542
0.004949 -0.004253 11.588542
0.004976 -0.004041 11.588542
0.005083 -0.003857 11.588542
0.005291 -0.003809 11.588542
0.005356 -0.003606 11.588542
0.005349 -0.003393 11.588542
0.005407 -0.003187 11.588542
0.005554 -0.003033 11.588542
0.005684 -0.002864 11.588542
0.005848 -0.002727 11.588542
0.005988 -0.002566 11.588542
0.006144 -0.002421 11.588542
0.006284 -0.002260 11.588542
0.006426 -0.002101 11.588542
0.006585 -0.001959 11.588542
0.006722 -0.001795 11.588542
0.006873 -0.001645 11.588542
0.007006 -0.001478 11.588542
0.007163 -0.001334 11.588542
0.007290 -0.001162 11.588542
0.007449 -0.001020 11.588542
0.007574 -0.000848 11.588542
0.007730 -0.000702 11.588542
0.007855 -0.000530 11.588542
0.008002 -0.000374 11.588542
0.008132 -0.000206 11.588542
0.008188 0.000000 11.588542

