0.007350 -0.000080 7.614583
0.007222 0.000057 7.614583
0.007098 0.000197 7.614583
0.006975 0.000339 7.614583
0.006855 0.000482 7.614583
0.006732 0.000623 7.614583
0.006609 0.000764 7.614583
0.006498 0.000915 7.614583
0.006391 0.001069 7.614583
0.006286 0.001224 7.614583
0.006185 0.001382 7.614583
0.006085 0.001539 7.614583
0.005981 0.001695 7.614583
0.005877 0.001851 7.614583
0.005757 0.001994 7.614583
0.005653 0.002150 7.614583
0.005536 0.002296 7.614583
0.005428 0.002450 7.614583
0.005298 0.002584 7.614583
0.005194 0.002740 7.614583
0.005070 0.002880 7.614583
0.004989 0.003049 7.614583
0.004929 0.003226 7.614583
0.004850 0.003396 7.614583
0.004800 0.003576 7.614583
0.004715 0.003743 7.614583
0.004648 0.003918 7.614583
0.004576 0.004090 7.614583
0.004508 0.004265 7.614583
0.004429 0.004435 7.614583
0.004355 0.004607 7.614583
0.004280 0.004778 7.614583
0.004211 0.004952 7.614583
0.004143 0.005127 7.614583
0.004073 0.005300 7.614583
0.004015 0.005478 7.614583
0.003962 0.005658 7.614583
0.003908 0.005837 7.614583
0.003860 0.006018 7.614583
0.003808 0.006198 7.614583
0.003659 0.006312 7.614583
0.003477 0.006272 7.614583
0.003294 0.006230 7.614583
0.003112 0.006185 7.614583
0.002928 0.006151 7.614583
0.002743 0.006125 7.614583
0.002556 0.006108 7.614583
0.002369 0.006102 7.614583
0.002182 0.006090 7.614583
0.001996 0.006075 7.614583
0.001809 0.006062 7.614583
0.001623 0.006046 7.614583
0.001436 0.006031 7.614583
0.001250 0.006005 7.614583
0.001065 0.005981 7.614583
0.000880 0.005954 7.614583
0.000693 0.005944 7.614583
0.000512 0.005897 7.614583
0.000325 0.005882 7.614583
0.000142 0.005843 7.614583
-0.000045 0.005830 7.614583
-0.000228 0.005870 7.614583
-0.000415 0.005880 7.614583
-0.000596 0.005927 7.614583
-0.000783 0.005943 7.614583
-0.000968 0.005971 7.614583
-0.001155 0.005983 7.614583
-0.001339 0.006015 7.614583
-0.001526 0.006028 7.614583
-0.001713 0.006039 7.614583
-0.001900 0.006049 7.614583
-0.002087 0.006060 7.614583
-0.002273 0.006078 7.614583
-0.002459 0.006100 7.614583
-0.002644 0.006126 7.614583
-0.002828 0.006163 7.614583
-0.003012 0.006194 7.614583
-0.003198 0.006218 7.614583
-0.003383 0.006248 7.614583
-0.003567 0.006282 7.614583
-0.003749 0.006327 7.614583
-0.003899 0.006214 7.614583
-0.003950 0.006034 7.614583
-0.003998 0.005853 7.614583
-0.004051 0.005674 7.614583
-0.004100 0.005493 7.614583
-0.004152 0.005313 7.614583
-0.004210 0.005135 7.614583
-0.004264 0.004956 7.614583
-0.004321 0.004777 7.614583
-0.004386 0.004602 7.614583
-0.004453 0.004427 7.614583
-0.004525 0.004254 7.614583
-0.004590 0.004079 7.614583
-0.004658 0.003904 7.614583
-0.004726 0.003730 7.614583
-0.004809 0.003562 7.614583
-0.004858 0.003381 7.614583
-0.004940 0.003213 7.614583
-0.004994 0.003034 7.614583
-0.005078 0.002867 7.614583
-0.005207 0.002731 7.614583
-0.005308 0.002573 7.614583
-0.005441 0.002441 7.614583
-0.005548 0.002288 7.614583
-0.005665 0.002141 7.614583
-0.005773 0.001989 7.614583
-0.005896 0.001847 7.614583
-0.006006 0.001696 7.614583
-0.006118 0.001546 7.614583
-0.006232 0.001397 7.614583
-0.006348 0.001251 7.614583
-0.006470 0.001108 7.614583
-0.006591 0.000965 7.614583
-0.006712 0.000822 7.614583
-0.006841 0.000687 7.614583
-0.006969 0.000550 7.614583
-0.007096 0.000413 7.614583
-0.007227 0.000279 7.614583
-0.007356 0.000143 7.614583
-0.007382 -0.000042 7.614583
-0.007258 -0.000183 7.614583
-0.007132 -0.000322 7.614583
-0.006997 -0.000451 7.614583
-0.006863 -0.000582 7.614583
-0.006729 -0.000712 7.614583
-0.006600 -0.000849 7.614583
-0.006486 -0.000997 7.614583
-0.006374 -0.001147 7.614583
-0.006265 -0.001299 7.614583
-0.006160 -0.001454 7.614583
-0.006053 -0.001607 7.614583
-0.005950 -0.001764 7.614583
-0.005834 -0.001911 7.614583
-0.005723 -0.002061 7.614583
-0.005604 -0.002206 7.614583
-0.005504 -0.002364 7.614583
-0.005373 -0.002498 7.614583
-0.005264 -0.002651 7.614583
-0.005142 -0.002793 7.614583
-0.005035 -0.002946 7.614583
-0.004975 -0.003123 7.614583
-0.004894 -0.003292 7.614583
-0.004843 -0.003472 7.614583
-0.004765 -0.003643 7.614583
-0.004701 -0.003819 7.614583
-0.004621 -0.003988 7.614583
-0.004568 -0.004167 7.614583
-0.004495 -0.004340 7.614583
-0.004429 -0.004515 7.614583
-0.004363 -0.004690 7.614583
-0.004302 -0.004867 7.614583
-0.004247 -0.005046 7.614583
-0.004190 -0.005225 7.614583
-0.004129 -0.005402 7.614583
-0.004076 -0.005581 7.614583
-0.004024 -0.005761 7.614583
-0.003971 -0.005941 7.614583
-0.003923 -0.006121 7.614583
-0.003870 -0.006301 7.614583
-0.003720 -0.006412 7.614583
-0.003537 -0.006370 7.614583
-0.003352 -0.006340 7.614583
-0.003168 -0.006309 7.614583
-0.002984 -0.006273 7.614583
-0.002803 -0.006224 7.614583
-0.002623 -0.006173 7.614583
-0.002440 -0.006134 7.614583
-0.002256 -0.006098 7.614583
-0.002072 -0.006068 7.614583
-0.001885 -0.006050 7.614583
-0.001698 -0.006037 7.614583
-0.001512 -0.006026 7.614583
-0.001325 -0.006012 7.614583
-0.001140 -0.005984 7.614583
-0.000953 -0.005967 7.614583
-0.000767 -0.005945 7.614583
-0.000581 -0.005926 7.614583
-0.000399 -0.005884 7.614583
-0.000212 -0.005868 7.614583
-0.000028 -0.005834 7.614583
0.000158 -0.005852 7.614583
0.000342 -0.005887 7.614583
0.000528 -0.005909 7.614583
0.000711 -0.005950 7.614583
0.000897 -0.005965 7.614583
0.001083 -0.005993 7.614583
0.001267 -0.006026 7.614583
0.001452 -0.006057 7.614583
0.001637 -0.006084 7.614583
0.001821 -0.006116 7.614583
0.002005 -0.006151 7.614583
0.002187 -0.006194 7.614583
0.002369 -0.006239 7.614583
0.002552 -0.006279 7.614583
0.002734 -0.006323 7.614583
0.002915 -0.006370 7.614583
0.003098 -0.006412 7.614583
0.003279 -0.006459 7.614583
0.003461 -0.006504 7.614583
0.003633 -0.006430 7.614583
0.003684 -0.006250 7.614583
0.003742 -0.006072 7.614583
0.003806 -0.005896 7.614583
0.003876 -0.005723 7.614583
0.003941 -0.005547 7.614583
0.003997 -0.005368 7.614583
0.004062 -0.005193 7.614583
0.004129 -0.005018 7.614583
0.004200 -0.004845 7.614583
0.004280 -0.004676 7.614583
0.004366 -0.004509 7.614583
0.004448 -0.004341 7.614583
0.004535 -0.004175 7.614583
0.004598 -0.003999 7.614583
0.004684 -0.003833 7.614583
0.004751 -0.003657 7.614583
0.004833 -0.003490 7.614583
0.004880 -0.003308 7.614583
0.004967 -0.003143 7.614583
0.005022 -0.002963 7.614583
0.005125 -0.002807 7.614583
0.005252 -0.002670 7.614583
0.005355 -0.002514 7.614583
0.005490 -0.002384 7.614583
0.005591 -0.002226 7.614583
0.005711 -0.002083 7.614583
0.005825 -0.001934 7.614583
0.005947 -0.001792 7.614583
0.006059 -0.001642 7.614583
0.006178 -0.001497 7.614583
0.006296 -0.001353 7.614583
0.006423 -0.001214 7.614583
0.006551 -0.001078 7.614583
0.006676 -0.000939 7.614583
0.006806 -0.000803 7.614583
0.006937 -0.000670 7.614583
0.007065 -0.000534 7.614583
0.007196 -0.000400 7.614583
0.007326 -0.000265 7.614583
0.007350 -0.000080 7.614583

