0.005491 -0.000000 1.065972
0.005487 0.000139 1.065972
0.005474 0.000278 1.065972
0.005447 0.000415 1.065972
0.005403 0.000547 1.065972
0.005347 0.000674 1.065972
0.005286 0.000800 1.065972
0.005225 0.000925 1.065972
0.005162 0.001050 1.065972
0.005097 0.001173 1.065972
0.005029 0.001294 1.065972
0.004960 0.001416 1.065972
0.004891 0.001536 1.065972
0.004821 0.001657 1.065972
0.004751 0.001777 1.065972
0.004681 0.001898 1.065972
0.004611 0.002019 1.065972
0.004542 0.002139 1.065972
0.004472 0.002260 1.065972
0.004402 0.002381 1.065972
0.004332 0.002501 1.065972
0.004263 0.002622 1.065972
0.004193 0.002743 1.065972
0.004124 0.002863 1.065972
0.004054 0.002984 1.065972
0.003984 0.003105 1.065972
0.003915 0.003226 1.065972
0.003845 0.003346 1.065972
0.003776 0.003467 1.065972
0.003706 0.003588 1.065972
0.003636 0.003708 1.065972
0.003564 0.003828 1.065972
0.003490 0.003946 1.065972
0.003414 0.004063 1.065972
0.003336 0.004178 1.065972
0.003257 0.004293 1.065972
0.003176 0.004406 1.065972
0.003083 0.004510 1.065972
0.002978 0.004601 1.065972
0.002864 0.004682 1.065972
0.002746 0.004756 1.065972
0.002623 0.004822 1.065972
0.002496 0.004879 1.065972
0.002364 0.004925 1.065972
0.002228 0.004953 1.065972
0.002089 0.004968 1.065972
0.001950 0.004978 1.065972
0.001811 0.004988 1.065972
0.001672 0.004995 1.065972
0.001533 0.005000 1.065972
0.001394 0.005003 1.065972
0.001254 0.005003 1.065972
0.001115 0.005003 1.065972
0.000976 0.005003 1.065972
0.000836 0.005003 1.065972
0.000697 0.005003 1.065972
0.000557 0.005003 1.065972
0.000418 0.005003 1.065972
0.000279 0.005003 1.065972
0.000139 0.005003 1.065972
0.000000 0.005002 1.065972
-0.000139 0.005003 1.065972
-0.000279 0.005003 1.065972
-0.000418 0.005003 1.065972
-0.000557 0.005003 1.065972
-0.000697 0.005003 1.065972
-0.000836 0.005003 1.065972
-0.000976 0.005003 1.065972
-0.001115 0.005003 1.065972
-0.001254 0.005003 1.065972
-0.001394 0.005003 1.065972
-0.001533 0.005000 1.065972
-0.001672 0.004995 1.065972
-0.001811 0.004988 1.065972
-0.001950 0.004978 1.065972
-0.002089 0.004968 1.065972
-0.002228 0.004953 1.065972
-0.002364 0.004925 1.065972
-0.002496 0.004879 1.065972
-0.002623 0.004822 1.065972
-0.002746 0.004756 1.065972
-0.002864 0.004682 1.065972
-0.002978 0.004601 1.065972
-0.003083 0.004510 1.065972
-0.003176 0.004406 1.065972
-0.003257 0.004293 1.065972
-0.003336 0.004178 1.065972
-0.003414 0.004063 1.065972
-0.003490 0.003946 1.065972
-0.003564 0.003828 1.065972
-0.003636 0.003708 1.065972
-0.003706 0.003588 1.065972
-0.003776 0.003467 1.065972
-0.003845 0.003346 1.065972
-0.003915 0.003226 1.065972
-0.003984 0.003105 1.065972
-0.004054 0.002984 1.065972
-0.004124 0.002863 1.065972
-0.004193 0.002743 1.065972
-0.004263 0.002622 1.065972
-0.004332 0.002501 1.065972
-0.004402 0.002381 1.065972
-0.004472 0.002260 1.065972
-0.004542 0.002139 1.065972
-0.004611 0.002019 1.065972
-0.004681 0.001898 1.065972
-0.004751 0.001777 1.065972
-0.004821 0.001657 1.065972
-0.004891 0.001536 1.065972
-0.004960 0.001416 1.065972
-0.005029 0.001294 1.065972
-0.005097 0.001173 1.065972
-0.005162 0.001050 1.065972
-0.005225 0.000925 1.065972
-0.005286 0.000800 1.065972
-0.005347 0.000674 1.065972
-0.005403 0.000547 1.065972
-0.005447 0.000415 1.065972
-0.005474 0.000278 1.065972
-0.005487 0.000139 1.065972
-0.005491 -0.000000 1.065972
-0.005487 -0.000139 1.065972
-0.005474 -0.000278 1.065972
-0.005447 -0.000415 1.065972
-0.005403 -0.000547 1.065972
-0.005347 -0.000674 1.065972
-0.005286 -0.000800 1.065972
-0.005225 -0.000925 1.065972
-0.005162 -0.001050 1.065972
-0.005097 -0.001173 1.065972
-0.005029 -0.001294 1.065972
-0.004960 -0.001416 1.065972
-0.004891 -0.001536 1.065972
-0.004821 -0.001657 1.065972
-0.004751 -0.001777 1.065972
-0.004681 -0.001898 1.065972
-0.004611 -0.002019 1.065972
-0.004542 -0.002139 1.065972
-0.004472 -0.002260 1.065972
-0.004402 -0.002381 1.065972
-0.004332 -0.002501 1.065972
-0.004263 -0.002622 1.065972
-0.004193 -0.002743 1.065972
-0.004124 -0.002863 1.065972
-0.004054 -0.002984 1.065972
-0.003984 -0.003105 1.065972
-0.003915 -0.003226 1.065972
-0.003845 -0.003346 1.065972
-0.003776 -0.003467 1.065972
-0.003706 -0.003588 1.065972
-0.003636 -0.003708 1.065972
-0.003564 -0.003828 1.065972
-0.003490 -0.003946 1.065972
-0.003414 -0.004063 1.065972
-0.003336 -0.004178 1.065972
-0.003257 -0.004293 1.065972
-0.003176 -0.004406 1.065972
-0.003083 -0.004510 1.065972
-0.002978 -0.004601 1.065972
-0.002864 -0.004682 1.065972
-0.002746 -0.004756 1.065972
-0.002623 -0.004822 1.065972
-0.002496 -0.004879 1.065972
-0.002364 -0.004925 1.065972
-0.002228 -0.004953 1.065972
-0.002089 -0.004968 1.065972
-0.001950 -0.004978 1.065972
-0.001811 -0.004988 1.065972
-0.001672 -0.004995 1.065972
-0.001533 -0.005000 1.065972
-0.001394 -0.005003 1.065972
-0.001254 -0.005003 1.065972
-0.001115 -0.005003 1.065972
-0.000976 -0.005003 1.065972
-0.000836 -0.005003 1.065972
-0.000697 -0.005003 1.065972
-0.000557 -0.005003 1.065972
-0.000418 -0.005003 1.065972
-0.000279 -0.005003 1.065972
-0.000139 -0.005003 1.065972
0.000000 -0.005002 1.065972
0.000139 -0.005003 1.065972
0.000279 -0.005003 1.065972
0.000418 -0.005003 1.065972
0.000557 -0.005003 1.065972
0.000697 -0.005003 1.065972
0.000836 -0.005003 1.065972
0.000976 -0.005003 1.065972
0.001115 -0.005003 1.065972
0.001254 -0.005003 1.065972
0.001394 -0.005003 1.065972
0.001533 -0.005000 1.065972
0.001672 -0.004995 1.065972
0.001811 -0.004988 1.065972
0.001950 -0.004978 1.065972
0.002089 -0.004968 1.065972
0.002228 -0.004953 1.065972
0.002364 -0.004925 1.065972
0.002496 -0.004879 1.065972
0.002623 -0.004822 1.065972
0.002746 -0.004756 1.065972
0.002864 -0.004682 1.065972
0.002978 -0.004601 1.065972
0.003083 -0.004510 1.065972
0.003176 -0.004406 1.065972
0.003257 -0.004293 1.065972
0.003336 -0.004178 1.065972
0.003414 -0.004063 1.065972
0.003490 -0.003946 1.065972
0.003564 -0.003828 1.065972
0.003636 -0.003708 1.065972
0.003706 -0.003588 1.065972
0.003776 -0.003467 1.065972
0.003845 -0.003346 1.065972
0.003915 -0.003226 1.065972
0.003984 -0.003105 1.065972
0.004054 -0.002984 1.065972
0.004124 -0.002863 1.065972
0.004193 -0.002743 1.065972
0.004263 -0.002622 1.065972
0.004332 -0.002501 1.065972
0.004402 -0.002381 1.065972
0.004472 -0.002260 1.065972
0.004542 -0.002139 1.065972
0.004611 -0.002019 1.065972
0.004681 -0.001898 1.065972
0.004751 -0.001777 1.065972
0.004821 -0.001657 1.065972
0.004891 -0.001536 1.065972
0.004960 -0.001416 1.065972
0.005029 -0.001294 1.065972
0.005097 -0.001173 1.065972
0.005162 -0.001050 1.065972
0.005225 -0.000925 1.065972
0.005286 -0.000800 1.065972
0.005347 -0.000674 1.065972
0.005403 -0.000547 1.065972
0.005447 -0.000415 1.065972
0.005474 -0.000278 1.065972
0.005487 -0.000139 1.065972
0.005491 -0.000000 1.065972

