0.006109 -0.000000 1.866319
0.006058 0.000145 1.866319
0.005962 0.000266 1.866319
0.005864 0.000386 1.866319
0.005764 0.000502 1.866319
0.005668 0.000623 1.866319
0.005578 0.000748 1.866319
0.005486 0.000872 1.866319
0.005386 0.000989 1.866319
0.005280 0.001101 1.866319
0.005175 0.001214 1.866319
0.005074 0.001331 1.866319
0.004979 0.001452 1.866319
0.004890 0.001578 1.866319
0.004806 0.001707 1.866319
0.004725 0.001838 1.866319
0.004645 0.001970 1.866319
0.004567 0.002103 1.866319
0.004489 0.002236 1.866319
0.004411 0.002369 1.866319
0.004334 0.002502 1.866319
0.004257 0.002636 1.866319
0.004181 0.002770 1.866319
0.004104 0.002904 1.866319
0.004029 0.003038 1.866319
0.003954 0.003173 1.866319
0.003881 0.003308 1.866319
0.003811 0.003446 1.866319
0.003747 0.003586 1.866319
0.003689 0.003729 1.866319
0.003639 0.003875 1.866319
0.003594 0.004022 1.866319
0.003549 0.004170 1.866319
0.003498 0.004315 1.866319
0.003437 0.004457 1.866319
0.003373 0.004597 1.866319
0.003317 0.004740 1.866319
0.003266 0.004886 1.866319
0.003212 0.005030 1.866319
0.003155 0.005173 1.866319
0.003054 0.005290 1.866319
0.002903 0.005319 1.866319
0.002750 0.005297 1.866319
0.002598 0.005272 1.866319
0.002447 0.005243 1.866319
0.002294 0.005220 1.866319
0.002141 0.005205 1.866319
0.001988 0.005187 1.866319
0.001836 0.005159 1.866319
0.001686 0.005124 1.866319
0.001536 0.005089 1.866319
0.001385 0.005060 1.866319
0.001232 0.005038 1.866319
0.001079 0.005024 1.866319
0.000925 0.005015 1.866319
0.000771 0.005010 1.866319
0.000617 0.005008 1.866319
0.000462 0.005006 1.866319
0.000308 0.005005 1.866319
0.000154 0.005005 1.866319
-0.000000 0.005005 1.866319
-0.000154 0.005005 1.866319
-0.000308 0.005005 1.866319
-0.000462 0.005006 1.866319
-0.000617 0.005008 1.866319
-0.000771 0.005010 1.866319
-0.000925 0.005015 1.866319
-0.001079 0.005024 1.866319
-0.001232 0.005038 1.866319
-0.001385 0.005060 1.866319
-0.001536 0.005089 1.866319
-0.001686 0.005124 1.866319
-0.001836 0.005159 1.866319
-0.001988 0.005187 1.866319
-0.002141 0.005205 1.866319
-0.002294 0.005220 1.866319
-0.002447 0.005243 1.866319
-0.002598 0.005272 1.866319
-0.002750 0.005297 1.866319
-0.002903 0.005319 1.866319
-0.003054 0.005290 1.866319
-0.003155 0.005173 1.866319
-0.003212 0.005030 1.866319
-0.003266 0.004886 1.866319
-0.003317 0.004740 1.866319
-0.003373 0.004597 1.866319
-0.003437 0.004457 1.866319
-0.003498 0.004315 1.866319
-0.003549 0.004170 1.866319
-0.003594 0.004022 1.866319
-0.003639 0.003875 1.866319
-0.003689 0.003729 1.866319
-0.003747 0.003586 1.866319
-0.003811 0.003446 1.866319
-0.003881 0.003308 1.866319
-0.003954 0.003173 1.866319
-0.004029 0.003038 1.866319
-0.004104 0.002904 1.866319
-0.004181 0.002770 1.866319
-0.004257 0.002636 1.866319
-0.004334 0.002502 1.866319
-0.004411 0.002369 1.866319
-0.004489 0.002236 1.866319
-0.004567 0.002103 1.866319
-0.004645 0.001970 1.866319
-0.004725 0.001838 1.866319
-0.004806 0.001707 1.866319
-0.004890 0.001578 1.866319
-0.004979 0.001452 1.866319
-0.005074 0.001331 1.866319
-0.005175 0.001214 1.866319
-0.005280 0.001101 1.866319
-0.005386 0.000989 1.866319
-0.005486 0.000872 1.866319
-0.005578 0.000748 1.866319
-0.005668 0.000623 1.866319
-0.005764 0.000502 1.866319
-0.005864 0.000386 1.866319
-0.005962 0.000266 1.866319
-0.006058 0.000145 1.866319
-0.006109 0.000000 1.866319
-0.006058 -0.000145 1.866319
-0.005962 -0.000266 1.866319
-0.005864 -0.000386 1.866319
-0.005764 -0.000502 1.866319
-0.005668 -0.000623 1.866319
-0.005578 -0.000748 1.866319
-0.005486 -0.000872 1.866319
-0.005386 -0.000989 1.866319
-0.005280 -0.001101 1.866319
-0.005175 -0.001214 1.866319
-0.005074 -0.001331 1.866319
-0.004979 -0.001452 1.866319
-0.004890 -0.001578 1.866319
-0.004806 -0.001707 1.866319
-0.004725 -0.001838 1.866319
-0.004645 -0.001970 1.866319
-0.004567 -0.002103 1.866319
-0.004489 -0.002236 1.866319
-0.004411 -0.002369 1.866319
-0.004334 -0.002502 1.866319
-0.004257 -0.002636 1.866319
-0.004181 -0.002770 1.866319
-0.004104 -0.002904 1.866319
-0.004029 -0.003038 1.866319
-0.003954 -0.003173 1.866319
-0.003881 -0.003308 1.866319
-0.003811 -0.003446 1.866319
-0.003747 -0.003586 1.866319
-0.003689 -0.003729 1.866319
-0.003639 -0.003875 1.866319
-0.003594 -0.004022 1.866319
-0.003549 -0.004170 1.866319
-0.003498 -0.004315 1.866319
-0.003437 -0.004457 1.866319
-0.003373 -0.004597 1.866319
-0.003317 -0.004740 1.866319
-0.003266 -0.004886 1.866319
-0.003212 -0.005030 1.866319
-0.003155 -0.005173 1.866319
-0.003054 -0.005290 1.866319
-0.002903 -0.005319 1.866319
-0.002750 -0.005297 1.866319
-0.002598 -0.005272 1.866319
-0.002447 -0.005243 1.866319
-0.002294 -0.005220 1.866319
-0.002141 -0.005205 1.866319
-0.001988 -0.005187 1.866319
-0.001836 -0.005159 1.866319
-0.001686 -0.005124 1.866319
-0.001536 -0.005089 1.866319
-0.001385 -0.005060 1.866319
-0.001232 -0.005038 1.866319
-0.001079 -0.005024 1.866319
-0.000925 -0.005015 1.866319
-0.000771 -0.005010 1.866319
-0.000617 -0.005008 1.866319
-0.000462 -0.005006 1.866319
-0.000308 -0.005005 1.866319
-0.000154 -0.005005 1.866319
0.000000 -0.005005 1.866319
0.000154 -0.005005 1.866319
0.000308 -0.005005 1.866319
0.000462 -0.005006 1.866319
0.000617 -0.005008 1.866319
0.000771 -0.005010 1.866319
0.000925 -0.005015 1.866319
0.001079 -0.005024 1.866319
0.001232 -0.005038 1.866319
0.001385 -0.005060 1.866319
0.001536 -0.005089 1.866319
0.001686 -0.005124 1.866319
0.001836 -0.005159 1.866319
0.001988 -0.005187 1.866319
0.002141 -0.005205 1.866319
0.002294 -0.005220 1.866319
0.002447 -0.005243 1.866319
0.002598 -0.005272 1.866319
0.002750 -0.005297 1.866319
0.002903 -0.005319 1.866319
0.003054 -0.005290 1.866319
0.003155 -0.005173 1.866319
0.003212 -0.005030 1.866319
0.003266 -0.004886 1.866319
0.003317 -0.004740 1.866319
0.003373 -0.004597 1.866319
0.003437 -0.004457 1.866319
0.003498 -0.004315 1.866319
0.003549 -0.004170 1.866319
0.003594 -0.004022 1.866319
0.003639 -0.003875 1.866319
0.003689 -0.003729 1.866319
0.003747 -0.003586 1.866319
0.003811 -0.003446 1.866319
0.003881 -0.003308 1.866319
0.003954 -0.003173 1.866319
0.004029 -0.003038 1.866319
0.004104 -0.002904 1.866319
0.004181 -0.002770 1.866319
0.004257 -0.002636 1.866319
0.004334 -0.002502 1.866319
0.004411 -0.002369 1.866319
0.004489 -0.002236 1.866319
0.004567 -0.002103 1.866319
0.004645 -0.001970 1.866319
0.004725 -0.001838 1.866319
0.004806 -0.001707 1.866319
0.004890 -0.001578 1.866319
0.004979 -0.001452 1.866319
0.005074 -0.001331 1.866319
0.005175 -0.001214 1.866319
0.005280 -0.001101 1.866319
0.005386 -0.000989 1.866319
0.005486 -0.000872 1.866319
0.005578 -0.000748 1.866319
0.005668 -0.000623 1.866319
0.005764 -0.000502 1.866319
0.005864 -0.000386 1.866319
0.005962 -0.000266 1.866319
0.006058 -0.000145 1.866319
0.006109 -0.000000 1.866319

