0.006254 -0.000000 2.420139
0.006202 0.000149 2.420139
0.006103 0.000273 2.420139
0.006002 0.000395 2.420139
0.005902 0.000518 2.420139
0.005807 0.000644 2.420139
0.005710 0.000769 2.420139
0.005607 0.000889 2.420139
0.005502 0.001008 2.420139
0.005404 0.001132 2.420139
0.005312 0.001261 2.420139
0.005218 0.001389 2.420139
0.005118 0.001511 2.420139
0.005012 0.001628 2.420139
0.004904 0.001745 2.420139
0.004799 0.001862 2.420139
0.004697 0.001983 2.420139
0.004600 0.002109 2.420139
0.004509 0.002238 2.420139
0.004422 0.002370 2.420139
0.004340 0.002505 2.420139
0.004264 0.002645 2.420139
0.004193 0.002786 2.420139
0.004126 0.002929 2.420139
0.004066 0.003076 2.420139
0.004012 0.003225 2.420139
0.003963 0.003375 2.420139
0.003916 0.003526 2.420139
0.003867 0.003677 2.420139
0.003812 0.003825 2.420139
0.003748 0.003970 2.420139
0.003683 0.004114 2.420139
0.003624 0.004261 2.420139
0.003573 0.004411 2.420139
0.003521 0.004560 2.420139
0.003461 0.004707 2.420139
0.003400 0.004853 2.420139
0.003343 0.005000 2.420139
0.003288 0.005149 2.420139
0.003230 0.005296 2.420139
0.003127 0.005416 2.420139
0.002972 0.005446 2.420139
0.002815 0.005422 2.420139
0.002659 0.005395 2.420139
0.002503 0.005370 2.420139
0.002346 0.005351 2.420139
0.002189 0.005330 2.420139
0.002033 0.005300 2.420139
0.001878 0.005269 2.420139
0.001721 0.005247 2.420139
0.001564 0.005231 2.420139
0.001407 0.005214 2.420139
0.001251 0.005187 2.420139
0.001096 0.005154 2.420139
0.000941 0.005120 2.420139
0.000787 0.005087 2.420139
0.000631 0.005059 2.420139
0.000474 0.005038 2.420139
0.000316 0.005024 2.420139
0.000158 0.005015 2.420139
-0.000000 0.005011 2.420139
-0.000158 0.005015 2.420139
-0.000316 0.005024 2.420139
-0.000474 0.005038 2.420139
-0.000631 0.005059 2.420139
-0.000787 0.005087 2.420139
-0.000941 0.005120 2.420139
-0.001096 0.005154 2.420139
-0.001251 0.005187 2.420139
-0.001407 0.005214 2.420139
-0.001564 0.005231 2.420139
-0.001721 0.005247 2.420139
-0.001878 0.005269 2.420139
-0.002033 0.005300 2.420139
-0.002189 0.005330 2.420139
-0.002346 0.005351 2.420139
-0.002503 0.005370 2.420139
-0.002659 0.005395 2.420139
-0.002815 0.005422 2.420139
-0.002972 0.005446 2.420139
-0.003127 0.005416 2.420139
-0.003230 0.005296 2.420139
-0.003288 0.005149 2.420139
-0.003343 0.005000 2.420139
-0.003400 0.004853 2.420139
-0.003461 0.004707 2.420139
-0.003521 0.004560 2.420139
-0.003573 0.004411 2.420139
-0.003624 0.004261 2.420139
-0.003683 0.004114 2.420139
-0.003748 0.003970 2.420139
-0.003812 0.003825 2.420139
-0.003867 0.003677 2.420139
-0.003916 0.003526 2.420139
-0.003963 0.003375 2.420139
-0.004012 0.003225 2.420139
-0.004066 0.003076 2.420139
-0.004126 0.002929 2.420139
-0.004193 0.002786 2.420139
-0.004264 0.002645 2.420139
-0.004340 0.002505 2.420139
-0.004422 0.002370 2.420139
-0.004509 0.002238 2.420139
-0.004600 0.002109 2.420139
-0.004697 0.001983 2.420139
-0.004799 0.001862 2.420139
-0.004904 0.001745 2.420139
-0.005012 0.001628 2.420139
-0.005118 0.001511 2.420139
-0.005218 0.001389 2.420139
-0.005312 0.001261 2.420139
-0.005404 0.001132 2.420139
-0.005502 0.001008 2.420139
-0.005607 0.000889 2.420139
-0.005710 0.000769 2.420139
-0.005807 0.000644 2.420139
-0.005902 0.000518 2.420139
-0.006002 0.000395 2.420139
-0.006103 0.000273 2.420139
-0.006202 0.000149 2.420139
-0.006254 0.000000 2.420139
-0.006202 -0.000149 2.420139
-0.006103 -0.000273 2.420139
-0.006002 -0.000395 2.420139
-0.005902 -0.000518 2.420139
-0.005807 -0.000644 2.420139
-0.005710 -0.000769 2.420139
-0.005607 -0.000889 2.420139
-0.005502 -0.001008 2.420139
-0.005404 -0.001132 2.420139
-0.005312 -0.001261 2.420139
-0.005218 -0.001389 2.420139
-0.005118 -0.001511 2.420139
-0.005012 -0.001628 2.420139
-0.004904 -0.001745 2.420139
-0.004799 -0.001862 2.420139
-0.004697 -0.001983 2.420139
-0.004600 -0.002109 2.420139
-0.004509 -0.002238 2.420139
-0.004422 -0.002370 2.420139
-0.004340 -0.002505 2.420139
-0.004264 -0.002645 2.420139
-0.004193 -0.002786 2.420139
-0.004126 -0.002929 2.420139
-0.004066 -0.003076 2.420139
-0.004012 -0.003225 2.420139
-0.003963 -0.003375 2.420139
-0.003916 -0.003526 2.420139
-0.003867 -0.003677 2.420139
-0.003812 -0.003825 2.420139
-0.003748 -0.003970 2.420139
-0.003683 -0.004114 2.420139
-0.003624 -0.004261 2.420139
-0.003573 -0.004411 2.420139
-0.003521 -0.004560 2.420139
-0.003461 -0.004707 2.420139
-0.003400 -0.004853 2.420139
-0.003343 -0.005000 2.420139
-0.003288 -0.005149 2.420139
-0.003230 -0.005296 2.420139
-0.003127 -0.005416 2.420139
-0.002972 -0.005446 2.420139
-0.002815 -0.005422 2.420139
-0.002659 -0.005395 2.420139
-0.002503 -0.005370 2.420139
-0.002346 -0.005351 2.420139
-0.002189 -0.005330 2.420139
-0.002033 -0.005300 2.420139
-0.001878 -0.005269 2.420139
-0.001721 -0.005247 2.420139
-0.001564 -0.005231 2.420139
-0.001407 -0.005214 2.420139
-0.001251 -0.005187 2.420139
-0.001096 -0.005154 2.420139
-0.000941 -0.005120 2.420139
-0.000787 -0.005087 2.420139
-0.000631 -0.005059 2.420139
-0.000474 -0.005038 2.420139
-0.000316 -0.005024 2.420139
-0.000158 -0.005015 2.420139
0.000000 -0.005011 2.420139
0.000158 -0.005015 2.420139
0.000316 -0.005024 2.420139
0.000474 -0.005038 2.420139
0.000631 -0.005059 2.420139
0.000787 -0.005087 2.420139
0.000941 -0.005120 2.420139
0.001096 -0.005154 2.420139
0.001251 -0.005187 2.420139
0.001407 -0.005214 2.420139
0.001564 -0.005231 2.420139
0.001721 -0.005247 2.420139
0.001878 -0.005269 2.420139
0.002033 -0.005300 2.420139
0.002189 -0.005330 2.420139
0.002346 -0.005351 2.420139
0.002503 -0.005370 2.420139
0.002659 -0.005395 2.420139
0.002815 -0.005422 2.420139
0.002972 -0.005446 2.420139
0.003127 -0.005416 2.420139
0.003230 -0.005296 2.420139
0.003288 -0.005149 2.420139
0.003343 -0.005000 2.420139
0.003400 -0.004853 2.420139
0.003461 -0.004707 2.420139
0.003521 -0.004560 2.420139
0.003573 -0.004411 2.420139
0.003624 -0.004261 2.420139
0.003683 -0.004114 2.420139
0.003748 -0.003970 2.420139
0.003812 -0.003825 2.420139
0.003867 -0.003677 2.420139
0.003916 -0.003526 2.420139
0.003963 -0.003375 2.420139
0.004012 -0.003225 2.420139
0.004066 -0.003076 2.420139
0.004126 -0.002929 2.420139
0.004193 -0.002786 2.420139
0.004264 -0.002645 2.420139
0.004340 -0.002505 2.420139
0.004422 -0.002370 2.420139
0.004509 -0.002238 2.420139
0.004600 -0.002109 2.420139
0.004697 -0.001983 2.420139
0.004799 -0.001862 2.420139
0.004904 -0.001745 2.420139
0.005012 -0.001628 2.420139
0.005118 -0.001511 2.420139
0.005218 -0.001389 2.420139
0.005312 -0.001261 2.420139
0.005404 -0.001132 2.420139
0.005502 -0.001008 2.420139
0.005607 -0.000889 2.420139
0.005710 -0.000769 2.420139
0.005807 -0.000644 2.420139
0.005902 -0.000518 2.420139
0.006002 -0.000395 2.420139
0.006103 -0.000273 2.420139
0.006202 -0.000149 2.420139
0.006254 -0.000000 2.420139

