0.007205 -0.000076 7.081597
0.007089 0.000065 7.081597
0.006971 0.000205 7.081597
0.006853 0.000345 7.081597
0.006740 0.000489 7.081597
0.006634 0.000638 7.081597
0.006537 0.000793 7.081597
0.006437 0.000947 7.081597
0.006336 0.001099 7.081597
0.006238 0.001254 7.081597
0.006134 0.001404 7.081597
0.006025 0.001551 7.081597
0.005913 0.001696 7.081597
0.005801 0.001841 7.081597
0.005692 0.001988 7.081597
0.005582 0.002134 7.081597
0.005459 0.002269 7.081597
0.005351 0.002417 7.081597
0.005234 0.002558 7.081597
0.005130 0.002708 7.081597
0.005004 0.002841 7.081597
0.004926 0.003007 7.081597
0.004874 0.003182 7.081597
0.004793 0.003346 7.081597
0.004729 0.003518 7.081597
0.004665 0.003689 7.081597
0.004602 0.003861 7.081597
0.004527 0.004028 7.081597
0.004459 0.004198 7.081597
0.004391 0.004367 7.081597
0.004322 0.004537 7.081597
0.004252 0.004706 7.081597
0.004175 0.004872 7.081597
0.004103 0.005040 7.081597
0.004034 0.005210 7.081597
0.003961 0.005378 7.081597
0.003893 0.005548 7.081597
0.003830 0.005719 7.081597
0.003773 0.005893 7.081597
0.003724 0.006070 7.081597
0.003583 0.006186 7.081597
0.003403 0.006150 7.081597
0.003223 0.006121 7.081597
0.003040 0.006106 7.081597
0.002857 0.006098 7.081597
0.002675 0.006089 7.081597
0.002492 0.006080 7.081597
0.002310 0.006062 7.081597
0.002128 0.006044 7.081597
0.001945 0.006031 7.081597
0.001763 0.006009 7.081597
0.001582 0.005984 7.081597
0.001401 0.005959 7.081597
0.001220 0.005934 7.081597
0.001038 0.005914 7.081597
0.000857 0.005885 7.081597
0.000677 0.005853 7.081597
0.000496 0.005824 7.081597
0.000314 0.005811 7.081597
0.000136 0.005769 7.081597
-0.000047 0.005754 7.081597
-0.000224 0.005798 7.081597
-0.000407 0.005813 7.081597
-0.000587 0.005842 7.081597
-0.000769 0.005864 7.081597
-0.000948 0.005902 7.081597
-0.001130 0.005925 7.081597
-0.001312 0.005945 7.081597
-0.001493 0.005970 7.081597
-0.001674 0.005993 7.081597
-0.001856 0.006014 7.081597
-0.002039 0.006029 7.081597
-0.002221 0.006036 7.081597
-0.002404 0.006049 7.081597
-0.002587 0.006062 7.081597
-0.002769 0.006073 7.081597
-0.002950 0.006098 7.081597
-0.003131 0.006129 7.081597
-0.003311 0.006161 7.081597
-0.003492 0.006187 7.081597
-0.003674 0.006209 7.081597
-0.003811 0.006088 7.081597
-0.003858 0.005911 7.081597
-0.003909 0.005735 7.081597
-0.003961 0.005560 7.081597
-0.004015 0.005385 7.081597
-0.004074 0.005212 7.081597
-0.004131 0.005038 7.081597
-0.004195 0.004866 7.081597
-0.004267 0.004698 7.081597
-0.004334 0.004527 7.081597
-0.004400 0.004357 7.081597
-0.004466 0.004186 7.081597
-0.004535 0.004017 7.081597
-0.004608 0.003849 7.081597
-0.004672 0.003678 7.081597
-0.004734 0.003505 7.081597
-0.004800 0.003335 7.081597
-0.004879 0.003170 7.081597
-0.004932 0.002994 7.081597
-0.005012 0.002830 7.081597
-0.005139 0.002699 7.081597
-0.005244 0.002548 7.081597
-0.005359 0.002406 7.081597
-0.005470 0.002260 7.081597
-0.005592 0.002124 7.081597
-0.005703 0.001978 7.081597
-0.005812 0.001831 7.081597
-0.005925 0.001688 7.081597
-0.006039 0.001544 7.081597
-0.006151 0.001400 7.081597
-0.006261 0.001253 7.081597
-0.006368 0.001105 7.081597
-0.006482 0.000962 7.081597
-0.006597 0.000820 7.081597
-0.006711 0.000677 7.081597
-0.006831 0.000539 7.081597
-0.006953 0.000402 7.081597
-0.007077 0.000268 7.081597
-0.007204 0.000135 7.081597
-0.007232 -0.000046 7.081597
-0.007103 -0.000176 7.081597
-0.006968 -0.000299 7.081597
-0.006840 -0.000430 7.081597
-0.006723 -0.000571 7.081597
-0.006615 -0.000718 7.081597
-0.006514 -0.000871 7.081597
-0.006408 -0.001021 7.081597
-0.006303 -0.001170 7.081597
-0.006201 -0.001322 7.081597
-0.006093 -0.001469 7.081597
-0.005981 -0.001614 7.081597
-0.005868 -0.001759 7.081597
-0.005756 -0.001903 7.081597
-0.005649 -0.002051 7.081597
-0.005532 -0.002192 7.081597
-0.005416 -0.002334 7.081597
-0.005297 -0.002473 7.081597
-0.005198 -0.002627 7.081597
-0.005072 -0.002760 7.081597
-0.004966 -0.002909 7.081597
-0.004914 -0.003084 7.081597
-0.004835 -0.003249 7.081597
-0.004773 -0.003422 7.081597
-0.004698 -0.003589 7.081597
-0.004645 -0.003764 7.081597
-0.004573 -0.003932 7.081597
-0.004502 -0.004101 7.081597
-0.004435 -0.004271 7.081597
-0.004370 -0.004442 7.081597
-0.004305 -0.004613 7.081597
-0.004239 -0.004783 7.081597
-0.004170 -0.004953 7.081597
-0.004111 -0.005126 7.081597
-0.004055 -0.005300 7.081597
-0.003995 -0.005473 7.081597
-0.003940 -0.005648 7.081597
-0.003884 -0.005822 7.081597
-0.003831 -0.005997 7.081597
-0.003782 -0.006174 7.081597
-0.003646 -0.006296 7.081597
-0.003465 -0.006269 7.081597
-0.003287 -0.006227 7.081597
-0.003110 -0.006179 7.081597
-0.002933 -0.006132 7.081597
-0.002755 -0.006092 7.081597
-0.002573 -0.006068 7.081597
-0.002391 -0.006048 7.081597
-0.002209 -0.006033 7.081597
-0.002026 -0.006025 7.081597
-0.001844 -0.006011 7.081597
-0.001662 -0.005991 7.081597
-0.001480 -0.005968 7.081597
-0.001299 -0.005943 7.081597
-0.001117 -0.005925 7.081597
-0.000935 -0.005901 7.081597
-0.000756 -0.005865 7.081597
-0.000575 -0.005840 7.081597
-0.000393 -0.005815 7.081597
-0.000211 -0.005795 7.081597
-0.000032 -0.005757 7.081597
0.000150 -0.005777 7.081597
0.000329 -0.005812 7.081597
0.000511 -0.005829 7.081597
0.000692 -0.005856 7.081597
0.000872 -0.005891 7.081597
0.001053 -0.005919 7.081597
0.001235 -0.005940 7.081597
0.001416 -0.005967 7.081597
0.001596 -0.005995 7.081597
0.001777 -0.006025 7.081597
0.001958 -0.006054 7.081597
0.002139 -0.006078 7.081597
0.002319 -0.006112 7.081597
0.002497 -0.006153 7.081597
0.002676 -0.006191 7.081597
0.002854 -0.006234 7.081597
0.003032 -0.006276 7.081597
0.003210 -0.006319 7.081597
0.003387 -0.006365 7.081597
0.003560 -0.006304 7.081597
0.003628 -0.006134 7.081597
0.003695 -0.005964 7.081597
0.003756 -0.005791 7.081597
0.003815 -0.005618 7.081597
0.003876 -0.005445 7.081597
0.003951 -0.005278 7.081597
0.004028 -0.005112 7.081597
0.004107 -0.004948 7.081597
0.004193 -0.004786 7.081597
0.004273 -0.004621 7.081597
0.004348 -0.004454 7.081597
0.004419 -0.004286 7.081597
0.004489 -0.004117 7.081597
0.004562 -0.003949 7.081597
0.004636 -0.003781 7.081597
0.004690 -0.003606 7.081597
0.004765 -0.003439 7.081597
0.004826 -0.003267 7.081597
0.004907 -0.003103 7.081597
0.004954 -0.002926 7.081597
0.005056 -0.002774 7.081597
0.005185 -0.002644 7.081597
0.005284 -0.002490 7.081597
0.005402 -0.002351 7.081597
0.005518 -0.002209 7.081597
0.005636 -0.002069 7.081597
0.005743 -0.001921 7.081597
0.005857 -0.001777 7.081597
0.005970 -0.001634 7.081597
0.006085 -0.001491 7.081597
0.006199 -0.001348 7.081597
0.006309 -0.001202 7.081597
0.006425 -0.001061 7.081597
0.006547 -0.000924 7.081597
0.006667 -0.000786 7.081597
0.006792 -0.000652 7.081597
0.006918 -0.000520 7.081597
0.007044 -0.000387 7.081597
0.007173 -0.000256 7.081597
0.007205 -0.000076 7.081597

