0.007147 -0.000073 6.845486
0.007035 0.000069 6.845486
0.006917 0.000207 6.845486
0.006808 0.000352 6.845486
0.006707 0.000502 6.845486
0.006610 0.000656 6.845486
0.006514 0.000809 6.845486
0.006412 0.000959 6.845486
0.006312 0.001111 6.845486
0.006210 0.001260 6.845486
0.006099 0.001403 6.845486
0.005988 0.001547 6.845486
0.005878 0.001691 6.845486
0.005769 0.001835 6.845486
0.005659 0.001979 6.845486
0.005541 0.002118 6.845486
0.005425 0.002256 6.845486
0.005321 0.002405 6.845486
0.005205 0.002544 6.845486
0.005095 0.002688 6.845486
0.004971 0.002821 6.845486
0.004895 0.002985 6.845486
0.004842 0.003158 6.845486
0.004772 0.003325 6.845486
0.004701 0.003492 6.845486
0.004633 0.003660 6.845486
0.004574 0.003832 6.845486
0.004507 0.004000 6.845486
0.004437 0.004167 6.845486
0.004368 0.004335 6.845486
0.004299 0.004502 6.845486
0.004235 0.004672 6.845486
0.004164 0.004838 6.845486
0.004088 0.005003 6.845486
0.004019 0.005171 6.845486
0.003947 0.005337 6.845486
0.003876 0.005504 6.845486
0.003807 0.005671 6.845486
0.003741 0.005840 6.845486
0.003686 0.006013 6.845486
0.003552 0.006134 6.845486
0.003372 0.006112 6.845486
0.003191 0.006099 6.845486
0.003010 0.006094 6.845486
0.002829 0.006085 6.845486
0.002648 0.006073 6.845486
0.002467 0.006057 6.845486
0.002287 0.006037 6.845486
0.002107 0.006022 6.845486
0.001926 0.006001 6.845486
0.001747 0.005973 6.845486
0.001568 0.005949 6.845486
0.001388 0.005925 6.845486
0.001208 0.005902 6.845486
0.001029 0.005876 6.845486
0.000851 0.005842 6.845486
0.000672 0.005816 6.845486
0.000492 0.005795 6.845486
0.000312 0.005772 6.845486
0.000135 0.005731 6.845486
-0.000045 0.005716 6.845486
-0.000222 0.005757 6.845486
-0.000402 0.005780 6.845486
-0.000581 0.005810 6.845486
-0.000761 0.005827 6.845486
-0.000940 0.005858 6.845486
-0.001118 0.005891 6.845486
-0.001298 0.005914 6.845486
-0.001477 0.005936 6.845486
-0.001657 0.005960 6.845486
-0.001837 0.005984 6.845486
-0.002016 0.006008 6.845486
-0.002197 0.006022 6.845486
-0.002378 0.006032 6.845486
-0.002559 0.006046 6.845486
-0.002740 0.006054 6.845486
-0.002921 0.006066 6.845486
-0.003101 0.006086 6.845486
-0.003280 0.006115 6.845486
-0.003458 0.006149 6.845486
-0.003638 0.006170 6.845486
-0.003766 0.006042 6.845486
-0.003813 0.005867 6.845486
-0.003866 0.005693 6.845486
-0.003919 0.005520 6.845486
-0.003977 0.005348 6.845486
-0.004039 0.005178 6.845486
-0.004100 0.005007 6.845486
-0.004172 0.004841 6.845486
-0.004240 0.004673 6.845486
-0.004303 0.004503 6.845486
-0.004370 0.004335 6.845486
-0.004438 0.004167 6.845486
-0.004508 0.003999 6.845486
-0.004575 0.003831 6.845486
-0.004634 0.003660 6.845486
-0.004701 0.003491 6.845486
-0.004773 0.003325 6.845486
-0.004842 0.003157 6.845486
-0.004897 0.002985 6.845486
-0.004973 0.002820 6.845486
-0.005096 0.002687 6.845486
-0.005207 0.002544 6.845486
-0.005321 0.002403 6.845486
-0.005427 0.002256 6.845486
-0.005543 0.002117 6.845486
-0.005661 0.001979 6.845486
-0.005771 0.001835 6.845486
-0.005880 0.001690 6.845486
-0.005992 0.001548 6.845486
-0.006104 0.001405 6.845486
-0.006218 0.001264 6.845486
-0.006325 0.001118 6.845486
-0.006431 0.000971 6.845486
-0.006544 0.000829 6.845486
-0.006655 0.000686 6.845486
-0.006769 0.000545 6.845486
-0.006886 0.000406 6.845486
-0.007005 0.000270 6.845486
-0.007129 0.000138 6.845486
-0.007155 -0.000042 6.845486
-0.007024 -0.000167 6.845486
-0.006896 -0.000295 6.845486
-0.006784 -0.000438 6.845486
-0.006681 -0.000587 6.845486
-0.006581 -0.000738 6.845486
-0.006479 -0.000888 6.845486
-0.006372 -0.001034 6.845486
-0.006270 -0.001184 6.845486
-0.006163 -0.001330 6.845486
-0.006049 -0.001471 6.845486
-0.005939 -0.001615 6.845486
-0.005828 -0.001758 6.845486
-0.005718 -0.001903 6.845486
-0.005607 -0.002045 6.845486
-0.005487 -0.002182 6.845486
-0.005376 -0.002325 6.845486
-0.005266 -0.002469 6.845486
-0.005159 -0.002615 6.845486
-0.005033 -0.002746 6.845486
-0.004930 -0.002894 6.845486
-0.004878 -0.003068 6.845486
-0.004806 -0.003234 6.845486
-0.004745 -0.003405 6.845486
-0.004667 -0.003569 6.845486
-0.004607 -0.003740 6.845486
-0.004546 -0.003910 6.845486
-0.004477 -0.004078 6.845486
-0.004407 -0.004245 6.845486
-0.004341 -0.004414 6.845486
-0.004275 -0.004583 6.845486
-0.004212 -0.004753 6.845486
-0.004143 -0.004921 6.845486
-0.004076 -0.005089 6.845486
-0.004018 -0.005260 6.845486
-0.003958 -0.005432 6.845486
-0.003901 -0.005604 6.845486
-0.003845 -0.005776 6.845486
-0.003789 -0.005948 6.845486
-0.003739 -0.006122 6.845486
-0.003606 -0.006246 6.845486
-0.003429 -0.006209 6.845486
-0.003255 -0.006157 6.845486
-0.003080 -0.006112 6.845486
-0.002902 -0.006077 6.845486
-0.002722 -0.006055 6.845486
-0.002541 -0.006042 6.845486
-0.002361 -0.006027 6.845486
-0.002180 -0.006017 6.845486
-0.001999 -0.006004 6.845486
-0.001819 -0.005981 6.845486
-0.001639 -0.005958 6.845486
-0.001460 -0.005934 6.845486
-0.001280 -0.005912 6.845486
-0.001100 -0.005889 6.845486
-0.000922 -0.005856 6.845486
-0.000743 -0.005826 6.845486
-0.000563 -0.005807 6.845486
-0.000383 -0.005781 6.845486
-0.000204 -0.005753 6.845486
-0.000027 -0.005718 6.845486
0.000153 -0.005739 6.845486
0.000331 -0.005774 6.845486
0.000511 -0.005800 6.845486
0.000691 -0.005819 6.845486
0.000870 -0.005847 6.845486
0.001048 -0.005882 6.845486
0.001227 -0.005907 6.845486
0.001407 -0.005931 6.845486
0.001586 -0.005956 6.845486
0.001766 -0.005983 6.845486
0.001944 -0.006014 6.845486
0.002124 -0.006040 6.845486
0.002303 -0.006065 6.845486
0.002481 -0.006099 6.845486
0.002659 -0.006135 6.845486
0.002836 -0.006174 6.845486
0.003012 -0.006216 6.845486
0.003189 -0.006257 6.845486
0.003364 -0.006302 6.845486
0.003538 -0.006252 6.845486
0.003608 -0.006085 6.845486
0.003666 -0.005913 6.845486
0.003726 -0.005742 6.845486
0.003790 -0.005573 6.845486
0.003865 -0.005408 6.845486
0.003946 -0.005246 6.845486
0.004024 -0.005082 6.845486
0.004107 -0.004921 6.845486
0.004188 -0.004759 6.845486
0.004258 -0.004592 6.845486
0.004328 -0.004425 6.845486
0.004398 -0.004257 6.845486
0.004469 -0.004090 6.845486
0.004539 -0.003923 6.845486
0.004601 -0.003753 6.845486
0.004661 -0.003582 6.845486
0.004739 -0.003418 6.845486
0.004800 -0.003248 6.845486
0.004873 -0.003082 6.845486
0.004922 -0.002907 6.845486
0.005022 -0.002756 6.845486
0.005149 -0.002627 6.845486
0.005257 -0.002481 6.845486
0.005367 -0.002337 6.845486
0.005478 -0.002193 6.845486
0.005597 -0.002057 6.845486
0.005709 -0.001915 6.845486
0.005819 -0.001771 6.845486
0.005931 -0.001628 6.845486
0.006042 -0.001485 6.845486
0.006158 -0.001346 6.845486
0.006269 -0.001203 6.845486
0.006378 -0.001057 6.845486
0.006494 -0.000918 6.845486
0.006611 -0.000780 6.845486
0.006730 -0.000644 6.845486
0.006854 -0.000511 6.845486
0.006977 -0.000378 6.845486
0.007105 -0.000249 6.845486
0.007147 -0.000073 6.845486

