0.007394 -0.000081 7.774306
0.007264 0.000055 7.774306
0.007138 0.000195 7.774306
0.007012 0.000336 7.774306
0.006891 0.000480 7.774306
0.006769 0.000624 7.774306
0.006641 0.000763 7.774306
0.006523 0.000909 7.774306
0.006411 0.001061 7.774306
0.006303 0.001215 7.774306
0.006199 0.001372 7.774306
0.006098 0.001532 7.774306
0.005994 0.001689 7.774306
0.005897 0.001850 7.774306
0.005777 0.001996 7.774306
0.005671 0.002152 7.774306
0.005553 0.002299 7.774306
0.005451 0.002457 7.774306
0.005320 0.002593 7.774306
0.005213 0.002748 7.774306
0.005088 0.002889 7.774306
0.005006 0.003059 7.774306
0.004947 0.003238 7.774306
0.004870 0.003410 7.774306
0.004815 0.003590 7.774306
0.004726 0.003756 7.774306
0.004664 0.003934 7.774306
0.004590 0.004107 7.774306
0.004518 0.004282 7.774306
0.004438 0.004452 7.774306
0.004365 0.004626 7.774306
0.004292 0.004800 7.774306
0.004225 0.004976 7.774306
0.004157 0.005151 7.774306
0.004091 0.005328 7.774306
0.004038 0.005509 7.774306
0.003986 0.005690 7.774306
0.003933 0.005871 7.774306
0.003885 0.006053 7.774306
0.003831 0.006234 7.774306
0.003681 0.006348 7.774306
0.003497 0.006307 7.774306
0.003313 0.006267 7.774306
0.003130 0.006221 7.774306
0.002946 0.006181 7.774306
0.002761 0.006147 7.774306
0.002574 0.006120 7.774306
0.002386 0.006110 7.774306
0.002198 0.006101 7.774306
0.002010 0.006086 7.774306
0.001822 0.006074 7.774306
0.001634 0.006058 7.774306
0.001446 0.006046 7.774306
0.001258 0.006024 7.774306
0.001071 0.006003 7.774306
0.000886 0.005968 7.774306
0.000697 0.005964 7.774306
0.000514 0.005920 7.774306
0.000326 0.005903 7.774306
0.000142 0.005863 7.774306
-0.000046 0.005850 7.774306
-0.000230 0.005890 7.774306
-0.000418 0.005903 7.774306
-0.000601 0.005950 7.774306
-0.000789 0.005959 7.774306
-0.000975 0.005987 7.774306
-0.001163 0.006002 7.774306
-0.001349 0.006031 7.774306
-0.001538 0.006036 7.774306
-0.001726 0.006048 7.774306
-0.001914 0.006058 7.774306
-0.002102 0.006074 7.774306
-0.002289 0.006097 7.774306
-0.002476 0.006123 7.774306
-0.002661 0.006155 7.774306
-0.002846 0.006192 7.774306
-0.003033 0.006218 7.774306
-0.003220 0.006243 7.774306
-0.003405 0.006279 7.774306
-0.003589 0.006319 7.774306
-0.003772 0.006365 7.774306
-0.003922 0.006251 7.774306
-0.003975 0.006071 7.774306
-0.004024 0.005888 7.774306
-0.004076 0.005708 7.774306
-0.004126 0.005526 7.774306
-0.004176 0.005344 7.774306
-0.004233 0.005164 7.774306
-0.004289 0.004984 7.774306
-0.004342 0.004804 7.774306
-0.004404 0.004626 7.774306
-0.004468 0.004448 7.774306
-0.004540 0.004274 7.774306
-0.004607 0.004098 7.774306
-0.004676 0.003922 7.774306
-0.004737 0.003744 7.774306
-0.004825 0.003578 7.774306
-0.004876 0.003396 7.774306
-0.004958 0.003226 7.774306
-0.005011 0.003045 7.774306
-0.005096 0.002877 7.774306
-0.005225 0.002740 7.774306
-0.005329 0.002583 7.774306
-0.005463 0.002450 7.774306
-0.005565 0.002292 7.774306
-0.005685 0.002146 7.774306
-0.005796 0.001994 7.774306
-0.005919 0.001851 7.774306
-0.006026 0.001696 7.774306
-0.006141 0.001547 7.774306
-0.006258 0.001399 7.774306
-0.006378 0.001254 7.774306
-0.006502 0.001112 7.774306
-0.006624 0.000968 7.774306
-0.006749 0.000827 7.774306
-0.006881 0.000692 7.774306
-0.007009 0.000554 7.774306
-0.007138 0.000417 7.774306
-0.007270 0.000282 7.774306
-0.007399 0.000145 7.774306
-0.007423 -0.000042 7.774306
-0.007297 -0.000182 7.774306
-0.007174 -0.000325 7.774306
-0.007041 -0.000459 7.774306
-0.006907 -0.000591 7.774306
-0.006771 -0.000721 7.774306
-0.006636 -0.000853 7.774306
-0.006513 -0.000996 7.774306
-0.006397 -0.001145 7.774306
-0.006283 -0.001295 7.774306
-0.006177 -0.001451 7.774306
-0.006067 -0.001604 7.774306
-0.005966 -0.001763 7.774306
-0.005853 -0.001913 7.774306
-0.005744 -0.002067 7.774306
-0.005620 -0.002209 7.774306
-0.005522 -0.002370 7.774306
-0.005395 -0.002510 7.774306
-0.005283 -0.002661 7.774306
-0.005159 -0.002803 7.774306
-0.005052 -0.002958 7.774306
-0.004992 -0.003137 7.774306
-0.004913 -0.003308 7.774306
-0.004861 -0.003489 7.774306
-0.004779 -0.003659 7.774306
-0.004715 -0.003836 7.774306
-0.004639 -0.004008 7.774306
-0.004586 -0.004189 7.774306
-0.004509 -0.004361 7.774306
-0.004447 -0.004539 7.774306
-0.004383 -0.004717 7.774306
-0.004325 -0.004896 7.774306
-0.004270 -0.005076 7.774306
-0.004211 -0.005255 7.774306
-0.004152 -0.005434 7.774306
-0.004101 -0.005616 7.774306
-0.004048 -0.005797 7.774306
-0.003996 -0.005978 7.774306
-0.003947 -0.006160 7.774306
-0.003892 -0.006340 7.774306
-0.003741 -0.006452 7.774306
-0.003558 -0.006405 7.774306
-0.003373 -0.006368 7.774306
-0.003187 -0.006338 7.774306
-0.003001 -0.006307 7.774306
-0.002818 -0.006265 7.774306
-0.002637 -0.006213 7.774306
-0.002454 -0.006168 7.774306
-0.002269 -0.006129 7.774306
-0.002084 -0.006092 7.774306
-0.001898 -0.006066 7.774306
-0.001710 -0.006048 7.774306
-0.001522 -0.006035 7.774306
-0.001334 -0.006027 7.774306
-0.001147 -0.006002 7.774306
-0.000959 -0.005984 7.774306
-0.000772 -0.005961 7.774306
-0.000584 -0.005948 7.774306
-0.000400 -0.005907 7.774306
-0.000213 -0.005888 7.774306
-0.000027 -0.005854 7.774306
0.000160 -0.005874 7.774306
0.000345 -0.005911 7.774306
0.000532 -0.005934 7.774306
0.000717 -0.005971 7.774306
0.000905 -0.005984 7.774306
0.001090 -0.006020 7.774306
0.001276 -0.006052 7.774306
0.001462 -0.006081 7.774306
0.001648 -0.006111 7.774306
0.001833 -0.006147 7.774306
0.002017 -0.006185 7.774306
0.002200 -0.006231 7.774306
0.002384 -0.006275 7.774306
0.002568 -0.006315 7.774306
0.002750 -0.006363 7.774306
0.002933 -0.006408 7.774306
0.003117 -0.006451 7.774306
0.003299 -0.006499 7.774306
0.003482 -0.006543 7.774306
0.003656 -0.006469 7.774306
0.003706 -0.006288 7.774306
0.003761 -0.006108 7.774306
0.003820 -0.005928 7.774306
0.003888 -0.005753 7.774306
0.003958 -0.005578 7.774306
0.004017 -0.005399 7.774306
0.004078 -0.005220 7.774306
0.004143 -0.005043 7.774306
0.004210 -0.004867 7.774306
0.004284 -0.004694 7.774306
0.004368 -0.004525 7.774306
0.004449 -0.004355 7.774306
0.004543 -0.004192 7.774306
0.004609 -0.004015 7.774306
0.004694 -0.003847 7.774306
0.004761 -0.003671 7.774306
0.004850 -0.003505 7.774306
0.004898 -0.003323 7.774306
0.004983 -0.003154 7.774306
0.005039 -0.002974 7.774306
0.005142 -0.002817 7.774306
0.005271 -0.002679 7.774306
0.005377 -0.002523 7.774306
0.005511 -0.002391 7.774306
0.005608 -0.002229 7.774306
0.005735 -0.002090 7.774306
0.005849 -0.001940 7.774306
0.005971 -0.001796 7.774306
0.006084 -0.001645 7.774306
0.006206 -0.001502 7.774306
0.006329 -0.001359 7.774306
0.006459 -0.001222 7.774306
0.006587 -0.001084 7.774306
0.006714 -0.000945 7.774306
0.006846 -0.000810 7.774306
0.006978 -0.000675 7.774306
0.007107 -0.000538 7.774306
0.007239 -0.000404 7.774306
0.007370 -0.000268 7.774306
0.007394 -0.000081 7.774306

