0.007932 -0.000028 10.208333
0.007782 0.000112 10.208333
0.007637 0.000256 10.208333
0.007494 0.000403 10.208333
0.007348 0.000548 10.208333
0.007215 0.000703 10.208333
0.007070 0.000848 10.208333
0.006931 0.000999 10.208333
0.006783 0.001140 10.208333
0.006654 0.001300 10.208333
0.006503 0.001438 10.208333
0.006386 0.001607 10.208333
0.006229 0.001737 10.208333
0.006098 0.001896 10.208333
0.005960 0.002047 10.208333
0.005841 0.002214 10.208333
0.005712 0.002373 10.208333
0.005599 0.002544 10.208333
0.005487 0.002716 10.208333
0.005358 0.002875 10.208333
0.005262 0.003056 10.208333
0.005203 0.003252 10.208333
0.005112 0.003436 10.208333
0.005044 0.003629 10.208333
0.004969 0.003820 10.208333
0.004904 0.004014 10.208333
0.004853 0.004213 10.208333
0.004776 0.004403 10.208333
0.004728 0.004602 10.208333
0.004666 0.004797 10.208333
0.004627 0.004998 10.208333
0.004554 0.005190 10.208333
0.004511 0.005390 10.208333
0.004434 0.005580 10.208333
0.004384 0.005779 10.208333
0.004313 0.005971 10.208333
0.004255 0.006168 10.208333
0.004187 0.006361 10.208333
0.004126 0.006557 10.208333
0.004050 0.006747 10.208333
0.003877 0.006857 10.208333
0.003684 0.006789 10.208333
0.003486 0.006735 10.208333
0.003290 0.006675 10.208333
0.003091 0.006627 10.208333
0.002893 0.006573 10.208333
0.002693 0.006531 10.208333
0.002495 0.006478 10.208333
0.002294 0.006439 10.208333
0.002093 0.006395 10.208333
0.001897 0.006338 10.208333
0.001695 0.006300 10.208333
0.001498 0.006245 10.208333
0.001298 0.006291 10.208333
0.001142 0.006424 10.208333
0.000970 0.006312 10.208333
0.000772 0.006260 10.208333
0.000575 0.006204 10.208333
0.000375 0.006160 10.208333
0.000173 0.006123 10.208333
-0.000029 0.006087 10.208333
-0.000232 0.006111 10.208333
-0.000432 0.006158 10.208333
-0.000630 0.006209 10.208333
-0.000830 0.006256 10.208333
-0.001007 0.006359 10.208333
-0.001174 0.006241 10.208333
-0.001378 0.006230 10.208333
-0.001574 0.006292 10.208333
-0.001778 0.006310 10.208333
-0.001977 0.006356 10.208333
-0.002178 0.006395 10.208333
-0.002379 0.006437 10.208333
-0.002574 0.006501 10.208333
-0.002775 0.006542 10.208333
-0.002972 0.006597 10.208333
-0.003174 0.006632 10.208333
-0.003372 0.006686 10.208333
-0.003570 0.006738 10.208333
-0.003766 0.006796 10.208333
-0.003957 0.006871 10.208333
-0.004137 0.006772 10.208333
-0.004215 0.006583 10.208333
-0.004279 0.006388 10.208333
-0.004348 0.006195 10.208333
-0.004409 0.005999 10.208333
-0.004478 0.005806 10.208333
-0.004528 0.005608 10.208333
-0.004605 0.005418 10.208333
-0.004643 0.005216 10.208333
-0.004721 0.005027 10.208333
-0.004751 0.004824 10.208333
-0.004823 0.004632 10.208333
-0.004867 0.004432 10.208333
-0.004940 0.004241 10.208333
-0.004971 0.004038 10.208333
-0.005043 0.003846 10.208333
-0.005098 0.003649 10.208333
-0.005168 0.003456 10.208333
-0.005238 0.003264 10.208333
-0.005294 0.003066 10.208333
-0.005408 0.002896 10.208333
-0.005539 0.002739 10.208333
-0.005674 0.002584 10.208333
-0.005795 0.002418 10.208333
-0.005947 0.002281 10.208333
-0.006075 0.002122 10.208333
-0.006225 0.001981 10.208333
-0.006348 0.001817 10.208333
-0.006509 0.001691 10.208333
-0.006638 0.001531 10.208333
-0.006791 0.001395 10.208333
-0.006919 0.001236 10.208333
-0.007068 0.001094 10.208333
-0.007199 0.000937 10.208333
-0.007345 0.000793 10.208333
-0.007478 0.000638 10.208333
-0.007625 0.000494 10.208333
-0.007771 0.000350 10.208333
-0.007918 0.000207 10.208333
-0.007960 0.000007 10.208333
-0.007829 -0.000151 10.208333
-0.007705 -0.000314 10.208333
-0.007570 -0.000468 10.208333
-0.007440 -0.000626 10.208333
-0.007292 -0.000769 10.208333
-0.007154 -0.000920 10.208333
-0.007005 -0.001061 10.208333
-0.006880 -0.001223 10.208333
-0.006736 -0.001369 10.208333
-0.006606 -0.001528 10.208333
-0.006445 -0.001655 10.208333
-0.006311 -0.001809 10.208333
-0.006159 -0.001947 10.208333
-0.006026 -0.002103 10.208333
-0.005868 -0.002233 10.208333
-0.005749 -0.002400 10.208333
-0.005616 -0.002556 10.208333
-0.005511 -0.002732 10.208333
-0.005380 -0.002890 10.208333
-0.005296 -0.003077 10.208333
-0.005253 -0.003277 10.208333
-0.005164 -0.003462 10.208333
-0.005123 -0.003663 10.208333
-0.005038 -0.003849 10.208333
-0.005003 -0.004051 10.208333
-0.004933 -0.004244 10.208333
-0.004884 -0.004443 10.208333
-0.004809 -0.004633 10.208333
-0.004769 -0.004834 10.208333
-0.004702 -0.005028 10.208333
-0.004658 -0.005228 10.208333
-0.004586 -0.005420 10.208333
-0.004537 -0.005619 10.208333
-0.004463 -0.005810 10.208333
-0.004416 -0.006010 10.208333
-0.004346 -0.006202 10.208333
-0.004296 -0.006401 10.208333
-0.004239 -0.006598 10.208333
-0.004184 -0.006795 10.208333
-0.004020 -0.006919 10.208333
-0.003821 -0.006873 10.208333
-0.003620 -0.006832 10.208333
-0.003420 -0.006788 10.208333
-0.003219 -0.006744 10.208333
-0.003017 -0.006710 10.208333
-0.002820 -0.006655 10.208333
-0.002621 -0.006607 10.208333
-0.002426 -0.006545 10.208333
-0.002224 -0.006508 10.208333
-0.002024 -0.006462 10.208333
-0.001821 -0.006438 10.208333
-0.001622 -0.006387 10.208333
-0.001421 -0.006347 10.208333
-0.001221 -0.006302 10.208333
-0.001023 -0.006252 10.208333
-0.000824 -0.006202 10.208333
-0.000626 -0.006149 10.208333
-0.000423 -0.006122 10.208333
-0.000219 -0.006098 10.208333
-0.000018 -0.006138 10.208333
0.000180 -0.006191 10.208333
0.000384 -0.006212 10.208333
0.000579 -0.006273 10.208333
0.000782 -0.006302 10.208333
0.000978 -0.006362 10.208333
0.001176 -0.006416 10.208333
0.001376 -0.006458 10.208333
0.001575 -0.006507 10.208333
0.001776 -0.006550 10.208333
0.001972 -0.006610 10.208333
0.002174 -0.006646 10.208333
0.002370 -0.006705 10.208333
0.002572 -0.006739 10.208333
0.002771 -0.006789 10.208333
0.002971 -0.006831 10.208333
0.003171 -0.006876 10.208333
0.003371 -0.006920 10.208333
0.003570 -0.006970 10.208333
0.003771 -0.007011 10.208333
0.003955 -0.006921 10.208333
0.004005 -0.006722 10.208333
0.004062 -0.006525 10.208333
0.004124 -0.006330 10.208333
0.004175 -0.006131 10.208333
0.004247 -0.005939 10.208333
0.004296 -0.005740 10.208333
0.004365 -0.005547 10.208333
0.004396 -0.005345 10.208333
0.004472 -0.005155 10.208333
0.004512 -0.004954 10.208333
0.004592 -0.004765 10.208333
0.004654 -0.004570 10.208333
0.004732 -0.004380 10.208333
0.004795 -0.004185 10.208333
0.004846 -0.003987 10.208333
0.004933 -0.003801 10.208333
0.005081 -0.003659 10.208333
0.005131 -0.003460 10.208333
0.005187 -0.003263 10.208333
0.005277 -0.003079 10.208333
0.005420 -0.002932 10.208333
0.005549 -0.002773 10.208333
0.005684 -0.002619 10.208333
0.005822 -0.002468 10.208333
0.005953 -0.002310 10.208333
0.006111 -0.002180 10.208333
0.006243 -0.002023 10.208333
0.006393 -0.001882 10.208333
0.006521 -0.001723 10.208333
0.006681 -0.001595 10.208333
0.006806 -0.001433 10.208333
0.006963 -0.001300 10.208333
0.007088 -0.001138 10.208333
0.007238 -0.000998 10.208333
0.007368 -0.000840 10.208333
0.007510 -0.000692 10.208333
0.007643 -0.000536 10.208333
0.007786 -0.000390 10.208333
0.007918 -0.000232 10.208333
0.007932 -0.000028 10.208333

