0.006496 -0.000000 3.586806
0.006442 0.000155 3.586806
0.006339 0.000284 3.586806
0.006237 0.000412 3.586806
0.006132 0.000539 3.586806
0.006028 0.000666 3.586806
0.005927 0.000796 3.586806
0.005828 0.000927 3.586806
0.005723 0.001054 3.586806
0.005616 0.001179 3.586806
0.005513 0.001307 3.586806
0.005415 0.001439 3.586806
0.005316 0.001570 3.586806
0.005210 0.001696 3.586806
0.005103 0.001821 3.586806
0.004995 0.001944 3.586806
0.004897 0.002077 3.586806
0.004799 0.002208 3.586806
0.004702 0.002341 3.586806
0.004598 0.002468 3.586806
0.004489 0.002592 3.586806
0.004436 0.002747 3.586806
0.004379 0.002901 3.586806
0.004312 0.003052 3.586806
0.004247 0.003203 3.586806
0.004181 0.003353 3.586806
0.004128 0.003509 3.586806
0.004074 0.003664 3.586806
0.004018 0.003819 3.586806
0.003953 0.003970 3.586806
0.003888 0.004121 3.586806
0.003829 0.004274 3.586806
0.003774 0.004429 3.586806
0.003717 0.004583 3.586806
0.003653 0.004735 3.586806
0.003591 0.004887 3.586806
0.003533 0.005041 3.586806
0.003476 0.005195 3.586806
0.003415 0.005348 3.586806
0.003355 0.005501 3.586806
0.003248 0.005626 3.586806
0.003087 0.005656 3.586806
0.002924 0.005632 3.586806
0.002761 0.005608 3.586806
0.002599 0.005580 3.586806
0.002437 0.005553 3.586806
0.002274 0.005531 3.586806
0.002111 0.005510 3.586806
0.001949 0.005483 3.586806
0.001787 0.005453 3.586806
0.001625 0.005428 3.586806
0.001461 0.005408 3.586806
0.001298 0.005389 3.586806
0.001136 0.005360 3.586806
0.000975 0.005330 3.586806
0.000814 0.005298 3.586806
0.000650 0.005280 3.586806
0.000487 0.005260 3.586806
0.000323 0.005243 3.586806
0.000161 0.005216 3.586806
-0.000000 0.005183 3.586806
-0.000161 0.005216 3.586806
-0.000323 0.005243 3.586806
-0.000487 0.005260 3.586806
-0.000650 0.005280 3.586806
-0.000814 0.005298 3.586806
-0.000975 0.005330 3.586806
-0.001136 0.005360 3.586806
-0.001298 0.005389 3.586806
-0.001461 0.005408 3.586806
-0.001625 0.005428 3.586806
-0.001787 0.005453 3.586806
-0.001949 0.005483 3.586806
-0.002111 0.005510 3.586806
-0.002274 0.005531 3.586806
-0.002437 0.005553 3.586806
-0.002599 0.005580 3.586806
-0.002761 0.005608 3.586806
-0.002924 0.005632 3.586806
-0.003087 0.005656 3.586806
-0.003248 0.005626 3.586806
-0.003355 0.005501 3.586806
-0.003415 0.005348 3.586806
-0.003476 0.005195 3.586806
-0.003533 0.005041 3.586806
-0.003591 0.004887 3.586806
-0.003653 0.004735 3.586806
-0.003717 0.004583 3.586806
-0.003774 0.004429 3.586806
-0.003829 0.004274 3.586806
-0.003888 0.004121 3.586806
-0.003953 0.003970 3.586806
-0.004018 0.003819 3.586806
-0.004074 0.003664 3.586806
-0.004128 0.003509 3.586806
-0.004181 0.003353 3.586806
-0.004247 0.003203 3.586806
-0.004312 0.003052 3.586806
-0.004379 0.002901 3.586806
-0.004436 0.002747 3.586806
-0.004489 0.002592 3.586806
-0.004598 0.002468 3.586806
-0.004702 0.002341 3.586806
-0.004799 0.002208 3.586806
-0.004897 0.002077 3.586806
-0.004995 0.001944 3.586806
-0.005103 0.001821 3.586806
-0.005210 0.001696 3.586806
-0.005316 0.001570 3.586806
-0.005415 0.001439 3.586806
-0.005513 0.001307 3.586806
-0.005616 0.001179 3.586806
-0.005723 0.001054 3.586806
-0.005828 0.000927 3.586806
-0.005927 0.000796 3.586806
-0.006028 0.000666 3.586806
-0.006132 0.000539 3.586806
-0.006237 0.000412 3.586806
-0.006339 0.000284 3.586806
-0.006442 0.000155 3.586806
-0.006496 0.000000 3.586806
-0.006442 -0.000155 3.586806
-0.006339 -0.000284 3.586806
-0.006237 -0.000412 3.586806
-0.006132 -0.000539 3.586806
-0.006028 -0.000666 3.586806
-0.005927 -0.000796 3.586806
-0.005828 -0.000927 3.586806
-0.005723 -0.001054 3.586806
-0.005616 -0.001179 3.586806
-0.005513 -0.001307 3.586806
-0.005415 -0.001439 3.586806
-0.005316 -0.001570 3.586806
-0.005210 -0.001696 3.586806
-0.005103 -0.001821 3.586806
-0.004995 -0.001944 3.586806
-0.004897 -0.002077 3.586806
-0.004799 -0.002208 3.586806
-0.004702 -0.002341 3.586806
-0.004598 -0.002468 3.586806
-0.004489 -0.002592 3.586806
-0.004436 -0.002747 3.586806
-0.004379 -0.002901 3.586806
-0.004312 -0.003052 3.586806
-0.004247 -0.003203 3.586806
-0.004181 -0.003353 3.586806
-0.004128 -0.003509 3.586806
-0.004074 -0.003664 3.586806
-0.004018 -0.003819 3.586806
-0.003953 -0.003970 3.586806
-0.003888 -0.004121 3.586806
-0.003829 -0.004274 3.586806
-0.003774 -0.004429 3.586806
-0.003717 -0.004583 3.586806
-0.003653 -0.004735 3.586806
-0.003591 -0.004887 3.586806
-0.003533 -0.005041 3.586806
-0.003476 -0.005195 3.586806
-0.003415 -0.005348 3.586806
-0.003355 -0.005501 3.586806
-0.003248 -0.005626 3.586806
-0.003087 -0.005656 3.586806
-0.002924 -0.005632 3.586806
-0.002761 -0.005608 3.586806
-0.002599 -0.005580 3.586806
-0.002437 -0.005553 3.586806
-0.002274 -0.005531 3.586806
-0.002111 -0.005510 3.586806
-0.001949 -0.005483 3.586806
-0.001787 -0.005453 3.586806
-0.001625 -0.005428 3.586806
-0.001461 -0.005408 3.586806
-0.001298 -0.005389 3.586806
-0.001136 -0.005360 3.586806
-0.000975 -0.005330 3.586806
-0.000814 -0.005298 3.586806
-0.000650 -0.005280 3.586806
-0.000487 -0.005260 3.586806
-0.000323 -0.005243 3.586806
-0.000161 -0.005216 3.586806
0.000000 -0.005183 3.586806
0.000161 -0.005216 3.586806
0.000323 -0.005243 3.586806
0.000487 -0.005260 3.586806
0.000650 -0.005280 3.586806
0.000814 -0.005298 3.586806
0.000975 -0.005330 3.586806
0.001136 -0.005360 3.586806
0.001298 -0.005389 3.586806
0.001461 -0.005408 3.586806
0.001625 -0.005428 3.586806
0.001787 -0.005453 3.586806
0.001949 -0.005483 3.586806
0.002111 -0.005510 3.586806
0.002274 -0.005531 3.586806
0.002437 -0.005553 3.586806
0.002599 -0.005580 3.586806
0.002761 -0.005608 3.586806
0.002924 -0.005632 3.586806
0.003087 -0.005656 3.586806
0.003248 -0.005626 3.586806
0.003355 -0.005501 3.586806
0.003415 -0.005348 3.586806
0.003476 -0.005195 3.586806
0.003533 -0.005041 3.586806
0.003591 -0.004887 3.586806
0.003653 -0.004735 3.586806
0.003717 -0.004583 3.586806
0.003774 -0.004429 3.586806
0.003829 -0.004274 3.586806
0.003888 -0.004121 3.586806
0.003953 -0.003970 3.586806
0.004018 -0.003819 3.586806
0.004074 -0.003664 3.586806
0.004128 -0.003509 3.586806
0.004181 -0.003353 3.586806
0.004247 -0.003203 3.586806
0.004312 -0.003052 3.586806
0.004379 -0.002901 3.586806
0.004436 -0.002747 3.586806
0.004489 -0.002592 3.586806
0.004598 -0.002468 3.586806
0.004702 -0.002341 3.586806
0.004799 -0.002208 3.586806
0.004897 -0.002077 3.586806
0.004995 -0.001944 3.586806
0.005103 -0.001821 3.586806
0.005210 -0.001696 3.586806
0.005316 -0.001570 3.586806
0.005415 -0.001439 3.586806
0.005513 -0.001307 3.586806
0.005616 -0.001179 3.586806
0.005723 -0.001054 3.586806
0.005828 -0.000927 3.586806
0.005927 -0.000796 3.586806
0.006028 -0.000666 3.586806
0.006132 -0.000539 3.586806
0.006237 -0.000412 3.586806
0.006339 -0.000284 3.586806
0.006442 -0.000155 3.586806
0.006496 -0.000000 3.586806

