0.006321 -0.000000 2.729167
0.006268 0.000151 2.729167
0.006168 0.000276 2.729167
0.006069 0.000402 2.729167
0.005967 0.000526 2.729167
0.005864 0.000648 2.729167
0.005765 0.000774 2.729167
0.005670 0.000903 2.729167
0.005570 0.001028 2.729167
0.005464 0.001148 2.729167
0.005360 0.001270 2.729167
0.005262 0.001396 2.729167
0.005169 0.001527 2.729167
0.005073 0.001655 2.729167
0.004971 0.001778 2.729167
0.004864 0.001898 2.729167
0.004756 0.002016 2.729167
0.004649 0.002135 2.729167
0.004546 0.002257 2.729167
0.004446 0.002382 2.729167
0.004354 0.002514 2.729167
0.004286 0.002659 2.729167
0.004228 0.002808 2.729167
0.004173 0.002959 2.729167
0.004124 0.003111 2.729167
0.004075 0.003263 2.729167
0.004025 0.003416 2.729167
0.003970 0.003566 2.729167
0.003906 0.003713 2.729167
0.003840 0.003859 2.729167
0.003779 0.004007 2.729167
0.003727 0.004158 2.729167
0.003675 0.004310 2.729167
0.003617 0.004459 2.729167
0.003553 0.004606 2.729167
0.003493 0.004754 2.729167
0.003439 0.004905 2.729167
0.003383 0.005055 2.729167
0.003323 0.005203 2.729167
0.003264 0.005352 2.729167
0.003161 0.005474 2.729167
0.003003 0.005503 2.729167
0.002845 0.005480 2.729167
0.002686 0.005457 2.729167
0.002528 0.005430 2.729167
0.002371 0.005402 2.729167
0.002212 0.005380 2.729167
0.002053 0.005362 2.729167
0.001895 0.005338 2.729167
0.001738 0.005306 2.729167
0.001580 0.005277 2.729167
0.001422 0.005255 2.729167
0.001262 0.005239 2.729167
0.001103 0.005221 2.729167
0.000945 0.005194 2.729167
0.000789 0.005161 2.729167
0.000632 0.005127 2.729167
0.000476 0.005093 2.729167
0.000318 0.005066 2.729167
0.000160 0.005041 2.729167
-0.000000 0.005028 2.729167
-0.000160 0.005041 2.729167
-0.000318 0.005066 2.729167
-0.000476 0.005093 2.729167
-0.000632 0.005127 2.729167
-0.000789 0.005161 2.729167
-0.000945 0.005194 2.729167
-0.001103 0.005221 2.729167
-0.001262 0.005239 2.729167
-0.001422 0.005255 2.729167
-0.001580 0.005277 2.729167
-0.001738 0.005306 2.729167
-0.001895 0.005338 2.729167
-0.002053 0.005362 2.729167
-0.002212 0.005380 2.729167
-0.002371 0.005402 2.729167
-0.002528 0.005430 2.729167
-0.002686 0.005457 2.729167
-0.002845 0.005480 2.729167
-0.003003 0.005503 2.729167
-0.003161 0.005474 2.729167
-0.003264 0.005352 2.729167
-0.003323 0.005203 2.729167
-0.003383 0.005055 2.729167
-0.003439 0.004905 2.729167
-0.003493 0.004754 2.729167
-0.003553 0.004606 2.729167
-0.003617 0.004459 2.729167
-0.003675 0.004310 2.729167
-0.003727 0.004158 2.729167
-0.003779 0.004007 2.729167
-0.003840 0.003859 2.729167
-0.003906 0.003713 2.729167
-0.003970 0.003566 2.729167
-0.004025 0.003416 2.729167
-0.004075 0.003263 2.729167
-0.004124 0.003111 2.729167
-0.004173 0.002959 2.729167
-0.004228 0.002808 2.729167
-0.004286 0.002659 2.729167
-0.004354 0.002514 2.729167
-0.004446 0.002382 2.729167
-0.004546 0.002257 2.729167
-0.004649 0.002135 2.729167
-0.004756 0.002016 2.729167
-0.004864 0.001898 2.729167
-0.004971 0.001778 2.729167
-0.005073 0.001655 2.729167
-0.005169 0.001527 2.729167
-0.005262 0.001396 2.729167
-0.005360 0.001270 2.729167
-0.005464 0.001148 2.729167
-0.005570 0.001028 2.729167
-0.005670 0.000903 2.729167
-0.005765 0.000774 2.729167
-0.005864 0.000648 2.729167
-0.005967 0.000526 2.729167
-0.006069 0.000402 2.729167
-0.006168 0.000276 2.729167
-0.006268 0.000151 2.729167
-0.006321 0.000000 2.729167
-0.006268 -0.000151 2.729167
-0.006168 -0.000276 2.729167
-0.006069 -0.000402 2.729167
-0.005967 -0.000526 2.729167
-0.005864 -0.000648 2.729167
-0.005765 -0.000774 2.729167
-0.005670 -0.000903 2.729167
-0.005570 -0.001028 2.729167
-0.005464 -0.001148 2.729167
-0.005360 -0.001270 2.729167
-0.005262 -0.001396 2.729167
-0.005169 -0.001527 2.729167
-0.005073 -0.001655 2.729167
-0.004971 -0.001778 2.729167
-0.004864 -0.001898 2.729167
-0.004756 -0.002016 2.729167
-0.004649 -0.002135 2.729167
-0.004546 -0.002257 2.729167
-0.004446 -0.002382 2.729167
-0.004354 -0.002514 2.729167
-0.004286 -0.002659 2.729167
-0.004228 -0.002808 2.729167
-0.004173 -0.002959 2.729167
-0.004124 -0.003111 2.729167
-0.004075 -0.003263 2.729167
-0.004025 -0.003416 2.729167
-0.003970 -0.003566 2.729167
-0.003906 -0.003713 2.729167
-0.003840 -0.003859 2.729167
-0.003779 -0.004007 2.729167
-0.003727 -0.004158 2.729167
-0.003675 -0.004310 2.729167
-0.003617 -0.004459 2.729167
-0.003553 -0.004606 2.729167
-0.003493 -0.004754 2.729167
-0.003439 -0.004905 2.729167
-0.003383 -0.005055 2.729167
-0.003323 -0.005203 2.729167
-0.003264 -0.005352 2.729167
-0.003161 -0.005474 2.729167
-0.003003 -0.005503 2.729167
-0.002845 -0.005480 2.729167
-0.002686 -0.005457 2.729167
-0.002528 -0.005430 2.729167
-0.002371 -0.005402 2.729167
-0.002212 -0.005380 2.729167
-0.002053 -0.005362 2.729167
-0.001895 -0.005338 2.729167
-0.001738 -0.005306 2.729167
-0.001580 -0.005277 2.729167
-0.001422 -0.005255 2.729167
-0.001262 -0.005239 2.729167
-0.001103 -0.005221 2.729167
-0.000945 -0.005194 2.729167
-0.000789 -0.005161 2.729167
-0.000632 -0.005127 2.729167
-0.000476 -0.005093 2.729167
-0.000318 -0.005066 2.729167
-0.000160 -0.005041 2.729167
0.000000 -0.005028 2.729167
0.000160 -0.005041 2.729167
0.000318 -0.005066 2.729167
0.000476 -0.005093 2.729167
0.000632 -0.005127 2.729167
0.000789 -0.005161 2.729167
0.000945 -0.005194 2.729167
0.001103 -0.005221 2.729167
0.001262 -0.005239 2.729167
0.001422 -0.005255 2.729167
0.001580 -0.005277 2.729167
0.001738 -0.005306 2.729167
0.001895 -0.005338 2.729167
0.002053 -0.005362 2.729167
0.002212 -0.005380 2.729167
0.002371 -0.005402 2.729167
0.002528 -0.005430 2.729167
0.002686 -0.005457 2.729167
0.002845 -0.005480 2.729167
0.003003 -0.005503 2.729167
0.003161 -0.005474 2.729167
0.003264 -0.005352 2.729167
0.003323 -0.005203 2.729167
0.003383 -0.005055 2.729167
0.003439 -0.004905 2.729167
0.003493 -0.004754 2.729167
0.003553 -0.004606 2.729167
0.003617 -0.004459 2.729167
0.003675 -0.004310 2.729167
0.003727 -0.004158 2.729167
0.003779 -0.004007 2.729167
0.003840 -0.003859 2.729167
0.003906 -0.003713 2.729167
0.003970 -0.003566 2.729167
0.004025 -0.003416 2.729167
0.004075 -0.003263 2.729167
0.004124 -0.003111 2.729167
0.004173 -0.002959 2.729167
0.004228 -0.002808 2.729167
0.004286 -0.002659 2.729167
0.004354 -0.002514 2.729167
0.004446 -0.002382 2.729167
0.004546 -0.002257 2.729167
0.004649 -0.002135 2.729167
0.004756 -0.002016 2.729167
0.004864 -0.001898 2.729167
0.004971 -0.001778 2.729167
0.005073 -0.001655 2.729167
0.005169 -0.001527 2.729167
0.005262 -0.001396 2.729167
0.005360 -0.001270 2.729167
0.005464 -0.001148 2.729167
0.005570 -0.001028 2.729167
0.005670 -0.000903 2.729167
0.005765 -0.000774 2.729167
0.005864 -0.000648 2.729167
0.005967 -0.000526 2.729167
0.006069 -0.000402 2.729167
0.006168 -0.000276 2.729167
0.006268 -0.000151 2.729167
0.006321 -0.000000 2.729167

