0.007699 -0.000077 9.036458
0.007565 0.000068 9.036458
0.007427 0.000209 9.036458
0.007294 0.000354 9.036458
0.007159 0.000498 9.036458
0.007021 0.000639 9.036458
0.006885 0.000782 9.036458
0.006758 0.000934 9.036458
0.006625 0.001079 9.036458
0.006497 0.001229 9.036458
0.006362 0.001373 9.036458
0.006236 0.001524 9.036458
0.006102 0.001669 9.036458
0.006011 0.001844 9.036458
0.005884 0.001995 9.036458
0.005787 0.002167 9.036458
0.005665 0.002322 9.036458
0.005557 0.002487 9.036458
0.005433 0.002641 9.036458
0.005329 0.002808 9.036458
0.005208 0.002964 9.036458
0.005128 0.003144 9.036458
0.005057 0.003328 9.036458
0.004969 0.003505 9.036458
0.004907 0.003692 9.036458
0.004819 0.003869 9.036458
0.004748 0.004053 9.036458
0.004667 0.004233 9.036458
0.004619 0.004424 9.036458
0.004538 0.004604 9.036458
0.004490 0.004796 9.036458
0.004424 0.004981 9.036458
0.004379 0.005173 9.036458
0.004323 0.005362 9.036458
0.004272 0.005553 9.036458
0.004211 0.005741 9.036458
0.004156 0.005930 9.036458
0.004096 0.006118 9.036458
0.004034 0.006305 9.036458
0.003977 0.006494 9.036458
0.003824 0.006619 9.036458
0.003632 0.006571 9.036458
0.003442 0.006520 9.036458
0.003250 0.006475 9.036458
0.003057 0.006433 9.036458
0.002865 0.006386 9.036458
0.002672 0.006346 9.036458
0.002481 0.006297 9.036458
0.002289 0.006254 9.036458
0.002098 0.006202 9.036458
0.001903 0.006171 9.036458
0.001709 0.006139 9.036458
0.001512 0.006123 9.036458
0.001315 0.006115 9.036458
0.001122 0.006154 9.036458
0.000930 0.006107 9.036458
0.000734 0.006089 9.036458
0.000541 0.006047 9.036458
0.000344 0.006039 9.036458
0.000149 0.006006 9.036458
-0.000047 0.005991 9.036458
-0.000242 0.006022 9.036458
-0.000440 0.006025 9.036458
-0.000634 0.006060 9.036458
-0.000830 0.006075 9.036458
-0.001023 0.006120 9.036458
-0.001218 0.006092 9.036458
-0.001414 0.006113 9.036458
-0.001609 0.006143 9.036458
-0.001801 0.006185 9.036458
-0.001997 0.006209 9.036458
-0.002189 0.006254 9.036458
-0.002385 0.006277 9.036458
-0.002579 0.006316 9.036458
-0.002773 0.006351 9.036458
-0.002964 0.006401 9.036458
-0.003154 0.006453 9.036458
-0.003346 0.006497 9.036458
-0.003539 0.006540 9.036458
-0.003731 0.006586 9.036458
-0.003923 0.006629 9.036458
-0.004076 0.006504 9.036458
-0.004133 0.006315 9.036458
-0.004195 0.006128 9.036458
-0.004252 0.005939 9.036458
-0.004307 0.005750 9.036458
-0.004368 0.005562 9.036458
-0.004418 0.005371 9.036458
-0.004473 0.005182 9.036458
-0.004522 0.004991 9.036458
-0.004585 0.004804 9.036458
-0.004629 0.004611 9.036458
-0.004702 0.004428 9.036458
-0.004730 0.004233 9.036458
-0.004809 0.004052 9.036458
-0.004863 0.003862 9.036458
-0.004945 0.003682 9.036458
-0.004993 0.003491 9.036458
-0.005081 0.003315 9.036458
-0.005140 0.003127 9.036458
-0.005227 0.002949 9.036458
-0.005358 0.002802 9.036458
-0.005463 0.002635 9.036458
-0.005597 0.002490 9.036458
-0.005708 0.002327 9.036458
-0.005841 0.002181 9.036458
-0.005948 0.002016 9.036458
-0.006096 0.001885 9.036458
-0.006216 0.001728 9.036458
-0.006356 0.001590 9.036458
-0.006480 0.001436 9.036458
-0.006625 0.001302 9.036458
-0.006755 0.001154 9.036458
-0.006897 0.001017 9.036458
-0.007029 0.000870 9.036458
-0.007164 0.000726 9.036458
-0.007300 0.000583 9.036458
-0.007432 0.000437 9.036458
-0.007565 0.000291 9.036458
-0.007702 0.000149 9.036458
-0.007737 -0.000045 9.036458
-0.007605 -0.000191 9.036458
-0.007465 -0.000331 9.036458
-0.007327 -0.000472 9.036458
-0.007193 -0.000617 9.036458
-0.007060 -0.000762 9.036458
-0.006935 -0.000915 9.036458
-0.006795 -0.001053 9.036458
-0.006658 -0.001195 9.036458
-0.006508 -0.001324 9.036458
-0.006376 -0.001471 9.036458
-0.006234 -0.001607 9.036458
-0.006112 -0.001762 9.036458
-0.005974 -0.001903 9.036458
-0.005873 -0.002073 9.036458
-0.005755 -0.002231 9.036458
-0.005649 -0.002397 9.036458
-0.005518 -0.002545 9.036458
-0.005413 -0.002712 9.036458
-0.005286 -0.002863 9.036458
-0.005183 -0.003031 9.036458
-0.005129 -0.003221 9.036458
-0.005040 -0.003397 9.036458
-0.004988 -0.003587 9.036458
-0.004913 -0.003770 9.036458
-0.004856 -0.003958 9.036458
-0.004777 -0.004139 9.036458
-0.004734 -0.004332 9.036458
-0.004667 -0.004518 9.036458
-0.004620 -0.004709 9.036458
-0.004548 -0.004893 9.036458
-0.004506 -0.005085 9.036458
-0.004440 -0.005272 9.036458
-0.004398 -0.005464 9.036458
-0.004338 -0.005652 9.036458
-0.004281 -0.005841 9.036458
-0.004224 -0.006030 9.036458
-0.004164 -0.006218 9.036458
-0.004103 -0.006406 9.036458
-0.004049 -0.006595 9.036458
-0.003898 -0.006722 9.036458
-0.003705 -0.006682 9.036458
-0.003513 -0.006638 9.036458
-0.003320 -0.006593 9.036458
-0.003130 -0.006543 9.036458
-0.002940 -0.006488 9.036458
-0.002748 -0.006445 9.036458
-0.002553 -0.006416 9.036458
-0.002359 -0.006379 9.036458
-0.002165 -0.006344 9.036458
-0.001975 -0.006290 9.036458
-0.001782 -0.006250 9.036458
-0.001592 -0.006197 9.036458
-0.001397 -0.006162 9.036458
-0.001208 -0.006107 9.036458
-0.001012 -0.006087 9.036458
-0.000816 -0.006066 9.036458
-0.000619 -0.006051 9.036458
-0.000423 -0.006028 9.036458
-0.000226 -0.006012 9.036458
-0.000029 -0.006001 9.036458
0.000165 -0.006038 9.036458
0.000360 -0.006065 9.036458
0.000555 -0.006097 9.036458
0.000747 -0.006142 9.036458
0.000942 -0.006171 9.036458
0.001135 -0.006212 9.036458
0.001329 -0.006249 9.036458
0.001515 -0.006313 9.036458
0.001710 -0.006347 9.036458
0.001899 -0.006401 9.036458
0.002092 -0.006442 9.036458
0.002284 -0.006490 9.036458
0.002475 -0.006538 9.036458
0.002666 -0.006587 9.036458
0.002859 -0.006629 9.036458
0.003051 -0.006675 9.036458
0.003243 -0.006719 9.036458
0.003437 -0.006758 9.036458
0.003628 -0.006804 9.036458
0.003814 -0.006736 9.036458
0.003873 -0.006547 9.036458
0.003927 -0.006358 9.036458
0.003986 -0.006169 9.036458
0.004043 -0.005981 9.036458
0.004094 -0.005790 9.036458
0.004143 -0.005599 9.036458
0.004209 -0.005413 9.036458
0.004268 -0.005225 9.036458
0.004345 -0.005043 9.036458
0.004400 -0.004854 9.036458
0.004481 -0.004674 9.036458
0.004519 -0.004480 9.036458
0.004600 -0.004300 9.036458
0.004663 -0.004113 9.036458
0.004760 -0.003941 9.036458
0.004834 -0.003758 9.036458
0.004943 -0.003594 9.036458
0.005008 -0.003408 9.036458
0.005099 -0.003233 9.036458
0.005166 -0.003047 9.036458
0.005281 -0.002887 9.036458
0.005411 -0.002739 9.036458
0.005521 -0.002575 9.036458
0.005661 -0.002436 9.036458
0.005777 -0.002276 9.036458
0.005914 -0.002134 9.036458
0.006030 -0.001974 9.036458
0.006186 -0.001853 9.036458
0.006306 -0.001697 9.036458
0.006454 -0.001567 9.036458
0.006581 -0.001415 9.036458
0.006724 -0.001280 9.036458
0.006857 -0.001134 9.036458
0.006998 -0.000996 9.036458
0.007129 -0.000849 9.036458
0.007267 -0.000708 9.036458
0.007402 -0.000563 9.036458
0.007533 -0.000416 9.036458
0.007667 -0.000271 9.036458
0.007699 -0.000077 9.036458

