0.007839 -0.000055 9.730903
0.007698 0.000089 9.730903
0.007557 0.000234 9.730903
0.007417 0.000379 9.730903
0.007279 0.000526 9.730903
0.007145 0.000677 9.730903
0.006999 0.000817 9.730903
0.006864 0.000966 9.730903
0.006723 0.001111 9.730903
0.006595 0.001267 9.730903
0.006453 0.001411 9.730903
0.006333 0.001572 9.730903
0.006174 0.001697 9.730903
0.006060 0.001864 9.730903
0.005930 0.002018 9.730903
0.005819 0.002186 9.730903
0.005696 0.002347 9.730903
0.005592 0.002519 9.730903
0.005469 0.002680 9.730903
0.005350 0.002843 9.730903
0.005243 0.003014 9.730903
0.005173 0.003203 9.730903
0.005092 0.003388 9.730903
0.005014 0.003574 9.730903
0.004941 0.003762 9.730903
0.004858 0.003946 9.730903
0.004808 0.004142 9.730903
0.004736 0.004330 9.730903
0.004680 0.004524 9.730903
0.004609 0.004713 9.730903
0.004576 0.004912 9.730903
0.004506 0.005101 9.730903
0.004467 0.005299 9.730903
0.004397 0.005489 9.730903
0.004344 0.005683 9.730903
0.004278 0.005874 9.730903
0.004221 0.006068 9.730903
0.004154 0.006258 9.730903
0.004097 0.006451 9.730903
0.004032 0.006643 9.730903
0.003866 0.006758 9.730903
0.003672 0.006703 9.730903
0.003477 0.006651 9.730903
0.003283 0.006596 9.730903
0.003086 0.006551 9.730903
0.002891 0.006501 9.730903
0.002693 0.006459 9.730903
0.002498 0.006410 9.730903
0.002299 0.006373 9.730903
0.002105 0.006319 9.730903
0.001909 0.006270 9.730903
0.001711 0.006232 9.730903
0.001516 0.006178 9.730903
0.001316 0.006199 9.730903
0.001143 0.006304 9.730903
0.000961 0.006217 9.730903
0.000762 0.006183 9.730903
0.000566 0.006131 9.730903
0.000367 0.006102 9.730903
0.000167 0.006071 9.730903
-0.000033 0.006045 9.730903
-0.000234 0.006066 9.730903
-0.000434 0.006091 9.730903
-0.000630 0.006140 9.730903
-0.000829 0.006170 9.730903
-0.001016 0.006246 9.730903
-0.001205 0.006174 9.730903
-0.001406 0.006187 9.730903
-0.001602 0.006238 9.730903
-0.001802 0.006265 9.730903
-0.002001 0.006298 9.730903
-0.002198 0.006340 9.730903
-0.002398 0.006369 9.730903
-0.002591 0.006428 9.730903
-0.002788 0.006470 9.730903
-0.002981 0.006529 9.730903
-0.003179 0.006568 9.730903
-0.003376 0.006612 9.730903
-0.003572 0.006660 9.730903
-0.003768 0.006711 9.730903
-0.003961 0.006768 9.730903
-0.004129 0.006657 9.730903
-0.004193 0.006465 9.730903
-0.004253 0.006273 9.730903
-0.004319 0.006082 9.730903
-0.004376 0.005888 9.730903
-0.004440 0.005697 9.730903
-0.004495 0.005503 9.730903
-0.004562 0.005312 9.730903
-0.004602 0.005115 9.730903
-0.004673 0.004926 9.730903
-0.004703 0.004726 9.730903
-0.004781 0.004540 9.730903
-0.004818 0.004342 9.730903
-0.004886 0.004152 9.730903
-0.004924 0.003953 9.730903
-0.005006 0.003769 9.730903
-0.005057 0.003574 9.730903
-0.005135 0.003388 9.730903
-0.005197 0.003196 9.730903
-0.005271 0.003008 9.730903
-0.005396 0.002849 9.730903
-0.005513 0.002685 9.730903
-0.005652 0.002538 9.730903
-0.005764 0.002371 9.730903
-0.005906 0.002227 9.730903
-0.006031 0.002069 9.730903
-0.006184 0.001937 9.730903
-0.006302 0.001773 9.730903
-0.006455 0.001642 9.730903
-0.006584 0.001487 9.730903
-0.006735 0.001353 9.730903
-0.006864 0.001198 9.730903
-0.007009 0.001058 9.730903
-0.007140 0.000903 9.730903
-0.007283 0.000761 9.730903
-0.007416 0.000609 9.730903
-0.007553 0.000461 9.730903
-0.007695 0.000318 9.730903
-0.007838 0.000176 9.730903
-0.007875 -0.000023 9.730903
-0.007746 -0.000178 9.730903
-0.007616 -0.000333 9.730903
-0.007477 -0.000479 9.730903
-0.007341 -0.000628 9.730903
-0.007194 -0.000766 9.730903
-0.007061 -0.000918 9.730903
-0.006923 -0.001065 9.730903
-0.006798 -0.001224 9.730903
-0.006649 -0.001360 9.730903
-0.006513 -0.001509 9.730903
-0.006356 -0.001636 9.730903
-0.006228 -0.001792 9.730903
-0.006077 -0.001926 9.730903
-0.005948 -0.002081 9.730903
-0.005808 -0.002227 9.730903
-0.005707 -0.002401 9.730903
-0.005579 -0.002557 9.730903
-0.005473 -0.002729 9.730903
-0.005339 -0.002879 9.730903
-0.005245 -0.003058 9.730903
-0.005201 -0.003255 9.730903
-0.005114 -0.003437 9.730903
-0.005071 -0.003634 9.730903
-0.004987 -0.003818 9.730903
-0.004938 -0.004013 9.730903
-0.004871 -0.004204 9.730903
-0.004828 -0.004401 9.730903
-0.004754 -0.004588 9.730903
-0.004707 -0.004785 9.730903
-0.004640 -0.004975 9.730903
-0.004600 -0.005173 9.730903
-0.004532 -0.005363 9.730903
-0.004487 -0.005560 9.730903
-0.004415 -0.005748 9.730903
-0.004364 -0.005943 9.730903
-0.004299 -0.006134 9.730903
-0.004241 -0.006328 9.730903
-0.004185 -0.006522 9.730903
-0.004132 -0.006716 9.730903
-0.003973 -0.006841 9.730903
-0.003775 -0.006799 9.730903
-0.003578 -0.006758 9.730903
-0.003381 -0.006714 9.730903
-0.003183 -0.006675 9.730903
-0.002986 -0.006629 9.730903
-0.002794 -0.006568 9.730903
-0.002597 -0.006522 9.730903
-0.002402 -0.006473 9.730903
-0.002202 -0.006446 9.730903
-0.002004 -0.006404 9.730903
-0.001805 -0.006372 9.730903
-0.001612 -0.006313 9.730903
-0.001413 -0.006278 9.730903
-0.001219 -0.006224 9.730903
-0.001023 -0.006176 9.730903
-0.000826 -0.006132 9.730903
-0.000626 -0.006100 9.730903
-0.000425 -0.006084 9.730903
-0.000226 -0.006053 9.730903
-0.000025 -0.006071 9.730903
0.000168 -0.006130 9.730903
0.000369 -0.006151 9.730903
0.000564 -0.006203 9.730903
0.000763 -0.006236 9.730903
0.000961 -0.006276 9.730903
0.001154 -0.006333 9.730903
0.001351 -0.006379 9.730903
0.001546 -0.006431 9.730903
0.001744 -0.006467 9.730903
0.001937 -0.006528 9.730903
0.002135 -0.006565 9.730903
0.002329 -0.006622 9.730903
0.002526 -0.006664 9.730903
0.002723 -0.006709 9.730903
0.002920 -0.006752 9.730903
0.003117 -0.006797 9.730903
0.003314 -0.006838 9.730903
0.003510 -0.006886 9.730903
0.003707 -0.006933 9.730903
0.003892 -0.006852 9.730903
0.003950 -0.006659 9.730903
0.004009 -0.006466 9.730903
0.004066 -0.006272 9.730903
0.004124 -0.006079 9.730903
0.004191 -0.005888 9.730903
0.004236 -0.005692 9.730903
0.004298 -0.005500 9.730903
0.004338 -0.005302 9.730903
0.004416 -0.005116 9.730903
0.004461 -0.004919 9.730903
0.004549 -0.004737 9.730903
0.004603 -0.004543 9.730903
0.004678 -0.004355 9.730903
0.004729 -0.004160 9.730903
0.004799 -0.003971 9.730903
0.004882 -0.003787 9.730903
0.005011 -0.003632 9.730903
0.005068 -0.003438 9.730903
0.005147 -0.003252 9.730903
0.005230 -0.003068 9.730903
0.005358 -0.002913 9.730903
0.005489 -0.002759 9.730903
0.005615 -0.002601 9.730903
0.005756 -0.002457 9.730903
0.005875 -0.002294 9.730903
0.006026 -0.002159 9.730903
0.006157 -0.002007 9.730903
0.006311 -0.001875 9.730903
0.006432 -0.001714 9.730903
0.006590 -0.001588 9.730903
0.006716 -0.001430 9.730903
0.006868 -0.001299 9.730903
0.006997 -0.001144 9.730903
0.007141 -0.001002 9.730903
0.007273 -0.000849 9.730903
0.007414 -0.000705 9.730903
0.007544 -0.000551 9.730903
0.007683 -0.000404 9.730903
0.007820 -0.000255 9.730903
0.007839 -0.000055 9.730903

