0.006900 -0.000001 5.611111
0.006834 0.000161 5.611111
0.006731 0.000301 5.611111
0.006623 0.000438 5.611111
0.006518 0.000578 5.611111
0.006406 0.000712 5.611111
0.006299 0.000849 5.611111
0.006192 0.000987 5.611111
0.006084 0.001124 5.611111
0.005974 0.001259 5.611111
0.005861 0.001392 5.611111
0.005756 0.001532 5.611111
0.005650 0.001670 5.611111
0.005538 0.001805 5.611111
0.005428 0.001939 5.611111
0.005316 0.002073 5.611111
0.005211 0.002213 5.611111
0.005108 0.002353 5.611111
0.004994 0.002486 5.611111
0.004881 0.002619 5.611111
0.004773 0.002755 5.611111
0.004709 0.002918 5.611111
0.004650 0.003082 5.611111
0.004592 0.003247 5.611111
0.004522 0.003407 5.611111
0.004454 0.003567 5.611111
0.004393 0.003731 5.611111
0.004332 0.003894 5.611111
0.004272 0.004058 5.611111
0.004204 0.004219 5.611111
0.004136 0.004379 5.611111
0.004078 0.004544 5.611111
0.004015 0.004707 5.611111
0.003952 0.004869 5.611111
0.003885 0.005030 5.611111
0.003820 0.005192 5.611111
0.003760 0.005356 5.611111
0.003693 0.005517 5.611111
0.003629 0.005680 5.611111
0.003560 0.005840 5.611111
0.003450 0.005975 5.611111
0.003278 0.006002 5.611111
0.003104 0.005982 5.611111
0.002932 0.005956 5.611111
0.002759 0.005934 5.611111
0.002587 0.005904 5.611111
0.002414 0.005880 5.611111
0.002241 0.005857 5.611111
0.002069 0.005830 5.611111
0.001896 0.005803 5.611111
0.001725 0.005772 5.611111
0.001551 0.005751 5.611111
0.001378 0.005728 5.611111
0.001206 0.005699 5.611111
0.001034 0.005670 5.611111
0.000862 0.005640 5.611111
0.000689 0.005619 5.611111
0.000516 0.005600 5.611111
0.000344 0.005568 5.611111
0.000173 0.005537 5.611111
-0.000000 0.005511 5.611111
-0.000173 0.005537 5.611111
-0.000344 0.005568 5.611111
-0.000516 0.005600 5.611111
-0.000689 0.005619 5.611111
-0.000862 0.005640 5.611111
-0.001034 0.005670 5.611111
-0.001206 0.005699 5.611111
-0.001378 0.005728 5.611111
-0.001551 0.005751 5.611111
-0.001725 0.005772 5.611111
-0.001896 0.005803 5.611111
-0.002069 0.005830 5.611111
-0.002241 0.005857 5.611111
-0.002414 0.005879 5.611111
-0.002587 0.005904 5.611111
-0.002759 0.005934 5.611111
-0.002932 0.005955 5.611111
-0.003105 0.005980 5.611111
-0.003278 0.005999 5.611111
-0.003451 0.005975 5.611111
-0.003563 0.005841 5.611111
-0.003631 0.005680 5.611111
-0.003694 0.005518 5.611111
-0.003761 0.005356 5.611111
-0.003820 0.005192 5.611111
-0.003885 0.005030 5.611111
-0.003952 0.004869 5.611111
-0.004015 0.004707 5.611111
-0.004078 0.004544 5.611111
-0.004136 0.004379 5.611111
-0.004204 0.004219 5.611111
-0.004272 0.004058 5.611111
-0.004332 0.003894 5.611111
-0.004393 0.003731 5.611111
-0.004454 0.003567 5.611111
-0.004522 0.003406 5.611111
-0.004592 0.003247 5.611111
-0.004650 0.003082 5.611111
-0.004709 0.002918 5.611111
-0.004773 0.002755 5.611111
-0.004881 0.002619 5.611111
-0.004994 0.002486 5.611111
-0.005108 0.002353 5.611111
-0.005211 0.002213 5.611111
-0.005316 0.002073 5.611111
-0.005428 0.001939 5.611111
-0.005538 0.001805 5.611111
-0.005650 0.001670 5.611111
-0.005756 0.001532 5.611111
-0.005861 0.001392 5.611111
-0.005974 0.001259 5.611111
-0.006084 0.001124 5.611111
-0.006193 0.000988 5.611111
-0.006299 0.000849 5.611111
-0.006407 0.000712 5.611111
-0.006519 0.000578 5.611111
-0.006624 0.000439 5.611111
-0.006733 0.000303 5.611111
-0.006838 0.000163 5.611111
-0.006900 0.000000 5.611111
-0.006836 -0.000162 5.611111
-0.006732 -0.000302 5.611111
-0.006624 -0.000439 5.611111
-0.006518 -0.000578 5.611111
-0.006407 -0.000712 5.611111
-0.006299 -0.000849 5.611111
-0.006192 -0.000988 5.611111
-0.006084 -0.001124 5.611111
-0.005974 -0.001260 5.611111
-0.005861 -0.001392 5.611111
-0.005756 -0.001532 5.611111
-0.005650 -0.001670 5.611111
-0.005538 -0.001805 5.611111
-0.005427 -0.001939 5.611111
-0.005316 -0.002073 5.611111
-0.005211 -0.002213 5.611111
-0.005107 -0.002353 5.611111
-0.004994 -0.002486 5.611111
-0.004881 -0.002619 5.611111
-0.004773 -0.002756 5.611111
-0.004709 -0.002918 5.611111
-0.004650 -0.003082 5.611111
-0.004592 -0.003247 5.611111
-0.004522 -0.003407 5.611111
-0.004454 -0.003567 5.611111
-0.004393 -0.003731 5.611111
-0.004332 -0.003894 5.611111
-0.004272 -0.004058 5.611111
-0.004204 -0.004219 5.611111
-0.004136 -0.004379 5.611111
-0.004078 -0.004544 5.611111
-0.004015 -0.004707 5.611111
-0.003952 -0.004869 5.611111
-0.003885 -0.005031 5.611111
-0.003820 -0.005193 5.611111
-0.003761 -0.005357 5.611111
-0.003694 -0.005518 5.611111
-0.003631 -0.005681 5.611111
-0.003565 -0.005842 5.611111
-0.003451 -0.005974 5.611111
-0.003278 -0.005997 5.611111
-0.003105 -0.005979 5.611111
-0.002932 -0.005954 5.611111
-0.002759 -0.005933 5.611111
-0.002587 -0.005904 5.611111
-0.002414 -0.005879 5.611111
-0.002241 -0.005856 5.611111
-0.002069 -0.005830 5.611111
-0.001896 -0.005803 5.611111
-0.001725 -0.005772 5.611111
-0.001551 -0.005750 5.611111
-0.001378 -0.005728 5.611111
-0.001206 -0.005699 5.611111
-0.001034 -0.005670 5.611111
-0.000862 -0.005640 5.611111
-0.000689 -0.005619 5.611111
-0.000516 -0.005600 5.611111
-0.000344 -0.005568 5.611111
-0.000173 -0.005537 5.611111
0.000000 -0.005511 5.611111
0.000173 -0.005537 5.611111
0.000344 -0.005568 5.611111
0.000516 -0.005600 5.611111
0.000689 -0.005619 5.611111
0.000862 -0.005640 5.611111
0.001034 -0.005670 5.611111
0.001206 -0.005699 5.611111
0.001378 -0.005728 5.611111
0.001551 -0.005751 5.611111
0.001725 -0.005772 5.611111
0.001896 -0.005803 5.611111
0.002069 -0.005831 5.611111
0.002241 -0.005857 5.611111
0.002414 -0.005880 5.611111
0.002587 -0.005905 5.611111
0.002758 -0.005935 5.611111
0.002931 -0.005958 5.611111
0.003104 -0.005986 5.611111
0.003277 -0.006009 5.611111
0.003448 -0.005976 5.611111
0.003554 -0.005837 5.611111
0.003625 -0.005678 5.611111
0.003691 -0.005516 5.611111
0.003759 -0.005356 5.611111
0.003819 -0.005192 5.611111
0.003884 -0.005030 5.611111
0.003951 -0.004869 5.611111
0.004015 -0.004707 5.611111
0.004078 -0.004544 5.611111
0.004136 -0.004379 5.611111
0.004204 -0.004219 5.611111
0.004272 -0.004058 5.611111
0.004332 -0.003894 5.611111
0.004393 -0.003731 5.611111
0.004454 -0.003567 5.611111
0.004522 -0.003407 5.611111
0.004592 -0.003247 5.611111
0.004650 -0.003082 5.611111
0.004709 -0.002918 5.611111
0.004773 -0.002755 5.611111
0.004881 -0.002619 5.611111
0.004994 -0.002486 5.611111
0.005107 -0.002353 5.611111
0.005211 -0.002213 5.611111
0.005316 -0.002073 5.611111
0.005428 -0.001939 5.611111
0.005538 -0.001805 5.611111
0.005650 -0.001670 5.611111
0.005756 -0.001532 5.611111
0.005861 -0.001392 5.611111
0.005974 -0.001260 5.611111
0.006084 -0.001124 5.611111
0.006193 -0.000988 5.611111
0.006299 -0.000849 5.611111
0.006407 -0.000712 5.611111
0.006519 -0.000579 5.611111
0.006625 -0.000440 5.611111
0.006734 -0.000304 5.611111
0.006840 -0.000165 5.611111
0.006900 -0.000001 5.611111

