0.006385 -0.000000 3.045139
0.006331 0.000153 3.045139
0.006229 0.000278 3.045139
0.006128 0.000405 3.045139
0.006029 0.000533 3.045139
0.005928 0.000659 3.045139
0.005824 0.000782 3.045139
0.005721 0.000907 3.045139
0.005623 0.001037 3.045139
0.005526 0.001166 3.045139
0.005423 0.001291 3.045139
0.005316 0.001412 3.045139
0.005212 0.001536 3.045139
0.005114 0.001665 3.045139
0.005020 0.001796 3.045139
0.004922 0.001925 3.045139
0.004819 0.002050 3.045139
0.004710 0.002170 3.045139
0.004603 0.002291 3.045139
0.004493 0.002409 3.045139
0.004391 0.002535 3.045139
0.004333 0.002686 3.045139
0.004286 0.002841 3.045139
0.004234 0.002994 3.045139
0.004185 0.003148 3.045139
0.004128 0.003300 3.045139
0.004066 0.003449 3.045139
0.003999 0.003596 3.045139
0.003936 0.003746 3.045139
0.003881 0.003898 3.045139
0.003829 0.004051 3.045139
0.003773 0.004203 3.045139
0.003709 0.004352 3.045139
0.003646 0.004501 3.045139
0.003589 0.004652 3.045139
0.003535 0.004805 3.045139
0.003476 0.004955 3.045139
0.003415 0.005105 3.045139
0.003356 0.005256 3.045139
0.003298 0.005407 3.045139
0.003193 0.005530 3.045139
0.003033 0.005559 3.045139
0.002874 0.005534 3.045139
0.002714 0.005510 3.045139
0.002553 0.005488 3.045139
0.002393 0.005464 3.045139
0.002234 0.005434 3.045139
0.002075 0.005408 3.045139
0.001914 0.005388 3.045139
0.001753 0.005369 3.045139
0.001594 0.005342 3.045139
0.001435 0.005310 3.045139
0.001276 0.005281 3.045139
0.001115 0.005261 3.045139
0.000954 0.005245 3.045139
0.000794 0.005225 3.045139
0.000634 0.005198 3.045139
0.000476 0.005164 3.045139
0.000317 0.005132 3.045139
0.000160 0.005095 3.045139
-0.000000 0.005070 3.045139
-0.000160 0.005095 3.045139
-0.000317 0.005132 3.045139
-0.000476 0.005164 3.045139
-0.000634 0.005198 3.045139
-0.000794 0.005225 3.045139
-0.000954 0.005245 3.045139
-0.001115 0.005261 3.045139
-0.001276 0.005281 3.045139
-0.001435 0.005310 3.045139
-0.001594 0.005342 3.045139
-0.001753 0.005369 3.045139
-0.001914 0.005388 3.045139
-0.002075 0.005408 3.045139
-0.002234 0.005434 3.045139
-0.002393 0.005464 3.045139
-0.002553 0.005488 3.045139
-0.002714 0.005510 3.045139
-0.002874 0.005534 3.045139
-0.003033 0.005559 3.045139
-0.003193 0.005530 3.045139
-0.003298 0.005407 3.045139
-0.003356 0.005256 3.045139
-0.003415 0.005105 3.045139
-0.003476 0.004955 3.045139
-0.003535 0.004805 3.045139
-0.003589 0.004652 3.045139
-0.003646 0.004501 3.045139
-0.003709 0.004352 3.045139
-0.003773 0.004203 3.045139
-0.003829 0.004051 3.045139
-0.003881 0.003898 3.045139
-0.003936 0.003746 3.045139
-0.003999 0.003596 3.045139
-0.004066 0.003449 3.045139
-0.004128 0.003300 3.045139
-0.004185 0.003148 3.045139
-0.004234 0.002994 3.045139
-0.004286 0.002841 3.045139
-0.004333 0.002686 3.045139
-0.004391 0.002535 3.045139
-0.004493 0.002409 3.045139
-0.004603 0.002291 3.045139
-0.004710 0.002170 3.045139
-0.004819 0.002050 3.045139
-0.004922 0.001925 3.045139
-0.005020 0.001796 3.045139
-0.005114 0.001665 3.045139
-0.005212 0.001536 3.045139
-0.005316 0.001412 3.045139
-0.005423 0.001291 3.045139
-0.005526 0.001166 3.045139
-0.005623 0.001037 3.045139
-0.005721 0.000907 3.045139
-0.005824 0.000782 3.045139
-0.005928 0.000659 3.045139
-0.006029 0.000533 3.045139
-0.006128 0.000405 3.045139
-0.006229 0.000278 3.045139
-0.006331 0.000153 3.045139
-0.006385 0.000000 3.045139
-0.006331 -0.000153 3.045139
-0.006229 -0.000278 3.045139
-0.006128 -0.000405 3.045139
-0.006029 -0.000533 3.045139
-0.005928 -0.000659 3.045139
-0.005824 -0.000782 3.045139
-0.005721 -0.000907 3.045139
-0.005623 -0.001037 3.045139
-0.005526 -0.001166 3.045139
-0.005423 -0.001291 3.045139
-0.005316 -0.001412 3.045139
-0.005212 -0.001536 3.045139
-0.005114 -0.001665 3.045139
-0.005020 -0.001796 3.045139
-0.004922 -0.001925 3.045139
-0.004819 -0.002050 3.045139
-0.004710 -0.002170 3.045139
-0.004603 -0.002291 3.045139
-0.004493 -0.002409 3.045139
-0.004391 -0.002535 3.045139
-0.004333 -0.002686 3.045139
-0.004286 -0.002841 3.045139
-0.004234 -0.002994 3.045139
-0.004185 -0.003148 3.045139
-0.004128 -0.003300 3.045139
-0.004066 -0.003449 3.045139
-0.003999 -0.003596 3.045139
-0.003936 -0.003746 3.045139
-0.003881 -0.003898 3.045139
-0.003829 -0.004051 3.045139
-0.003773 -0.004203 3.045139
-0.003709 -0.004352 3.045139
-0.003646 -0.004501 3.045139
-0.003589 -0.004652 3.045139
-0.003535 -0.004805 3.045139
-0.003476 -0.004955 3.045139
-0.003415 -0.005105 3.045139
-0.003356 -0.005256 3.045139
-0.003298 -0.005407 3.045139
-0.003193 -0.005530 3.045139
-0.003033 -0.005559 3.045139
-0.002874 -0.005534 3.045139
-0.002714 -0.005510 3.045139
-0.002553 -0.005488 3.045139
-0.002393 -0.005464 3.045139
-0.002234 -0.005434 3.045139
-0.002075 -0.005408 3.045139
-0.001914 -0.005388 3.045139
-0.001753 -0.005369 3.045139
-0.001594 -0.005342 3.045139
-0.001435 -0.005310 3.045139
-0.001276 -0.005281 3.045139
-0.001115 -0.005261 3.045139
-0.000954 -0.005245 3.045139
-0.000794 -0.005225 3.045139
-0.000634 -0.005198 3.045139
-0.000476 -0.005164 3.045139
-0.000317 -0.005132 3.045139
-0.000160 -0.005095 3.045139
0.000000 -0.005070 3.045139
0.000160 -0.005095 3.045139
0.000317 -0.005132 3.045139
0.000476 -0.005164 3.045139
0.000634 -0.005198 3.045139
0.000794 -0.005225 3.045139
0.000954 -0.005245 3.045139
0.001115 -0.005261 3.045139
0.001276 -0.005281 3.045139
0.001435 -0.005310 3.045139
0.001594 -0.005342 3.045139
0.001753 -0.005369 3.045139
0.001914 -0.005388 3.045139
0.002075 -0.005408 3.045139
0.002234 -0.005434 3.045139
0.002393 -0.005464 3.045139
0.002553 -0.005488 3.045139
0.002714 -0.005510 3.045139
0.002874 -0.005534 3.045139
0.003033 -0.005559 3.045139
0.003193 -0.005530 3.045139
0.003298 -0.005407 3.045139
0.003356 -0.005256 3.045139
0.003415 -0.005105 3.045139
0.003476 -0.004955 3.045139
0.003535 -0.004805 3.045139
0.003589 -0.004652 3.045139
0.003646 -0.004501 3.045139
0.003709 -0.004352 3.045139
0.003773 -0.004203 3.045139
0.003829 -0.004051 3.045139
0.003881 -0.003898 3.045139
0.003936 -0.003746 3.045139
0.003999 -0.003596 3.045139
0.004066 -0.003449 3.045139
0.004128 -0.003300 3.045139
0.004185 -0.003148 3.045139
0.004234 -0.002994 3.045139
0.004286 -0.002841 3.045139
0.004333 -0.002686 3.045139
0.004391 -0.002535 3.045139
0.004493 -0.002409 3.045139
0.004603 -0.002291 3.045139
0.004710 -0.002170 3.045139
0.004819 -0.002050 3.045139
0.004922 -0.001925 3.045139
0.005020 -0.001796 3.045139
0.005114 -0.001665 3.045139
0.005212 -0.001536 3.045139
0.005316 -0.001412 3.045139
0.005423 -0.001291 3.045139
0.005526 -0.001166 3.045139
0.005623 -0.001037 3.045139
0.005721 -0.000907 3.045139
0.005824 -0.000782 3.045139
0.005928 -0.000659 3.045139
0.006029 -0.000533 3.045139
0.006128 -0.000405 3.045139
0.006229 -0.000278 3.045139
0.006331 -0.000153 3.045139
0.006385 -0.000000 3.045139

