0.006822 -0.000000 5.192708
0.006763 0.000162 5.192708
0.006657 0.000298 5.192708
0.006548 0.000432 5.192708
0.006441 0.000567 5.192708
0.006333 0.000702 5.192708
0.006229 0.000839 5.192708
0.006117 0.000971 5.192708
0.006009 0.001105 5.192708
0.005902 0.001241 5.192708
0.005797 0.001378 5.192708
0.005690 0.001513 5.192708
0.005576 0.001643 5.192708
0.005469 0.001778 5.192708
0.005364 0.001915 5.192708
0.005259 0.002052 5.192708
0.005152 0.002187 5.192708
0.005037 0.002316 5.192708
0.004928 0.002450 5.192708
0.004826 0.002589 5.192708
0.004720 0.002725 5.192708
0.004655 0.002885 5.192708
0.004586 0.003043 5.192708
0.004524 0.003204 5.192708
0.004470 0.003368 5.192708
0.004407 0.003529 5.192708
0.004341 0.003688 5.192708
0.004275 0.003847 5.192708
0.004211 0.004008 5.192708
0.004155 0.004171 5.192708
0.004092 0.004332 5.192708
0.004025 0.004491 5.192708
0.003961 0.004651 5.192708
0.003899 0.004812 5.192708
0.003842 0.004975 5.192708
0.003775 0.005134 5.192708
0.003712 0.005295 5.192708
0.003648 0.005455 5.192708
0.003587 0.005616 5.192708
0.003523 0.005776 5.192708
0.003411 0.005908 5.192708
0.003241 0.005939 5.192708
0.003070 0.005915 5.192708
0.002900 0.005887 5.192708
0.002729 0.005862 5.192708
0.002559 0.005836 5.192708
0.002388 0.005814 5.192708
0.002218 0.005783 5.192708
0.002047 0.005756 5.192708
0.001877 0.005732 5.192708
0.001705 0.005709 5.192708
0.001535 0.005684 5.192708
0.001366 0.005650 5.192708
0.001195 0.005626 5.192708
0.001024 0.005603 5.192708
0.000852 0.005581 5.192708
0.000682 0.005555 5.192708
0.000513 0.005520 5.192708
0.000342 0.005493 5.192708
0.000171 0.005474 5.192708
-0.000000 0.005450 5.192708
-0.000171 0.005474 5.192708
-0.000342 0.005493 5.192708
-0.000513 0.005520 5.192708
-0.000682 0.005555 5.192708
-0.000853 0.005581 5.192708
-0.001024 0.005603 5.192708
-0.001195 0.005626 5.192708
-0.001366 0.005650 5.192708
-0.001535 0.005684 5.192708
-0.001705 0.005709 5.192708
-0.001877 0.005732 5.192708
-0.002047 0.005756 5.192708
-0.002218 0.005783 5.192708
-0.002388 0.005814 5.192708
-0.002559 0.005836 5.192708
-0.002729 0.005862 5.192708
-0.002900 0.005886 5.192708
-0.003070 0.005914 5.192708
-0.003241 0.005938 5.192708
-0.003411 0.005908 5.192708
-0.003523 0.005777 5.192708
-0.003588 0.005617 5.192708
-0.003648 0.005455 5.192708
-0.003712 0.005295 5.192708
-0.003775 0.005134 5.192708
-0.003842 0.004975 5.192708
-0.003899 0.004812 5.192708
-0.003961 0.004651 5.192708
-0.004025 0.004491 5.192708
-0.004092 0.004332 5.192708
-0.004155 0.004171 5.192708
-0.004211 0.004008 5.192708
-0.004275 0.003847 5.192708
-0.004341 0.003688 5.192708
-0.004407 0.003529 5.192708
-0.004470 0.003368 5.192708
-0.004524 0.003204 5.192708
-0.004586 0.003043 5.192708
-0.004655 0.002885 5.192708
-0.004720 0.002725 5.192708
-0.004826 0.002589 5.192708
-0.004928 0.002450 5.192708
-0.005037 0.002316 5.192708
-0.005152 0.002187 5.192708
-0.005259 0.002052 5.192708
-0.005364 0.001915 5.192708
-0.005469 0.001778 5.192708
-0.005576 0.001643 5.192708
-0.005690 0.001513 5.192708
-0.005797 0.001378 5.192708
-0.005902 0.001241 5.192708
-0.006009 0.001105 5.192708
-0.006117 0.000971 5.192708
-0.006229 0.000839 5.192708
-0.006333 0.000702 5.192708
-0.006441 0.000567 5.192708
-0.006548 0.000432 5.192708
-0.006658 0.000298 5.192708
-0.006764 0.000162 5.192708
-0.006822 0.000000 5.192708
-0.006764 -0.000162 5.192708
-0.006658 -0.000298 5.192708
-0.006548 -0.000432 5.192708
-0.006441 -0.000567 5.192708
-0.006333 -0.000702 5.192708
-0.006229 -0.000839 5.192708
-0.006117 -0.000971 5.192708
-0.006009 -0.001105 5.192708
-0.005902 -0.001241 5.192708
-0.005797 -0.001378 5.192708
-0.005690 -0.001513 5.192708
-0.005576 -0.001643 5.192708
-0.005469 -0.001778 5.192708
-0.005364 -0.001915 5.192708
-0.005259 -0.002052 5.192708
-0.005152 -0.002187 5.192708
-0.005037 -0.002316 5.192708
-0.004928 -0.002450 5.192708
-0.004826 -0.002589 5.192708
-0.004720 -0.002725 5.192708
-0.004655 -0.002885 5.192708
-0.004586 -0.003043 5.192708
-0.004524 -0.003204 5.192708
-0.004470 -0.003368 5.192708
-0.004407 -0.003529 5.192708
-0.004341 -0.003688 5.192708
-0.004275 -0.003847 5.192708
-0.004211 -0.004008 5.192708
-0.004155 -0.004171 5.192708
-0.004092 -0.004332 5.192708
-0.004025 -0.004491 5.192708
-0.003961 -0.004651 5.192708
-0.003899 -0.004812 5.192708
-0.003842 -0.004975 5.192708
-0.003775 -0.005134 5.192708
-0.003712 -0.005295 5.192708
-0.003648 -0.005455 5.192708
-0.003588 -0.005617 5.192708
-0.003524 -0.005777 5.192708
-0.003411 -0.005908 5.192708
-0.003241 -0.005938 5.192708
-0.003070 -0.005914 5.192708
-0.002900 -0.005886 5.192708
-0.002729 -0.005862 5.192708
-0.002559 -0.005836 5.192708
-0.002388 -0.005814 5.192708
-0.002218 -0.005783 5.192708
-0.002047 -0.005756 5.192708
-0.001877 -0.005732 5.192708
-0.001705 -0.005709 5.192708
-0.001535 -0.005684 5.192708
-0.001366 -0.005650 5.192708
-0.001195 -0.005626 5.192708
-0.001024 -0.005603 5.192708
-0.000853 -0.005581 5.192708
-0.000682 -0.005555 5.192708
-0.000513 -0.005520 5.192708
-0.000342 -0.005493 5.192708
-0.000171 -0.005474 5.192708
0.000000 -0.005450 5.192708
0.000171 -0.005474 5.192708
0.000342 -0.005493 5.192708
0.000513 -0.005520 5.192708
0.000682 -0.005555 5.192708
0.000853 -0.005581 5.192708
0.001024 -0.005603 5.192708
0.001195 -0.005626 5.192708
0.001366 -0.005650 5.192708
0.001535 -0.005684 5.192708
0.001705 -0.005709 5.192708
0.001877 -0.005732 5.192708
0.002047 -0.005756 5.192708
0.002218 -0.005783 5.192708
0.002388 -0.005814 5.192708
0.002559 -0.005836 5.192708
0.002729 -0.005862 5.192708
0.002900 -0.005887 5.192708
0.003070 -0.005916 5.192708
0.003241 -0.005940 5.192708
0.003411 -0.005908 5.192708
0.003521 -0.005776 5.192708
0.003587 -0.005616 5.192708
0.003647 -0.005455 5.192708
0.003712 -0.005295 5.192708
0.003774 -0.005134 5.192708
0.003842 -0.004975 5.192708
0.003899 -0.004812 5.192708
0.003961 -0.004651 5.192708
0.004025 -0.004491 5.192708
0.004092 -0.004332 5.192708
0.004155 -0.004171 5.192708
0.004211 -0.004008 5.192708
0.004275 -0.003847 5.192708
0.004341 -0.003688 5.192708
0.004407 -0.003529 5.192708
0.004470 -0.003368 5.192708
0.004524 -0.003204 5.192708
0.004586 -0.003043 5.192708
0.004655 -0.002885 5.192708
0.004720 -0.002725 5.192708
0.004826 -0.002589 5.192708
0.004928 -0.002450 5.192708
0.005037 -0.002316 5.192708
0.005152 -0.002187 5.192708
0.005259 -0.002052 5.192708
0.005364 -0.001915 5.192708
0.005469 -0.001778 5.192708
0.005576 -0.001643 5.192708
0.005690 -0.001513 5.192708
0.005797 -0.001378 5.192708
0.005902 -0.001241 5.192708
0.006009 -0.001105 5.192708
0.006117 -0.000971 5.192708
0.006229 -0.000840 5.192708
0.006333 -0.000702 5.192708
0.006442 -0.000568 5.192708
0.006548 -0.000432 5.192708
0.006658 -0.000299 5.192708
0.006764 -0.000163 5.192708
0.006822 -0.000000 5.192708

