0.007390 -0.000081 7.760417
0.007260 0.000055 7.760417
0.007134 0.000195 7.760417
0.007009 0.000336 7.760417
0.006888 0.000480 7.760417
0.006765 0.000623 7.760417
0.006638 0.000763 7.760417
0.006520 0.000909 7.760417
0.006410 0.001062 7.760417
0.006302 0.001216 7.760417
0.006198 0.001373 7.760417
0.006097 0.001533 7.760417
0.005993 0.001689 7.760417
0.005895 0.001850 7.760417
0.005775 0.001996 7.760417
0.005669 0.002152 7.760417
0.005552 0.002299 7.760417
0.005449 0.002456 7.760417
0.005318 0.002592 7.760417
0.005211 0.002747 7.760417
0.005086 0.002888 7.760417
0.005005 0.003058 7.760417
0.004946 0.003237 7.760417
0.004868 0.003409 7.760417
0.004814 0.003589 7.760417
0.004725 0.003755 7.760417
0.004663 0.003933 7.760417
0.004588 0.004106 7.760417
0.004518 0.004280 7.760417
0.004437 0.004451 7.760417
0.004364 0.004624 7.760417
0.004291 0.004798 7.760417
0.004224 0.004974 7.760417
0.004155 0.005149 7.760417
0.004090 0.005326 7.760417
0.004036 0.005507 7.760417
0.003984 0.005687 7.760417
0.003931 0.005868 7.760417
0.003883 0.006050 7.760417
0.003829 0.006231 7.760417
0.003679 0.006345 7.760417
0.003495 0.006304 7.760417
0.003311 0.006264 7.760417
0.003129 0.006218 7.760417
0.002945 0.006178 7.760417
0.002759 0.006145 7.760417
0.002573 0.006119 7.760417
0.002384 0.006109 7.760417
0.002196 0.006100 7.760417
0.002008 0.006085 7.760417
0.001821 0.006073 7.760417
0.001633 0.006057 7.760417
0.001445 0.006045 7.760417
0.001258 0.006023 7.760417
0.001071 0.006001 7.760417
0.000885 0.005967 7.760417
0.000697 0.005963 7.760417
0.000514 0.005918 7.760417
0.000326 0.005902 7.760417
0.000142 0.005862 7.760417
-0.000046 0.005848 7.760417
-0.000230 0.005888 7.760417
-0.000418 0.005901 7.760417
-0.000600 0.005948 7.760417
-0.000788 0.005958 7.760417
-0.000975 0.005986 7.760417
-0.001162 0.006000 7.760417
-0.001348 0.006030 7.760417
-0.001537 0.006035 7.760417
-0.001725 0.006047 7.760417
-0.001913 0.006058 7.760417
-0.002101 0.006073 7.760417
-0.002288 0.006095 7.760417
-0.002474 0.006121 7.760417
-0.002660 0.006152 7.760417
-0.002845 0.006189 7.760417
-0.003031 0.006216 7.760417
-0.003218 0.006241 7.760417
-0.003403 0.006276 7.760417
-0.003587 0.006316 7.760417
-0.003770 0.006362 7.760417
-0.003920 0.006248 7.760417
-0.003973 0.006067 7.760417
-0.004021 0.005885 7.760417
-0.004074 0.005705 7.760417
-0.004124 0.005523 7.760417
-0.004174 0.005341 7.760417
-0.004231 0.005162 7.760417
-0.004286 0.004982 7.760417
-0.004340 0.004801 7.760417
-0.004403 0.004624 7.760417
-0.004467 0.004446 7.760417
-0.004539 0.004272 7.760417
-0.004606 0.004096 7.760417
-0.004674 0.003921 7.760417
-0.004736 0.003743 7.760417
-0.004824 0.003576 7.760417
-0.004875 0.003395 7.760417
-0.004956 0.003225 7.760417
-0.005010 0.003044 7.760417
-0.005094 0.002876 7.760417
-0.005224 0.002739 7.760417
-0.005327 0.002582 7.760417
-0.005461 0.002450 7.760417
-0.005563 0.002291 7.760417
-0.005683 0.002146 7.760417
-0.005794 0.001993 7.760417
-0.005917 0.001851 7.760417
-0.006024 0.001696 7.760417
-0.006139 0.001547 7.760417
-0.006255 0.001399 7.760417
-0.006376 0.001254 7.760417
-0.006499 0.001111 7.760417
-0.006621 0.000968 7.760417
-0.006746 0.000827 7.760417
-0.006877 0.000692 7.760417
-0.007006 0.000554 7.760417
-0.007135 0.000417 7.760417
-0.007267 0.000282 7.760417
-0.007395 0.000145 7.760417
-0.007419 -0.000042 7.760417
-0.007294 -0.000182 7.760417
-0.007170 -0.000325 7.760417
-0.007038 -0.000459 7.760417
-0.006903 -0.000590 7.760417
-0.006767 -0.000721 7.760417
-0.006632 -0.000852 7.760417
-0.006510 -0.000996 7.760417
-0.006395 -0.001145 7.760417
-0.006282 -0.001295 7.760417
-0.006175 -0.001451 7.760417
-0.006066 -0.001604 7.760417
-0.005965 -0.001763 7.760417
-0.005851 -0.001913 7.760417
-0.005742 -0.002067 7.760417
-0.005618 -0.002209 7.760417
-0.005521 -0.002370 7.760417
-0.005393 -0.002509 7.760417
-0.005282 -0.002660 7.760417
-0.005158 -0.002802 7.760417
-0.005050 -0.002957 7.760417
-0.004990 -0.003135 7.760417
-0.004912 -0.003307 7.760417
-0.004860 -0.003488 7.760417
-0.004778 -0.003658 7.760417
-0.004714 -0.003835 7.760417
-0.004637 -0.004007 7.760417
-0.004585 -0.004188 7.760417
-0.004508 -0.004360 7.760417
-0.004445 -0.004537 7.760417
-0.004381 -0.004714 7.760417
-0.004323 -0.004894 7.760417
-0.004268 -0.005074 7.760417
-0.004210 -0.005253 7.760417
-0.004150 -0.005431 7.760417
-0.004099 -0.005613 7.760417
-0.004046 -0.005794 7.760417
-0.003994 -0.005975 7.760417
-0.003945 -0.006157 7.760417
-0.003891 -0.006337 7.760417
-0.003739 -0.006449 7.760417
-0.003557 -0.006402 7.760417
-0.003372 -0.006366 7.760417
-0.003186 -0.006335 7.760417
-0.003000 -0.006304 7.760417
-0.002816 -0.006262 7.760417
-0.002635 -0.006209 7.760417
-0.002452 -0.006165 7.760417
-0.002268 -0.006126 7.760417
-0.002083 -0.006089 7.760417
-0.001897 -0.006064 7.760417
-0.001709 -0.006047 7.760417
-0.001521 -0.006034 7.760417
-0.001333 -0.006026 7.760417
-0.001146 -0.006001 7.760417
-0.000959 -0.005982 7.760417
-0.000772 -0.005959 7.760417
-0.000584 -0.005947 7.760417
-0.000400 -0.005905 7.760417
-0.000213 -0.005886 7.760417
-0.000027 -0.005853 7.760417
0.000160 -0.005872 7.760417
0.000345 -0.005908 7.760417
0.000532 -0.005932 7.760417
0.000716 -0.005970 7.760417
0.000904 -0.005982 7.760417
0.001089 -0.006017 7.760417
0.001275 -0.006050 7.760417
0.001461 -0.006079 7.760417
0.001647 -0.006108 7.760417
0.001832 -0.006144 7.760417
0.002016 -0.006182 7.760417
0.002199 -0.006228 7.760417
0.002382 -0.006272 7.760417
0.002566 -0.006312 7.760417
0.002749 -0.006359 7.760417
0.002932 -0.006405 7.760417
0.003115 -0.006448 7.760417
0.003297 -0.006496 7.760417
0.003480 -0.006540 7.760417
0.003654 -0.006466 7.760417
0.003704 -0.006285 7.760417
0.003759 -0.006104 7.760417
0.003818 -0.005926 7.760417
0.003887 -0.005750 7.760417
0.003957 -0.005575 7.760417
0.004015 -0.005396 7.760417
0.004077 -0.005218 7.760417
0.004142 -0.005041 7.760417
0.004209 -0.004865 7.760417
0.004284 -0.004692 7.760417
0.004367 -0.004524 7.760417
0.004449 -0.004354 7.760417
0.004542 -0.004190 7.760417
0.004608 -0.004014 7.760417
0.004694 -0.003846 7.760417
0.004760 -0.003670 7.760417
0.004849 -0.003504 7.760417
0.004897 -0.003321 7.760417
0.004982 -0.003153 7.760417
0.005037 -0.002973 7.760417
0.005141 -0.002816 7.760417
0.005270 -0.002678 7.760417
0.005375 -0.002523 7.760417
0.005510 -0.002390 7.760417
0.005607 -0.002229 7.760417
0.005733 -0.002089 7.760417
0.005847 -0.001939 7.760417
0.005969 -0.001796 7.760417
0.006081 -0.001645 7.760417
0.006204 -0.001501 7.760417
0.006326 -0.001358 7.760417
0.006456 -0.001221 7.760417
0.006584 -0.001084 7.760417
0.006711 -0.000944 7.760417
0.006843 -0.000810 7.760417
0.006974 -0.000675 7.760417
0.007103 -0.000538 7.760417
0.007236 -0.000404 7.760417
0.007366 -0.000268 7.760417
0.007390 -0.000081 7.760417

