0.007062 -0.000049 6.500000
0.006952 0.000092 6.500000
0.006851 0.000239 6.500000
0.006760 0.000393 6.500000
0.006663 0.000543 6.500000
0.006565 0.000693 6.500000
0.006463 0.000839 6.500000
0.006360 0.000986 6.500000
0.006255 0.001130 6.500000
0.006141 0.001268 6.500000
0.006032 0.001410 6.500000
0.005925 0.001553 6.500000
0.005814 0.001693 6.500000
0.005703 0.001833 6.500000
0.005588 0.001970 6.500000
0.005476 0.002109 6.500000
0.005371 0.002254 6.500000
0.005259 0.002393 6.500000
0.005141 0.002527 6.500000
0.005032 0.002669 6.500000
0.004918 0.002806 6.500000
0.004845 0.002969 6.500000
0.004781 0.003137 6.500000
0.004721 0.003305 6.500000
0.004659 0.003473 6.500000
0.004587 0.003636 6.500000
0.004520 0.003802 6.500000
0.004459 0.003970 6.500000
0.004394 0.004136 6.500000
0.004329 0.004303 6.500000
0.004260 0.004467 6.500000
0.004191 0.004633 6.500000
0.004130 0.004800 6.500000
0.004061 0.004965 6.500000
0.003990 0.005129 6.500000
0.003920 0.005294 6.500000
0.003848 0.005458 6.500000
0.003780 0.005623 6.500000
0.003707 0.005786 6.500000
0.003639 0.005951 6.500000
0.003523 0.006087 6.500000
0.003344 0.006094 6.500000
0.003166 0.006083 6.500000
0.002987 0.006074 6.500000
0.002810 0.006055 6.500000
0.002632 0.006038 6.500000
0.002454 0.006018 6.500000
0.002276 0.005999 6.500000
0.002099 0.005977 6.500000
0.001923 0.005947 6.500000
0.001746 0.005923 6.500000
0.001568 0.005901 6.500000
0.001392 0.005875 6.500000
0.001215 0.005847 6.500000
0.001039 0.005816 6.500000
0.000862 0.005791 6.500000
0.000684 0.005772 6.500000
0.000508 0.005742 6.500000
0.000332 0.005709 6.500000
0.000156 0.005682 6.500000
-0.000022 0.005662 6.500000
-0.000198 0.005691 6.500000
-0.000375 0.005715 6.500000
-0.000551 0.005750 6.500000
-0.000727 0.005778 6.500000
-0.000905 0.005796 6.500000
-0.001082 0.005823 6.500000
-0.001258 0.005854 6.500000
-0.001434 0.005881 6.500000
-0.001611 0.005907 6.500000
-0.001789 0.005928 6.500000
-0.001966 0.005952 6.500000
-0.002142 0.005981 6.500000
-0.002320 0.006000 6.500000
-0.002498 0.006015 6.500000
-0.002676 0.006031 6.500000
-0.002855 0.006040 6.500000
-0.003033 0.006050 6.500000
-0.003212 0.006056 6.500000
-0.003389 0.006078 6.500000
-0.003565 0.006110 6.500000
-0.003694 0.005986 6.500000
-0.003745 0.005815 6.500000
-0.003803 0.005646 6.500000
-0.003861 0.005477 6.500000
-0.003925 0.005310 6.500000
-0.003991 0.005144 6.500000
-0.004060 0.004979 6.500000
-0.004127 0.004813 6.500000
-0.004188 0.004645 6.500000
-0.004255 0.004480 6.500000
-0.004325 0.004315 6.500000
-0.004390 0.004149 6.500000
-0.004454 0.003982 6.500000
-0.004515 0.003814 6.500000
-0.004582 0.003648 6.500000
-0.004655 0.003485 6.500000
-0.004717 0.003317 6.500000
-0.004776 0.003149 6.500000
-0.004841 0.002982 6.500000
-0.004911 0.002818 6.500000
-0.005024 0.002679 6.500000
-0.005134 0.002538 6.500000
-0.005251 0.002403 6.500000
-0.005364 0.002264 6.500000
-0.005469 0.002120 6.500000
-0.005580 0.001980 6.500000
-0.005695 0.001843 6.500000
-0.005807 0.001704 6.500000
-0.005918 0.001564 6.500000
-0.006025 0.001421 6.500000
-0.006135 0.001280 6.500000
-0.006250 0.001143 6.500000
-0.006357 0.001000 6.500000
-0.006464 0.000856 6.500000
-0.006572 0.000714 6.500000
-0.006679 0.000571 6.500000
-0.006790 0.000431 6.500000
-0.006899 0.000290 6.500000
-0.007016 0.000154 6.500000
-0.007048 -0.000022 6.500000
-0.006934 -0.000159 6.500000
-0.006835 -0.000308 6.500000
-0.006740 -0.000460 6.500000
-0.006637 -0.000606 6.500000
-0.006535 -0.000752 6.500000
-0.006429 -0.000896 6.500000
-0.006324 -0.001041 6.500000
-0.006216 -0.001183 6.500000
-0.006102 -0.001320 6.500000
-0.005993 -0.001462 6.500000
-0.005885 -0.001605 6.500000
-0.005774 -0.001745 6.500000
-0.005661 -0.001884 6.500000
-0.005546 -0.002021 6.500000
-0.005437 -0.002162 6.500000
-0.005332 -0.002306 6.500000
-0.005217 -0.002443 6.500000
-0.005102 -0.002580 6.500000
-0.004988 -0.002717 6.500000
-0.004885 -0.002864 6.500000
-0.004826 -0.003032 6.500000
-0.004756 -0.003197 6.500000
-0.004700 -0.003367 6.500000
-0.004634 -0.003533 6.500000
-0.004562 -0.003696 6.500000
-0.004497 -0.003863 6.500000
-0.004436 -0.004031 6.500000
-0.004371 -0.004198 6.500000
-0.004306 -0.004364 6.500000
-0.004236 -0.004528 6.500000
-0.004170 -0.004695 6.500000
-0.004110 -0.004863 6.500000
-0.004042 -0.005028 6.500000
-0.003975 -0.005194 6.500000
-0.003912 -0.005361 6.500000
-0.003850 -0.005529 6.500000
-0.003794 -0.005698 6.500000
-0.003735 -0.005867 6.500000
-0.003680 -0.006037 6.500000
-0.003542 -0.006151 6.500000
-0.003371 -0.006101 6.500000
-0.003196 -0.006064 6.500000
-0.003018 -0.006048 6.500000
-0.002840 -0.006035 6.500000
-0.002661 -0.006025 6.500000
-0.002483 -0.006011 6.500000
-0.002305 -0.005996 6.500000
-0.002127 -0.005978 6.500000
-0.001951 -0.005949 6.500000
-0.001773 -0.005926 6.500000
-0.001596 -0.005905 6.500000
-0.001419 -0.005879 6.500000
-0.001243 -0.005852 6.500000
-0.001067 -0.005821 6.500000
-0.000890 -0.005795 6.500000
-0.000712 -0.005776 6.500000
-0.000536 -0.005748 6.500000
-0.000360 -0.005714 6.500000
-0.000183 -0.005688 6.500000
-0.000006 -0.005662 6.500000
0.000171 -0.005686 6.500000
0.000348 -0.005712 6.500000
0.000523 -0.005746 6.500000
0.000700 -0.005775 6.500000
0.000877 -0.005794 6.500000
0.001054 -0.005819 6.500000
0.001230 -0.005850 6.500000
0.001407 -0.005878 6.500000
0.001583 -0.005905 6.500000
0.001761 -0.005927 6.500000
0.001938 -0.005952 6.500000
0.002114 -0.005984 6.500000
0.002291 -0.006009 6.500000
0.002468 -0.006033 6.500000
0.002644 -0.006062 6.500000
0.002820 -0.006093 6.500000
0.002995 -0.006132 6.500000
0.003169 -0.006168 6.500000
0.003343 -0.006211 6.500000
0.003515 -0.006161 6.500000
0.003571 -0.005991 6.500000
0.003633 -0.005824 6.500000
0.003711 -0.005663 6.500000
0.003790 -0.005503 6.500000
0.003872 -0.005344 6.500000
0.003950 -0.005183 6.500000
0.004027 -0.005022 6.500000
0.004101 -0.004859 6.500000
0.004165 -0.004692 6.500000
0.004233 -0.004527 6.500000
0.004304 -0.004363 6.500000
0.004370 -0.004197 6.500000
0.004436 -0.004031 6.500000
0.004497 -0.003862 6.500000
0.004562 -0.003696 6.500000
0.004634 -0.003533 6.500000
0.004700 -0.003366 6.500000
0.004756 -0.003197 6.500000
0.004825 -0.003032 6.500000
0.004885 -0.002864 6.500000
0.004988 -0.002717 6.500000
0.005102 -0.002579 6.500000
0.005217 -0.002443 6.500000
0.005332 -0.002306 6.500000
0.005437 -0.002162 6.500000
0.005547 -0.002020 6.500000
0.005662 -0.001884 6.500000
0.005774 -0.001745 6.500000
0.005886 -0.001605 6.500000
0.005994 -0.001463 6.500000
0.006103 -0.001321 6.500000
0.006218 -0.001185 6.500000
0.006328 -0.001043 6.500000
0.006436 -0.000901 6.500000
0.006547 -0.000761 6.500000
0.006658 -0.000621 6.500000
0.006776 -0.000487 6.500000
0.006893 -0.000351 6.500000
0.007016 -0.000222 6.500000
0.007062 -0.000049 6.500000

