0.007312 -0.000079 7.479167
0.007186 0.000058 7.479167
0.007065 0.000200 7.479167
0.006944 0.000341 7.479167
0.006824 0.000483 7.479167
0.006701 0.000623 7.479167
0.006585 0.000769 7.479167
0.006480 0.000923 7.479167
0.006376 0.001077 7.479167
0.006273 0.001232 7.479167
0.006174 0.001389 7.479167
0.006072 0.001545 7.479167
0.005967 0.001699 7.479167
0.005858 0.001850 7.479167
0.005739 0.001993 7.479167
0.005637 0.002149 7.479167
0.005519 0.002292 7.479167
0.005408 0.002442 7.479167
0.005281 0.002578 7.479167
0.005179 0.002733 7.479167
0.005054 0.002871 7.479167
0.004974 0.003040 7.479167
0.004915 0.003216 7.479167
0.004834 0.003383 7.479167
0.004785 0.003563 7.479167
0.004706 0.003732 7.479167
0.004635 0.003904 7.479167
0.004563 0.004075 7.479167
0.004497 0.004249 7.479167
0.004422 0.004420 7.479167
0.004348 0.004590 7.479167
0.004271 0.004760 7.479167
0.004200 0.004932 7.479167
0.004132 0.005106 7.479167
0.004061 0.005277 7.479167
0.003997 0.005452 7.479167
0.003941 0.005630 7.479167
0.003887 0.005808 7.479167
0.003838 0.005987 7.479167
0.003787 0.006167 7.479167
0.003640 0.006281 7.479167
0.003459 0.006240 7.479167
0.003277 0.006198 7.479167
0.003096 0.006158 7.479167
0.002911 0.006131 7.479167
0.002726 0.006111 7.479167
0.002541 0.006101 7.479167
0.002355 0.006095 7.479167
0.002169 0.006080 7.479167
0.001984 0.006065 7.479167
0.001798 0.006052 7.479167
0.001613 0.006034 7.479167
0.001427 0.006015 7.479167
0.001243 0.005987 7.479167
0.001059 0.005964 7.479167
0.000874 0.005940 7.479167
0.000689 0.005924 7.479167
0.000509 0.005876 7.479167
0.000323 0.005865 7.479167
0.000141 0.005826 7.479167
-0.000045 0.005812 7.479167
-0.000226 0.005853 7.479167
-0.000412 0.005862 7.479167
-0.000593 0.005906 7.479167
-0.000778 0.005927 7.479167
-0.000962 0.005956 7.479167
-0.001148 0.005968 7.479167
-0.001331 0.005998 7.479167
-0.001517 0.006018 7.479167
-0.001702 0.006031 7.479167
-0.001888 0.006042 7.479167
-0.002074 0.006051 7.479167
-0.002259 0.006065 7.479167
-0.002445 0.006084 7.479167
-0.002630 0.006104 7.479167
-0.002813 0.006137 7.479167
-0.002996 0.006172 7.479167
-0.003180 0.006198 7.479167
-0.003364 0.006224 7.479167
-0.003548 0.006254 7.479167
-0.003730 0.006294 7.479167
-0.003878 0.006181 7.479167
-0.003928 0.006002 7.479167
-0.003976 0.005822 7.479167
-0.004029 0.005644 7.479167
-0.004078 0.005464 7.479167
-0.004132 0.005286 7.479167
-0.004190 0.005109 7.479167
-0.004244 0.004931 7.479167
-0.004305 0.004755 7.479167
-0.004373 0.004582 7.479167
-0.004441 0.004409 7.479167
-0.004511 0.004236 7.479167
-0.004575 0.004062 7.479167
-0.004644 0.003889 7.479167
-0.004716 0.003717 7.479167
-0.004793 0.003547 7.479167
-0.004842 0.003368 7.479167
-0.004925 0.003201 7.479167
-0.004979 0.003023 7.479167
-0.005063 0.002857 7.479167
-0.005192 0.002722 7.479167
-0.005291 0.002565 7.479167
-0.005421 0.002432 7.479167
-0.005532 0.002282 7.479167
-0.005649 0.002138 7.479167
-0.005755 0.001984 7.479167
-0.005875 0.001842 7.479167
-0.005989 0.001695 7.479167
-0.006100 0.001545 7.479167
-0.006211 0.001396 7.479167
-0.006324 0.001249 7.479167
-0.006443 0.001105 7.479167
-0.006564 0.000964 7.479167
-0.006682 0.000820 7.479167
-0.006807 0.000682 7.479167
-0.006935 0.000547 7.479167
-0.007061 0.000410 7.479167
-0.007190 0.000276 7.479167
-0.007318 0.000141 7.479167
-0.007346 -0.000043 7.479167
-0.007223 -0.000183 7.479167
-0.007094 -0.000317 7.479167
-0.006958 -0.000444 7.479167
-0.006825 -0.000574 7.479167
-0.006694 -0.000707 7.479167
-0.006574 -0.000849 7.479167
-0.006466 -0.001000 7.479167
-0.006356 -0.001151 7.479167
-0.006250 -0.001303 7.479167
-0.006146 -0.001458 7.479167
-0.006039 -0.001610 7.479167
-0.005933 -0.001763 7.479167
-0.005815 -0.001907 7.479167
-0.005705 -0.002057 7.479167
-0.005589 -0.002203 7.479167
-0.005485 -0.002357 7.479167
-0.005354 -0.002489 7.479167
-0.005249 -0.002643 7.479167
-0.005127 -0.002784 7.479167
-0.005020 -0.002936 7.479167
-0.004961 -0.003112 7.479167
-0.004879 -0.003279 7.479167
-0.004825 -0.003458 7.479167
-0.004752 -0.003629 7.479167
-0.004690 -0.003804 7.479167
-0.004608 -0.003971 7.479167
-0.004551 -0.004148 7.479167
-0.004482 -0.004321 7.479167
-0.004415 -0.004495 7.479167
-0.004348 -0.004669 7.479167
-0.004284 -0.004844 7.479167
-0.004226 -0.005020 7.479167
-0.004172 -0.005198 7.479167
-0.004111 -0.005374 7.479167
-0.004055 -0.005552 7.479167
-0.004003 -0.005731 7.479167
-0.003949 -0.005909 7.479167
-0.003900 -0.006088 7.479167
-0.003850 -0.006268 7.479167
-0.003701 -0.006380 7.479167
-0.003519 -0.006343 7.479167
-0.003335 -0.006316 7.479167
-0.003152 -0.006282 7.479167
-0.002971 -0.006240 7.479167
-0.002792 -0.006188 7.479167
-0.002612 -0.006141 7.479167
-0.002429 -0.006107 7.479167
-0.002245 -0.006075 7.479167
-0.002060 -0.006053 7.479167
-0.001875 -0.006040 7.479167
-0.001689 -0.006028 7.479167
-0.001503 -0.006016 7.479167
-0.001318 -0.005996 7.479167
-0.001134 -0.005969 7.479167
-0.000949 -0.005954 7.479167
-0.000764 -0.005929 7.479167
-0.000580 -0.005904 7.479167
-0.000398 -0.005865 7.479167
-0.000212 -0.005851 7.479167
-0.000029 -0.005816 7.479167
0.000156 -0.005834 7.479167
0.000339 -0.005868 7.479167
0.000524 -0.005887 7.479167
0.000706 -0.005929 7.479167
0.000891 -0.005950 7.479167
0.001075 -0.005972 7.479167
0.001259 -0.006002 7.479167
0.001442 -0.006035 7.479167
0.001626 -0.006062 7.479167
0.001810 -0.006092 7.479167
0.001994 -0.006123 7.479167
0.002176 -0.006162 7.479167
0.002356 -0.006207 7.479167
0.002538 -0.006247 7.479167
0.002719 -0.006290 7.479167
0.002899 -0.006336 7.479167
0.003081 -0.006378 7.479167
0.003261 -0.006424 7.479167
0.003442 -0.006470 7.479167
0.003613 -0.006397 7.479167
0.003666 -0.006218 7.479167
0.003729 -0.006043 7.479167
0.003796 -0.005869 7.479167
0.003864 -0.005697 7.479167
0.003924 -0.005520 7.479167
0.003981 -0.005343 7.479167
0.004050 -0.005170 7.479167
0.004119 -0.004997 7.479167
0.004196 -0.004828 7.479167
0.004280 -0.004661 7.479167
0.004364 -0.004496 7.479167
0.004446 -0.004328 7.479167
0.004525 -0.004160 7.479167
0.004589 -0.003985 7.479167
0.004675 -0.003820 7.479167
0.004739 -0.003645 7.479167
0.004816 -0.003476 7.479167
0.004866 -0.003297 7.479167
0.004954 -0.003133 7.479167
0.005006 -0.002954 7.479167
0.005109 -0.002799 7.479167
0.005236 -0.002663 7.479167
0.005336 -0.002506 7.479167
0.005470 -0.002377 7.479167
0.005576 -0.002223 7.479167
0.005692 -0.002078 7.479167
0.005804 -0.001929 7.479167
0.005925 -0.001788 7.479167
0.006038 -0.001640 7.479167
0.006154 -0.001495 7.479167
0.006270 -0.001349 7.479167
0.006392 -0.001208 7.479167
0.006519 -0.001073 7.479167
0.006644 -0.000934 7.479167
0.006770 -0.000798 7.479167
0.006901 -0.000666 7.479167
0.007029 -0.000530 7.479167
0.007159 -0.000397 7.479167
0.007288 -0.000263 7.479167
0.007312 -0.000079 7.479167

