0.007943 -0.000025 10.267361
0.007792 0.000114 10.267361
0.007646 0.000259 10.267361
0.007504 0.000406 10.267361
0.007357 0.000550 10.267361
0.007223 0.000706 10.267361
0.007078 0.000851 10.267361
0.006940 0.001003 10.267361
0.006790 0.001144 10.267361
0.006662 0.001304 10.267361
0.006509 0.001441 10.267361
0.006393 0.001610 10.267361
0.006236 0.001743 10.267361
0.006104 0.001900 10.267361
0.005965 0.002051 10.267361
0.005845 0.002217 10.267361
0.005715 0.002377 10.267361
0.005599 0.002546 10.267361
0.005489 0.002720 10.267361
0.005360 0.002879 10.267361
0.005265 0.003061 10.267361
0.005206 0.003258 10.267361
0.005115 0.003442 10.267361
0.005048 0.003636 10.267361
0.004974 0.003827 10.267361
0.004911 0.004022 10.267361
0.004858 0.004221 10.267361
0.004782 0.004412 10.267361
0.004734 0.004611 10.267361
0.004673 0.004807 10.267361
0.004633 0.005009 10.267361
0.004559 0.005200 10.267361
0.004516 0.005401 10.267361
0.004438 0.005591 10.267361
0.004389 0.005790 10.267361
0.004317 0.005983 10.267361
0.004260 0.006180 10.267361
0.004190 0.006373 10.267361
0.004129 0.006569 10.267361
0.004052 0.006759 10.267361
0.003878 0.006869 10.267361
0.003685 0.006800 10.267361
0.003487 0.006745 10.267361
0.003291 0.006685 10.267361
0.003092 0.006636 10.267361
0.002894 0.006582 10.267361
0.002693 0.006539 10.267361
0.002494 0.006487 10.267361
0.002293 0.006447 10.267361
0.002092 0.006404 10.267361
0.001895 0.006346 10.267361
0.001693 0.006308 10.267361
0.001495 0.006255 10.267361
0.001296 0.006303 10.267361
0.001141 0.006438 10.267361
0.000971 0.006324 10.267361
0.000772 0.006270 10.267361
0.000575 0.006213 10.267361
0.000375 0.006168 10.267361
0.000173 0.006130 10.267361
-0.000029 0.006093 10.267361
-0.000233 0.006118 10.267361
-0.000432 0.006167 10.267361
-0.000631 0.006219 10.267361
-0.000830 0.006268 10.267361
-0.001006 0.006374 10.267361
-0.001169 0.006250 10.267361
-0.001374 0.006236 10.267361
-0.001570 0.006298 10.267361
-0.001774 0.006315 10.267361
-0.001974 0.006364 10.267361
-0.002175 0.006403 10.267361
-0.002376 0.006446 10.267361
-0.002571 0.006510 10.267361
-0.002773 0.006550 10.267361
-0.002970 0.006605 10.267361
-0.003173 0.006640 10.267361
-0.003370 0.006695 10.267361
-0.003569 0.006747 10.267361
-0.003766 0.006807 10.267361
-0.003956 0.006884 10.267361
-0.004136 0.006785 10.267361
-0.004217 0.006596 10.267361
-0.004282 0.006402 10.267361
-0.004352 0.006209 10.267361
-0.004412 0.006013 10.267361
-0.004482 0.005819 10.267361
-0.004532 0.005620 10.267361
-0.004609 0.005430 10.267361
-0.004648 0.005229 10.267361
-0.004726 0.005039 10.267361
-0.004757 0.004836 10.267361
-0.004828 0.004643 10.267361
-0.004872 0.004443 10.267361
-0.004946 0.004251 10.267361
-0.004977 0.004048 10.267361
-0.005048 0.003855 10.267361
-0.005104 0.003658 10.267361
-0.005172 0.003464 10.267361
-0.005244 0.003272 10.267361
-0.005297 0.003074 10.267361
-0.005409 0.002901 10.267361
-0.005543 0.002746 10.267361
-0.005677 0.002590 10.267361
-0.005799 0.002425 10.267361
-0.005951 0.002288 10.267361
-0.006081 0.002128 10.267361
-0.006230 0.001987 10.267361
-0.006353 0.001823 10.267361
-0.006515 0.001697 10.267361
-0.006644 0.001537 10.267361
-0.006797 0.001400 10.267361
-0.006926 0.001240 10.267361
-0.007074 0.001099 10.267361
-0.007206 0.000941 10.267361
-0.007353 0.000797 10.267361
-0.007486 0.000641 10.267361
-0.007634 0.000499 10.267361
-0.007780 0.000354 10.267361
-0.007927 0.000211 10.267361
-0.007970 0.000010 10.267361
-0.007839 -0.000148 10.267361
-0.007715 -0.000312 10.267361
-0.007580 -0.000466 10.267361
-0.007451 -0.000626 10.267361
-0.007304 -0.000769 10.267361
-0.007166 -0.000921 10.267361
-0.007015 -0.001061 10.267361
-0.006890 -0.001223 10.267361
-0.006746 -0.001370 10.267361
-0.006617 -0.001529 10.267361
-0.006456 -0.001657 10.267361
-0.006321 -0.001812 10.267361
-0.006168 -0.001949 10.267361
-0.006036 -0.002106 10.267361
-0.005876 -0.002235 10.267361
-0.005756 -0.002401 10.267361
-0.005620 -0.002556 10.267361
-0.005515 -0.002732 10.267361
-0.005386 -0.002891 10.267361
-0.005303 -0.003079 10.267361
-0.005259 -0.003280 10.267361
-0.005171 -0.003465 10.267361
-0.005130 -0.003667 10.267361
-0.005044 -0.003853 10.267361
-0.005011 -0.004056 10.267361
-0.004940 -0.004249 10.267361
-0.004890 -0.004448 10.267361
-0.004816 -0.004639 10.267361
-0.004777 -0.004841 10.267361
-0.004709 -0.005035 10.267361
-0.004665 -0.005235 10.267361
-0.004592 -0.005427 10.267361
-0.004543 -0.005627 10.267361
-0.004468 -0.005818 10.267361
-0.004422 -0.006018 10.267361
-0.004352 -0.006211 10.267361
-0.004303 -0.006410 10.267361
-0.004245 -0.006607 10.267361
-0.004190 -0.006805 10.267361
-0.004026 -0.006928 10.267361
-0.003826 -0.006882 10.267361
-0.003625 -0.006841 10.267361
-0.003424 -0.006797 10.267361
-0.003224 -0.006752 10.267361
-0.003021 -0.006719 10.267361
-0.002823 -0.006665 10.267361
-0.002623 -0.006618 10.267361
-0.002428 -0.006554 10.267361
-0.002226 -0.006516 10.267361
-0.002026 -0.006469 10.267361
-0.001822 -0.006446 10.267361
-0.001623 -0.006395 10.267361
-0.001422 -0.006355 10.267361
-0.001222 -0.006311 10.267361
-0.001022 -0.006261 10.267361
-0.000823 -0.006211 10.267361
-0.000625 -0.006156 10.267361
-0.000422 -0.006127 10.267361
-0.000218 -0.006104 10.267361
-0.000017 -0.006146 10.267361
0.000182 -0.006198 10.267361
0.000386 -0.006220 10.267361
0.000581 -0.006282 10.267361
0.000785 -0.006311 10.267361
0.000980 -0.006373 10.267361
0.001179 -0.006426 10.267361
0.001380 -0.006468 10.267361
0.001579 -0.006517 10.267361
0.001780 -0.006561 10.267361
0.001976 -0.006620 10.267361
0.002179 -0.006656 10.267361
0.002375 -0.006714 10.267361
0.002578 -0.006748 10.267361
0.002777 -0.006799 10.267361
0.002978 -0.006840 10.267361
0.003178 -0.006886 10.267361
0.003378 -0.006931 10.267361
0.003578 -0.006980 10.267361
0.003779 -0.007020 10.267361
0.003963 -0.006929 10.267361
0.004013 -0.006730 10.267361
0.004069 -0.006532 10.267361
0.004131 -0.006336 10.267361
0.004181 -0.006137 10.267361
0.004253 -0.005945 10.267361
0.004303 -0.005746 10.267361
0.004373 -0.005553 10.267361
0.004403 -0.005350 10.267361
0.004479 -0.005159 10.267361
0.004519 -0.004958 10.267361
0.004597 -0.004768 10.267361
0.004660 -0.004572 10.267361
0.004738 -0.004382 10.267361
0.004803 -0.004188 10.267361
0.004852 -0.003988 10.267361
0.004940 -0.003803 10.267361
0.005090 -0.003663 10.267361
0.005140 -0.003464 10.267361
0.005192 -0.003265 10.267361
0.005283 -0.003081 10.267361
0.005427 -0.002935 10.267361
0.005556 -0.002775 10.267361
0.005692 -0.002622 10.267361
0.005830 -0.002470 10.267361
0.005963 -0.002313 10.267361
0.006121 -0.002182 10.267361
0.006253 -0.002025 10.267361
0.006402 -0.001884 10.267361
0.006532 -0.001724 10.267361
0.006692 -0.001596 10.267361
0.006817 -0.001433 10.267361
0.006974 -0.001301 10.267361
0.007099 -0.001138 10.267361
0.007249 -0.000998 10.267361
0.007379 -0.000839 10.267361
0.007522 -0.000691 10.267361
0.007654 -0.000535 10.267361
0.007798 -0.000388 10.267361
0.007929 -0.000230 10.267361
0.007943 -0.000025 10.267361

