0.006595 -0.000000 4.057292
0.006539 0.000157 4.057292
0.006435 0.000287 4.057292
0.006329 0.000417 4.057292
0.006226 0.000548 4.057292
0.006124 0.000680 4.057292
0.006018 0.000809 4.057292
0.005910 0.000936 4.057292
0.005808 0.001068 4.057292
0.005707 0.001201 4.057292
0.005604 0.001332 4.057292
0.005494 0.001458 4.057292
0.005389 0.001587 4.057292
0.005285 0.001717 4.057292
0.005188 0.001854 4.057292
0.005083 0.001983 4.057292
0.004975 0.002111 4.057292
0.004866 0.002237 4.057292
0.004759 0.002365 4.057292
0.004661 0.002500 4.057292
0.004561 0.002633 4.057292
0.004496 0.002787 4.057292
0.004427 0.002939 4.057292
0.004370 0.003096 4.057292
0.004316 0.003253 4.057292
0.004259 0.003411 4.057292
0.004199 0.003566 4.057292
0.004130 0.003718 4.057292
0.004069 0.003873 4.057292
0.004009 0.004029 4.057292
0.003956 0.004187 4.057292
0.003893 0.004342 4.057292
0.003828 0.004496 4.057292
0.003766 0.004650 4.057292
0.003709 0.004807 4.057292
0.003650 0.004963 4.057292
0.003588 0.005118 4.057292
0.003526 0.005273 4.057292
0.003466 0.005429 4.057292
0.003406 0.005585 4.057292
0.003297 0.005711 4.057292
0.003133 0.005742 4.057292
0.002969 0.005716 4.057292
0.002804 0.005690 4.057292
0.002639 0.005666 4.057292
0.002473 0.005643 4.057292
0.002309 0.005616 4.057292
0.002144 0.005587 4.057292
0.001979 0.005563 4.057292
0.001814 0.005542 4.057292
0.001648 0.005519 4.057292
0.001485 0.005487 4.057292
0.001320 0.005460 4.057292
0.001155 0.005435 4.057292
0.000989 0.005420 4.057292
0.000824 0.005394 4.057292
0.000660 0.005364 4.057292
0.000496 0.005333 4.057292
0.000332 0.005304 4.057292
0.000166 0.005287 4.057292
-0.000000 0.005266 4.057292
-0.000166 0.005287 4.057292
-0.000332 0.005304 4.057292
-0.000496 0.005333 4.057292
-0.000660 0.005364 4.057292
-0.000824 0.005394 4.057292
-0.000989 0.005420 4.057292
-0.001155 0.005435 4.057292
-0.001320 0.005460 4.057292
-0.001485 0.005487 4.057292
-0.001648 0.005519 4.057292
-0.001814 0.005542 4.057292
-0.001979 0.005563 4.057292
-0.002144 0.005587 4.057292
-0.002309 0.005616 4.057292
-0.002473 0.005643 4.057292
-0.002639 0.005666 4.057292
-0.002804 0.005690 4.057292
-0.002969 0.005716 4.057292
-0.003133 0.005742 4.057292
-0.003297 0.005711 4.057292
-0.003406 0.005585 4.057292
-0.003466 0.005429 4.057292
-0.003526 0.005273 4.057292
-0.003588 0.005118 4.057292
-0.003650 0.004963 4.057292
-0.003709 0.004807 4.057292
-0.003766 0.004650 4.057292
-0.003828 0.004496 4.057292
-0.003893 0.004342 4.057292
-0.003956 0.004187 4.057292
-0.004009 0.004029 4.057292
-0.004069 0.003873 4.057292
-0.004130 0.003718 4.057292
-0.004199 0.003566 4.057292
-0.004259 0.003411 4.057292
-0.004316 0.003253 4.057292
-0.004370 0.003096 4.057292
-0.004427 0.002939 4.057292
-0.004496 0.002787 4.057292
-0.004561 0.002633 4.057292
-0.004661 0.002500 4.057292
-0.004759 0.002365 4.057292
-0.004866 0.002237 4.057292
-0.004975 0.002111 4.057292
-0.005083 0.001983 4.057292
-0.005188 0.001854 4.057292
-0.005285 0.001717 4.057292
-0.005389 0.001587 4.057292
-0.005494 0.001458 4.057292
-0.005604 0.001332 4.057292
-0.005707 0.001201 4.057292
-0.005808 0.001068 4.057292
-0.005910 0.000936 4.057292
-0.006018 0.000809 4.057292
-0.006124 0.000680 4.057292
-0.006226 0.000548 4.057292
-0.006329 0.000417 4.057292
-0.006435 0.000287 4.057292
-0.006539 0.000157 4.057292
-0.006595 0.000000 4.057292
-0.006539 -0.000157 4.057292
-0.006435 -0.000287 4.057292
-0.006329 -0.000417 4.057292
-0.006226 -0.000548 4.057292
-0.006124 -0.000680 4.057292
-0.006018 -0.000809 4.057292
-0.005910 -0.000936 4.057292
-0.005808 -0.001068 4.057292
-0.005707 -0.001201 4.057292
-0.005604 -0.001332 4.057292
-0.005494 -0.001458 4.057292
-0.005389 -0.001587 4.057292
-0.005285 -0.001717 4.057292
-0.005188 -0.001854 4.057292
-0.005083 -0.001983 4.057292
-0.004975 -0.002111 4.057292
-0.004866 -0.002237 4.057292
-0.004759 -0.002365 4.057292
-0.004661 -0.002500 4.057292
-0.004561 -0.002633 4.057292
-0.004496 -0.002787 4.057292
-0.004427 -0.002939 4.057292
-0.004370 -0.003096 4.057292
-0.004316 -0.003253 4.057292
-0.004259 -0.003411 4.057292
-0.004199 -0.003566 4.057292
-0.004130 -0.003718 4.057292
-0.004069 -0.003873 4.057292
-0.004009 -0.004029 4.057292
-0.003956 -0.004187 4.057292
-0.003893 -0.004342 4.057292
-0.003828 -0.004496 4.057292
-0.003766 -0.004650 4.057292
-0.003709 -0.004807 4.057292
-0.003650 -0.004963 4.057292
-0.003588 -0.005118 4.057292
-0.003526 -0.005273 4.057292
-0.003466 -0.005429 4.057292
-0.003406 -0.005585 4.057292
-0.003297 -0.005711 4.057292
-0.003133 -0.005742 4.057292
-0.002969 -0.005716 4.057292
-0.002804 -0.005690 4.057292
-0.002639 -0.005666 4.057292
-0.002473 -0.005643 4.057292
-0.002309 -0.005616 4.057292
-0.002144 -0.005587 4.057292
-0.001979 -0.005563 4.057292
-0.001814 -0.005542 4.057292
-0.001648 -0.005519 4.057292
-0.001485 -0.005487 4.057292
-0.001320 -0.005460 4.057292
-0.001155 -0.005435 4.057292
-0.000989 -0.005420 4.057292
-0.000824 -0.005394 4.057292
-0.000660 -0.005364 4.057292
-0.000496 -0.005333 4.057292
-0.000332 -0.005304 4.057292
-0.000166 -0.005287 4.057292
0.000000 -0.005266 4.057292
0.000166 -0.005287 4.057292
0.000332 -0.005304 4.057292
0.000496 -0.005333 4.057292
0.000660 -0.005364 4.057292
0.000824 -0.005394 4.057292
0.000989 -0.005420 4.057292
0.001155 -0.005435 4.057292
0.001320 -0.005460 4.057292
0.001485 -0.005487 4.057292
0.001648 -0.005519 4.057292
0.001814 -0.005542 4.057292
0.001979 -0.005563 4.057292
0.002144 -0.005587 4.057292
0.002309 -0.005616 4.057292
0.002473 -0.005643 4.057292
0.002639 -0.005666 4.057292
0.002804 -0.005690 4.057292
0.002969 -0.005716 4.057292
0.003133 -0.005742 4.057292
0.003297 -0.005711 4.057292
0.003406 -0.005585 4.057292
0.003466 -0.005429 4.057292
0.003526 -0.005273 4.057292
0.003588 -0.005118 4.057292
0.003650 -0.004963 4.057292
0.003709 -0.004807 4.057292
0.003766 -0.004650 4.057292
0.003828 -0.004496 4.057292
0.003893 -0.004342 4.057292
0.003956 -0.004187 4.057292
0.004009 -0.004029 4.057292
0.004069 -0.003873 4.057292
0.004130 -0.003718 4.057292
0.004199 -0.003566 4.057292
0.004259 -0.003411 4.057292
0.004316 -0.003253 4.057292
0.004370 -0.003096 4.057292
0.004427 -0.002939 4.057292
0.004496 -0.002787 4.057292
0.004561 -0.002633 4.057292
0.004661 -0.002500 4.057292
0.004759 -0.002365 4.057292
0.004866 -0.002237 4.057292
0.004975 -0.002111 4.057292
0.005083 -0.001983 4.057292
0.005188 -0.001854 4.057292
0.005285 -0.001717 4.057292
0.005389 -0.001587 4.057292
0.005494 -0.001458 4.057292
0.005604 -0.001332 4.057292
0.005707 -0.001201 4.057292
0.005808 -0.001068 4.057292
0.005910 -0.000936 4.057292
0.006018 -0.000809 4.057292
0.006124 -0.000680 4.057292
0.006226 -0.000548 4.057292
0.006329 -0.000417 4.057292
0.006435 -0.000287 4.057292
0.006539 -0.000157 4.057292
0.006595 -0.000000 4.057292

