0.007238 -0.000077 7.208333
0.007119 0.000063 7.208333
0.007001 0.000204 7.208333
0.006881 0.000344 7.208333
0.006764 0.000486 7.208333
0.006651 0.000631 7.208333
0.006550 0.000785 7.208333
0.006450 0.000940 7.208333
0.006348 0.001092 7.208333
0.006250 0.001248 7.208333
0.006148 0.001401 7.208333
0.006042 0.001551 7.208333
0.005932 0.001699 7.208333
0.005818 0.001844 7.208333
0.005708 0.001991 7.208333
0.005602 0.002141 7.208333
0.005479 0.002278 7.208333
0.005368 0.002425 7.208333
0.005248 0.002565 7.208333
0.005146 0.002718 7.208333
0.005020 0.002852 7.208333
0.004943 0.003018 7.208333
0.004888 0.003194 7.208333
0.004804 0.003358 7.208333
0.004747 0.003533 7.208333
0.004681 0.003705 7.208333
0.004613 0.003875 7.208333
0.004538 0.004043 7.208333
0.004471 0.004215 7.208333
0.004402 0.004385 7.208333
0.004332 0.004555 7.208333
0.004258 0.004724 7.208333
0.004181 0.004891 7.208333
0.004112 0.005062 7.208333
0.004042 0.005232 7.208333
0.003969 0.005401 7.208333
0.003906 0.005573 7.208333
0.003846 0.005747 7.208333
0.003793 0.005924 7.208333
0.003745 0.006101 7.208333
0.003601 0.006216 7.208333
0.003421 0.006177 7.208333
0.003241 0.006141 7.208333
0.003059 0.006117 7.208333
0.002875 0.006105 7.208333
0.002691 0.006095 7.208333
0.002507 0.006089 7.208333
0.002324 0.006075 7.208333
0.002141 0.006056 7.208333
0.001957 0.006043 7.208333
0.001774 0.006025 7.208333
0.001592 0.006002 7.208333
0.001409 0.005977 7.208333
0.001228 0.005950 7.208333
0.001045 0.005931 7.208333
0.000862 0.005906 7.208333
0.000681 0.005876 7.208333
0.000501 0.005839 7.208333
0.000317 0.005829 7.208333
0.000138 0.005788 7.208333
-0.000046 0.005773 7.208333
-0.000225 0.005817 7.208333
-0.000408 0.005828 7.208333
-0.000589 0.005861 7.208333
-0.000772 0.005886 7.208333
-0.000952 0.005922 7.208333
-0.001135 0.005939 7.208333
-0.001318 0.005961 7.208333
-0.001500 0.005987 7.208333
-0.001683 0.006008 7.208333
-0.001866 0.006025 7.208333
-0.002049 0.006036 7.208333
-0.002233 0.006044 7.208333
-0.002417 0.006059 7.208333
-0.002600 0.006072 7.208333
-0.002783 0.006089 7.208333
-0.002964 0.006121 7.208333
-0.003146 0.006153 7.208333
-0.003327 0.006182 7.208333
-0.003510 0.006206 7.208333
-0.003692 0.006233 7.208333
-0.003833 0.006116 7.208333
-0.003881 0.005938 7.208333
-0.003931 0.005761 7.208333
-0.003983 0.005585 7.208333
-0.004034 0.005408 7.208333
-0.004093 0.005234 7.208333
-0.004150 0.005059 7.208333
-0.004209 0.004885 7.208333
-0.004279 0.004714 7.208333
-0.004347 0.004544 7.208333
-0.004414 0.004372 7.208333
-0.004481 0.004201 7.208333
-0.004547 0.004029 7.208333
-0.004621 0.003861 7.208333
-0.004690 0.003690 7.208333
-0.004753 0.003517 7.208333
-0.004813 0.003343 7.208333
-0.004895 0.003179 7.208333
-0.004948 0.003003 7.208333
-0.005030 0.002838 7.208333
-0.005158 0.002706 7.208333
-0.005259 0.002552 7.208333
-0.005379 0.002412 7.208333
-0.005492 0.002267 7.208333
-0.005613 0.002129 7.208333
-0.005720 0.001979 7.208333
-0.005832 0.001833 7.208333
-0.005947 0.001690 7.208333
-0.006060 0.001545 7.208333
-0.006172 0.001398 7.208333
-0.006281 0.001250 7.208333
-0.006391 0.001103 7.208333
-0.006509 0.000961 7.208333
-0.006624 0.000818 7.208333
-0.006741 0.000676 7.208333
-0.006865 0.000540 7.208333
-0.006988 0.000403 7.208333
-0.007114 0.000269 7.208333
-0.007241 0.000136 7.208333
-0.007270 -0.000045 7.208333
-0.007145 -0.000180 7.208333
-0.007010 -0.000305 7.208333
-0.006877 -0.000432 7.208333
-0.006752 -0.000567 7.208333
-0.006636 -0.000710 7.208333
-0.006532 -0.000861 7.208333
-0.006427 -0.001013 7.208333
-0.006320 -0.001163 7.208333
-0.006218 -0.001316 7.208333
-0.006113 -0.001466 7.208333
-0.006002 -0.001613 7.208333
-0.005890 -0.001760 7.208333
-0.005775 -0.001903 7.208333
-0.005668 -0.002053 7.208333
-0.005554 -0.002196 7.208333
-0.005440 -0.002341 7.208333
-0.005315 -0.002476 7.208333
-0.005216 -0.002631 7.208333
-0.005092 -0.002767 7.208333
-0.004985 -0.002917 7.208333
-0.004931 -0.003092 7.208333
-0.004849 -0.003258 7.208333
-0.004789 -0.003431 7.208333
-0.004717 -0.003600 7.208333
-0.004663 -0.003776 7.208333
-0.004585 -0.003943 7.208333
-0.004517 -0.004114 7.208333
-0.004451 -0.004286 7.208333
-0.004386 -0.004458 7.208333
-0.004319 -0.004629 7.208333
-0.004252 -0.004801 7.208333
-0.004186 -0.004972 7.208333
-0.004131 -0.005148 7.208333
-0.004074 -0.005323 7.208333
-0.004014 -0.005497 7.208333
-0.003960 -0.005673 7.208333
-0.003905 -0.005848 7.208333
-0.003853 -0.006025 7.208333
-0.003805 -0.006202 7.208333
-0.003664 -0.006321 7.208333
-0.003482 -0.006294 7.208333
-0.003302 -0.006260 7.208333
-0.003123 -0.006214 7.208333
-0.002946 -0.006166 7.208333
-0.002768 -0.006120 7.208333
-0.002587 -0.006087 7.208333
-0.002404 -0.006063 7.208333
-0.002222 -0.006043 7.208333
-0.002038 -0.006033 7.208333
-0.001854 -0.006022 7.208333
-0.001671 -0.006006 7.208333
-0.001488 -0.005986 7.208333
-0.001306 -0.005960 7.208333
-0.001123 -0.005939 7.208333
-0.000940 -0.005921 7.208333
-0.000759 -0.005887 7.208333
-0.000577 -0.005859 7.208333
-0.000396 -0.005831 7.208333
-0.000212 -0.005815 7.208333
-0.000032 -0.005777 7.208333
0.000151 -0.005796 7.208333
0.000331 -0.005830 7.208333
0.000515 -0.005846 7.208333
0.000696 -0.005880 7.208333
0.000877 -0.005913 7.208333
0.001059 -0.005936 7.208333
0.001242 -0.005958 7.208333
0.001423 -0.005988 7.208333
0.001605 -0.006017 7.208333
0.001787 -0.006046 7.208333
0.001968 -0.006075 7.208333
0.002150 -0.006102 7.208333
0.002330 -0.006142 7.208333
0.002509 -0.006183 7.208333
0.002689 -0.006222 7.208333
0.002868 -0.006267 7.208333
0.003047 -0.006309 7.208333
0.003225 -0.006352 7.208333
0.003403 -0.006399 7.208333
0.003575 -0.006332 7.208333
0.003638 -0.006159 7.208333
0.003707 -0.005989 7.208333
0.003771 -0.005816 7.208333
0.003832 -0.005643 7.208333
0.003889 -0.005468 7.208333
0.003957 -0.005297 7.208333
0.004033 -0.005129 7.208333
0.004109 -0.004962 7.208333
0.004194 -0.004798 7.208333
0.004277 -0.004635 7.208333
0.004356 -0.004468 7.208333
0.004430 -0.004300 7.208333
0.004501 -0.004130 7.208333
0.004572 -0.003960 7.208333
0.004651 -0.003794 7.208333
0.004707 -0.003619 7.208333
0.004780 -0.003450 7.208333
0.004839 -0.003276 7.208333
0.004924 -0.003113 7.208333
0.004972 -0.002935 7.208333
0.005074 -0.002782 7.208333
0.005202 -0.002651 7.208333
0.005300 -0.002494 7.208333
0.005424 -0.002359 7.208333
0.005539 -0.002215 7.208333
0.005654 -0.002072 7.208333
0.005762 -0.001923 7.208333
0.005878 -0.001780 7.208333
0.005993 -0.001636 7.208333
0.006108 -0.001493 7.208333
0.006221 -0.001348 7.208333
0.006334 -0.001202 7.208333
0.006455 -0.001064 7.208333
0.006578 -0.000927 7.208333
0.006700 -0.000789 7.208333
0.006827 -0.000657 7.208333
0.006954 -0.000523 7.208333
0.007081 -0.000390 7.208333
0.007210 -0.000259 7.208333
0.007238 -0.000077 7.208333

