0.007519 -0.000082 8.250000
0.007386 0.000056 8.250000
0.007254 0.000196 8.250000
0.007123 0.000337 8.250000
0.006992 0.000476 8.250000
0.006868 0.000623 8.250000
0.006743 0.000769 8.250000
0.006614 0.000911 8.250000
0.006487 0.001055 8.250000
0.006366 0.001205 8.250000
0.006247 0.001355 8.250000
0.006140 0.001514 8.250000
0.006029 0.001671 8.250000
0.005940 0.001841 8.250000
0.005825 0.001995 8.250000
0.005724 0.002158 8.250000
0.005598 0.002304 8.250000
0.005500 0.002468 8.250000
0.005377 0.002616 8.250000
0.005267 0.002774 8.250000
0.005139 0.002916 8.250000
0.005057 0.003090 8.250000
0.005000 0.003273 8.250000
0.004916 0.003446 8.250000
0.004849 0.003626 8.250000
0.004763 0.003798 8.250000
0.004708 0.003982 8.250000
0.004616 0.004150 8.250000
0.004547 0.004330 8.250000
0.004469 0.004505 8.250000
0.004405 0.004686 8.250000
0.004334 0.004865 8.250000
0.004273 0.005047 8.250000
0.004211 0.005229 8.250000
0.004161 0.005414 8.250000
0.004110 0.005599 8.250000
0.004055 0.005783 8.250000
0.004004 0.005968 8.250000
0.003949 0.006152 8.250000
0.003891 0.006336 8.250000
0.003740 0.006454 8.250000
0.003554 0.006407 8.250000
0.003367 0.006367 8.250000
0.003179 0.006325 8.250000
0.002993 0.006279 8.250000
0.002805 0.006237 8.250000
0.002618 0.006194 8.250000
0.002430 0.006154 8.250000
0.002240 0.006131 8.250000
0.002048 0.006114 8.250000
0.001857 0.006105 8.250000
0.001665 0.006088 8.250000
0.001474 0.006079 8.250000
0.001283 0.006058 8.250000
0.001091 0.006059 8.250000
0.000903 0.006017 8.250000
0.000711 0.006010 8.250000
0.000522 0.005978 8.250000
0.000330 0.005965 8.250000
0.000143 0.005922 8.250000
-0.000048 0.005908 8.250000
-0.000236 0.005950 8.250000
-0.000427 0.005964 8.250000
-0.000616 0.005998 8.250000
-0.000808 0.005999 8.250000
-0.000997 0.006037 8.250000
-0.001189 0.006040 8.250000
-0.001380 0.006060 8.250000
-0.001572 0.006059 8.250000
-0.001762 0.006085 8.250000
-0.001953 0.006103 8.250000
-0.002142 0.006136 8.250000
-0.002332 0.006167 8.250000
-0.002521 0.006201 8.250000
-0.002710 0.006234 8.250000
-0.002900 0.006261 8.250000
-0.003090 0.006292 8.250000
-0.003276 0.006337 8.250000
-0.003463 0.006383 8.250000
-0.003649 0.006428 8.250000
-0.003836 0.006473 8.250000
-0.003985 0.006352 8.250000
-0.004042 0.006169 8.250000
-0.004095 0.005985 8.250000
-0.004147 0.005800 8.250000
-0.004203 0.005616 8.250000
-0.004252 0.005430 8.250000
-0.004302 0.005245 8.250000
-0.004360 0.005062 8.250000
-0.004413 0.004877 8.250000
-0.004470 0.004694 8.250000
-0.004524 0.004510 8.250000
-0.004589 0.004329 8.250000
-0.004649 0.004147 8.250000
-0.004733 0.003974 8.250000
-0.004779 0.003787 8.250000
-0.004866 0.003616 8.250000
-0.004925 0.003433 8.250000
-0.005011 0.003262 8.250000
-0.005063 0.003077 8.250000
-0.005149 0.002905 8.250000
-0.005281 0.002766 8.250000
-0.005389 0.002607 8.250000
-0.005518 0.002464 8.250000
-0.005616 0.002300 8.250000
-0.005750 0.002162 8.250000
-0.005857 0.002003 8.250000
-0.005979 0.001854 8.250000
-0.006090 0.001698 8.250000
-0.006222 0.001558 8.250000
-0.006342 0.001408 8.250000
-0.006472 0.001266 8.250000
-0.006598 0.001122 8.250000
-0.006728 0.000981 8.250000
-0.006863 0.000844 8.250000
-0.006996 0.000705 8.250000
-0.007126 0.000564 8.250000
-0.007260 0.000427 8.250000
-0.007391 0.000286 8.250000
-0.007521 0.000145 8.250000
-0.007548 -0.000046 8.250000
-0.007412 -0.000181 8.250000
-0.007283 -0.000324 8.250000
-0.007157 -0.000469 8.250000
-0.007027 -0.000610 8.250000
-0.006894 -0.000748 8.250000
-0.006754 -0.000880 8.250000
-0.006613 -0.001011 8.250000
-0.006483 -0.001152 8.250000
-0.006354 -0.001293 8.250000
-0.006237 -0.001446 8.250000
-0.006116 -0.001595 8.250000
-0.006010 -0.001755 8.250000
-0.005894 -0.001908 8.250000
-0.005801 -0.002076 8.250000
-0.005674 -0.002220 8.250000
-0.005567 -0.002380 8.250000
-0.005448 -0.002531 8.250000
-0.005341 -0.002690 8.250000
-0.005211 -0.002832 8.250000
-0.005103 -0.002990 8.250000
-0.005047 -0.003174 8.250000
-0.004968 -0.003349 8.250000
-0.004905 -0.003530 8.250000
-0.004820 -0.003703 8.250000
-0.004769 -0.003888 8.250000
-0.004693 -0.004064 8.250000
-0.004634 -0.004247 8.250000
-0.004558 -0.004423 8.250000
-0.004512 -0.004610 8.250000
-0.004446 -0.004790 8.250000
-0.004395 -0.004975 8.250000
-0.004333 -0.005157 8.250000
-0.004276 -0.005340 8.250000
-0.004225 -0.005525 8.250000
-0.004174 -0.005711 8.250000
-0.004119 -0.005894 8.250000
-0.004067 -0.006080 8.250000
-0.004011 -0.006263 8.250000
-0.003953 -0.006446 8.250000
-0.003803 -0.006566 8.250000
-0.003617 -0.006518 8.250000
-0.003432 -0.006469 8.250000
-0.003245 -0.006424 8.250000
-0.003057 -0.006385 8.250000
-0.002867 -0.006359 8.250000
-0.002678 -0.006324 8.250000
-0.002492 -0.006276 8.250000
-0.002306 -0.006229 8.250000
-0.002119 -0.006184 8.250000
-0.001932 -0.006140 8.250000
-0.001743 -0.006106 8.250000
-0.001554 -0.006070 8.250000
-0.001363 -0.006057 8.250000
-0.001172 -0.006041 8.250000
-0.000980 -0.006033 8.250000
-0.000790 -0.006000 8.250000
-0.000599 -0.005994 8.250000
-0.000408 -0.005968 8.250000
-0.000217 -0.005949 8.250000
-0.000028 -0.005915 8.250000
0.000162 -0.005939 8.250000
0.000351 -0.005976 8.250000
0.000542 -0.005995 8.250000
0.000731 -0.006027 8.250000
0.000922 -0.006052 8.250000
0.001108 -0.006099 8.250000
0.001299 -0.006120 8.250000
0.001487 -0.006159 8.250000
0.001675 -0.006199 8.250000
0.001861 -0.006244 8.250000
0.002048 -0.006289 8.250000
0.002234 -0.006335 8.250000
0.002422 -0.006376 8.250000
0.002608 -0.006424 8.250000
0.002794 -0.006472 8.250000
0.002981 -0.006515 8.250000
0.003167 -0.006562 8.250000
0.003354 -0.006607 8.250000
0.003541 -0.006649 8.250000
0.003720 -0.006579 8.250000
0.003773 -0.006394 8.250000
0.003827 -0.006210 8.250000
0.003880 -0.006025 8.250000
0.003931 -0.005840 8.250000
0.003996 -0.005660 8.250000
0.004066 -0.005481 8.250000
0.004131 -0.005300 8.250000
0.004194 -0.005119 8.250000
0.004260 -0.004938 8.250000
0.004318 -0.004755 8.250000
0.004392 -0.004578 8.250000
0.004459 -0.004398 8.250000
0.004562 -0.004236 8.250000
0.004632 -0.004057 8.250000
0.004725 -0.003889 8.250000
0.004788 -0.003707 8.250000
0.004888 -0.003544 8.250000
0.004947 -0.003361 8.250000
0.005032 -0.003189 8.250000
0.005088 -0.003005 8.250000
0.005195 -0.002846 8.250000
0.005328 -0.002707 8.250000
0.005436 -0.002548 8.250000
0.005563 -0.002405 8.250000
0.005667 -0.002243 8.250000
0.005807 -0.002112 8.250000
0.005913 -0.001951 8.250000
0.006043 -0.001811 8.250000
0.006164 -0.001661 8.250000
0.006299 -0.001525 8.250000
0.006427 -0.001382 8.250000
0.006562 -0.001245 8.250000
0.006691 -0.001103 8.250000
0.006826 -0.000966 8.250000
0.006961 -0.000829 8.250000
0.007091 -0.000689 8.250000
0.007225 -0.000551 8.250000
0.007359 -0.000413 8.250000
0.007489 -0.000272 8.250000
0.007519 -0.000082 8.250000

