0.007879 -0.000044 9.937500
0.007734 0.000098 9.937500
0.007592 0.000243 9.937500
0.007450 0.000389 9.937500
0.007309 0.000535 9.937500
0.007176 0.000689 9.937500
0.007030 0.000830 9.937500
0.006893 0.000980 9.937500
0.006749 0.001123 9.937500
0.006621 0.001281 9.937500
0.006475 0.001423 9.937500
0.006357 0.001588 9.937500
0.006197 0.001713 9.937500
0.006075 0.001876 9.937500
0.005942 0.002030 9.937500
0.005828 0.002197 9.937500
0.005702 0.002357 9.937500
0.005596 0.002530 9.937500
0.005478 0.002696 9.937500
0.005353 0.002856 9.937500
0.005250 0.003031 9.937500
0.005186 0.003224 9.937500
0.005101 0.003408 9.937500
0.005026 0.003597 9.937500
0.004952 0.003786 9.937500
0.004876 0.003975 9.937500
0.004828 0.004172 9.937500
0.004754 0.004361 9.937500
0.004699 0.004557 9.937500
0.004633 0.004749 9.937500
0.004599 0.004949 9.937500
0.004528 0.005140 9.937500
0.004488 0.005339 9.937500
0.004414 0.005528 9.937500
0.004362 0.005725 9.937500
0.004294 0.005916 9.937500
0.004236 0.006111 9.937500
0.004169 0.006302 9.937500
0.004111 0.006497 9.937500
0.004042 0.006688 9.937500
0.003872 0.006800 9.937500
0.003678 0.006740 9.937500
0.003482 0.006687 9.937500
0.003287 0.006630 9.937500
0.003089 0.006584 9.937500
0.002893 0.006533 9.937500
0.002694 0.006491 9.937500
0.002497 0.006440 9.937500
0.002298 0.006403 9.937500
0.002101 0.006353 9.937500
0.001905 0.006300 9.937500
0.001705 0.006262 9.937500
0.001510 0.006205 9.937500
0.001309 0.006236 9.937500
0.001144 0.006355 9.937500
0.000967 0.006257 9.937500
0.000768 0.006215 9.937500
0.000572 0.006162 9.937500
0.000372 0.006126 9.937500
0.000172 0.006092 9.937500
-0.000029 0.006062 9.937500
-0.000231 0.006083 9.937500
-0.000432 0.006118 9.937500
-0.000628 0.006168 9.937500
-0.000828 0.006205 9.937500
-0.001011 0.006293 9.937500
-0.001193 0.006202 9.937500
-0.001396 0.006206 9.937500
-0.001591 0.006262 9.937500
-0.001793 0.006285 9.937500
-0.001993 0.006323 9.937500
-0.002192 0.006364 9.937500
-0.002392 0.006398 9.937500
-0.002585 0.006461 9.937500
-0.002784 0.006502 9.937500
-0.002979 0.006560 9.937500
-0.003179 0.006596 9.937500
-0.003376 0.006644 9.937500
-0.003573 0.006694 9.937500
-0.003769 0.006747 9.937500
-0.003962 0.006812 9.937500
-0.004136 0.006707 9.937500
-0.004206 0.006516 9.937500
-0.004265 0.006322 9.937500
-0.004333 0.006131 9.937500
-0.004392 0.005936 9.937500
-0.004457 0.005744 9.937500
-0.004511 0.005548 9.937500
-0.004582 0.005357 9.937500
-0.004621 0.005158 9.937500
-0.004695 0.004969 9.937500
-0.004723 0.004768 9.937500
-0.004799 0.004579 9.937500
-0.004841 0.004380 9.937500
-0.004910 0.004189 9.937500
-0.004943 0.003989 9.937500
-0.005021 0.003802 9.937500
-0.005075 0.003606 9.937500
-0.005149 0.003417 9.937500
-0.005214 0.003224 9.937500
-0.005281 0.003032 9.937500
-0.005402 0.002869 9.937500
-0.005525 0.002707 9.937500
-0.005662 0.002557 9.937500
-0.005777 0.002390 9.937500
-0.005924 0.002249 9.937500
-0.006052 0.002091 9.937500
-0.006203 0.001955 9.937500
-0.006322 0.001791 9.937500
-0.006480 0.001663 9.937500
-0.006609 0.001506 9.937500
-0.006760 0.001371 9.937500
-0.006889 0.001214 9.937500
-0.007036 0.001073 9.937500
-0.007166 0.000917 9.937500
-0.007311 0.000774 9.937500
-0.007444 0.000621 9.937500
-0.007585 0.000475 9.937500
-0.007729 0.000331 9.937500
-0.007874 0.000189 9.937500
-0.007912 -0.000011 9.937500
-0.007783 -0.000168 9.937500
-0.007656 -0.000326 9.937500
-0.007519 -0.000476 9.937500
-0.007385 -0.000629 9.937500
-0.007237 -0.000767 9.937500
-0.007100 -0.000918 9.937500
-0.006958 -0.001063 9.937500
-0.006835 -0.001225 9.937500
-0.006688 -0.001365 9.937500
-0.006554 -0.001518 9.937500
-0.006395 -0.001644 9.937500
-0.006264 -0.001799 9.937500
-0.006113 -0.001935 9.937500
-0.005980 -0.002089 9.937500
-0.005832 -0.002228 9.937500
-0.005724 -0.002400 9.937500
-0.005595 -0.002557 9.937500
-0.005490 -0.002731 9.937500
-0.005357 -0.002884 9.937500
-0.005266 -0.003066 9.937500
-0.005224 -0.003265 9.937500
-0.005136 -0.003448 9.937500
-0.005094 -0.003647 9.937500
-0.005009 -0.003831 9.937500
-0.004966 -0.004030 9.937500
-0.004899 -0.004221 9.937500
-0.004853 -0.004419 9.937500
-0.004777 -0.004608 9.937500
-0.004734 -0.004806 9.937500
-0.004668 -0.004998 9.937500
-0.004626 -0.005197 9.937500
-0.004557 -0.005388 9.937500
-0.004510 -0.005586 9.937500
-0.004436 -0.005775 9.937500
-0.004387 -0.005972 9.937500
-0.004319 -0.006164 9.937500
-0.004265 -0.006360 9.937500
-0.004209 -0.006555 9.937500
-0.004155 -0.006751 9.937500
-0.003994 -0.006874 9.937500
-0.003795 -0.006832 9.937500
-0.003596 -0.006790 9.937500
-0.003398 -0.006746 9.937500
-0.003199 -0.006706 9.937500
-0.002999 -0.006666 9.937500
-0.002805 -0.006607 9.937500
-0.002608 -0.006558 9.937500
-0.002413 -0.006502 9.937500
-0.002212 -0.006472 9.937500
-0.002013 -0.006430 9.937500
-0.001812 -0.006403 9.937500
-0.001617 -0.006346 9.937500
-0.001417 -0.006309 9.937500
-0.001220 -0.006259 9.937500
-0.001023 -0.006209 9.937500
-0.000826 -0.006160 9.937500
-0.000627 -0.006119 9.937500
-0.000424 -0.006101 9.937500
-0.000223 -0.006071 9.937500
-0.000022 -0.006098 9.937500
0.000173 -0.006157 9.937500
0.000375 -0.006177 9.937500
0.000570 -0.006233 9.937500
0.000771 -0.006264 9.937500
0.000968 -0.006312 9.937500
0.001163 -0.006370 9.937500
0.001361 -0.006415 9.937500
0.001558 -0.006464 9.937500
0.001758 -0.006503 9.937500
0.001951 -0.006564 9.937500
0.002151 -0.006600 9.937500
0.002346 -0.006659 9.937500
0.002545 -0.006697 9.937500
0.002743 -0.006744 9.937500
0.002941 -0.006787 9.937500
0.003140 -0.006832 9.937500
0.003339 -0.006873 9.937500
0.003535 -0.006923 9.937500
0.003734 -0.006968 9.937500
0.003918 -0.006882 9.937500
0.003973 -0.006687 9.937500
0.004032 -0.006492 9.937500
0.004091 -0.006298 9.937500
0.004146 -0.006103 9.937500
0.004216 -0.005912 9.937500
0.004263 -0.005714 9.937500
0.004327 -0.005521 9.937500
0.004363 -0.005321 9.937500
0.004440 -0.005133 9.937500
0.004482 -0.004935 9.937500
0.004567 -0.004750 9.937500
0.004626 -0.004556 9.937500
0.004702 -0.004367 9.937500
0.004757 -0.004172 9.937500
0.004818 -0.003978 9.937500
0.004902 -0.003793 9.937500
0.005039 -0.003643 9.937500
0.005093 -0.003447 9.937500
0.005163 -0.003256 9.937500
0.005250 -0.003072 9.937500
0.005385 -0.002920 9.937500
0.005515 -0.002765 9.937500
0.005645 -0.002609 9.937500
0.005785 -0.002461 9.937500
0.005908 -0.002300 9.937500
0.006063 -0.002168 9.937500
0.006196 -0.002014 9.937500
0.006347 -0.001878 9.937500
0.006471 -0.001717 9.937500
0.006630 -0.001592 9.937500
0.006756 -0.001432 9.937500
0.006910 -0.001300 9.937500
0.007038 -0.001142 9.937500
0.007184 -0.001000 9.937500
0.007315 -0.000846 9.937500
0.007456 -0.000699 9.937500
0.007587 -0.000544 9.937500
0.007729 -0.000398 9.937500
0.007863 -0.000246 9.937500
0.007879 -0.000044 9.937500

