0.008141 0.000001 11.296875
0.007993 0.000152 11.296875
0.007834 0.000292 11.296875
0.007688 0.000444 11.296875
0.007530 0.000585 11.296875
0.007386 0.000740 11.296875
0.007231 0.000884 11.296875
0.007099 0.001050 11.296875
0.006937 0.001186 11.296875
0.006808 0.001354 11.296875
0.006643 0.001486 11.296875
0.006507 0.001649 11.296875
0.006366 0.001806 11.296875
0.006230 0.001968 11.296875
0.006080 0.002118 11.296875
0.005934 0.002271 11.296875
0.005802 0.002436 11.296875
0.005656 0.002589 11.296875
0.005526 0.002756 11.296875
0.005413 0.002935 11.296875
0.005349 0.003137 11.296875
0.005273 0.003334 11.296875
0.005194 0.003531 11.296875
0.005152 0.003738 11.296875
0.005075 0.003935 11.296875
0.005026 0.004141 11.296875
0.004954 0.004340 11.296875
0.004904 0.004545 11.296875
0.004857 0.004752 11.296875
0.004784 0.004950 11.296875
0.004726 0.005154 11.296875
0.004652 0.005352 11.296875
0.004597 0.005557 11.296875
0.004519 0.005753 11.296875
0.004468 0.005959 11.296875
0.004382 0.006152 11.296875
0.004324 0.006355 11.296875
0.004234 0.006547 11.296875
0.004165 0.006747 11.296875
0.004084 0.006943 11.296875
0.003924 0.007081 11.296875
0.003728 0.007001 11.296875
0.003527 0.006935 11.296875
0.003327 0.006865 11.296875
0.003123 0.006809 11.296875
0.002921 0.006746 11.296875
0.002716 0.006695 11.296875
0.002510 0.006646 11.296875
0.002307 0.006585 11.296875
0.002099 0.006547 11.296875
0.001893 0.006501 11.296875
0.001690 0.006440 11.296875
0.001480 0.006416 11.296875
0.001293 0.006515 11.296875
0.001154 0.006674 11.296875
0.000981 0.006552 11.296875
0.000787 0.006468 11.296875
0.000587 0.006398 11.296875
0.000387 0.006329 11.296875
0.000182 0.006276 11.296875
-0.000022 0.006222 11.296875
-0.000229 0.006266 11.296875
-0.000427 0.006341 11.296875
-0.000631 0.006398 11.296875
-0.000824 0.006484 11.296875
-0.001002 0.006599 11.296875
-0.001124 0.006426 11.296875
-0.001327 0.006368 11.296875
-0.001537 0.006397 11.296875
-0.001746 0.006432 11.296875
-0.001944 0.006505 11.296875
-0.002153 0.006538 11.296875
-0.002354 0.006607 11.296875
-0.002561 0.006649 11.296875
-0.002769 0.006690 11.296875
-0.002972 0.006748 11.296875
-0.003178 0.006794 11.296875
-0.003376 0.006870 11.296875
-0.003580 0.006927 11.296875
-0.003773 0.007013 11.296875
-0.003964 0.007104 11.296875
-0.004140 0.006986 11.296875
-0.004223 0.006791 11.296875
-0.004299 0.006594 11.296875
-0.004394 0.006405 11.296875
-0.004458 0.006203 11.296875
-0.004550 0.006013 11.296875
-0.004599 0.005807 11.296875
-0.004685 0.005613 11.296875
-0.004730 0.005407 11.296875
-0.004810 0.005211 11.296875
-0.004861 0.005005 11.296875
-0.004936 0.004808 11.296875
-0.004973 0.004599 11.296875
-0.005044 0.004400 11.296875
-0.005103 0.004197 11.296875
-0.005156 0.003992 11.296875
-0.005223 0.003791 11.296875
-0.005256 0.003582 11.296875
-0.005345 0.003391 11.296875
-0.005374 0.003181 11.296875
-0.005462 0.002989 11.296875
-0.005620 0.002847 11.296875
-0.005745 0.002677 11.296875
-0.005900 0.002533 11.296875
-0.006047 0.002380 11.296875
-0.006178 0.002215 11.296875
-0.006335 0.002072 11.296875
-0.006473 0.001912 11.296875
-0.006633 0.001774 11.296875
-0.006760 0.001604 11.296875
-0.006920 0.001466 11.296875
-0.007049 0.001298 11.296875
-0.007207 0.001157 11.296875
-0.007340 0.000993 11.296875
-0.007498 0.000852 11.296875
-0.007640 0.000695 11.296875
-0.007801 0.000558 11.296875
-0.007943 0.000401 11.296875
-0.008093 0.000252 11.296875
-0.008141 0.000046 11.296875
-0.007995 -0.000108 11.296875
-0.007866 -0.000275 11.296875
-0.007726 -0.000434 11.296875
-0.007602 -0.000605 11.296875
-0.007463 -0.000765 11.296875
-0.007341 -0.000938 11.296875
-0.007188 -0.001084 11.296875
-0.007051 -0.001245 11.296875
-0.006892 -0.001384 11.296875
-0.006764 -0.001553 11.296875
-0.006617 -0.001705 11.296875
-0.006482 -0.001869 11.296875
-0.006318 -0.002002 11.296875
-0.006185 -0.002167 11.296875
-0.006023 -0.002303 11.296875
-0.005881 -0.002460 11.296875
-0.005729 -0.002607 11.296875
-0.005577 -0.002754 11.296875
-0.005468 -0.002935 11.296875
-0.005430 -0.003143 11.296875
-0.005353 -0.003340 11.296875
-0.005281 -0.003540 11.296875
-0.005240 -0.003747 11.296875
-0.005160 -0.003943 11.296875
-0.005130 -0.004153 11.296875
-0.005044 -0.004346 11.296875
-0.005008 -0.004554 11.296875
-0.004937 -0.004754 11.296875
-0.004893 -0.004961 11.296875
-0.004815 -0.005157 11.296875
-0.004764 -0.005363 11.296875
-0.004688 -0.005560 11.296875
-0.004640 -0.005766 11.296875
-0.004568 -0.005966 11.296875
-0.004523 -0.006172 11.296875
-0.004453 -0.006372 11.296875
-0.004411 -0.006579 11.296875
-0.004337 -0.006778 11.296875
-0.004287 -0.006983 11.296875
-0.004111 -0.007100 11.296875
-0.003906 -0.007047 11.296875
-0.003702 -0.006989 11.296875
-0.003494 -0.006951 11.296875
-0.003290 -0.006896 11.296875
-0.003082 -0.006856 11.296875
-0.002876 -0.006807 11.296875
-0.002666 -0.006778 11.296875
-0.002463 -0.006721 11.296875
-0.002256 -0.006677 11.296875
-0.002055 -0.006611 11.296875
-0.001849 -0.006563 11.296875
-0.001640 -0.006526 11.296875
-0.001433 -0.006485 11.296875
-0.001224 -0.006448 11.296875
-0.001018 -0.006403 11.296875
-0.000810 -0.006361 11.296875
-0.000603 -0.006317 11.296875
-0.000410 -0.006230 11.296875
-0.000199 -0.006218 11.296875
-0.000001 -0.006293 11.296875
0.000209 -0.006315 11.296875
0.000412 -0.006376 11.296875
0.000616 -0.006433 11.296875
0.000824 -0.006472 11.296875
0.001023 -0.006544 11.296875
0.001233 -0.006571 11.296875
0.001435 -0.006633 11.296875
0.001641 -0.006682 11.296875
0.001847 -0.006728 11.296875
0.002054 -0.006774 11.296875
0.002261 -0.006816 11.296875
0.002467 -0.006867 11.296875
0.002675 -0.006903 11.296875
0.002878 -0.006963 11.296875
0.003087 -0.006996 11.296875
0.003292 -0.007051 11.296875
0.003500 -0.007086 11.296875
0.003708 -0.007124 11.296875
0.003917 -0.007160 11.296875
0.004108 -0.007069 11.296875
0.004153 -0.006862 11.296875
0.004187 -0.006654 11.296875
0.004253 -0.006452 11.296875
0.004294 -0.006245 11.296875
0.004366 -0.006046 11.296875
0.004407 -0.005838 11.296875
0.004491 -0.005644 11.296875
0.004533 -0.005437 11.296875
0.004603 -0.005237 11.296875
0.004653 -0.005031 11.296875
0.004712 -0.004828 11.296875
0.004778 -0.004627 11.296875
0.004825 -0.004421 11.296875
0.004923 -0.004233 11.296875
0.004952 -0.004024 11.296875
0.005060 -0.003842 11.296875
0.005259 -0.003769 11.296875
0.005310 -0.003564 11.296875
0.005307 -0.003352 11.296875
0.005379 -0.003153 11.296875
0.005532 -0.003008 11.296875
0.005659 -0.002838 11.296875
0.005817 -0.002698 11.296875
0.005957 -0.002539 11.296875
0.006111 -0.002394 11.296875
0.006256 -0.002240 11.296875
0.006392 -0.002078 11.296875
0.006551 -0.001937 11.296875
0.006688 -0.001776 11.296875
0.006841 -0.001630 11.296875
0.006971 -0.001463 11.296875
0.007128 -0.001322 11.296875
0.007254 -0.001151 11.296875
0.007412 -0.001011 11.296875
0.007538 -0.000841 11.296875
0.007692 -0.000696 11.296875
0.007820 -0.000527 11.296875
0.007964 -0.000372 11.296875
0.008094 -0.000206 11.296875
0.008141 0.000001 11.296875

