0.006777 -0.000000 4.965278
0.006720 0.000161 4.965278
0.006613 0.000296 4.965278
0.006505 0.000429 4.965278
0.006400 0.000564 4.965278
0.006292 0.000698 4.965278
0.006185 0.000832 4.965278
0.006074 0.000962 4.965278
0.005971 0.001099 4.965278
0.005865 0.001234 4.965278
0.005758 0.001368 4.965278
0.005647 0.001499 4.965278
0.005538 0.001631 4.965278
0.005437 0.001770 4.965278
0.005331 0.001904 4.965278
0.005223 0.002037 4.965278
0.005111 0.002167 4.965278
0.005001 0.002299 4.965278
0.004901 0.002438 4.965278
0.004797 0.002574 4.965278
0.004688 0.002707 4.965278
0.004628 0.002867 4.965278
0.004562 0.003026 4.965278
0.004492 0.003182 4.965278
0.004432 0.003343 4.965278
0.004375 0.003504 4.965278
0.004314 0.003665 4.965278
0.004251 0.003824 4.965278
0.004181 0.003981 4.965278
0.004121 0.004141 4.965278
0.004064 0.004303 4.965278
0.004001 0.004462 4.965278
0.003937 0.004622 4.965278
0.003870 0.004779 4.965278
0.003813 0.004941 4.965278
0.003751 0.005101 4.965278
0.003689 0.005260 4.965278
0.003624 0.005419 4.965278
0.003563 0.005579 4.965278
0.003500 0.005739 4.965278
0.003389 0.005869 4.965278
0.003220 0.005900 4.965278
0.003050 0.005875 4.965278
0.002881 0.005848 4.965278
0.002711 0.005825 4.965278
0.002542 0.005798 4.965278
0.002372 0.005773 4.965278
0.002204 0.005741 4.965278
0.002034 0.005721 4.965278
0.001864 0.005696 4.965278
0.001694 0.005671 4.965278
0.001526 0.005640 4.965278
0.001357 0.005612 4.965278
0.001186 0.005594 4.965278
0.001017 0.005569 4.965278
0.000847 0.005541 4.965278
0.000679 0.005510 4.965278
0.000510 0.005481 4.965278
0.000339 0.005464 4.965278
0.000169 0.005442 4.965278
-0.000000 0.005414 4.965278
-0.000169 0.005442 4.965278
-0.000339 0.005464 4.965278
-0.000510 0.005481 4.965278
-0.000679 0.005510 4.965278
-0.000847 0.005541 4.965278
-0.001017 0.005569 4.965278
-0.001186 0.005594 4.965278
-0.001357 0.005612 4.965278
-0.001526 0.005640 4.965278
-0.001694 0.005671 4.965278
-0.001864 0.005696 4.965278
-0.002034 0.005721 4.965278
-0.002204 0.005741 4.965278
-0.002372 0.005773 4.965278
-0.002542 0.005798 4.965278
-0.002711 0.005825 4.965278
-0.002881 0.005847 4.965278
-0.003051 0.005875 4.965278
-0.003220 0.005900 4.965278
-0.003389 0.005869 4.965278
-0.003500 0.005739 4.965278
-0.003563 0.005579 4.965278
-0.003624 0.005419 4.965278
-0.003689 0.005260 4.965278
-0.003751 0.005101 4.965278
-0.003813 0.004941 4.965278
-0.003870 0.004779 4.965278
-0.003937 0.004622 4.965278
-0.004001 0.004462 4.965278
-0.004064 0.004303 4.965278
-0.004121 0.004141 4.965278
-0.004181 0.003981 4.965278
-0.004251 0.003824 4.965278
-0.004314 0.003665 4.965278
-0.004375 0.003504 4.965278
-0.004432 0.003343 4.965278
-0.004492 0.003182 4.965278
-0.004562 0.003026 4.965278
-0.004628 0.002867 4.965278
-0.004688 0.002707 4.965278
-0.004797 0.002574 4.965278
-0.004901 0.002438 4.965278
-0.005001 0.002299 4.965278
-0.005111 0.002167 4.965278
-0.005223 0.002037 4.965278
-0.005331 0.001904 4.965278
-0.005437 0.001770 4.965278
-0.005538 0.001631 4.965278
-0.005647 0.001499 4.965278
-0.005758 0.001368 4.965278
-0.005865 0.001234 4.965278
-0.005971 0.001099 4.965278
-0.006074 0.000962 4.965278
-0.006185 0.000832 4.965278
-0.006293 0.000698 4.965278
-0.006400 0.000564 4.965278
-0.006505 0.000429 4.965278
-0.006613 0.000296 4.965278
-0.006720 0.000162 4.965278
-0.006777 0.000000 4.965278
-0.006720 -0.000161 4.965278
-0.006613 -0.000296 4.965278
-0.006505 -0.000429 4.965278
-0.006400 -0.000564 4.965278
-0.006292 -0.000698 4.965278
-0.006185 -0.000832 4.965278
-0.006074 -0.000962 4.965278
-0.005971 -0.001099 4.965278
-0.005865 -0.001234 4.965278
-0.005758 -0.001368 4.965278
-0.005647 -0.001499 4.965278
-0.005538 -0.001631 4.965278
-0.005437 -0.001770 4.965278
-0.005331 -0.001904 4.965278
-0.005223 -0.002037 4.965278
-0.005111 -0.002167 4.965278
-0.005001 -0.002299 4.965278
-0.004901 -0.002438 4.965278
-0.004797 -0.002574 4.965278
-0.004688 -0.002707 4.965278
-0.004628 -0.002867 4.965278
-0.004562 -0.003026 4.965278
-0.004492 -0.003182 4.965278
-0.004432 -0.003343 4.965278
-0.004375 -0.003504 4.965278
-0.004314 -0.003665 4.965278
-0.004251 -0.003824 4.965278
-0.004181 -0.003981 4.965278
-0.004121 -0.004141 4.965278
-0.004064 -0.004303 4.965278
-0.004001 -0.004462 4.965278
-0.003937 -0.004622 4.965278
-0.003870 -0.004779 4.965278
-0.003813 -0.004941 4.965278
-0.003751 -0.005101 4.965278
-0.003689 -0.005260 4.965278
-0.003624 -0.005419 4.965278
-0.003563 -0.005579 4.965278
-0.003500 -0.005739 4.965278
-0.003389 -0.005869 4.965278
-0.003220 -0.005900 4.965278
-0.003051 -0.005875 4.965278
-0.002881 -0.005847 4.965278
-0.002711 -0.005825 4.965278
-0.002542 -0.005798 4.965278
-0.002372 -0.005773 4.965278
-0.002204 -0.005741 4.965278
-0.002034 -0.005721 4.965278
-0.001864 -0.005696 4.965278
-0.001694 -0.005671 4.965278
-0.001526 -0.005640 4.965278
-0.001357 -0.005612 4.965278
-0.001186 -0.005594 4.965278
-0.001017 -0.005569 4.965278
-0.000847 -0.005541 4.965278
-0.000679 -0.005510 4.965278
-0.000510 -0.005481 4.965278
-0.000339 -0.005464 4.965278
-0.000169 -0.005442 4.965278
0.000000 -0.005414 4.965278
0.000169 -0.005442 4.965278
0.000339 -0.005464 4.965278
0.000510 -0.005481 4.965278
0.000679 -0.005510 4.965278
0.000847 -0.005541 4.965278
0.001017 -0.005569 4.965278
0.001186 -0.005594 4.965278
0.001357 -0.005612 4.965278
0.001526 -0.005640 4.965278
0.001694 -0.005671 4.965278
0.001864 -0.005696 4.965278
0.002034 -0.005721 4.965278
0.002204 -0.005741 4.965278
0.002372 -0.005773 4.965278
0.002542 -0.005798 4.965278
0.002711 -0.005825 4.965278
0.002881 -0.005848 4.965278
0.003050 -0.005875 4.965278
0.003220 -0.005901 4.965278
0.003388 -0.005869 4.965278
0.003499 -0.005739 4.965278
0.003562 -0.005579 4.965278
0.003623 -0.005419 4.965278
0.003689 -0.005260 4.965278
0.003751 -0.005101 4.965278
0.003813 -0.004941 4.965278
0.003870 -0.004779 4.965278
0.003937 -0.004621 4.965278
0.004001 -0.004462 4.965278
0.004064 -0.004303 4.965278
0.004121 -0.004141 4.965278
0.004181 -0.003981 4.965278
0.004251 -0.003824 4.965278
0.004314 -0.003665 4.965278
0.004375 -0.003504 4.965278
0.004432 -0.003343 4.965278
0.004492 -0.003182 4.965278
0.004562 -0.003026 4.965278
0.004628 -0.002867 4.965278
0.004688 -0.002707 4.965278
0.004797 -0.002574 4.965278
0.004901 -0.002438 4.965278
0.005001 -0.002299 4.965278
0.005111 -0.002167 4.965278
0.005223 -0.002037 4.965278
0.005331 -0.001904 4.965278
0.005437 -0.001770 4.965278
0.005538 -0.001631 4.965278
0.005647 -0.001499 4.965278
0.005758 -0.001368 4.965278
0.005865 -0.001234 4.965278
0.005971 -0.001099 4.965278
0.006074 -0.000962 4.965278
0.006185 -0.000832 4.965278
0.006293 -0.000698 4.965278
0.006400 -0.000564 4.965278
0.006505 -0.000429 4.965278
0.006613 -0.000296 4.965278
0.006720 -0.000162 4.965278
0.006777 -0.000000 4.965278

