0.007721 -0.000075 9.138889
0.007586 0.000070 9.138889
0.007448 0.000212 9.138889
0.007313 0.000357 9.138889
0.007179 0.000502 9.138889
0.007041 0.000644 9.138889
0.006902 0.000785 9.138889
0.006775 0.000937 9.138889
0.006641 0.001083 9.138889
0.006514 0.001234 9.138889
0.006377 0.001378 9.138889
0.006251 0.001530 9.138889
0.006112 0.001671 9.138889
0.006020 0.001846 9.138889
0.005891 0.001997 9.138889
0.005793 0.002169 9.138889
0.005672 0.002325 9.138889
0.005564 0.002491 9.138889
0.005439 0.002645 9.138889
0.005334 0.002812 9.138889
0.005215 0.002971 9.138889
0.005135 0.003152 9.138889
0.005062 0.003336 9.138889
0.004976 0.003514 9.138889
0.004913 0.003702 9.138889
0.004823 0.003878 9.138889
0.004755 0.004064 9.138889
0.004677 0.004246 9.138889
0.004629 0.004438 9.138889
0.004548 0.004618 9.138889
0.004503 0.004811 9.138889
0.004436 0.004998 9.138889
0.004394 0.005191 9.138889
0.004336 0.005380 9.138889
0.004284 0.005571 9.138889
0.004222 0.005759 9.138889
0.004168 0.005950 9.138889
0.004106 0.006138 9.138889
0.004044 0.006326 9.138889
0.003987 0.006515 9.138889
0.003832 0.006639 9.138889
0.003640 0.006592 9.138889
0.003449 0.006540 9.138889
0.003257 0.006493 9.138889
0.003063 0.006451 9.138889
0.002871 0.006403 9.138889
0.002677 0.006364 9.138889
0.002485 0.006316 9.138889
0.002292 0.006273 9.138889
0.002102 0.006219 9.138889
0.001907 0.006185 9.138889
0.001712 0.006150 9.138889
0.001515 0.006128 9.138889
0.001317 0.006124 9.138889
0.001125 0.006172 9.138889
0.000934 0.006120 9.138889
0.000737 0.006102 9.138889
0.000544 0.006057 9.138889
0.000346 0.006047 9.138889
0.000151 0.006016 9.138889
-0.000046 0.006000 9.138889
-0.000242 0.006029 9.138889
-0.000440 0.006033 9.138889
-0.000635 0.006070 9.138889
-0.000832 0.006088 9.138889
-0.001024 0.006135 9.138889
-0.001219 0.006102 9.138889
-0.001416 0.006124 9.138889
-0.001611 0.006157 9.138889
-0.001804 0.006199 9.138889
-0.002001 0.006223 9.138889
-0.002193 0.006268 9.138889
-0.002390 0.006290 9.138889
-0.002584 0.006332 9.138889
-0.002778 0.006368 9.138889
-0.002969 0.006422 9.138889
-0.003160 0.006472 9.138889
-0.003353 0.006515 9.138889
-0.003547 0.006558 9.138889
-0.003739 0.006605 9.138889
-0.003932 0.006649 9.138889
-0.004086 0.006524 9.138889
-0.004143 0.006335 9.138889
-0.004205 0.006147 9.138889
-0.004264 0.005958 9.138889
-0.004319 0.005768 9.138889
-0.004380 0.005580 9.138889
-0.004432 0.005389 9.138889
-0.004488 0.005199 9.138889
-0.004536 0.005006 9.138889
-0.004600 0.004819 9.138889
-0.004641 0.004626 9.138889
-0.004715 0.004442 9.138889
-0.004743 0.004246 9.138889
-0.004820 0.004064 9.138889
-0.004872 0.003873 9.138889
-0.004955 0.003693 9.138889
-0.005003 0.003501 9.138889
-0.005090 0.003323 9.138889
-0.005149 0.003134 9.138889
-0.005235 0.002956 9.138889
-0.005366 0.002807 9.138889
-0.005471 0.002640 9.138889
-0.005607 0.002495 9.138889
-0.005718 0.002332 9.138889
-0.005851 0.002185 9.138889
-0.005961 0.002021 9.138889
-0.006111 0.001892 9.138889
-0.006230 0.001733 9.138889
-0.006372 0.001595 9.138889
-0.006497 0.001442 9.138889
-0.006643 0.001308 9.138889
-0.006773 0.001159 9.138889
-0.006916 0.001022 9.138889
-0.007047 0.000874 9.138889
-0.007183 0.000730 9.138889
-0.007319 0.000586 9.138889
-0.007452 0.000439 9.138889
-0.007585 0.000293 9.138889
-0.007723 0.000151 9.138889
-0.007759 -0.000044 9.138889
-0.007627 -0.000191 9.138889
-0.007489 -0.000333 9.138889
-0.007350 -0.000474 9.138889
-0.007214 -0.000618 9.138889
-0.007079 -0.000762 9.138889
-0.006954 -0.000916 9.138889
-0.006816 -0.001058 9.138889
-0.006680 -0.001202 9.138889
-0.006529 -0.001330 9.138889
-0.006396 -0.001477 9.138889
-0.006251 -0.001611 9.138889
-0.006128 -0.001766 9.138889
-0.005986 -0.001904 9.138889
-0.005881 -0.002072 9.138889
-0.005762 -0.002230 9.138889
-0.005659 -0.002399 9.138889
-0.005528 -0.002547 9.138889
-0.005422 -0.002715 9.138889
-0.005294 -0.002865 9.138889
-0.005192 -0.003035 9.138889
-0.005139 -0.003226 9.138889
-0.005051 -0.003403 9.138889
-0.005001 -0.003595 9.138889
-0.004925 -0.003777 9.138889
-0.004867 -0.003967 9.138889
-0.004790 -0.004149 9.138889
-0.004749 -0.004343 9.138889
-0.004681 -0.004529 9.138889
-0.004633 -0.004721 9.138889
-0.004561 -0.004905 9.138889
-0.004520 -0.005099 9.138889
-0.004455 -0.005286 9.138889
-0.004413 -0.005479 9.138889
-0.004351 -0.005667 9.138889
-0.004294 -0.005857 9.138889
-0.004236 -0.006046 9.138889
-0.004176 -0.006235 9.138889
-0.004115 -0.006423 9.138889
-0.004061 -0.006614 9.138889
-0.003910 -0.006741 9.138889
-0.003716 -0.006701 9.138889
-0.003523 -0.006657 9.138889
-0.003330 -0.006613 9.138889
-0.003138 -0.006565 9.138889
-0.002948 -0.006509 9.138889
-0.002756 -0.006461 9.138889
-0.002560 -0.006430 9.138889
-0.002366 -0.006394 9.138889
-0.002170 -0.006362 9.138889
-0.001979 -0.006309 9.138889
-0.001786 -0.006269 9.138889
-0.001595 -0.006215 9.138889
-0.001400 -0.006180 9.138889
-0.001211 -0.006122 9.138889
-0.001015 -0.006097 9.138889
-0.000818 -0.006073 9.138889
-0.000621 -0.006058 9.138889
-0.000424 -0.006036 9.138889
-0.000227 -0.006017 9.138889
-0.000029 -0.006011 9.138889
0.000165 -0.006051 9.138889
0.000361 -0.006078 9.138889
0.000555 -0.006113 9.138889
0.000748 -0.006157 9.138889
0.000944 -0.006185 9.138889
0.001138 -0.006229 9.138889
0.001331 -0.006269 9.138889
0.001519 -0.006331 9.138889
0.001714 -0.006365 9.138889
0.001904 -0.006420 9.138889
0.002098 -0.006461 9.138889
0.002290 -0.006510 9.138889
0.002482 -0.006558 9.138889
0.002674 -0.006606 9.138889
0.002867 -0.006647 9.138889
0.003060 -0.006694 9.138889
0.003253 -0.006737 9.138889
0.003447 -0.006777 9.138889
0.003639 -0.006823 9.138889
0.003825 -0.006754 9.138889
0.003885 -0.006565 9.138889
0.003939 -0.006375 9.138889
0.003998 -0.006186 9.138889
0.004056 -0.005997 9.138889
0.004109 -0.005806 9.138889
0.004156 -0.005614 9.138889
0.004220 -0.005427 9.138889
0.004277 -0.005237 9.138889
0.004355 -0.005055 9.138889
0.004409 -0.004865 9.138889
0.004492 -0.004685 9.138889
0.004531 -0.004491 9.138889
0.004610 -0.004309 9.138889
0.004670 -0.004121 9.138889
0.004764 -0.003946 9.138889
0.004840 -0.003764 9.138889
0.004951 -0.003600 9.138889
0.005015 -0.003413 9.138889
0.005106 -0.003237 9.138889
0.005176 -0.003052 9.138889
0.005291 -0.002891 9.138889
0.005422 -0.002742 9.138889
0.005534 -0.002579 9.138889
0.005675 -0.002440 9.138889
0.005791 -0.002280 9.138889
0.005928 -0.002137 9.138889
0.006048 -0.001979 9.138889
0.006204 -0.001858 9.138889
0.006325 -0.001701 9.138889
0.006474 -0.001571 9.138889
0.006601 -0.001419 9.138889
0.006746 -0.001284 9.138889
0.006878 -0.001137 9.138889
0.007019 -0.000998 9.138889
0.007151 -0.000850 9.138889
0.007289 -0.000709 9.138889
0.007423 -0.000563 9.138889
0.007554 -0.000415 9.138889
0.007690 -0.000270 9.138889
0.007721 -0.000075 9.138889

