0.006877 -0.000001 5.484375
0.006814 0.000161 5.484375
0.006710 0.000301 5.484375
0.006602 0.000437 5.484375
0.006495 0.000574 5.484375
0.006384 0.000708 5.484375
0.006278 0.000846 5.484375
0.006171 0.000983 5.484375
0.006061 0.001118 5.484375
0.005951 0.001252 5.484375
0.005841 0.001387 5.484375
0.005738 0.001527 5.484375
0.005629 0.001663 5.484375
0.005517 0.001796 5.484375
0.005407 0.001931 5.484375
0.005298 0.002066 5.484375
0.005196 0.002207 5.484375
0.005088 0.002343 5.484375
0.004972 0.002474 5.484375
0.004863 0.002608 5.484375
0.004756 0.002746 5.484375
0.004690 0.002907 5.484375
0.004628 0.003069 5.484375
0.004573 0.003234 5.484375
0.004509 0.003396 5.484375
0.004439 0.003555 5.484375
0.004375 0.003717 5.484375
0.004313 0.003880 5.484375
0.004255 0.004043 5.484375
0.004192 0.004206 5.484375
0.004121 0.004365 5.484375
0.004060 0.004527 5.484375
0.003999 0.004690 5.484375
0.003937 0.004853 5.484375
0.003872 0.005014 5.484375
0.003805 0.005175 5.484375
0.003745 0.005338 5.484375
0.003680 0.005499 5.484375
0.003617 0.005661 5.484375
0.003549 0.005822 5.484375
0.003439 0.005956 5.484375
0.003267 0.005984 5.484375
0.003094 0.005963 5.484375
0.002922 0.005936 5.484375
0.002750 0.005913 5.484375
0.002579 0.005882 5.484375
0.002406 0.005860 5.484375
0.002234 0.005836 5.484375
0.002062 0.005808 5.484375
0.001891 0.005780 5.484375
0.001719 0.005752 5.484375
0.001546 0.005733 5.484375
0.001374 0.005706 5.484375
0.001203 0.005675 5.484375
0.001031 0.005648 5.484375
0.000859 0.005622 5.484375
0.000687 0.005603 5.484375
0.000514 0.005578 5.484375
0.000344 0.005543 5.484375
0.000172 0.005515 5.484375
-0.000000 0.005492 5.484375
-0.000172 0.005515 5.484375
-0.000344 0.005543 5.484375
-0.000514 0.005578 5.484375
-0.000687 0.005603 5.484375
-0.000860 0.005622 5.484375
-0.001032 0.005648 5.484375
-0.001203 0.005675 5.484375
-0.001374 0.005706 5.484375
-0.001546 0.005733 5.484375
-0.001719 0.005752 5.484375
-0.001891 0.005780 5.484375
-0.002062 0.005808 5.484375
-0.002234 0.005836 5.484375
-0.002406 0.005860 5.484375
-0.002579 0.005882 5.484375
-0.002750 0.005912 5.484375
-0.002923 0.005935 5.484375
-0.003095 0.005961 5.484375
-0.003267 0.005982 5.484375
-0.003439 0.005955 5.484375
-0.003551 0.005822 5.484375
-0.003618 0.005662 5.484375
-0.003681 0.005499 5.484375
-0.003746 0.005338 5.484375
-0.003805 0.005175 5.484375
-0.003872 0.005014 5.484375
-0.003937 0.004853 5.484375
-0.003999 0.004690 5.484375
-0.004060 0.004527 5.484375
-0.004122 0.004365 5.484375
-0.004192 0.004205 5.484375
-0.004255 0.004043 5.484375
-0.004313 0.003880 5.484375
-0.004375 0.003717 5.484375
-0.004439 0.003555 5.484375
-0.004509 0.003396 5.484375
-0.004573 0.003234 5.484375
-0.004628 0.003069 5.484375
-0.004690 0.002907 5.484375
-0.004756 0.002746 5.484375
-0.004863 0.002608 5.484375
-0.004972 0.002474 5.484375
-0.005088 0.002343 5.484375
-0.005196 0.002207 5.484375
-0.005298 0.002066 5.484375
-0.005407 0.001930 5.484375
-0.005517 0.001796 5.484375
-0.005629 0.001663 5.484375
-0.005738 0.001527 5.484375
-0.005841 0.001387 5.484375
-0.005951 0.001252 5.484375
-0.006061 0.001118 5.484375
-0.006171 0.000983 5.484375
-0.006279 0.000846 5.484375
-0.006384 0.000708 5.484375
-0.006496 0.000575 5.484375
-0.006602 0.000437 5.484375
-0.006711 0.000302 5.484375
-0.006816 0.000163 5.484375
-0.006877 0.000000 5.484375
-0.006816 -0.000163 5.484375
-0.006711 -0.000301 5.484375
-0.006602 -0.000437 5.484375
-0.006495 -0.000575 5.484375
-0.006384 -0.000708 5.484375
-0.006278 -0.000846 5.484375
-0.006171 -0.000983 5.484375
-0.006061 -0.001118 5.484375
-0.005951 -0.001252 5.484375
-0.005841 -0.001387 5.484375
-0.005738 -0.001527 5.484375
-0.005629 -0.001663 5.484375
-0.005517 -0.001796 5.484375
-0.005407 -0.001931 5.484375
-0.005298 -0.002067 5.484375
-0.005196 -0.002207 5.484375
-0.005088 -0.002343 5.484375
-0.004972 -0.002474 5.484375
-0.004863 -0.002608 5.484375
-0.004756 -0.002746 5.484375
-0.004690 -0.002907 5.484375
-0.004628 -0.003069 5.484375
-0.004573 -0.003235 5.484375
-0.004509 -0.003396 5.484375
-0.004439 -0.003555 5.484375
-0.004375 -0.003717 5.484375
-0.004313 -0.003880 5.484375
-0.004255 -0.004043 5.484375
-0.004192 -0.004206 5.484375
-0.004122 -0.004365 5.484375
-0.004060 -0.004527 5.484375
-0.003999 -0.004690 5.484375
-0.003937 -0.004853 5.484375
-0.003872 -0.005014 5.484375
-0.003805 -0.005175 5.484375
-0.003746 -0.005338 5.484375
-0.003681 -0.005500 5.484375
-0.003619 -0.005662 5.484375
-0.003552 -0.005823 5.484375
-0.003439 -0.005955 5.484375
-0.003267 -0.005981 5.484375
-0.003095 -0.005961 5.484375
-0.002923 -0.005935 5.484375
-0.002750 -0.005912 5.484375
-0.002579 -0.005882 5.484375
-0.002406 -0.005860 5.484375
-0.002234 -0.005836 5.484375
-0.002062 -0.005808 5.484375
-0.001891 -0.005780 5.484375
-0.001719 -0.005752 5.484375
-0.001546 -0.005733 5.484375
-0.001374 -0.005706 5.484375
-0.001203 -0.005675 5.484375
-0.001031 -0.005648 5.484375
-0.000859 -0.005622 5.484375
-0.000687 -0.005603 5.484375
-0.000514 -0.005578 5.484375
-0.000344 -0.005543 5.484375
-0.000172 -0.005515 5.484375
0.000000 -0.005492 5.484375
0.000172 -0.005515 5.484375
0.000344 -0.005543 5.484375
0.000514 -0.005578 5.484375
0.000687 -0.005603 5.484375
0.000860 -0.005622 5.484375
0.001032 -0.005648 5.484375
0.001203 -0.005675 5.484375
0.001374 -0.005706 5.484375
0.001546 -0.005733 5.484375
0.001719 -0.005752 5.484375
0.001891 -0.005780 5.484375
0.002062 -0.005808 5.484375
0.002234 -0.005836 5.484375
0.002406 -0.005861 5.484375
0.002579 -0.005883 5.484375
0.002750 -0.005913 5.484375
0.002922 -0.005938 5.484375
0.003094 -0.005965 5.484375
0.003266 -0.005988 5.484375
0.003438 -0.005956 5.484375
0.003546 -0.005820 5.484375
0.003615 -0.005660 5.484375
0.003679 -0.005499 5.484375
0.003745 -0.005338 5.484375
0.003805 -0.005174 5.484375
0.003872 -0.005014 5.484375
0.003937 -0.004853 5.484375
0.003999 -0.004690 5.484375
0.004060 -0.004527 5.484375
0.004121 -0.004365 5.484375
0.004192 -0.004205 5.484375
0.004255 -0.004043 5.484375
0.004313 -0.003880 5.484375
0.004375 -0.003717 5.484375
0.004439 -0.003555 5.484375
0.004509 -0.003396 5.484375
0.004573 -0.003234 5.484375
0.004628 -0.003069 5.484375
0.004690 -0.002907 5.484375
0.004756 -0.002746 5.484375
0.004863 -0.002608 5.484375
0.004972 -0.002474 5.484375
0.005088 -0.002343 5.484375
0.005196 -0.002207 5.484375
0.005298 -0.002066 5.484375
0.005407 -0.001931 5.484375
0.005517 -0.001796 5.484375
0.005629 -0.001663 5.484375
0.005738 -0.001527 5.484375
0.005841 -0.001387 5.484375
0.005951 -0.001252 5.484375
0.006061 -0.001118 5.484375
0.006171 -0.000983 5.484375
0.006279 -0.000846 5.484375
0.006384 -0.000708 5.484375
0.006496 -0.000575 5.484375
0.006603 -0.000438 5.484375
0.006712 -0.000302 5.484375
0.006818 -0.000164 5.484375
0.006877 -0.000001 5.484375

