0.006266 -0.000000 2.473958
0.006214 0.000150 2.473958
0.006115 0.000274 2.473958
0.006014 0.000396 2.473958
0.005913 0.000518 2.473958
0.005817 0.000645 2.473958
0.005721 0.000771 2.473958
0.005619 0.000893 2.473958
0.005514 0.001011 2.473958
0.005414 0.001134 2.473958
0.005320 0.001262 2.473958
0.005227 0.001391 2.473958
0.005129 0.001515 2.473958
0.005024 0.001634 2.473958
0.004917 0.001751 2.473958
0.004810 0.001868 2.473958
0.004706 0.001988 2.473958
0.004607 0.002112 2.473958
0.004514 0.002240 2.473958
0.004425 0.002372 2.473958
0.004341 0.002506 2.473958
0.004266 0.002646 2.473958
0.004197 0.002789 2.473958
0.004132 0.002934 2.473958
0.004075 0.003082 2.473958
0.004023 0.003231 2.473958
0.003975 0.003383 2.473958
0.003927 0.003534 2.473958
0.003876 0.003684 2.473958
0.003818 0.003832 2.473958
0.003753 0.003976 2.473958
0.003689 0.004121 2.473958
0.003633 0.004270 2.473958
0.003583 0.004420 2.473958
0.003528 0.004569 2.473958
0.003467 0.004715 2.473958
0.003406 0.004862 2.473958
0.003350 0.005010 2.473958
0.003294 0.005159 2.473958
0.003237 0.005307 2.473958
0.003133 0.005427 2.473958
0.002977 0.005456 2.473958
0.002821 0.005433 2.473958
0.002664 0.005406 2.473958
0.002508 0.005380 2.473958
0.002350 0.005360 2.473958
0.002193 0.005340 2.473958
0.002037 0.005313 2.473958
0.001881 0.005281 2.473958
0.001725 0.005255 2.473958
0.001567 0.005238 2.473958
0.001409 0.005222 2.473958
0.001252 0.005199 2.473958
0.001097 0.005168 2.473958
0.000942 0.005133 2.473958
0.000787 0.005100 2.473958
0.000631 0.005070 2.473958
0.000474 0.005046 2.473958
0.000317 0.005029 2.473958
0.000159 0.005018 2.473958
-0.000000 0.005013 2.473958
-0.000159 0.005018 2.473958
-0.000317 0.005029 2.473958
-0.000474 0.005046 2.473958
-0.000631 0.005070 2.473958
-0.000787 0.005100 2.473958
-0.000942 0.005133 2.473958
-0.001097 0.005168 2.473958
-0.001252 0.005199 2.473958
-0.001409 0.005222 2.473958
-0.001567 0.005238 2.473958
-0.001725 0.005255 2.473958
-0.001881 0.005281 2.473958
-0.002037 0.005313 2.473958
-0.002193 0.005340 2.473958
-0.002350 0.005360 2.473958
-0.002508 0.005380 2.473958
-0.002664 0.005406 2.473958
-0.002821 0.005433 2.473958
-0.002977 0.005456 2.473958
-0.003133 0.005427 2.473958
-0.003237 0.005307 2.473958
-0.003294 0.005159 2.473958
-0.003350 0.005010 2.473958
-0.003406 0.004862 2.473958
-0.003467 0.004715 2.473958
-0.003528 0.004569 2.473958
-0.003583 0.004420 2.473958
-0.003633 0.004270 2.473958
-0.003689 0.004121 2.473958
-0.003753 0.003976 2.473958
-0.003818 0.003832 2.473958
-0.003876 0.003684 2.473958
-0.003927 0.003534 2.473958
-0.003975 0.003383 2.473958
-0.004023 0.003231 2.473958
-0.004075 0.003082 2.473958
-0.004132 0.002934 2.473958
-0.004197 0.002789 2.473958
-0.004266 0.002646 2.473958
-0.004341 0.002506 2.473958
-0.004425 0.002372 2.473958
-0.004514 0.002240 2.473958
-0.004607 0.002112 2.473958
-0.004706 0.001988 2.473958
-0.004810 0.001868 2.473958
-0.004917 0.001751 2.473958
-0.005024 0.001634 2.473958
-0.005129 0.001515 2.473958
-0.005227 0.001391 2.473958
-0.005320 0.001262 2.473958
-0.005414 0.001134 2.473958
-0.005514 0.001011 2.473958
-0.005619 0.000893 2.473958
-0.005721 0.000771 2.473958
-0.005817 0.000645 2.473958
-0.005913 0.000518 2.473958
-0.006014 0.000396 2.473958
-0.006115 0.000274 2.473958
-0.006214 0.000150 2.473958
-0.006266 0.000000 2.473958
-0.006214 -0.000150 2.473958
-0.006115 -0.000274 2.473958
-0.006014 -0.000396 2.473958
-0.005913 -0.000518 2.473958
-0.005817 -0.000645 2.473958
-0.005721 -0.000771 2.473958
-0.005619 -0.000893 2.473958
-0.005514 -0.001011 2.473958
-0.005414 -0.001134 2.473958
-0.005320 -0.001262 2.473958
-0.005227 -0.001391 2.473958
-0.005129 -0.001515 2.473958
-0.005024 -0.001634 2.473958
-0.004917 -0.001751 2.473958
-0.004810 -0.001868 2.473958
-0.004706 -0.001988 2.473958
-0.004607 -0.002112 2.473958
-0.004514 -0.002240 2.473958
-0.004425 -0.002372 2.473958
-0.004341 -0.002506 2.473958
-0.004266 -0.002646 2.473958
-0.004197 -0.002789 2.473958
-0.004132 -0.002934 2.473958
-0.004075 -0.003082 2.473958
-0.004023 -0.003231 2.473958
-0.003975 -0.003383 2.473958
-0.003927 -0.003534 2.473958
-0.003876 -0.003684 2.473958
-0.003818 -0.003832 2.473958
-0.003753 -0.003976 2.473958
-0.003689 -0.004121 2.473958
-0.003633 -0.004270 2.473958
-0.003583 -0.004420 2.473958
-0.003528 -0.004569 2.473958
-0.003467 -0.004715 2.473958
-0.003406 -0.004862 2.473958
-0.003350 -0.005010 2.473958
-0.003294 -0.005159 2.473958
-0.003237 -0.005307 2.473958
-0.003133 -0.005427 2.473958
-0.002977 -0.005456 2.473958
-0.002821 -0.005433 2.473958
-0.002664 -0.005406 2.473958
-0.002508 -0.005380 2.473958
-0.002350 -0.005360 2.473958
-0.002193 -0.005340 2.473958
-0.002037 -0.005313 2.473958
-0.001881 -0.005281 2.473958
-0.001725 -0.005255 2.473958
-0.001567 -0.005238 2.473958
-0.001409 -0.005222 2.473958
-0.001252 -0.005199 2.473958
-0.001097 -0.005168 2.473958
-0.000942 -0.005133 2.473958
-0.000787 -0.005100 2.473958
-0.000631 -0.005070 2.473958
-0.000474 -0.005046 2.473958
-0.000317 -0.005029 2.473958
-0.000159 -0.005018 2.473958
0.000000 -0.005013 2.473958
0.000159 -0.005018 2.473958
0.000317 -0.005029 2.473958
0.000474 -0.005046 2.473958
0.000631 -0.005070 2.473958
0.000787 -0.005100 2.473958
0.000942 -0.005133 2.473958
0.001097 -0.005168 2.473958
0.001252 -0.005199 2.473958
0.001409 -0.005222 2.473958
0.001567 -0.005238 2.473958
0.001725 -0.005255 2.473958
0.001881 -0.005281 2.473958
0.002037 -0.005313 2.473958
0.002193 -0.005340 2.473958
0.002350 -0.005360 2.473958
0.002508 -0.005380 2.473958
0.002664 -0.005406 2.473958
0.002821 -0.005433 2.473958
0.002977 -0.005456 2.473958
0.003133 -0.005427 2.473958
0.003237 -0.005307 2.473958
0.003294 -0.005159 2.473958
0.003350 -0.005010 2.473958
0.003406 -0.004862 2.473958
0.003467 -0.004715 2.473958
0.003528 -0.004569 2.473958
0.003583 -0.004420 2.473958
0.003633 -0.004270 2.473958
0.003689 -0.004121 2.473958
0.003753 -0.003976 2.473958
0.003818 -0.003832 2.473958
0.003876 -0.003684 2.473958
0.003927 -0.003534 2.473958
0.003975 -0.003383 2.473958
0.004023 -0.003231 2.473958
0.004075 -0.003082 2.473958
0.004132 -0.002934 2.473958
0.004197 -0.002789 2.473958
0.004266 -0.002646 2.473958
0.004341 -0.002506 2.473958
0.004425 -0.002372 2.473958
0.004514 -0.002240 2.473958
0.004607 -0.002112 2.473958
0.004706 -0.001988 2.473958
0.004810 -0.001868 2.473958
0.004917 -0.001751 2.473958
0.005024 -0.001634 2.473958
0.005129 -0.001515 2.473958
0.005227 -0.001391 2.473958
0.005320 -0.001262 2.473958
0.005414 -0.001134 2.473958
0.005514 -0.001011 2.473958
0.005619 -0.000893 2.473958
0.005721 -0.000771 2.473958
0.005817 -0.000645 2.473958
0.005913 -0.000518 2.473958
0.006014 -0.000396 2.473958
0.006115 -0.000274 2.473958
0.006214 -0.000150 2.473958
0.006266 -0.000000 2.473958

