0.007456 -0.000082 8.005208
0.007324 0.000055 8.005208
0.007195 0.000195 8.005208
0.007066 0.000334 8.005208
0.006940 0.000477 8.005208
0.006819 0.000624 8.005208
0.006692 0.000765 8.005208
0.006565 0.000907 8.005208
0.006445 0.001055 8.005208
0.006331 0.001207 8.005208
0.006220 0.001362 8.005208
0.006118 0.001522 8.005208
0.006010 0.001679 8.005208
0.005919 0.001846 8.005208
0.005803 0.001997 8.005208
0.005697 0.002155 8.005208
0.005576 0.002301 8.005208
0.005477 0.002464 8.005208
0.005350 0.002605 8.005208
0.005240 0.002760 8.005208
0.005113 0.002902 8.005208
0.005031 0.003074 8.005208
0.004974 0.003255 8.005208
0.004895 0.003428 8.005208
0.004833 0.003608 8.005208
0.004742 0.003776 8.005208
0.004687 0.003958 8.005208
0.004605 0.004129 8.005208
0.004531 0.004305 8.005208
0.004451 0.004477 8.005208
0.004383 0.004655 8.005208
0.004312 0.004831 8.005208
0.004247 0.005010 8.005208
0.004180 0.005188 8.005208
0.004123 0.005370 8.005208
0.004074 0.005553 8.005208
0.004020 0.005736 8.005208
0.003969 0.005919 8.005208
0.003918 0.006102 8.005208
0.003861 0.006284 8.005208
0.003711 0.006400 8.005208
0.003526 0.006356 8.005208
0.003339 0.006317 8.005208
0.003154 0.006273 8.005208
0.002970 0.006227 8.005208
0.002783 0.006188 8.005208
0.002597 0.006150 8.005208
0.002409 0.006125 8.005208
0.002219 0.006114 8.005208
0.002029 0.006100 8.005208
0.001839 0.006090 8.005208
0.001649 0.006073 8.005208
0.001459 0.006063 8.005208
0.001270 0.006044 8.005208
0.001080 0.006033 8.005208
0.000894 0.005991 8.005208
0.000704 0.005988 8.005208
0.000518 0.005951 8.005208
0.000328 0.005934 8.005208
0.000143 0.005892 8.005208
-0.000047 0.005878 8.005208
-0.000233 0.005919 8.005208
-0.000423 0.005935 8.005208
-0.000608 0.005977 8.005208
-0.000798 0.005979 8.005208
-0.000986 0.006012 8.005208
-0.001176 0.006024 8.005208
-0.001364 0.006047 8.005208
-0.001555 0.006045 8.005208
-0.001744 0.006063 8.005208
-0.001934 0.006077 8.005208
-0.002123 0.006101 8.005208
-0.002311 0.006129 8.005208
-0.002498 0.006160 8.005208
-0.002685 0.006196 8.005208
-0.002873 0.006227 8.005208
-0.003062 0.006251 8.005208
-0.003249 0.006286 8.005208
-0.003434 0.006328 8.005208
-0.003619 0.006373 8.005208
-0.003804 0.006419 8.005208
-0.003953 0.006302 8.005208
-0.004009 0.006120 8.005208
-0.004059 0.005937 8.005208
-0.004112 0.005754 8.005208
-0.004164 0.005571 8.005208
-0.004212 0.005387 8.005208
-0.004266 0.005205 8.005208
-0.004324 0.005023 8.005208
-0.004376 0.004840 8.005208
-0.004435 0.004659 8.005208
-0.004493 0.004478 8.005208
-0.004562 0.004301 8.005208
-0.004629 0.004123 8.005208
-0.004705 0.003948 8.005208
-0.004755 0.003765 8.005208
-0.004845 0.003597 8.005208
-0.004902 0.003416 8.005208
-0.004984 0.003244 8.005208
-0.005036 0.003061 8.005208
-0.005121 0.002891 8.005208
-0.005252 0.002753 8.005208
-0.005359 0.002595 8.005208
-0.005491 0.002459 8.005208
-0.005589 0.002295 8.005208
-0.005716 0.002154 8.005208
-0.005827 0.002000 8.005208
-0.005948 0.001853 8.005208
-0.006055 0.001695 8.005208
-0.006178 0.001551 8.005208
-0.006298 0.001403 8.005208
-0.006423 0.001260 8.005208
-0.006548 0.001116 8.005208
-0.006674 0.000973 8.005208
-0.006805 0.000835 8.005208
-0.006938 0.000699 8.005208
-0.007066 0.000559 8.005208
-0.007199 0.000422 8.005208
-0.007331 0.000285 8.005208
-0.007460 0.000145 8.005208
-0.007483 -0.000043 8.005208
-0.007352 -0.000181 8.005208
-0.007228 -0.000326 8.005208
-0.007101 -0.000467 8.005208
-0.006967 -0.000602 8.005208
-0.006832 -0.000736 8.005208
-0.006692 -0.000865 8.005208
-0.006558 -0.001000 8.005208
-0.006436 -0.001146 8.005208
-0.006314 -0.001292 8.005208
-0.006204 -0.001447 8.005208
-0.006089 -0.001599 8.005208
-0.005987 -0.001759 8.005208
-0.005875 -0.001913 8.005208
-0.005774 -0.002074 8.005208
-0.005645 -0.002214 8.005208
-0.005545 -0.002376 8.005208
-0.005423 -0.002523 8.005208
-0.005312 -0.002677 8.005208
-0.005184 -0.002818 8.005208
-0.005076 -0.002974 8.005208
-0.005018 -0.003155 8.005208
-0.004941 -0.003330 8.005208
-0.004884 -0.003511 8.005208
-0.004798 -0.003681 8.005208
-0.004739 -0.003862 8.005208
-0.004666 -0.004037 8.005208
-0.004610 -0.004219 8.005208
-0.004530 -0.004392 8.005208
-0.004477 -0.004574 8.005208
-0.004413 -0.004754 8.005208
-0.004359 -0.004936 8.005208
-0.004301 -0.005117 8.005208
-0.004242 -0.005298 8.005208
-0.004186 -0.005480 8.005208
-0.004137 -0.005664 8.005208
-0.004083 -0.005846 8.005208
-0.004032 -0.006029 8.005208
-0.003980 -0.006212 8.005208
-0.003923 -0.006394 8.005208
-0.003771 -0.006509 8.005208
-0.003588 -0.006459 8.005208
-0.003403 -0.006415 8.005208
-0.003216 -0.006377 8.005208
-0.003028 -0.006347 8.005208
-0.002841 -0.006317 8.005208
-0.002656 -0.006269 8.005208
-0.002473 -0.006220 8.005208
-0.002287 -0.006177 8.005208
-0.002102 -0.006134 8.005208
-0.001915 -0.006097 8.005208
-0.001727 -0.006071 8.005208
-0.001538 -0.006048 8.005208
-0.001348 -0.006042 8.005208
-0.001158 -0.006025 8.005208
-0.000969 -0.006008 8.005208
-0.000781 -0.005980 8.005208
-0.000591 -0.005974 8.005208
-0.000403 -0.005940 8.005208
-0.000214 -0.005918 8.005208
-0.000027 -0.005884 8.005208
0.000162 -0.005906 8.005208
0.000348 -0.005944 8.005208
0.000537 -0.005966 8.005208
0.000725 -0.005998 8.005208
0.000914 -0.006014 8.005208
0.001099 -0.006060 8.005208
0.001287 -0.006086 8.005208
0.001475 -0.006117 8.005208
0.001662 -0.006152 8.005208
0.001848 -0.006193 8.005208
0.002033 -0.006236 8.005208
0.002217 -0.006283 8.005208
0.002403 -0.006325 8.005208
0.002588 -0.006368 8.005208
0.002772 -0.006417 8.005208
0.002957 -0.006461 8.005208
0.003142 -0.006506 8.005208
0.003326 -0.006554 8.005208
0.003512 -0.006596 8.005208
0.003688 -0.006524 8.005208
0.003739 -0.006341 8.005208
0.003793 -0.006158 8.005208
0.003846 -0.005976 8.005208
0.003905 -0.005795 8.005208
0.003977 -0.005619 8.005208
0.004043 -0.005440 8.005208
0.004104 -0.005260 8.005208
0.004167 -0.005081 8.005208
0.004232 -0.004902 8.005208
0.004296 -0.004723 8.005208
0.004375 -0.004550 8.005208
0.004451 -0.004375 8.005208
0.004552 -0.004214 8.005208
0.004621 -0.004037 8.005208
0.004709 -0.003868 8.005208
0.004773 -0.003689 8.005208
0.004870 -0.003525 8.005208
0.004923 -0.003342 8.005208
0.005007 -0.003171 8.005208
0.005063 -0.002990 8.005208
0.005168 -0.002831 8.005208
0.005299 -0.002693 8.005208
0.005407 -0.002537 8.005208
0.005538 -0.002398 8.005208
0.005635 -0.002235 8.005208
0.005771 -0.002102 8.005208
0.005881 -0.001946 8.005208
0.006005 -0.001802 8.005208
0.006121 -0.001651 8.005208
0.006251 -0.001512 8.005208
0.006377 -0.001370 8.005208
0.006510 -0.001234 8.005208
0.006638 -0.001093 8.005208
0.006768 -0.000954 8.005208
0.006903 -0.000820 8.005208
0.007034 -0.000682 8.005208
0.007165 -0.000544 8.005208
0.007299 -0.000409 8.005208
0.007429 -0.000270 8.005208
0.007456 -0.000082 8.005208

