0.007765 -0.000070 9.352431
0.007628 0.000075 9.352431
0.007489 0.000218 9.352431
0.007353 0.000363 9.352431
0.007218 0.000510 9.352431
0.007081 0.000655 9.352431
0.006938 0.000794 9.352431
0.006808 0.000945 9.352431
0.006673 0.001092 9.352431
0.006545 0.001245 9.352431
0.006408 0.001389 9.352431
0.006282 0.001544 9.352431
0.006134 0.001678 9.352431
0.006035 0.001851 9.352431
0.005906 0.002002 9.352431
0.005803 0.002173 9.352431
0.005683 0.002332 9.352431
0.005577 0.002501 9.352431
0.005451 0.002655 9.352431
0.005341 0.002822 9.352431
0.005226 0.002985 9.352431
0.005149 0.003169 9.352431
0.005074 0.003353 9.352431
0.004991 0.003534 9.352431
0.004925 0.003722 9.352431
0.004834 0.003900 9.352431
0.004772 0.004089 9.352431
0.004699 0.004275 9.352431
0.004648 0.004467 9.352431
0.004568 0.004650 9.352431
0.004530 0.004846 9.352431
0.004463 0.005034 9.352431
0.004423 0.005229 9.352431
0.004361 0.005418 9.352431
0.004308 0.005611 9.352431
0.004244 0.005799 9.352431
0.004189 0.005991 9.352431
0.004124 0.006179 9.352431
0.004064 0.006370 9.352431
0.004006 0.006560 9.352431
0.003848 0.006682 9.352431
0.003654 0.006633 9.352431
0.003462 0.006581 9.352431
0.003269 0.006531 9.352431
0.003074 0.006488 9.352431
0.002881 0.006440 9.352431
0.002686 0.006399 9.352431
0.002492 0.006352 9.352431
0.002297 0.006311 9.352431
0.002106 0.006255 9.352431
0.001910 0.006215 9.352431
0.001715 0.006176 9.352431
0.001519 0.006140 9.352431
0.001320 0.006145 9.352431
0.001133 0.006215 9.352431
0.000944 0.006151 9.352431
0.000746 0.006129 9.352431
0.000552 0.006081 9.352431
0.000353 0.006065 9.352431
0.000156 0.006035 9.352431
-0.000042 0.006017 9.352431
-0.000240 0.006041 9.352431
-0.000439 0.006051 9.352431
-0.000634 0.006093 9.352431
-0.000832 0.006115 9.352431
-0.001024 0.006171 9.352431
-0.001218 0.006126 9.352431
-0.001416 0.006147 9.352431
-0.001611 0.006188 9.352431
-0.001807 0.006224 9.352431
-0.002005 0.006251 9.352431
-0.002199 0.006295 9.352431
-0.002397 0.006317 9.352431
-0.002590 0.006366 9.352431
-0.002786 0.006406 9.352431
-0.002977 0.006463 9.352431
-0.003170 0.006510 9.352431
-0.003365 0.006551 9.352431
-0.003560 0.006596 9.352431
-0.003753 0.006643 9.352431
-0.003947 0.006690 9.352431
-0.004105 0.006569 9.352431
-0.004163 0.006379 9.352431
-0.004225 0.006189 9.352431
-0.004287 0.006000 9.352431
-0.004342 0.005808 9.352431
-0.004404 0.005619 9.352431
-0.004458 0.005427 9.352431
-0.004517 0.005236 9.352431
-0.004562 0.005042 9.352431
-0.004628 0.004854 9.352431
-0.004665 0.004658 9.352431
-0.004742 0.004474 9.352431
-0.004771 0.004277 9.352431
-0.004843 0.004091 9.352431
-0.004891 0.003898 9.352431
-0.004975 0.003717 9.352431
-0.005023 0.003524 9.352431
-0.005106 0.003343 9.352431
-0.005167 0.003153 9.352431
-0.005250 0.002972 9.352431
-0.005379 0.002820 9.352431
-0.005488 0.002653 9.352431
-0.005626 0.002509 9.352431
-0.005737 0.002343 9.352431
-0.005871 0.002196 9.352431
-0.005988 0.002034 9.352431
-0.006141 0.001906 9.352431
-0.006258 0.001745 9.352431
-0.006404 0.001610 9.352431
-0.006531 0.001456 9.352431
-0.006680 0.001323 9.352431
-0.006810 0.001172 9.352431
-0.006953 0.001033 9.352431
-0.007083 0.000882 9.352431
-0.007222 0.000740 9.352431
-0.007357 0.000593 9.352431
-0.007490 0.000445 9.352431
-0.007627 0.000299 9.352431
-0.007767 0.000157 9.352431
-0.007802 -0.000039 9.352431
-0.007672 -0.000190 9.352431
-0.007537 -0.000336 9.352431
-0.007396 -0.000477 9.352431
-0.007259 -0.000622 9.352431
-0.007119 -0.000763 9.352431
-0.006993 -0.000918 9.352431
-0.006857 -0.001064 9.352431
-0.006724 -0.001213 9.352431
-0.006573 -0.001342 9.352431
-0.006438 -0.001489 9.352431
-0.006288 -0.001620 9.352431
-0.006164 -0.001776 9.352431
-0.006016 -0.001910 9.352431
-0.005899 -0.002072 9.352431
-0.005776 -0.002228 9.352431
-0.005677 -0.002401 9.352431
-0.005547 -0.002552 9.352431
-0.005440 -0.002720 9.352431
-0.005309 -0.002870 9.352431
-0.005210 -0.003044 9.352431
-0.005161 -0.003237 9.352431
-0.005073 -0.003416 9.352431
-0.005027 -0.003610 9.352431
-0.004948 -0.003793 9.352431
-0.004891 -0.003984 9.352431
-0.004818 -0.004169 9.352431
-0.004779 -0.004365 9.352431
-0.004709 -0.004551 9.352431
-0.004659 -0.004744 9.352431
-0.004590 -0.004931 9.352431
-0.004550 -0.005126 9.352431
-0.004484 -0.005314 9.352431
-0.004442 -0.005509 9.352431
-0.004375 -0.005697 9.352431
-0.004320 -0.005889 9.352431
-0.004259 -0.006079 9.352431
-0.004199 -0.006268 9.352431
-0.004140 -0.006459 9.352431
-0.004087 -0.006651 9.352431
-0.003933 -0.006777 9.352431
-0.003738 -0.006738 9.352431
-0.003543 -0.006695 9.352431
-0.003348 -0.006652 9.352431
-0.003154 -0.006608 9.352431
-0.002962 -0.006553 9.352431
-0.002771 -0.006498 9.352431
-0.002575 -0.006461 9.352431
-0.002379 -0.006423 9.352431
-0.002182 -0.006395 9.352431
-0.001989 -0.006347 9.352431
-0.001793 -0.006308 9.352431
-0.001602 -0.006251 9.352431
-0.001406 -0.006217 9.352431
-0.001215 -0.006158 9.352431
-0.001019 -0.006120 9.352431
-0.000822 -0.006090 9.352431
-0.000624 -0.006073 9.352431
-0.000425 -0.006053 9.352431
-0.000228 -0.006027 9.352431
-0.000028 -0.006029 9.352431
0.000165 -0.006079 9.352431
0.000362 -0.006104 9.352431
0.000557 -0.006146 9.352431
0.000752 -0.006186 9.352431
0.000949 -0.006216 9.352431
0.001143 -0.006265 9.352431
0.001337 -0.006310 9.352431
0.001527 -0.006369 9.352431
0.001724 -0.006402 9.352431
0.001914 -0.006460 9.352431
0.002110 -0.006499 9.352431
0.002302 -0.006552 9.352431
0.002496 -0.006598 9.352431
0.002690 -0.006644 9.352431
0.002885 -0.006686 9.352431
0.003079 -0.006733 9.352431
0.003274 -0.006773 9.352431
0.003469 -0.006816 9.352431
0.003662 -0.006864 9.352431
0.003848 -0.006792 9.352431
0.003909 -0.006602 9.352431
0.003965 -0.006410 9.352431
0.004023 -0.006220 9.352431
0.004083 -0.006030 9.352431
0.004140 -0.005839 9.352431
0.004184 -0.005644 9.352431
0.004247 -0.005455 9.352431
0.004297 -0.005262 9.352431
0.004376 -0.005079 9.352431
0.004427 -0.004886 9.352431
0.004514 -0.004707 9.352431
0.004558 -0.004512 9.352431
0.004632 -0.004328 9.352431
0.004686 -0.004136 9.352431
0.004773 -0.003956 9.352431
0.004852 -0.003773 9.352431
0.004969 -0.003612 9.352431
0.005032 -0.003422 9.352431
0.005121 -0.003244 9.352431
0.005195 -0.003059 9.352431
0.005314 -0.002899 9.352431
0.005444 -0.002748 9.352431
0.005562 -0.002587 9.352431
0.005704 -0.002448 9.352431
0.005820 -0.002286 9.352431
0.005961 -0.002144 9.352431
0.006086 -0.001990 9.352431
0.006243 -0.001867 9.352431
0.006363 -0.001707 9.352431
0.006515 -0.001579 9.352431
0.006642 -0.001425 9.352431
0.006790 -0.001291 9.352431
0.006922 -0.001142 9.352431
0.007063 -0.001002 9.352431
0.007195 -0.000852 9.352431
0.007335 -0.000710 9.352431
0.007467 -0.000560 9.352431
0.007600 -0.000412 9.352431
0.007737 -0.000267 9.352431
0.007765 -0.000070 9.352431

