0.007183 -0.000076 6.994792
0.007069 0.000067 6.994792
0.006951 0.000205 6.994792
0.006835 0.000346 6.994792
0.006726 0.000493 6.994792
0.006625 0.000644 6.994792
0.006529 0.000799 6.994792
0.006428 0.000951 6.994792
0.006328 0.001103 6.994792
0.006229 0.001257 6.994792
0.006122 0.001404 6.994792
0.006012 0.001550 6.994792
0.005900 0.001694 6.994792
0.005789 0.001839 6.994792
0.005681 0.001985 6.994792
0.005568 0.002128 6.994792
0.005446 0.002264 6.994792
0.005340 0.002412 6.994792
0.005224 0.002553 6.994792
0.005118 0.002701 6.994792
0.004992 0.002833 6.994792
0.004915 0.002998 6.994792
0.004864 0.003173 6.994792
0.004785 0.003338 6.994792
0.004718 0.003507 6.994792
0.004654 0.003678 6.994792
0.004593 0.003850 6.994792
0.004520 0.004017 6.994792
0.004451 0.004186 6.994792
0.004382 0.004355 6.994792
0.004315 0.004524 6.994792
0.004247 0.004693 6.994792
0.004171 0.004859 6.994792
0.004097 0.005026 6.994792
0.004029 0.005195 6.994792
0.003956 0.005362 6.994792
0.003886 0.005531 6.994792
0.003820 0.005701 6.994792
0.003760 0.005873 6.994792
0.003710 0.006048 6.994792
0.003571 0.006166 6.994792
0.003391 0.006133 6.994792
0.003210 0.006110 6.994792
0.003028 0.006101 6.994792
0.002846 0.006094 6.994792
0.002664 0.006084 6.994792
0.002482 0.006072 6.994792
0.002301 0.006052 6.994792
0.002119 0.006037 6.994792
0.001937 0.006021 6.994792
0.001757 0.005996 6.994792
0.001576 0.005971 6.994792
0.001395 0.005946 6.994792
0.001215 0.005923 6.994792
0.001033 0.005901 6.994792
0.000854 0.005869 6.994792
0.000674 0.005838 6.994792
0.000494 0.005813 6.994792
0.000312 0.005797 6.994792
0.000135 0.005755 6.994792
-0.000047 0.005740 6.994792
-0.000224 0.005784 6.994792
-0.000406 0.005802 6.994792
-0.000586 0.005830 6.994792
-0.000767 0.005850 6.994792
-0.000946 0.005887 6.994792
-0.001126 0.005914 6.994792
-0.001307 0.005934 6.994792
-0.001488 0.005957 6.994792
-0.001669 0.005982 6.994792
-0.001850 0.006004 6.994792
-0.002031 0.006023 6.994792
-0.002213 0.006031 6.994792
-0.002395 0.006043 6.994792
-0.002577 0.006056 6.994792
-0.002759 0.006065 6.994792
-0.002940 0.006084 6.994792
-0.003121 0.006112 6.994792
-0.003300 0.006145 6.994792
-0.003480 0.006174 6.994792
-0.003661 0.006194 6.994792
-0.003795 0.006069 6.994792
-0.003842 0.005893 6.994792
-0.003894 0.005718 6.994792
-0.003946 0.005544 6.994792
-0.004001 0.005370 6.994792
-0.004061 0.005198 6.994792
-0.004119 0.005025 6.994792
-0.004187 0.004856 6.994792
-0.004258 0.004688 6.994792
-0.004323 0.004517 6.994792
-0.004389 0.004347 6.994792
-0.004456 0.004178 6.994792
-0.004526 0.004009 6.994792
-0.004597 0.003842 6.994792
-0.004659 0.003670 6.994792
-0.004721 0.003499 6.994792
-0.004791 0.003330 6.994792
-0.004867 0.003164 6.994792
-0.004920 0.002990 6.994792
-0.004999 0.002825 6.994792
-0.005125 0.002694 6.994792
-0.005232 0.002546 6.994792
-0.005345 0.002404 6.994792
-0.005454 0.002257 6.994792
-0.005575 0.002121 6.994792
-0.005689 0.001978 6.994792
-0.005797 0.001832 6.994792
-0.005909 0.001688 6.994792
-0.006022 0.001545 6.994792
-0.006135 0.001401 6.994792
-0.006246 0.001257 6.994792
-0.006352 0.001108 6.994792
-0.006463 0.000964 6.994792
-0.006578 0.000822 6.994792
-0.006691 0.000679 6.994792
-0.006809 0.000540 6.994792
-0.006929 0.000402 6.994792
-0.007051 0.000267 6.994792
-0.007177 0.000135 6.994792
-0.007204 -0.000045 6.994792
-0.007074 -0.000173 6.994792
-0.006940 -0.000296 6.994792
-0.006817 -0.000431 6.994792
-0.006706 -0.000576 6.994792
-0.006602 -0.000725 6.994792
-0.006502 -0.000878 6.994792
-0.006395 -0.001026 6.994792
-0.006291 -0.001176 6.994792
-0.006188 -0.001326 6.994792
-0.006077 -0.001471 6.994792
-0.005965 -0.001615 6.994792
-0.005853 -0.001759 6.994792
-0.005742 -0.001903 6.994792
-0.005634 -0.002050 6.994792
-0.005515 -0.002189 6.994792
-0.005401 -0.002330 6.994792
-0.005286 -0.002472 6.994792
-0.005184 -0.002623 6.994792
-0.005058 -0.002755 6.994792
-0.004952 -0.002904 6.994792
-0.004901 -0.003079 6.994792
-0.004825 -0.003244 6.994792
-0.004763 -0.003416 6.994792
-0.004686 -0.003581 6.994792
-0.004632 -0.003755 6.994792
-0.004564 -0.003925 6.994792
-0.004493 -0.004092 6.994792
-0.004425 -0.004261 6.994792
-0.004359 -0.004432 6.994792
-0.004294 -0.004602 6.994792
-0.004229 -0.004772 6.994792
-0.004159 -0.004941 6.994792
-0.004097 -0.005112 6.994792
-0.004041 -0.005286 6.994792
-0.003981 -0.005458 6.994792
-0.003925 -0.005631 6.994792
-0.003869 -0.005805 6.994792
-0.003815 -0.005979 6.994792
-0.003766 -0.006155 6.994792
-0.003632 -0.006278 6.994792
-0.003452 -0.006249 6.994792
-0.003276 -0.006203 6.994792
-0.003100 -0.006154 6.994792
-0.002923 -0.006110 6.994792
-0.002744 -0.006076 6.994792
-0.002562 -0.006057 6.994792
-0.002381 -0.006039 6.994792
-0.002199 -0.006027 6.994792
-0.002017 -0.006019 6.994792
-0.001835 -0.006001 6.994792
-0.001654 -0.005980 6.994792
-0.001474 -0.005956 6.994792
-0.001293 -0.005932 6.994792
-0.001111 -0.005913 6.994792
-0.000931 -0.005885 6.994792
-0.000752 -0.005850 6.994792
-0.000571 -0.005828 6.994792
-0.000391 -0.005804 6.994792
-0.000210 -0.005780 6.994792
-0.000031 -0.005743 6.994792
0.000150 -0.005763 6.994792
0.000329 -0.005799 6.994792
0.000510 -0.005819 6.994792
0.000691 -0.005842 6.994792
0.000870 -0.005875 6.994792
0.001050 -0.005906 6.994792
0.001231 -0.005928 6.994792
0.001411 -0.005953 6.994792
0.001592 -0.005980 6.994792
0.001772 -0.006009 6.994792
0.001951 -0.006040 6.994792
0.002132 -0.006064 6.994792
0.002312 -0.006094 6.994792
0.002490 -0.006133 6.994792
0.002669 -0.006170 6.994792
0.002846 -0.006212 6.994792
0.003023 -0.006254 6.994792
0.003201 -0.006296 6.994792
0.003378 -0.006341 6.994792
0.003551 -0.006285 6.994792
0.003621 -0.006117 6.994792
0.003685 -0.005946 6.994792
0.003744 -0.005773 6.994792
0.003804 -0.005601 6.994792
0.003870 -0.005431 6.994792
0.003948 -0.005266 6.994792
0.004026 -0.005102 6.994792
0.004107 -0.004938 6.994792
0.004192 -0.004777 6.994792
0.004269 -0.004612 6.994792
0.004341 -0.004444 6.994792
0.004411 -0.004276 6.994792
0.004481 -0.004108 6.994792
0.004555 -0.003941 6.994792
0.004623 -0.003772 6.994792
0.004678 -0.003598 6.994792
0.004755 -0.003432 6.994792
0.004817 -0.003261 6.994792
0.004895 -0.003096 6.994792
0.004942 -0.002920 6.994792
0.005043 -0.002768 6.994792
0.005172 -0.002639 6.994792
0.005274 -0.002488 6.994792
0.005388 -0.002346 6.994792
0.005503 -0.002204 6.994792
0.005622 -0.002066 6.994792
0.005731 -0.001920 6.994792
0.005842 -0.001775 6.994792
0.005955 -0.001632 6.994792
0.006069 -0.001490 6.994792
0.006184 -0.001348 6.994792
0.006294 -0.001203 6.994792
0.006407 -0.001059 6.994792
0.006527 -0.000922 6.994792
0.006646 -0.000784 6.994792
0.006769 -0.000649 6.994792
0.006894 -0.000517 6.994792
0.007019 -0.000384 6.994792
0.007147 -0.000254 6.994792
0.007183 -0.000076 6.994792

