0.006907 -0.000001 5.656250
0.006841 0.000160 5.656250
0.006738 0.000301 5.656250
0.006631 0.000439 5.656250
0.006526 0.000579 5.656250
0.006415 0.000713 5.656250
0.006306 0.000850 5.656250
0.006200 0.000989 5.656250
0.006091 0.001126 5.656250
0.005982 0.001262 5.656250
0.005868 0.001395 5.656250
0.005762 0.001533 5.656250
0.005657 0.001673 5.656250
0.005546 0.001808 5.656250
0.005435 0.001943 5.656250
0.005323 0.002076 5.656250
0.005217 0.002215 5.656250
0.005114 0.002356 5.656250
0.005002 0.002490 5.656250
0.004888 0.002623 5.656250
0.004779 0.002759 5.656250
0.004716 0.002922 5.656250
0.004657 0.003087 5.656250
0.004598 0.003251 5.656250
0.004526 0.003410 5.656250
0.004460 0.003572 5.656250
0.004400 0.003736 5.656250
0.004339 0.003899 5.656250
0.004277 0.004063 5.656250
0.004209 0.004224 5.656250
0.004142 0.004385 5.656250
0.004084 0.004550 5.656250
0.004021 0.004712 5.656250
0.003956 0.004875 5.656250
0.003890 0.005036 5.656250
0.003826 0.005199 5.656250
0.003765 0.005363 5.656250
0.003697 0.005523 5.656250
0.003633 0.005686 5.656250
0.003564 0.005846 5.656250
0.003454 0.005982 5.656250
0.003281 0.006008 5.656250
0.003108 0.005988 5.656250
0.002935 0.005963 5.656250
0.002762 0.005942 5.656250
0.002589 0.005912 5.656250
0.002417 0.005886 5.656250
0.002243 0.005864 5.656250
0.002071 0.005838 5.656250
0.001898 0.005812 5.656250
0.001726 0.005779 5.656250
0.001553 0.005757 5.656250
0.001380 0.005735 5.656250
0.001208 0.005707 5.656250
0.001035 0.005678 5.656250
0.000863 0.005648 5.656250
0.000690 0.005625 5.656250
0.000516 0.005607 5.656250
0.000344 0.005577 5.656250
0.000173 0.005545 5.656250
-0.000000 0.005518 5.656250
-0.000173 0.005545 5.656250
-0.000344 0.005577 5.656250
-0.000516 0.005607 5.656250
-0.000690 0.005625 5.656250
-0.000863 0.005648 5.656250
-0.001035 0.005678 5.656250
-0.001208 0.005707 5.656250
-0.001380 0.005735 5.656250
-0.001553 0.005757 5.656250
-0.001726 0.005779 5.656250
-0.001898 0.005812 5.656250
-0.002071 0.005838 5.656250
-0.002244 0.005864 5.656250
-0.002417 0.005886 5.656250
-0.002590 0.005912 5.656250
-0.002762 0.005941 5.656250
-0.002935 0.005962 5.656250
-0.003108 0.005986 5.656250
-0.003282 0.006004 5.656250
-0.003455 0.005981 5.656250
-0.003568 0.005848 5.656250
-0.003635 0.005687 5.656250
-0.003698 0.005524 5.656250
-0.003766 0.005363 5.656250
-0.003826 0.005199 5.656250
-0.003890 0.005036 5.656250
-0.003957 0.004875 5.656250
-0.004021 0.004712 5.656250
-0.004084 0.004550 5.656250
-0.004142 0.004385 5.656250
-0.004209 0.004223 5.656250
-0.004277 0.004063 5.656250
-0.004339 0.003899 5.656250
-0.004400 0.003736 5.656250
-0.004460 0.003571 5.656250
-0.004527 0.003410 5.656250
-0.004598 0.003251 5.656250
-0.004657 0.003087 5.656250
-0.004716 0.002922 5.656250
-0.004779 0.002759 5.656250
-0.004888 0.002623 5.656250
-0.005002 0.002490 5.656250
-0.005114 0.002356 5.656250
-0.005217 0.002215 5.656250
-0.005323 0.002076 5.656250
-0.005435 0.001943 5.656250
-0.005546 0.001808 5.656250
-0.005657 0.001673 5.656250
-0.005762 0.001533 5.656250
-0.005868 0.001395 5.656250
-0.005982 0.001262 5.656250
-0.006091 0.001126 5.656250
-0.006200 0.000989 5.656250
-0.006306 0.000850 5.656250
-0.006415 0.000714 5.656250
-0.006527 0.000579 5.656250
-0.006632 0.000440 5.656250
-0.006741 0.000303 5.656250
-0.006845 0.000164 5.656250
-0.006907 0.000000 5.656250
-0.006844 -0.000162 5.656250
-0.006740 -0.000303 5.656250
-0.006631 -0.000440 5.656250
-0.006526 -0.000579 5.656250
-0.006415 -0.000714 5.656250
-0.006306 -0.000850 5.656250
-0.006200 -0.000989 5.656250
-0.006091 -0.001126 5.656250
-0.005982 -0.001262 5.656250
-0.005868 -0.001395 5.656250
-0.005762 -0.001533 5.656250
-0.005657 -0.001673 5.656250
-0.005546 -0.001808 5.656250
-0.005435 -0.001943 5.656250
-0.005323 -0.002076 5.656250
-0.005217 -0.002215 5.656250
-0.005114 -0.002356 5.656250
-0.005002 -0.002490 5.656250
-0.004888 -0.002623 5.656250
-0.004779 -0.002759 5.656250
-0.004715 -0.002922 5.656250
-0.004657 -0.003087 5.656250
-0.004597 -0.003251 5.656250
-0.004526 -0.003410 5.656250
-0.004459 -0.003572 5.656250
-0.004400 -0.003736 5.656250
-0.004339 -0.003899 5.656250
-0.004277 -0.004063 5.656250
-0.004209 -0.004224 5.656250
-0.004142 -0.004385 5.656250
-0.004084 -0.004550 5.656250
-0.004021 -0.004713 5.656250
-0.003957 -0.004875 5.656250
-0.003890 -0.005036 5.656250
-0.003826 -0.005199 5.656250
-0.003766 -0.005363 5.656250
-0.003699 -0.005524 5.656250
-0.003636 -0.005687 5.656250
-0.003569 -0.005849 5.656250
-0.003455 -0.005981 5.656250
-0.003282 -0.006002 5.656250
-0.003108 -0.005985 5.656250
-0.002935 -0.005961 5.656250
-0.002762 -0.005941 5.656250
-0.002589 -0.005912 5.656250
-0.002417 -0.005886 5.656250
-0.002244 -0.005863 5.656250
-0.002071 -0.005838 5.656250
-0.001898 -0.005812 5.656250
-0.001726 -0.005779 5.656250
-0.001553 -0.005757 5.656250
-0.001380 -0.005735 5.656250
-0.001208 -0.005707 5.656250
-0.001035 -0.005678 5.656250
-0.000863 -0.005648 5.656250
-0.000690 -0.005625 5.656250
-0.000516 -0.005607 5.656250
-0.000344 -0.005577 5.656250
-0.000173 -0.005545 5.656250
0.000000 -0.005518 5.656250
0.000173 -0.005545 5.656250
0.000344 -0.005577 5.656250
0.000516 -0.005607 5.656250
0.000690 -0.005625 5.656250
0.000863 -0.005648 5.656250
0.001035 -0.005678 5.656250
0.001208 -0.005707 5.656250
0.001380 -0.005735 5.656250
0.001553 -0.005757 5.656250
0.001726 -0.005779 5.656250
0.001898 -0.005812 5.656250
0.002071 -0.005838 5.656250
0.002244 -0.005864 5.656250
0.002417 -0.005887 5.656250
0.002589 -0.005913 5.656250
0.002761 -0.005943 5.656250
0.002935 -0.005966 5.656250
0.003107 -0.005993 5.656250
0.003280 -0.006016 5.656250
0.003452 -0.005983 5.656250
0.003557 -0.005843 5.656250
0.003629 -0.005684 5.656250
0.003695 -0.005522 5.656250
0.003764 -0.005362 5.656250
0.003825 -0.005198 5.656250
0.003889 -0.005036 5.656250
0.003956 -0.004875 5.656250
0.004020 -0.004712 5.656250
0.004084 -0.004550 5.656250
0.004142 -0.004385 5.656250
0.004209 -0.004224 5.656250
0.004277 -0.004063 5.656250
0.004339 -0.003899 5.656250
0.004400 -0.003736 5.656250
0.004459 -0.003572 5.656250
0.004526 -0.003410 5.656250
0.004598 -0.003251 5.656250
0.004657 -0.003087 5.656250
0.004715 -0.002922 5.656250
0.004779 -0.002759 5.656250
0.004888 -0.002623 5.656250
0.005002 -0.002490 5.656250
0.005114 -0.002356 5.656250
0.005217 -0.002215 5.656250
0.005323 -0.002076 5.656250
0.005435 -0.001943 5.656250
0.005546 -0.001808 5.656250
0.005657 -0.001673 5.656250
0.005762 -0.001533 5.656250
0.005868 -0.001395 5.656250
0.005982 -0.001262 5.656250
0.006091 -0.001126 5.656250
0.006200 -0.000989 5.656250
0.006306 -0.000851 5.656250
0.006415 -0.000714 5.656250
0.006527 -0.000580 5.656250
0.006633 -0.000441 5.656250
0.006742 -0.000305 5.656250
0.006848 -0.000166 5.656250
0.006907 -0.000001 5.656250

