0.007724 -0.000075 9.152778
0.007589 0.000070 9.152778
0.007451 0.000212 9.152778
0.007316 0.000357 9.152778
0.007181 0.000503 9.152778
0.007043 0.000644 9.152778
0.006905 0.000786 9.152778
0.006777 0.000937 9.152778
0.006643 0.001083 9.152778
0.006516 0.001235 9.152778
0.006379 0.001378 9.152778
0.006253 0.001531 9.152778
0.006114 0.001672 9.152778
0.006021 0.001846 9.152778
0.005892 0.001997 9.152778
0.005794 0.002169 9.152778
0.005673 0.002326 9.152778
0.005565 0.002492 9.152778
0.005440 0.002645 9.152778
0.005334 0.002813 9.152778
0.005216 0.002972 9.152778
0.005136 0.003153 9.152778
0.005063 0.003337 9.152778
0.004977 0.003515 9.152778
0.004914 0.003703 9.152778
0.004824 0.003879 9.152778
0.004756 0.004065 9.152778
0.004679 0.004248 9.152778
0.004630 0.004440 9.152778
0.004549 0.004620 9.152778
0.004505 0.004813 9.152778
0.004438 0.005000 9.152778
0.004396 0.005193 9.152778
0.004338 0.005383 9.152778
0.004286 0.005574 9.152778
0.004223 0.005762 9.152778
0.004169 0.005952 9.152778
0.004107 0.006140 9.152778
0.004045 0.006328 9.152778
0.003988 0.006518 9.152778
0.003833 0.006642 9.152778
0.003641 0.006595 9.152778
0.003450 0.006542 9.152778
0.003258 0.006496 9.152778
0.003064 0.006453 9.152778
0.002872 0.006406 9.152778
0.002678 0.006366 9.152778
0.002486 0.006318 9.152778
0.002293 0.006275 9.152778
0.002102 0.006221 9.152778
0.001907 0.006187 9.152778
0.001712 0.006151 9.152778
0.001515 0.006128 9.152778
0.001317 0.006125 9.152778
0.001126 0.006174 9.152778
0.000935 0.006122 9.152778
0.000738 0.006103 9.152778
0.000545 0.006059 9.152778
0.000347 0.006048 9.152778
0.000151 0.006017 9.152778
-0.000046 0.006001 9.152778
-0.000242 0.006029 9.152778
-0.000440 0.006034 9.152778
-0.000635 0.006071 9.152778
-0.000832 0.006089 9.152778
-0.001024 0.006138 9.152778
-0.001219 0.006103 9.152778
-0.001416 0.006125 9.152778
-0.001611 0.006159 9.152778
-0.001805 0.006200 9.152778
-0.002001 0.006225 9.152778
-0.002194 0.006270 9.152778
-0.002391 0.006292 9.152778
-0.002584 0.006334 9.152778
-0.002779 0.006371 9.152778
-0.002969 0.006424 9.152778
-0.003161 0.006475 9.152778
-0.003354 0.006518 9.152778
-0.003548 0.006561 9.152778
-0.003740 0.006607 9.152778
-0.003933 0.006651 9.152778
-0.004087 0.006527 9.152778
-0.004145 0.006338 9.152778
-0.004207 0.006150 9.152778
-0.004266 0.005961 9.152778
-0.004321 0.005770 9.152778
-0.004382 0.005582 9.152778
-0.004434 0.005391 9.152778
-0.004490 0.005201 9.152778
-0.004537 0.005009 9.152778
-0.004602 0.004821 9.152778
-0.004642 0.004628 9.152778
-0.004717 0.004444 9.152778
-0.004745 0.004248 9.152778
-0.004821 0.004065 9.152778
-0.004874 0.003874 9.152778
-0.004957 0.003694 9.152778
-0.005004 0.003502 9.152778
-0.005091 0.003324 9.152778
-0.005150 0.003135 9.152778
-0.005236 0.002957 9.152778
-0.005367 0.002808 9.152778
-0.005472 0.002640 9.152778
-0.005608 0.002496 9.152778
-0.005719 0.002332 9.152778
-0.005852 0.002186 9.152778
-0.005963 0.002021 9.152778
-0.006113 0.001893 9.152778
-0.006232 0.001734 9.152778
-0.006374 0.001596 9.152778
-0.006500 0.001443 9.152778
-0.006646 0.001309 9.152778
-0.006776 0.001160 9.152778
-0.006919 0.001023 9.152778
-0.007049 0.000874 9.152778
-0.007186 0.000731 9.152778
-0.007322 0.000587 9.152778
-0.007454 0.000439 9.152778
-0.007588 0.000293 9.152778
-0.007726 0.000151 9.152778
-0.007762 -0.000043 9.152778
-0.007630 -0.000191 9.152778
-0.007492 -0.000333 9.152778
-0.007353 -0.000474 9.152778
-0.007217 -0.000618 9.152778
-0.007081 -0.000762 9.152778
-0.006957 -0.000916 9.152778
-0.006818 -0.001058 9.152778
-0.006683 -0.001202 9.152778
-0.006532 -0.001331 9.152778
-0.006399 -0.001477 9.152778
-0.006253 -0.001612 9.152778
-0.006131 -0.001767 9.152778
-0.005988 -0.001904 9.152778
-0.005882 -0.002072 9.152778
-0.005763 -0.002230 9.152778
-0.005660 -0.002400 9.152778
-0.005529 -0.002548 9.152778
-0.005423 -0.002715 9.152778
-0.005295 -0.002866 9.152778
-0.005193 -0.003036 9.152778
-0.005140 -0.003227 9.152778
-0.005052 -0.003404 9.152778
-0.005003 -0.003596 9.152778
-0.004926 -0.003778 9.152778
-0.004868 -0.003968 9.152778
-0.004792 -0.004150 9.152778
-0.004751 -0.004344 9.152778
-0.004683 -0.004530 9.152778
-0.004634 -0.004722 9.152778
-0.004563 -0.004907 9.152778
-0.004522 -0.005101 9.152778
-0.004457 -0.005288 9.152778
-0.004415 -0.005481 9.152778
-0.004352 -0.005669 9.152778
-0.004296 -0.005859 9.152778
-0.004237 -0.006048 9.152778
-0.004177 -0.006237 9.152778
-0.004117 -0.006425 9.152778
-0.004063 -0.006616 9.152778
-0.003911 -0.006743 9.152778
-0.003717 -0.006703 9.152778
-0.003524 -0.006659 9.152778
-0.003331 -0.006616 9.152778
-0.003139 -0.006568 9.152778
-0.002949 -0.006511 9.152778
-0.002757 -0.006464 9.152778
-0.002561 -0.006432 9.152778
-0.002366 -0.006396 9.152778
-0.002171 -0.006364 9.152778
-0.001980 -0.006312 9.152778
-0.001786 -0.006272 9.152778
-0.001596 -0.006217 9.152778
-0.001401 -0.006183 9.152778
-0.001211 -0.006125 9.152778
-0.001015 -0.006098 9.152778
-0.000818 -0.006074 9.152778
-0.000621 -0.006059 9.152778
-0.000424 -0.006037 9.152778
-0.000227 -0.006018 9.152778
-0.000029 -0.006012 9.152778
0.000165 -0.006053 9.152778
0.000361 -0.006079 9.152778
0.000556 -0.006115 9.152778
0.000749 -0.006159 9.152778
0.000945 -0.006187 9.152778
0.001138 -0.006231 9.152778
0.001332 -0.006271 9.152778
0.001520 -0.006334 9.152778
0.001715 -0.006367 9.152778
0.001905 -0.006423 9.152778
0.002099 -0.006463 9.152778
0.002290 -0.006513 9.152778
0.002483 -0.006561 9.152778
0.002675 -0.006608 9.152778
0.002869 -0.006650 9.152778
0.003061 -0.006697 9.152778
0.003254 -0.006739 9.152778
0.003448 -0.006780 9.152778
0.003641 -0.006826 9.152778
0.003826 -0.006757 9.152778
0.003886 -0.006568 9.152778
0.003941 -0.006378 9.152778
0.004000 -0.006189 9.152778
0.004058 -0.005999 9.152778
0.004111 -0.005808 9.152778
0.004157 -0.005616 9.152778
0.004222 -0.005429 9.152778
0.004278 -0.005239 9.152778
0.004356 -0.005057 9.152778
0.004410 -0.004866 9.152778
0.004494 -0.004687 9.152778
0.004533 -0.004492 9.152778
0.004611 -0.004310 9.152778
0.004670 -0.004122 9.152778
0.004764 -0.003947 9.152778
0.004840 -0.003764 9.152778
0.004952 -0.003601 9.152778
0.005016 -0.003413 9.152778
0.005107 -0.003237 9.152778
0.005177 -0.003052 9.152778
0.005293 -0.002892 9.152778
0.005423 -0.002742 9.152778
0.005535 -0.002579 9.152778
0.005677 -0.002440 9.152778
0.005793 -0.002280 9.152778
0.005930 -0.002137 9.152778
0.006050 -0.001980 9.152778
0.006207 -0.001859 9.152778
0.006327 -0.001702 9.152778
0.006477 -0.001572 9.152778
0.006603 -0.001419 9.152778
0.006748 -0.001285 9.152778
0.006881 -0.001138 9.152778
0.007022 -0.000999 9.152778
0.007153 -0.000850 9.152778
0.007292 -0.000709 9.152778
0.007426 -0.000563 9.152778
0.007557 -0.000415 9.152778
0.007693 -0.000270 9.152778
0.007724 -0.000075 9.152778

