0.008077 -0.000001 10.949653
0.007924 0.000142 10.949653
0.007768 0.000282 10.949653
0.007623 0.000434 10.949653
0.007468 0.000575 10.949653
0.007327 0.000729 10.949653
0.007179 0.000877 10.949653
0.007045 0.001039 10.949653
0.006885 0.001174 10.949653
0.006757 0.001340 10.949653
0.006593 0.001470 10.949653
0.006467 0.001638 10.949653
0.006323 0.001790 10.949653
0.006185 0.001948 10.949653
0.006035 0.002094 10.949653
0.005899 0.002253 10.949653
0.005767 0.002416 10.949653
0.005627 0.002572 10.949653
0.005512 0.002747 10.949653
0.005392 0.002919 10.949653
0.005316 0.003114 10.949653
0.005249 0.003313 10.949653
0.005160 0.003503 10.949653
0.005114 0.003707 10.949653
0.005039 0.003903 10.949653
0.004988 0.004106 10.949653
0.004919 0.004304 10.949653
0.004857 0.004504 10.949653
0.004817 0.004710 10.949653
0.004750 0.004908 10.949653
0.004695 0.005110 10.949653
0.004621 0.005306 10.949653
0.004570 0.005510 10.949653
0.004490 0.005703 10.949653
0.004443 0.005908 10.949653
0.004361 0.006100 10.949653
0.004305 0.006302 10.949653
0.004223 0.006495 10.949653
0.004152 0.006692 10.949653
0.004071 0.006885 10.949653
0.003904 0.007012 10.949653
0.003710 0.006932 10.949653
0.003510 0.006869 10.949653
0.003312 0.006802 10.949653
0.003109 0.006749 10.949653
0.002908 0.006689 10.949653
0.002704 0.006642 10.949653
0.002501 0.006590 10.949653
0.002299 0.006536 10.949653
0.002092 0.006501 10.949653
0.001890 0.006447 10.949653
0.001686 0.006397 10.949653
0.001479 0.006364 10.949653
0.001286 0.006447 10.949653
0.001143 0.006600 10.949653
0.000976 0.006472 10.949653
0.000781 0.006397 10.949653
0.000582 0.006332 10.949653
0.000381 0.006270 10.949653
0.000177 0.006222 10.949653
-0.000026 0.006173 10.949653
-0.000232 0.006212 10.949653
-0.000430 0.006281 10.949653
-0.000633 0.006335 10.949653
-0.000828 0.006410 10.949653
-0.000998 0.006533 10.949653
-0.001131 0.006371 10.949653
-0.001335 0.006323 10.949653
-0.001541 0.006365 10.949653
-0.001749 0.006386 10.949653
-0.001947 0.006455 10.949653
-0.002153 0.006490 10.949653
-0.002354 0.006552 10.949653
-0.002556 0.006605 10.949653
-0.002763 0.006641 10.949653
-0.002965 0.006697 10.949653
-0.003170 0.006737 10.949653
-0.003368 0.006808 10.949653
-0.003570 0.006863 10.949653
-0.003765 0.006939 10.949653
-0.003954 0.007030 10.949653
-0.004134 0.006923 10.949653
-0.004220 0.006732 10.949653
-0.004298 0.006538 10.949653
-0.004384 0.006346 10.949653
-0.004446 0.006146 10.949653
-0.004531 0.005955 10.949653
-0.004576 0.005750 10.949653
-0.004660 0.005558 10.949653
-0.004702 0.005353 10.949653
-0.004783 0.005160 10.949653
-0.004828 0.004955 10.949653
-0.004899 0.004758 10.949653
-0.004936 0.004552 10.949653
-0.005012 0.004357 10.949653
-0.005061 0.004153 10.949653
-0.005118 0.003951 10.949653
-0.005179 0.003751 10.949653
-0.005225 0.003546 10.949653
-0.005311 0.003355 10.949653
-0.005341 0.003148 10.949653
-0.005436 0.002961 10.949653
-0.005590 0.002819 10.949653
-0.005716 0.002651 10.949653
-0.005860 0.002499 10.949653
-0.006013 0.002356 10.949653
-0.006141 0.002191 10.949653
-0.006294 0.002047 10.949653
-0.006428 0.001886 10.949653
-0.006591 0.001755 10.949653
-0.006718 0.001588 10.949653
-0.006875 0.001449 10.949653
-0.007004 0.001284 10.949653
-0.007158 0.001142 10.949653
-0.007291 0.000980 10.949653
-0.007444 0.000837 10.949653
-0.007583 0.000680 10.949653
-0.007741 0.000543 10.949653
-0.007886 0.000392 10.949653
-0.008036 0.000245 10.949653
-0.008083 0.000041 10.949653
-0.007943 -0.000116 10.949653
-0.007817 -0.000283 10.949653
-0.007681 -0.000442 10.949653
-0.007558 -0.000612 10.949653
-0.007419 -0.000769 10.949653
-0.007290 -0.000934 10.949653
-0.007133 -0.001072 10.949653
-0.006997 -0.001232 10.949653
-0.006845 -0.001375 10.949653
-0.006721 -0.001545 10.949653
-0.006570 -0.001690 10.949653
-0.006432 -0.001848 10.949653
-0.006271 -0.001982 10.949653
-0.006140 -0.002145 10.949653
-0.005976 -0.002275 10.949653
-0.005838 -0.002434 10.949653
-0.005687 -0.002578 10.949653
-0.005554 -0.002741 10.949653
-0.005441 -0.002917 10.949653
-0.005387 -0.003119 10.949653
-0.005323 -0.003319 10.949653
-0.005241 -0.003512 10.949653
-0.005202 -0.003718 10.949653
-0.005121 -0.003911 10.949653
-0.005094 -0.004119 10.949653
-0.005011 -0.004311 10.949653
-0.004966 -0.004516 10.949653
-0.004897 -0.004714 10.949653
-0.004858 -0.004919 10.949653
-0.004783 -0.005115 10.949653
-0.004733 -0.005319 10.949653
-0.004657 -0.005514 10.949653
-0.004607 -0.005717 10.949653
-0.004534 -0.005914 10.949653
-0.004490 -0.006119 10.949653
-0.004419 -0.006316 10.949653
-0.004378 -0.006521 10.949653
-0.004309 -0.006719 10.949653
-0.004255 -0.006922 10.949653
-0.004083 -0.007042 10.949653
-0.003880 -0.006989 10.949653
-0.003677 -0.006939 10.949653
-0.003471 -0.006900 10.949653
-0.003269 -0.006845 10.949653
-0.003062 -0.006810 10.949653
-0.002858 -0.006765 10.949653
-0.002651 -0.006730 10.949653
-0.002451 -0.006667 10.949653
-0.002247 -0.006621 10.949653
-0.002047 -0.006557 10.949653
-0.001841 -0.006521 10.949653
-0.001634 -0.006485 10.949653
-0.001429 -0.006444 10.949653
-0.001223 -0.006405 10.949653
-0.001019 -0.006358 10.949653
-0.000814 -0.006315 10.949653
-0.000611 -0.006260 10.949653
-0.000414 -0.006191 10.949653
-0.000204 -0.006178 10.949653
-0.000006 -0.006247 10.949653
0.000201 -0.006275 10.949653
0.000406 -0.006319 10.949653
0.000606 -0.006382 10.949653
0.000813 -0.006417 10.949653
0.001008 -0.006492 10.949653
0.001215 -0.006525 10.949653
0.001418 -0.006575 10.949653
0.001621 -0.006628 10.949653
0.001825 -0.006675 10.949653
0.002029 -0.006725 10.949653
0.002235 -0.006764 10.949653
0.002437 -0.006818 10.949653
0.002644 -0.006851 10.949653
0.002845 -0.006910 10.949653
0.003052 -0.006945 10.949653
0.003255 -0.006998 10.949653
0.003460 -0.007040 10.949653
0.003666 -0.007080 10.949653
0.003872 -0.007115 10.949653
0.004060 -0.007022 10.949653
0.004104 -0.006817 10.949653
0.004146 -0.006611 10.949653
0.004212 -0.006413 10.949653
0.004256 -0.006208 10.949653
0.004327 -0.006011 10.949653
0.004374 -0.005807 10.949653
0.004456 -0.005614 10.949653
0.004490 -0.005407 10.949653
0.004562 -0.005210 10.949653
0.004606 -0.005005 10.949653
0.004671 -0.004806 10.949653
0.004734 -0.004606 10.949653
0.004797 -0.004406 10.949653
0.004888 -0.004218 10.949653
0.004922 -0.004011 10.949653
0.005023 -0.003827 10.949653
0.005206 -0.003726 10.949653
0.005252 -0.003521 10.949653
0.005263 -0.003312 10.949653
0.005347 -0.003120 10.949653
0.005502 -0.002979 10.949653
0.005627 -0.002811 10.949653
0.005779 -0.002666 10.949653
0.005918 -0.002509 10.949653
0.006067 -0.002362 10.949653
0.006219 -0.002217 10.949653
0.006350 -0.002054 10.949653
0.006505 -0.001913 10.949653
0.006642 -0.001755 10.949653
0.006798 -0.001614 10.949653
0.006925 -0.001448 10.949653
0.007083 -0.001311 10.949653
0.007208 -0.001142 10.949653
0.007364 -0.001002 10.949653
0.007490 -0.000835 10.949653
0.007641 -0.000690 10.949653
0.007772 -0.000526 10.949653
0.007915 -0.000373 10.949653
0.008045 -0.000208 10.949653
0.008077 -0.000001 10.949653

