0.005535 -0.000000 1.112847
0.005530 0.000140 1.112847
0.005513 0.000279 1.112847
0.005477 0.000415 1.112847
0.005423 0.000544 1.112847
0.005360 0.000669 1.112847
0.005299 0.000795 1.112847
0.005236 0.000920 1.112847
0.005171 0.001044 1.112847
0.005103 0.001167 1.112847
0.005034 0.001289 1.112847
0.004964 0.001410 1.112847
0.004894 0.001531 1.112847
0.004823 0.001652 1.112847
0.004753 0.001774 1.112847
0.004683 0.001895 1.112847
0.004613 0.002016 1.112847
0.004543 0.002137 1.112847
0.004473 0.002259 1.112847
0.004403 0.002380 1.112847
0.004332 0.002501 1.112847
0.004262 0.002623 1.112847
0.004192 0.002744 1.112847
0.004123 0.002865 1.112847
0.004053 0.002987 1.112847
0.003983 0.003108 1.112847
0.003913 0.003230 1.112847
0.003843 0.003351 1.112847
0.003773 0.003472 1.112847
0.003703 0.003594 1.112847
0.003633 0.003715 1.112847
0.003562 0.003836 1.112847
0.003489 0.003956 1.112847
0.003415 0.004074 1.112847
0.003338 0.004191 1.112847
0.003260 0.004308 1.112847
0.003182 0.004424 1.112847
0.003098 0.004536 1.112847
0.002998 0.004635 1.112847
0.002886 0.004719 1.112847
0.002767 0.004793 1.112847
0.002644 0.004859 1.112847
0.002515 0.004914 1.112847
0.002380 0.004951 1.112847
0.002241 0.004968 1.112847
0.002101 0.004977 1.112847
0.001961 0.004986 1.112847
0.001821 0.004995 1.112847
0.001681 0.005000 1.112847
0.001541 0.005003 1.112847
0.001401 0.005004 1.112847
0.001261 0.005004 1.112847
0.001121 0.005004 1.112847
0.000981 0.005003 1.112847
0.000841 0.005003 1.112847
0.000700 0.005003 1.112847
0.000560 0.005003 1.112847
0.000420 0.005003 1.112847
0.000280 0.005003 1.112847
0.000140 0.005003 1.112847
0.000000 0.005003 1.112847
-0.000140 0.005003 1.112847
-0.000280 0.005003 1.112847
-0.000420 0.005003 1.112847
-0.000560 0.005003 1.112847
-0.000700 0.005003 1.112847
-0.000841 0.005003 1.112847
-0.000981 0.005003 1.112847
-0.001121 0.005004 1.112847
-0.001261 0.005004 1.112847
-0.001401 0.005004 1.112847
-0.001541 0.005003 1.112847
-0.001681 0.005000 1.112847
-0.001821 0.004995 1.112847
-0.001961 0.004986 1.112847
-0.002101 0.004977 1.112847
-0.002241 0.004968 1.112847
-0.002380 0.004951 1.112847
-0.002515 0.004914 1.112847
-0.002644 0.004859 1.112847
-0.002767 0.004793 1.112847
-0.002886 0.004719 1.112847
-0.002998 0.004635 1.112847
-0.003098 0.004536 1.112847
-0.003182 0.004424 1.112847
-0.003260 0.004308 1.112847
-0.003338 0.004191 1.112847
-0.003415 0.004074 1.112847
-0.003489 0.003956 1.112847
-0.003562 0.003836 1.112847
-0.003633 0.003715 1.112847
-0.003703 0.003594 1.112847
-0.003773 0.003472 1.112847
-0.003843 0.003351 1.112847
-0.003913 0.003230 1.112847
-0.003983 0.003108 1.112847
-0.004053 0.002987 1.112847
-0.004123 0.002865 1.112847
-0.004192 0.002744 1.112847
-0.004262 0.002623 1.112847
-0.004332 0.002501 1.112847
-0.004403 0.002380 1.112847
-0.004473 0.002259 1.112847
-0.004543 0.002137 1.112847
-0.004613 0.002016 1.112847
-0.004683 0.001895 1.112847
-0.004753 0.001774 1.112847
-0.004823 0.001652 1.112847
-0.004894 0.001531 1.112847
-0.004964 0.001410 1.112847
-0.005034 0.001289 1.112847
-0.005103 0.001167 1.112847
-0.005171 0.001044 1.112847
-0.005236 0.000920 1.112847
-0.005299 0.000795 1.112847
-0.005360 0.000669 1.112847
-0.005423 0.000544 1.112847
-0.005477 0.000415 1.112847
-0.005513 0.000279 1.112847
-0.005530 0.000140 1.112847
-0.005535 -0.000000 1.112847
-0.005530 -0.000140 1.112847
-0.005513 -0.000279 1.112847
-0.005477 -0.000415 1.112847
-0.005423 -0.000544 1.112847
-0.005360 -0.000669 1.112847
-0.005299 -0.000795 1.112847
-0.005236 -0.000920 1.112847
-0.005171 -0.001044 1.112847
-0.005103 -0.001167 1.112847
-0.005034 -0.001289 1.112847
-0.004964 -0.001410 1.112847
-0.004894 -0.001531 1.112847
-0.004823 -0.001652 1.112847
-0.004753 -0.001774 1.112847
-0.004683 -0.001895 1.112847
-0.004613 -0.002016 1.112847
-0.004543 -0.002137 1.112847
-0.004473 -0.002259 1.112847
-0.004403 -0.002380 1.112847
-0.004332 -0.002501 1.112847
-0.004262 -0.002623 1.112847
-0.004192 -0.002744 1.112847
-0.004123 -0.002865 1.112847
-0.004053 -0.002987 1.112847
-0.003983 -0.003108 1.112847
-0.003913 -0.003230 1.112847
-0.003843 -0.003351 1.112847
-0.003773 -0.003472 1.112847
-0.003703 -0.003594 1.112847
-0.003633 -0.003715 1.112847
-0.003562 -0.003836 1.112847
-0.003489 -0.003956 1.112847
-0.003415 -0.004074 1.112847
-0.003338 -0.004191 1.112847
-0.003260 -0.004308 1.112847
-0.003182 -0.004424 1.112847
-0.003098 -0.004536 1.112847
-0.002998 -0.004635 1.112847
-0.002886 -0.004719 1.112847
-0.002767 -0.004793 1.112847
-0.002644 -0.004859 1.112847
-0.002515 -0.004914 1.112847
-0.002380 -0.004951 1.112847
-0.002241 -0.004968 1.112847
-0.002101 -0.004977 1.112847
-0.001961 -0.004986 1.112847
-0.001821 -0.004995 1.112847
-0.001681 -0.005000 1.112847
-0.001541 -0.005003 1.112847
-0.001401 -0.005004 1.112847
-0.001261 -0.005004 1.112847
-0.001121 -0.005004 1.112847
-0.000981 -0.005003 1.112847
-0.000841 -0.005003 1.112847
-0.000700 -0.005003 1.112847
-0.000560 -0.005003 1.112847
-0.000420 -0.005003 1.112847
-0.000280 -0.005003 1.112847
-0.000140 -0.005003 1.112847
-0.000000 -0.005003 1.112847
0.000140 -0.005003 1.112847
0.000280 -0.005003 1.112847
0.000420 -0.005003 1.112847
0.000560 -0.005003 1.112847
0.000700 -0.005003 1.112847
0.000841 -0.005003 1.112847
0.000981 -0.005003 1.112847
0.001121 -0.005004 1.112847
0.001261 -0.005004 1.112847
0.001401 -0.005004 1.112847
0.001541 -0.005003 1.112847
0.001681 -0.005000 1.112847
0.001821 -0.004995 1.112847
0.001961 -0.004986 1.112847
0.002101 -0.004977 1.112847
0.002241 -0.004968 1.112847
0.002380 -0.004951 1.112847
0.002515 -0.004914 1.112847
0.002644 -0.004859 1.112847
0.002767 -0.004793 1.112847
0.002886 -0.004719 1.112847
0.002998 -0.004635 1.112847
0.003098 -0.004536 1.112847
0.003182 -0.004424 1.112847
0.003260 -0.004308 1.112847
0.003338 -0.004191 1.112847
0.003415 -0.004074 1.112847
0.003489 -0.003956 1.112847
0.003562 -0.003836 1.112847
0.003633 -0.003715 1.112847
0.003703 -0.003594 1.112847
0.003773 -0.003472 1.112847
0.003843 -0.003351 1.112847
0.003913 -0.003230 1.112847
0.003983 -0.003108 1.112847
0.004053 -0.002987 1.112847
0.004123 -0.002865 1.112847
0.004192 -0.002744 1.112847
0.004262 -0.002623 1.112847
0.004332 -0.002501 1.112847
0.004403 -0.002380 1.112847
0.004473 -0.002259 1.112847
0.004543 -0.002137 1.112847
0.004613 -0.002016 1.112847
0.004683 -0.001895 1.112847
0.004753 -0.001774 1.112847
0.004823 -0.001652 1.112847
0.004894 -0.001531 1.112847
0.004964 -0.001410 1.112847
0.005034 -0.001289 1.112847
0.005103 -0.001167 1.112847
0.005171 -0.001044 1.112847
0.005236 -0.000920 1.112847
0.005299 -0.000795 1.112847
0.005360 -0.000669 1.112847
0.005423 -0.000544 1.112847
0.005477 -0.000415 1.112847
0.005513 -0.000279 1.112847
0.005530 -0.000140 1.112847
0.005535 -0.000000 1.112847

