0.007706 -0.000076 9.069444
0.007572 0.000068 9.069444
0.007434 0.000210 9.069444
0.007300 0.000355 9.069444
0.007165 0.000499 9.069444
0.007027 0.000641 9.069444
0.006890 0.000783 9.069444
0.006764 0.000935 9.069444
0.006630 0.001080 9.069444
0.006503 0.001231 9.069444
0.006367 0.001374 9.069444
0.006241 0.001526 9.069444
0.006105 0.001670 9.069444
0.006014 0.001845 9.069444
0.005886 0.001996 9.069444
0.005789 0.002168 9.069444
0.005667 0.002323 9.069444
0.005559 0.002488 9.069444
0.005435 0.002642 9.069444
0.005331 0.002810 9.069444
0.005210 0.002966 9.069444
0.005130 0.003147 9.069444
0.005058 0.003331 9.069444
0.004971 0.003508 9.069444
0.004909 0.003695 9.069444
0.004820 0.003872 9.069444
0.004750 0.004056 9.069444
0.004670 0.004237 9.069444
0.004622 0.004429 9.069444
0.004541 0.004609 9.069444
0.004494 0.004801 9.069444
0.004428 0.004986 9.069444
0.004384 0.005179 9.069444
0.004327 0.005368 9.069444
0.004276 0.005559 9.069444
0.004214 0.005746 9.069444
0.004160 0.005936 9.069444
0.004099 0.006124 9.069444
0.004037 0.006312 9.069444
0.003980 0.006501 9.069444
0.003827 0.006625 9.069444
0.003635 0.006578 9.069444
0.003444 0.006526 9.069444
0.003252 0.006481 9.069444
0.003059 0.006439 9.069444
0.002867 0.006391 9.069444
0.002674 0.006351 9.069444
0.002482 0.006303 9.069444
0.002290 0.006260 9.069444
0.002099 0.006207 9.069444
0.001904 0.006176 9.069444
0.001710 0.006142 9.069444
0.001513 0.006124 9.069444
0.001316 0.006118 9.069444
0.001123 0.006160 9.069444
0.000931 0.006111 9.069444
0.000735 0.006093 9.069444
0.000542 0.006050 9.069444
0.000345 0.006041 9.069444
0.000150 0.006009 9.069444
-0.000047 0.005994 9.069444
-0.000242 0.006024 9.069444
-0.000440 0.006028 9.069444
-0.000634 0.006063 9.069444
-0.000831 0.006079 9.069444
-0.001023 0.006125 9.069444
-0.001218 0.006095 9.069444
-0.001414 0.006116 9.069444
-0.001610 0.006147 9.069444
-0.001802 0.006190 9.069444
-0.001998 0.006214 9.069444
-0.002191 0.006259 9.069444
-0.002387 0.006281 9.069444
-0.002580 0.006321 9.069444
-0.002775 0.006356 9.069444
-0.002965 0.006408 9.069444
-0.003156 0.006459 9.069444
-0.003349 0.006503 9.069444
-0.003541 0.006546 9.069444
-0.003733 0.006592 9.069444
-0.003926 0.006636 9.069444
-0.004079 0.006510 9.069444
-0.004136 0.006321 9.069444
-0.004198 0.006134 9.069444
-0.004256 0.005945 9.069444
-0.004311 0.005755 9.069444
-0.004372 0.005567 9.069444
-0.004423 0.005377 9.069444
-0.004478 0.005187 9.069444
-0.004527 0.004996 9.069444
-0.004590 0.004809 9.069444
-0.004633 0.004616 9.069444
-0.004706 0.004432 9.069444
-0.004734 0.004237 9.069444
-0.004813 0.004056 9.069444
-0.004866 0.003865 9.069444
-0.004948 0.003686 9.069444
-0.004996 0.003494 9.069444
-0.005084 0.003317 9.069444
-0.005143 0.003129 9.069444
-0.005229 0.002951 9.069444
-0.005361 0.002804 9.069444
-0.005465 0.002636 9.069444
-0.005600 0.002491 9.069444
-0.005711 0.002328 9.069444
-0.005844 0.002182 9.069444
-0.005952 0.002017 9.069444
-0.006101 0.001887 9.069444
-0.006220 0.001730 9.069444
-0.006361 0.001591 9.069444
-0.006486 0.001438 9.069444
-0.006631 0.001304 9.069444
-0.006761 0.001156 9.069444
-0.006903 0.001018 9.069444
-0.007035 0.000871 9.069444
-0.007170 0.000727 9.069444
-0.007306 0.000584 9.069444
-0.007439 0.000438 9.069444
-0.007571 0.000291 9.069444
-0.007709 0.000149 9.069444
-0.007744 -0.000045 9.069444
-0.007612 -0.000191 9.069444
-0.007473 -0.000332 9.069444
-0.007334 -0.000472 9.069444
-0.007200 -0.000617 9.069444
-0.007066 -0.000762 9.069444
-0.006941 -0.000915 9.069444
-0.006801 -0.001055 9.069444
-0.006665 -0.001197 9.069444
-0.006515 -0.001326 9.069444
-0.006383 -0.001473 9.069444
-0.006239 -0.001608 9.069444
-0.006117 -0.001764 9.069444
-0.005978 -0.001903 9.069444
-0.005876 -0.002073 9.069444
-0.005758 -0.002231 9.069444
-0.005652 -0.002398 9.069444
-0.005521 -0.002546 9.069444
-0.005416 -0.002713 9.069444
-0.005289 -0.002864 9.069444
-0.005186 -0.003032 9.069444
-0.005132 -0.003222 9.069444
-0.005044 -0.003399 9.069444
-0.004992 -0.003590 9.069444
-0.004917 -0.003772 9.069444
-0.004859 -0.003961 9.069444
-0.004781 -0.004143 9.069444
-0.004739 -0.004335 9.069444
-0.004672 -0.004521 9.069444
-0.004624 -0.004713 9.069444
-0.004552 -0.004897 9.069444
-0.004510 -0.005090 9.069444
-0.004445 -0.005276 9.069444
-0.004403 -0.005469 9.069444
-0.004342 -0.005657 9.069444
-0.004285 -0.005846 9.069444
-0.004227 -0.006035 9.069444
-0.004168 -0.006223 9.069444
-0.004107 -0.006411 9.069444
-0.004053 -0.006601 9.069444
-0.003902 -0.006728 9.069444
-0.003708 -0.006688 9.069444
-0.003516 -0.006644 9.069444
-0.003323 -0.006600 9.069444
-0.003132 -0.006550 9.069444
-0.002943 -0.006494 9.069444
-0.002750 -0.006450 9.069444
-0.002555 -0.006420 9.069444
-0.002361 -0.006384 9.069444
-0.002166 -0.006350 9.069444
-0.001976 -0.006297 9.069444
-0.001783 -0.006256 9.069444
-0.001593 -0.006203 9.069444
-0.001398 -0.006168 9.069444
-0.001209 -0.006112 9.069444
-0.001013 -0.006090 9.069444
-0.000816 -0.006068 9.069444
-0.000620 -0.006053 9.069444
-0.000423 -0.006031 9.069444
-0.000227 -0.006014 9.069444
-0.000029 -0.006004 9.069444
0.000165 -0.006042 9.069444
0.000360 -0.006069 9.069444
0.000555 -0.006102 9.069444
0.000747 -0.006147 9.069444
0.000943 -0.006176 9.069444
0.001136 -0.006218 9.069444
0.001330 -0.006256 9.069444
0.001517 -0.006319 9.069444
0.001711 -0.006353 9.069444
0.001901 -0.006407 9.069444
0.002094 -0.006448 9.069444
0.002286 -0.006497 9.069444
0.002477 -0.006545 9.069444
0.002669 -0.006593 9.069444
0.002862 -0.006635 9.069444
0.003054 -0.006681 9.069444
0.003246 -0.006725 9.069444
0.003440 -0.006764 9.069444
0.003632 -0.006810 9.069444
0.003817 -0.006742 9.069444
0.003877 -0.006553 9.069444
0.003931 -0.006363 9.069444
0.003990 -0.006175 9.069444
0.004047 -0.005986 9.069444
0.004099 -0.005795 9.069444
0.004147 -0.005604 9.069444
0.004212 -0.005417 9.069444
0.004271 -0.005229 9.069444
0.004348 -0.005047 9.069444
0.004403 -0.004857 9.069444
0.004484 -0.004677 9.069444
0.004523 -0.004484 9.069444
0.004603 -0.004303 9.069444
0.004665 -0.004116 9.069444
0.004761 -0.003943 9.069444
0.004836 -0.003760 9.069444
0.004945 -0.003596 9.069444
0.005010 -0.003409 9.069444
0.005102 -0.003234 9.069444
0.005169 -0.003049 9.069444
0.005284 -0.002888 9.069444
0.005415 -0.002740 9.069444
0.005525 -0.002576 9.069444
0.005665 -0.002437 9.069444
0.005782 -0.002277 9.069444
0.005918 -0.002135 9.069444
0.006035 -0.001976 9.069444
0.006192 -0.001855 9.069444
0.006312 -0.001699 9.069444
0.006461 -0.001568 9.069444
0.006587 -0.001417 9.069444
0.006731 -0.001281 9.069444
0.006864 -0.001135 9.069444
0.007005 -0.000997 9.069444
0.007136 -0.000849 9.069444
0.007274 -0.000708 9.069444
0.007409 -0.000563 9.069444
0.007540 -0.000416 9.069444
0.007674 -0.000271 9.069444
0.007706 -0.000076 9.069444

