0.006153 -0.000000 2.015625
0.006100 0.000146 2.015625
0.006003 0.000268 2.015625
0.005908 0.000391 2.015625
0.005810 0.000511 2.015625
0.005708 0.000628 2.015625
0.005609 0.000748 2.015625
0.005518 0.000874 2.015625
0.005427 0.001000 2.015625
0.005328 0.001120 2.015625
0.005223 0.001234 2.015625
0.005117 0.001348 2.015625
0.005014 0.001464 2.015625
0.004915 0.001584 2.015625
0.004822 0.001708 2.015625
0.004735 0.001837 2.015625
0.004652 0.001968 2.015625
0.004571 0.002101 2.015625
0.004491 0.002234 2.015625
0.004413 0.002368 2.015625
0.004335 0.002503 2.015625
0.004257 0.002637 2.015625
0.004181 0.002773 2.015625
0.004105 0.002908 2.015625
0.004030 0.003045 2.015625
0.003958 0.003182 2.015625
0.003891 0.003322 2.015625
0.003829 0.003465 2.015625
0.003775 0.003610 2.015625
0.003726 0.003758 2.015625
0.003681 0.003906 2.015625
0.003634 0.004055 2.015625
0.003580 0.004200 2.015625
0.003516 0.004342 2.015625
0.003453 0.004484 2.015625
0.003398 0.004629 2.015625
0.003347 0.004776 2.015625
0.003293 0.004921 2.015625
0.003234 0.005065 2.015625
0.003177 0.005210 2.015625
0.003076 0.005328 2.015625
0.002923 0.005356 2.015625
0.002770 0.005333 2.015625
0.002616 0.005312 2.015625
0.002462 0.005287 2.015625
0.002310 0.005257 2.015625
0.002157 0.005232 2.015625
0.002002 0.005216 2.015625
0.001848 0.005200 2.015625
0.001694 0.005174 2.015625
0.001543 0.005141 2.015625
0.001391 0.005106 2.015625
0.001239 0.005074 2.015625
0.001086 0.005049 2.015625
0.000932 0.005030 2.015625
0.000777 0.005019 2.015625
0.000621 0.005013 2.015625
0.000466 0.005009 2.015625
0.000311 0.005007 2.015625
0.000155 0.005006 2.015625
-0.000000 0.005005 2.015625
-0.000155 0.005006 2.015625
-0.000311 0.005007 2.015625
-0.000466 0.005009 2.015625
-0.000621 0.005013 2.015625
-0.000777 0.005019 2.015625
-0.000932 0.005030 2.015625
-0.001086 0.005049 2.015625
-0.001239 0.005074 2.015625
-0.001391 0.005106 2.015625
-0.001543 0.005141 2.015625
-0.001694 0.005174 2.015625
-0.001848 0.005200 2.015625
-0.002002 0.005216 2.015625
-0.002157 0.005232 2.015625
-0.002310 0.005257 2.015625
-0.002462 0.005287 2.015625
-0.002616 0.005312 2.015625
-0.002770 0.005333 2.015625
-0.002923 0.005356 2.015625
-0.003076 0.005328 2.015625
-0.003177 0.005210 2.015625
-0.003234 0.005065 2.015625
-0.003293 0.004921 2.015625
-0.003347 0.004776 2.015625
-0.003398 0.004629 2.015625
-0.003453 0.004484 2.015625
-0.003516 0.004342 2.015625
-0.003580 0.004200 2.015625
-0.003634 0.004055 2.015625
-0.003681 0.003906 2.015625
-0.003726 0.003758 2.015625
-0.003775 0.003610 2.015625
-0.003829 0.003465 2.015625
-0.003891 0.003322 2.015625
-0.003958 0.003182 2.015625
-0.004030 0.003045 2.015625
-0.004105 0.002908 2.015625
-0.004181 0.002773 2.015625
-0.004257 0.002637 2.015625
-0.004335 0.002503 2.015625
-0.004413 0.002368 2.015625
-0.004491 0.002234 2.015625
-0.004571 0.002101 2.015625
-0.004652 0.001968 2.015625
-0.004735 0.001837 2.015625
-0.004822 0.001708 2.015625
-0.004915 0.001584 2.015625
-0.005014 0.001464 2.015625
-0.005117 0.001348 2.015625
-0.005223 0.001234 2.015625
-0.005328 0.001120 2.015625
-0.005427 0.001000 2.015625
-0.005518 0.000874 2.015625
-0.005609 0.000748 2.015625
-0.005708 0.000628 2.015625
-0.005810 0.000511 2.015625
-0.005908 0.000391 2.015625
-0.006003 0.000268 2.015625
-0.006100 0.000146 2.015625
-0.006153 0.000000 2.015625
-0.006100 -0.000146 2.015625
-0.006003 -0.000268 2.015625
-0.005908 -0.000391 2.015625
-0.005810 -0.000511 2.015625
-0.005708 -0.000628 2.015625
-0.005609 -0.000748 2.015625
-0.005518 -0.000874 2.015625
-0.005427 -0.001000 2.015625
-0.005328 -0.001120 2.015625
-0.005223 -0.001234 2.015625
-0.005117 -0.001348 2.015625
-0.005014 -0.001464 2.015625
-0.004915 -0.001584 2.015625
-0.004822 -0.001708 2.015625
-0.004735 -0.001837 2.015625
-0.004652 -0.001968 2.015625
-0.004571 -0.002101 2.015625
-0.004491 -0.002234 2.015625
-0.004413 -0.002368 2.015625
-0.004335 -0.002503 2.015625
-0.004257 -0.002637 2.015625
-0.004181 -0.002773 2.015625
-0.004105 -0.002908 2.015625
-0.004030 -0.003045 2.015625
-0.003958 -0.003182 2.015625
-0.003891 -0.003322 2.015625
-0.003829 -0.003465 2.015625
-0.003775 -0.003610 2.015625
-0.003726 -0.003758 2.015625
-0.003681 -0.003906 2.015625
-0.003634 -0.004055 2.015625
-0.003580 -0.004200 2.015625
-0.003516 -0.004342 2.015625
-0.003453 -0.004484 2.015625
-0.003398 -0.004629 2.015625
-0.003347 -0.004776 2.015625
-0.003293 -0.004921 2.015625
-0.003234 -0.005065 2.015625
-0.003177 -0.005210 2.015625
-0.003076 -0.005328 2.015625
-0.002923 -0.005356 2.015625
-0.002770 -0.005333 2.015625
-0.002616 -0.005312 2.015625
-0.002462 -0.005287 2.015625
-0.002310 -0.005257 2.015625
-0.002157 -0.005232 2.015625
-0.002002 -0.005216 2.015625
-0.001848 -0.005200 2.015625
-0.001694 -0.005174 2.015625
-0.001543 -0.005141 2.015625
-0.001391 -0.005106 2.015625
-0.001239 -0.005074 2.015625
-0.001086 -0.005049 2.015625
-0.000932 -0.005030 2.015625
-0.000777 -0.005019 2.015625
-0.000621 -0.005013 2.015625
-0.000466 -0.005009 2.015625
-0.000311 -0.005007 2.015625
-0.000155 -0.005006 2.015625
0.000000 -0.005005 2.015625
0.000155 -0.005006 2.015625
0.000311 -0.005007 2.015625
0.000466 -0.005009 2.015625
0.000621 -0.005013 2.015625
0.000777 -0.005019 2.015625
0.000932 -0.005030 2.015625
0.001086 -0.005049 2.015625
0.001239 -0.005074 2.015625
0.001391 -0.005106 2.015625
0.001543 -0.005141 2.015625
0.001694 -0.005174 2.015625
0.001848 -0.005200 2.015625
0.002002 -0.005216 2.015625
0.002157 -0.005232 2.015625
0.002310 -0.005257 2.015625
0.002462 -0.005287 2.015625
0.002616 -0.005312 2.015625
0.002770 -0.005333 2.015625
0.002923 -0.005356 2.015625
0.003076 -0.005328 2.015625
0.003177 -0.005210 2.015625
0.003234 -0.005065 2.015625
0.003293 -0.004921 2.015625
0.003347 -0.004776 2.015625
0.003398 -0.004629 2.015625
0.003453 -0.004484 2.015625
0.003516 -0.004342 2.015625
0.003580 -0.004200 2.015625
0.003634 -0.004055 2.015625
0.003681 -0.003906 2.015625
0.003726 -0.003758 2.015625
0.003775 -0.003610 2.015625
0.003829 -0.003465 2.015625
0.003891 -0.003322 2.015625
0.003958 -0.003182 2.015625
0.004030 -0.003045 2.015625
0.004105 -0.002908 2.015625
0.004181 -0.002773 2.015625
0.004257 -0.002637 2.015625
0.004335 -0.002503 2.015625
0.004413 -0.002368 2.015625
0.004491 -0.002234 2.015625
0.004571 -0.002101 2.015625
0.004652 -0.001968 2.015625
0.004735 -0.001837 2.015625
0.004822 -0.001708 2.015625
0.004915 -0.001584 2.015625
0.005014 -0.001464 2.015625
0.005117 -0.001348 2.015625
0.005223 -0.001234 2.015625
0.005328 -0.001120 2.015625
0.005427 -0.001000 2.015625
0.005518 -0.000874 2.015625
0.005609 -0.000748 2.015625
0.005708 -0.000628 2.015625
0.005810 -0.000511 2.015625
0.005908 -0.000391 2.015625
0.006003 -0.000268 2.015625
0.006100 -0.000146 2.015625
0.006153 -0.000000 2.015625

