0.007926 -0.000030 10.178819
0.007776 0.000110 10.178819
0.007632 0.000255 10.178819
0.007489 0.000402 10.178819
0.007344 0.000546 10.178819
0.007210 0.000702 10.178819
0.007065 0.000846 10.178819
0.006927 0.000997 10.178819
0.006779 0.001138 10.178819
0.006650 0.001298 10.178819
0.006500 0.001436 10.178819
0.006383 0.001605 10.178819
0.006225 0.001735 10.178819
0.006096 0.001893 10.178819
0.005958 0.002045 10.178819
0.005840 0.002212 10.178819
0.005711 0.002371 10.178819
0.005598 0.002542 10.178819
0.005486 0.002714 10.178819
0.005357 0.002873 10.178819
0.005260 0.003053 10.178819
0.005201 0.003249 10.178819
0.005111 0.003433 10.178819
0.005042 0.003626 10.178819
0.004967 0.003816 10.178819
0.004901 0.004010 10.178819
0.004850 0.004208 10.178819
0.004774 0.004398 10.178819
0.004724 0.004597 10.178819
0.004662 0.004792 10.178819
0.004624 0.004993 10.178819
0.004551 0.005185 10.178819
0.004509 0.005385 10.178819
0.004432 0.005575 10.178819
0.004382 0.005773 10.178819
0.004311 0.005965 10.178819
0.004253 0.006162 10.178819
0.004185 0.006355 10.178819
0.004125 0.006550 10.178819
0.004049 0.006741 10.178819
0.003877 0.006851 10.178819
0.003683 0.006783 10.178819
0.003486 0.006729 10.178819
0.003290 0.006670 10.178819
0.003091 0.006622 10.178819
0.002893 0.006569 10.178819
0.002693 0.006526 10.178819
0.002495 0.006474 10.178819
0.002294 0.006435 10.178819
0.002094 0.006390 10.178819
0.001897 0.006334 10.178819
0.001696 0.006296 10.178819
0.001499 0.006241 10.178819
0.001299 0.006285 10.178819
0.001142 0.006416 10.178819
0.000970 0.006305 10.178819
0.000772 0.006255 10.178819
0.000575 0.006199 10.178819
0.000374 0.006156 10.178819
0.000173 0.006120 10.178819
-0.000029 0.006084 10.178819
-0.000232 0.006108 10.178819
-0.000432 0.006153 10.178819
-0.000630 0.006205 10.178819
-0.000830 0.006250 10.178819
-0.001007 0.006352 10.178819
-0.001176 0.006236 10.178819
-0.001380 0.006227 10.178819
-0.001575 0.006289 10.178819
-0.001779 0.006307 10.178819
-0.001979 0.006353 10.178819
-0.002180 0.006392 10.178819
-0.002381 0.006433 10.178819
-0.002575 0.006497 10.178819
-0.002776 0.006537 10.178819
-0.002973 0.006593 10.178819
-0.003175 0.006628 10.178819
-0.003372 0.006681 10.178819
-0.003570 0.006733 10.178819
-0.003767 0.006790 10.178819
-0.003958 0.006864 10.178819
-0.004137 0.006765 10.178819
-0.004215 0.006576 10.178819
-0.004278 0.006381 10.178819
-0.004347 0.006188 10.178819
-0.004407 0.005993 10.178819
-0.004475 0.005800 10.178819
-0.004526 0.005601 10.178819
-0.004602 0.005411 10.178819
-0.004641 0.005210 10.178819
-0.004718 0.005020 10.178819
-0.004748 0.004818 10.178819
-0.004820 0.004626 10.178819
-0.004864 0.004426 10.178819
-0.004937 0.004235 10.178819
-0.004967 0.004033 10.178819
-0.005040 0.003841 10.178819
-0.005095 0.003644 10.178819
-0.005166 0.003452 10.178819
-0.005235 0.003259 10.178819
-0.005293 0.003063 10.178819
-0.005407 0.002893 10.178819
-0.005538 0.002735 10.178819
-0.005673 0.002581 10.178819
-0.005793 0.002415 10.178819
-0.005944 0.002278 10.178819
-0.006073 0.002118 10.178819
-0.006222 0.001979 10.178819
-0.006345 0.001814 10.178819
-0.006506 0.001688 10.178819
-0.006634 0.001529 10.178819
-0.006787 0.001392 10.178819
-0.006916 0.001233 10.178819
-0.007064 0.001092 10.178819
-0.007195 0.000934 10.178819
-0.007342 0.000791 10.178819
-0.007475 0.000636 10.178819
-0.007621 0.000492 10.178819
-0.007766 0.000348 10.178819
-0.007913 0.000205 10.178819
-0.007955 0.000005 10.178819
-0.007825 -0.000153 10.178819
-0.007700 -0.000316 10.178819
-0.007564 -0.000469 10.178819
-0.007434 -0.000627 10.178819
-0.007286 -0.000769 10.178819
-0.007148 -0.000920 10.178819
-0.007000 -0.001061 10.178819
-0.006875 -0.001224 10.178819
-0.006731 -0.001369 10.178819
-0.006601 -0.001527 10.178819
-0.006440 -0.001654 10.178819
-0.006306 -0.001808 10.178819
-0.006154 -0.001946 10.178819
-0.006021 -0.002101 10.178819
-0.005864 -0.002232 10.178819
-0.005746 -0.002400 10.178819
-0.005613 -0.002556 10.178819
-0.005509 -0.002732 10.178819
-0.005378 -0.002889 10.178819
-0.005293 -0.003076 10.178819
-0.005249 -0.003276 10.178819
-0.005161 -0.003460 10.178819
-0.005120 -0.003661 10.178819
-0.005035 -0.003847 10.178819
-0.004999 -0.004049 10.178819
-0.004929 -0.004241 10.178819
-0.004880 -0.004440 10.178819
-0.004806 -0.004631 10.178819
-0.004765 -0.004831 10.178819
-0.004698 -0.005025 10.178819
-0.004655 -0.005225 10.178819
-0.004583 -0.005417 10.178819
-0.004534 -0.005616 10.178819
-0.004460 -0.005806 10.178819
-0.004413 -0.006006 10.178819
-0.004343 -0.006198 10.178819
-0.004293 -0.006397 10.178819
-0.004236 -0.006593 10.178819
-0.004181 -0.006790 10.178819
-0.004018 -0.006914 10.178819
-0.003818 -0.006869 10.178819
-0.003617 -0.006827 10.178819
-0.003417 -0.006783 10.178819
-0.003217 -0.006740 10.178819
-0.003015 -0.006706 10.178819
-0.002818 -0.006650 10.178819
-0.002619 -0.006602 10.178819
-0.002424 -0.006540 10.178819
-0.002223 -0.006504 10.178819
-0.002023 -0.006459 10.178819
-0.001820 -0.006435 10.178819
-0.001622 -0.006382 10.178819
-0.001421 -0.006343 10.178819
-0.001221 -0.006297 10.178819
-0.001023 -0.006247 10.178819
-0.000824 -0.006197 10.178819
-0.000626 -0.006145 10.178819
-0.000423 -0.006119 10.178819
-0.000220 -0.006095 10.178819
-0.000018 -0.006133 10.178819
0.000179 -0.006187 10.178819
0.000383 -0.006208 10.178819
0.000578 -0.006269 10.178819
0.000781 -0.006298 10.178819
0.000977 -0.006357 10.178819
0.001174 -0.006411 10.178819
0.001375 -0.006454 10.178819
0.001574 -0.006502 10.178819
0.001774 -0.006545 10.178819
0.001969 -0.006605 10.178819
0.002171 -0.006641 10.178819
0.002367 -0.006700 10.178819
0.002569 -0.006735 10.178819
0.002768 -0.006784 10.178819
0.002968 -0.006826 10.178819
0.003168 -0.006871 10.178819
0.003368 -0.006915 10.178819
0.003566 -0.006965 10.178819
0.003767 -0.007007 10.178819
0.003951 -0.006917 10.178819
0.004002 -0.006718 10.178819
0.004059 -0.006522 10.178819
0.004120 -0.006326 10.178819
0.004172 -0.006128 10.178819
0.004243 -0.005936 10.178819
0.004293 -0.005738 10.178819
0.004361 -0.005545 10.178819
0.004392 -0.005342 10.178819
0.004469 -0.005152 10.178819
0.004509 -0.004952 10.178819
0.004589 -0.004763 10.178819
0.004651 -0.004568 10.178819
0.004729 -0.004379 10.178819
0.004791 -0.004184 10.178819
0.004843 -0.003986 10.178819
0.004929 -0.003800 10.178819
0.005076 -0.003657 10.178819
0.005126 -0.003459 10.178819
0.005184 -0.003262 10.178819
0.005274 -0.003078 10.178819
0.005416 -0.002931 10.178819
0.005545 -0.002772 10.178819
0.005680 -0.002618 10.178819
0.005818 -0.002467 10.178819
0.005949 -0.002309 10.178819
0.006106 -0.002178 10.178819
0.006238 -0.002022 10.178819
0.006388 -0.001882 10.178819
0.006516 -0.001722 10.178819
0.006676 -0.001595 10.178819
0.006801 -0.001433 10.178819
0.006957 -0.001300 10.178819
0.007083 -0.001139 10.178819
0.007232 -0.000998 10.178819
0.007362 -0.000840 10.178819
0.007505 -0.000693 10.178819
0.007637 -0.000537 10.178819
0.007780 -0.000390 10.178819
0.007912 -0.000234 10.178819
0.007926 -0.000030 10.178819

