0.006340 -0.000000 2.822917
0.006286 0.000151 2.822917
0.006186 0.000277 2.822917
0.006087 0.000403 2.822917
0.005986 0.000529 2.822917
0.005883 0.000651 2.822917
0.005781 0.000776 2.822917
0.005685 0.000904 2.822917
0.005588 0.001032 2.822917
0.005484 0.001155 2.822917
0.005378 0.001275 2.822917
0.005276 0.001399 2.822917
0.005180 0.001529 2.822917
0.005086 0.001659 2.822917
0.004988 0.001786 2.822917
0.004883 0.001907 2.822917
0.004775 0.002027 2.822917
0.004667 0.002145 2.822917
0.004561 0.002267 2.822917
0.004457 0.002389 2.822917
0.004363 0.002519 2.822917
0.004298 0.002666 2.822917
0.004244 0.002817 2.822917
0.004191 0.002969 2.822917
0.004143 0.003122 2.822917
0.004093 0.003275 2.822917
0.004040 0.003427 2.822917
0.003980 0.003575 2.822917
0.003914 0.003722 2.822917
0.003850 0.003869 2.822917
0.003793 0.004020 2.822917
0.003742 0.004172 2.822917
0.003688 0.004323 2.822917
0.003626 0.004471 2.822917
0.003562 0.004619 2.822917
0.003505 0.004769 2.822917
0.003451 0.004920 2.822917
0.003393 0.005070 2.822917
0.003333 0.005219 2.822917
0.003274 0.005369 2.822917
0.003170 0.005491 2.822917
0.003012 0.005520 2.822917
0.002853 0.005496 2.822917
0.002694 0.005473 2.822917
0.002535 0.005449 2.822917
0.002377 0.005420 2.822917
0.002219 0.005394 2.822917
0.002059 0.005375 2.822917
0.001900 0.005355 2.822917
0.001742 0.005327 2.822917
0.001584 0.005295 2.822917
0.001426 0.005268 2.822917
0.001266 0.005250 2.822917
0.001106 0.005234 2.822917
0.000947 0.005212 2.822917
0.000789 0.005182 2.822917
0.000632 0.005149 2.822917
0.000476 0.005114 2.822917
0.000318 0.005084 2.822917
0.000160 0.005055 2.822917
-0.000000 0.005038 2.822917
-0.000160 0.005055 2.822917
-0.000318 0.005084 2.822917
-0.000476 0.005114 2.822917
-0.000632 0.005149 2.822917
-0.000789 0.005182 2.822917
-0.000947 0.005212 2.822917
-0.001106 0.005234 2.822917
-0.001266 0.005250 2.822917
-0.001426 0.005268 2.822917
-0.001584 0.005295 2.822917
-0.001742 0.005327 2.822917
-0.001900 0.005355 2.822917
-0.002059 0.005375 2.822917
-0.002219 0.005394 2.822917
-0.002377 0.005420 2.822917
-0.002535 0.005449 2.822917
-0.002694 0.005473 2.822917
-0.002853 0.005496 2.822917
-0.003012 0.005520 2.822917
-0.003170 0.005491 2.822917
-0.003274 0.005369 2.822917
-0.003333 0.005219 2.822917
-0.003393 0.005070 2.822917
-0.003451 0.004920 2.822917
-0.003505 0.004769 2.822917
-0.003562 0.004619 2.822917
-0.003626 0.004471 2.822917
-0.003688 0.004323 2.822917
-0.003742 0.004172 2.822917
-0.003793 0.004020 2.822917
-0.003850 0.003869 2.822917
-0.003914 0.003722 2.822917
-0.003980 0.003575 2.822917
-0.004040 0.003427 2.822917
-0.004093 0.003275 2.822917
-0.004143 0.003122 2.822917
-0.004191 0.002969 2.822917
-0.004244 0.002817 2.822917
-0.004298 0.002666 2.822917
-0.004363 0.002519 2.822917
-0.004457 0.002389 2.822917
-0.004561 0.002267 2.822917
-0.004667 0.002145 2.822917
-0.004775 0.002027 2.822917
-0.004883 0.001907 2.822917
-0.004988 0.001786 2.822917
-0.005086 0.001659 2.822917
-0.005180 0.001529 2.822917
-0.005276 0.001399 2.822917
-0.005378 0.001275 2.822917
-0.005484 0.001155 2.822917
-0.005588 0.001032 2.822917
-0.005685 0.000904 2.822917
-0.005781 0.000776 2.822917
-0.005883 0.000651 2.822917
-0.005986 0.000529 2.822917
-0.006087 0.000403 2.822917
-0.006186 0.000277 2.822917
-0.006286 0.000151 2.822917
-0.006340 0.000000 2.822917
-0.006286 -0.000151 2.822917
-0.006186 -0.000277 2.822917
-0.006087 -0.000403 2.822917
-0.005986 -0.000529 2.822917
-0.005883 -0.000651 2.822917
-0.005781 -0.000776 2.822917
-0.005685 -0.000904 2.822917
-0.005588 -0.001032 2.822917
-0.005484 -0.001155 2.822917
-0.005378 -0.001275 2.822917
-0.005276 -0.001399 2.822917
-0.005180 -0.001529 2.822917
-0.005086 -0.001659 2.822917
-0.004988 -0.001786 2.822917
-0.004883 -0.001907 2.822917
-0.004775 -0.002027 2.822917
-0.004667 -0.002145 2.822917
-0.004561 -0.002267 2.822917
-0.004457 -0.002389 2.822917
-0.004363 -0.002519 2.822917
-0.004298 -0.002666 2.822917
-0.004244 -0.002817 2.822917
-0.004191 -0.002969 2.822917
-0.004143 -0.003122 2.822917
-0.004093 -0.003275 2.822917
-0.004040 -0.003427 2.822917
-0.003980 -0.003575 2.822917
-0.003914 -0.003722 2.822917
-0.003850 -0.003869 2.822917
-0.003793 -0.004020 2.822917
-0.003742 -0.004172 2.822917
-0.003688 -0.004323 2.822917
-0.003626 -0.004471 2.822917
-0.003562 -0.004619 2.822917
-0.003505 -0.004769 2.822917
-0.003451 -0.004920 2.822917
-0.003393 -0.005070 2.822917
-0.003333 -0.005219 2.822917
-0.003274 -0.005369 2.822917
-0.003170 -0.005491 2.822917
-0.003012 -0.005520 2.822917
-0.002853 -0.005496 2.822917
-0.002694 -0.005473 2.822917
-0.002535 -0.005449 2.822917
-0.002377 -0.005420 2.822917
-0.002219 -0.005394 2.822917
-0.002059 -0.005375 2.822917
-0.001900 -0.005355 2.822917
-0.001742 -0.005327 2.822917
-0.001584 -0.005295 2.822917
-0.001426 -0.005268 2.822917
-0.001266 -0.005250 2.822917
-0.001106 -0.005234 2.822917
-0.000947 -0.005212 2.822917
-0.000789 -0.005182 2.822917
-0.000632 -0.005149 2.822917
-0.000476 -0.005114 2.822917
-0.000318 -0.005084 2.822917
-0.000160 -0.005055 2.822917
0.000000 -0.005038 2.822917
0.000160 -0.005055 2.822917
0.000318 -0.005084 2.822917
0.000476 -0.005114 2.822917
0.000632 -0.005149 2.822917
0.000789 -0.005182 2.822917
0.000947 -0.005212 2.822917
0.001106 -0.005234 2.822917
0.001266 -0.005250 2.822917
0.001426 -0.005268 2.822917
0.001584 -0.005295 2.822917
0.001742 -0.005327 2.822917
0.001900 -0.005355 2.822917
0.002059 -0.005375 2.822917
0.002219 -0.005394 2.822917
0.002377 -0.005420 2.822917
0.002535 -0.005449 2.822917
0.002694 -0.005473 2.822917
0.002853 -0.005496 2.822917
0.003012 -0.005520 2.822917
0.003170 -0.005491 2.822917
0.003274 -0.005369 2.822917
0.003333 -0.005219 2.822917
0.003393 -0.005070 2.822917
0.003451 -0.004920 2.822917
0.003505 -0.004769 2.822917
0.003562 -0.004619 2.822917
0.003626 -0.004471 2.822917
0.003688 -0.004323 2.822917
0.003742 -0.004172 2.822917
0.003793 -0.004020 2.822917
0.003850 -0.003869 2.822917
0.003914 -0.003722 2.822917
0.003980 -0.003575 2.822917
0.004040 -0.003427 2.822917
0.004093 -0.003275 2.822917
0.004143 -0.003122 2.822917
0.004191 -0.002969 2.822917
0.004244 -0.002817 2.822917
0.004298 -0.002666 2.822917
0.004363 -0.002519 2.822917
0.004457 -0.002389 2.822917
0.004561 -0.002267 2.822917
0.004667 -0.002145 2.822917
0.004775 -0.002027 2.822917
0.004883 -0.001907 2.822917
0.004988 -0.001786 2.822917
0.005086 -0.001659 2.822917
0.005180 -0.001529 2.822917
0.005276 -0.001399 2.822917
0.005378 -0.001275 2.822917
0.005484 -0.001155 2.822917
0.005588 -0.001032 2.822917
0.005685 -0.000904 2.822917
0.005781 -0.000776 2.822917
0.005883 -0.000651 2.822917
0.005986 -0.000529 2.822917
0.006087 -0.000403 2.822917
0.006186 -0.000277 2.822917
0.006286 -0.000151 2.822917
0.006340 -0.000000 2.822917

