0.007772 -0.000069 9.387153
0.007635 0.000076 9.387153
0.007496 0.000220 9.387153
0.007359 0.000365 9.387153
0.007224 0.000512 9.387153
0.007087 0.000657 9.387153
0.006944 0.000796 9.387153
0.006813 0.000947 9.387153
0.006678 0.001093 9.387153
0.006550 0.001247 9.387153
0.006412 0.001391 9.387153
0.006287 0.001546 9.387153
0.006138 0.001679 9.387153
0.006038 0.001852 9.387153
0.005908 0.002003 9.387153
0.005804 0.002174 9.387153
0.005685 0.002333 9.387153
0.005578 0.002502 9.387153
0.005452 0.002657 9.387153
0.005342 0.002824 9.387153
0.005228 0.002987 9.387153
0.005152 0.003172 9.387153
0.005075 0.003356 9.387153
0.004993 0.003538 9.387153
0.004926 0.003726 9.387153
0.004836 0.003904 9.387153
0.004775 0.004094 9.387153
0.004703 0.004280 9.387153
0.004650 0.004472 9.387153
0.004572 0.004656 9.387153
0.004534 0.004852 9.387153
0.004467 0.005040 9.387153
0.004427 0.005235 9.387153
0.004365 0.005425 9.387153
0.004311 0.005617 9.387153
0.004247 0.005806 9.387153
0.004192 0.005998 9.387153
0.004127 0.006186 9.387153
0.004067 0.006377 9.387153
0.004009 0.006568 9.387153
0.003850 0.006688 9.387153
0.003656 0.006639 9.387153
0.003464 0.006587 9.387153
0.003271 0.006537 9.387153
0.003076 0.006494 9.387153
0.002882 0.006445 9.387153
0.002687 0.006405 9.387153
0.002493 0.006358 9.387153
0.002297 0.006317 9.387153
0.002106 0.006261 9.387153
0.001911 0.006220 9.387153
0.001715 0.006181 9.387153
0.001519 0.006143 9.387153
0.001320 0.006150 9.387153
0.001134 0.006222 9.387153
0.000945 0.006157 9.387153
0.000747 0.006133 9.387153
0.000553 0.006086 9.387153
0.000354 0.006068 9.387153
0.000157 0.006038 9.387153
-0.000042 0.006019 9.387153
-0.000240 0.006044 9.387153
-0.000439 0.006054 9.387153
-0.000634 0.006097 9.387153
-0.000832 0.006119 9.387153
-0.001023 0.006177 9.387153
-0.001217 0.006130 9.387153
-0.001416 0.006151 9.387153
-0.001611 0.006193 9.387153
-0.001807 0.006228 9.387153
-0.002005 0.006255 9.387153
-0.002200 0.006299 9.387153
-0.002398 0.006322 9.387153
-0.002591 0.006372 9.387153
-0.002786 0.006412 9.387153
-0.002977 0.006470 9.387153
-0.003172 0.006516 9.387153
-0.003367 0.006557 9.387153
-0.003561 0.006602 9.387153
-0.003755 0.006650 9.387153
-0.003949 0.006697 9.387153
-0.004108 0.006577 9.387153
-0.004166 0.006386 9.387153
-0.004228 0.006196 9.387153
-0.004291 0.006007 9.387153
-0.004345 0.005815 9.387153
-0.004408 0.005625 9.387153
-0.004462 0.005434 9.387153
-0.004521 0.005243 9.387153
-0.004566 0.005048 9.387153
-0.004632 0.004860 9.387153
-0.004668 0.004664 9.387153
-0.004746 0.004480 9.387153
-0.004776 0.004283 9.387153
-0.004846 0.004096 9.387153
-0.004894 0.003902 9.387153
-0.004979 0.003722 9.387153
-0.005026 0.003528 9.387153
-0.005109 0.003346 9.387153
-0.005169 0.003156 9.387153
-0.005252 0.002974 9.387153
-0.005381 0.002822 9.387153
-0.005490 0.002655 9.387153
-0.005628 0.002511 9.387153
-0.005739 0.002345 9.387153
-0.005875 0.002198 9.387153
-0.005992 0.002037 9.387153
-0.006145 0.001909 9.387153
-0.006263 0.001748 9.387153
-0.006409 0.001612 9.387153
-0.006537 0.001458 9.387153
-0.006685 0.001325 9.387153
-0.006815 0.001174 9.387153
-0.006959 0.001035 9.387153
-0.007089 0.000884 9.387153
-0.007228 0.000741 9.387153
-0.007363 0.000594 9.387153
-0.007497 0.000446 9.387153
-0.007634 0.000301 9.387153
-0.007774 0.000159 9.387153
-0.007809 -0.000038 9.387153
-0.007680 -0.000189 9.387153
-0.007544 -0.000336 9.387153
-0.007404 -0.000478 9.387153
-0.007267 -0.000623 9.387153
-0.007125 -0.000763 9.387153
-0.006999 -0.000918 9.387153
-0.006863 -0.001064 9.387153
-0.006731 -0.001214 9.387153
-0.006580 -0.001344 9.387153
-0.006445 -0.001491 9.387153
-0.006294 -0.001622 9.387153
-0.006169 -0.001778 9.387153
-0.006021 -0.001911 9.387153
-0.005903 -0.002072 9.387153
-0.005779 -0.002228 9.387153
-0.005680 -0.002402 9.387153
-0.005550 -0.002553 9.387153
-0.005443 -0.002721 9.387153
-0.005311 -0.002871 9.387153
-0.005213 -0.003045 9.387153
-0.005164 -0.003238 9.387153
-0.005077 -0.003418 9.387153
-0.005031 -0.003612 9.387153
-0.004952 -0.003795 9.387153
-0.004895 -0.003986 9.387153
-0.004823 -0.004172 9.387153
-0.004784 -0.004368 9.387153
-0.004713 -0.004555 9.387153
-0.004664 -0.004748 9.387153
-0.004594 -0.004935 9.387153
-0.004555 -0.005131 9.387153
-0.004488 -0.005319 9.387153
-0.004446 -0.005514 9.387153
-0.004379 -0.005702 9.387153
-0.004324 -0.005894 9.387153
-0.004263 -0.006084 9.387153
-0.004203 -0.006274 9.387153
-0.004144 -0.006465 9.387153
-0.004092 -0.006657 9.387153
-0.003937 -0.006783 9.387153
-0.003741 -0.006743 9.387153
-0.003546 -0.006701 9.387153
-0.003351 -0.006658 9.387153
-0.003157 -0.006615 9.387153
-0.002965 -0.006560 9.387153
-0.002773 -0.006504 9.387153
-0.002577 -0.006466 9.387153
-0.002381 -0.006427 9.387153
-0.002184 -0.006400 9.387153
-0.001990 -0.006353 9.387153
-0.001794 -0.006314 9.387153
-0.001603 -0.006257 9.387153
-0.001406 -0.006223 9.387153
-0.001216 -0.006164 9.387153
-0.001020 -0.006125 9.387153
-0.000823 -0.006094 9.387153
-0.000624 -0.006075 9.387153
-0.000426 -0.006056 9.387153
-0.000228 -0.006029 9.387153
-0.000028 -0.006032 9.387153
0.000165 -0.006083 9.387153
0.000363 -0.006108 9.387153
0.000558 -0.006151 9.387153
0.000753 -0.006191 9.387153
0.000950 -0.006221 9.387153
0.001144 -0.006271 9.387153
0.001338 -0.006316 9.387153
0.001529 -0.006375 9.387153
0.001726 -0.006408 9.387153
0.001916 -0.006466 9.387153
0.002112 -0.006505 9.387153
0.002304 -0.006558 9.387153
0.002499 -0.006604 9.387153
0.002693 -0.006650 9.387153
0.002888 -0.006692 9.387153
0.003082 -0.006739 9.387153
0.003277 -0.006779 9.387153
0.003472 -0.006822 9.387153
0.003666 -0.006870 9.387153
0.003852 -0.006797 9.387153
0.003912 -0.006607 9.387153
0.003969 -0.006416 9.387153
0.004027 -0.006225 9.387153
0.004087 -0.006035 9.387153
0.004145 -0.005844 9.387153
0.004189 -0.005649 9.387153
0.004251 -0.005459 9.387153
0.004301 -0.005266 9.387153
0.004379 -0.005083 9.387153
0.004430 -0.004890 9.387153
0.004517 -0.004710 9.387153
0.004562 -0.004516 9.387153
0.004636 -0.004330 9.387153
0.004689 -0.004138 9.387153
0.004775 -0.003958 9.387153
0.004855 -0.003775 9.387153
0.004972 -0.003614 9.387153
0.005035 -0.003424 9.387153
0.005123 -0.003245 9.387153
0.005198 -0.003060 9.387153
0.005318 -0.002901 9.387153
0.005448 -0.002749 9.387153
0.005566 -0.002589 9.387153
0.005709 -0.002449 9.387153
0.005825 -0.002286 9.387153
0.005966 -0.002146 9.387153
0.006093 -0.001991 9.387153
0.006249 -0.001868 9.387153
0.006369 -0.001708 9.387153
0.006522 -0.001580 9.387153
0.006648 -0.001426 9.387153
0.006797 -0.001292 9.387153
0.006929 -0.001143 9.387153
0.007070 -0.001002 9.387153
0.007202 -0.000852 9.387153
0.007342 -0.000710 9.387153
0.007474 -0.000560 9.387153
0.007608 -0.000412 9.387153
0.007744 -0.000266 9.387153
0.007772 -0.000069 9.387153

