0.007846 -0.000053 9.763889
0.007703 0.000090 9.763889
0.007563 0.000235 9.763889
0.007422 0.000380 9.763889
0.007284 0.000528 9.763889
0.007150 0.000679 9.763889
0.007004 0.000819 9.763889
0.006868 0.000968 9.763889
0.006727 0.001113 9.763889
0.006600 0.001269 9.763889
0.006457 0.001413 9.763889
0.006337 0.001575 9.763889
0.006178 0.001700 9.763889
0.006063 0.001866 9.763889
0.005932 0.002020 9.763889
0.005820 0.002188 9.763889
0.005697 0.002348 9.763889
0.005592 0.002521 9.763889
0.005471 0.002682 9.763889
0.005350 0.002845 9.763889
0.005244 0.003016 9.763889
0.005175 0.003206 9.763889
0.005093 0.003391 9.763889
0.005016 0.003578 9.763889
0.004943 0.003766 9.763889
0.004861 0.003951 9.763889
0.004812 0.004147 9.763889
0.004739 0.004335 9.763889
0.004683 0.004529 9.763889
0.004613 0.004718 9.763889
0.004580 0.004918 9.763889
0.004510 0.005107 9.763889
0.004471 0.005306 9.763889
0.004400 0.005495 9.763889
0.004347 0.005690 9.763889
0.004281 0.005881 9.763889
0.004223 0.006074 9.763889
0.004156 0.006265 9.763889
0.004099 0.006459 9.763889
0.004034 0.006650 9.763889
0.003868 0.006764 9.763889
0.003673 0.006708 9.763889
0.003478 0.006657 9.763889
0.003284 0.006601 9.763889
0.003087 0.006556 9.763889
0.002891 0.006506 9.763889
0.002694 0.006464 9.763889
0.002498 0.006415 9.763889
0.002299 0.006378 9.763889
0.002104 0.006324 9.763889
0.001908 0.006275 9.763889
0.001710 0.006236 9.763889
0.001515 0.006182 9.763889
0.001315 0.006205 9.763889
0.001143 0.006312 9.763889
0.000962 0.006223 9.763889
0.000763 0.006188 9.763889
0.000567 0.006136 9.763889
0.000368 0.006106 9.763889
0.000168 0.006074 9.763889
-0.000032 0.006048 9.763889
-0.000233 0.006069 9.763889
-0.000433 0.006095 9.763889
-0.000629 0.006144 9.763889
-0.000829 0.006176 9.763889
-0.001015 0.006253 9.763889
-0.001203 0.006179 9.763889
-0.001405 0.006190 9.763889
-0.001600 0.006242 9.763889
-0.001801 0.006268 9.763889
-0.002000 0.006302 9.763889
-0.002197 0.006343 9.763889
-0.002397 0.006373 9.763889
-0.002590 0.006433 9.763889
-0.002788 0.006475 9.763889
-0.002981 0.006534 9.763889
-0.003180 0.006572 9.763889
-0.003377 0.006617 9.763889
-0.003573 0.006666 9.763889
-0.003768 0.006716 9.763889
-0.003961 0.006775 9.763889
-0.004131 0.006665 9.763889
-0.004196 0.006473 9.763889
-0.004255 0.006280 9.763889
-0.004322 0.006090 9.763889
-0.004379 0.005896 9.763889
-0.004442 0.005704 9.763889
-0.004498 0.005510 9.763889
-0.004565 0.005319 9.763889
-0.004605 0.005121 9.763889
-0.004677 0.004932 9.763889
-0.004706 0.004733 9.763889
-0.004784 0.004546 9.763889
-0.004822 0.004348 9.763889
-0.004890 0.004157 9.763889
-0.004927 0.003959 9.763889
-0.005009 0.003774 9.763889
-0.005060 0.003579 9.763889
-0.005137 0.003392 9.763889
-0.005200 0.003200 9.763889
-0.005273 0.003012 9.763889
-0.005397 0.002852 9.763889
-0.005515 0.002688 9.763889
-0.005654 0.002541 9.763889
-0.005766 0.002373 9.763889
-0.005909 0.002231 9.763889
-0.006035 0.002072 9.763889
-0.006187 0.001940 9.763889
-0.006305 0.001776 9.763889
-0.006459 0.001645 9.763889
-0.006588 0.001490 9.763889
-0.006739 0.001355 9.763889
-0.006868 0.001200 9.763889
-0.007014 0.001060 9.763889
-0.007144 0.000905 9.763889
-0.007287 0.000763 9.763889
-0.007420 0.000611 9.763889
-0.007558 0.000463 9.763889
-0.007701 0.000320 9.763889
-0.007844 0.000178 9.763889
-0.007881 -0.000021 9.763889
-0.007752 -0.000177 9.763889
-0.007623 -0.000332 9.763889
-0.007484 -0.000478 9.763889
-0.007348 -0.000628 9.763889
-0.007200 -0.000766 9.763889
-0.007067 -0.000918 9.763889
-0.006929 -0.001065 9.763889
-0.006804 -0.001224 9.763889
-0.006655 -0.001361 9.763889
-0.006520 -0.001511 9.763889
-0.006362 -0.001637 9.763889
-0.006234 -0.001793 9.763889
-0.006083 -0.001928 9.763889
-0.005953 -0.002082 9.763889
-0.005812 -0.002227 9.763889
-0.005710 -0.002401 9.763889
-0.005581 -0.002557 9.763889
-0.005476 -0.002729 9.763889
-0.005341 -0.002880 9.763889
-0.005248 -0.003059 9.763889
-0.005205 -0.003257 9.763889
-0.005117 -0.003439 9.763889
-0.005075 -0.003636 9.763889
-0.004990 -0.003820 9.763889
-0.004942 -0.004016 9.763889
-0.004875 -0.004207 9.763889
-0.004832 -0.004404 9.763889
-0.004757 -0.004592 9.763889
-0.004711 -0.004788 9.763889
-0.004645 -0.004979 9.763889
-0.004605 -0.005177 9.763889
-0.004536 -0.005367 9.763889
-0.004491 -0.005564 9.763889
-0.004418 -0.005753 9.763889
-0.004368 -0.005948 9.763889
-0.004302 -0.006139 9.763889
-0.004245 -0.006333 9.763889
-0.004189 -0.006527 9.763889
-0.004135 -0.006722 9.763889
-0.003976 -0.006846 9.763889
-0.003778 -0.006804 9.763889
-0.003581 -0.006763 9.763889
-0.003383 -0.006720 9.763889
-0.003185 -0.006680 9.763889
-0.002988 -0.006635 9.763889
-0.002796 -0.006574 9.763889
-0.002599 -0.006528 9.763889
-0.002403 -0.006477 9.763889
-0.002203 -0.006450 9.763889
-0.002006 -0.006408 9.763889
-0.001806 -0.006377 9.763889
-0.001613 -0.006318 9.763889
-0.001414 -0.006283 9.763889
-0.001219 -0.006230 9.763889
-0.001023 -0.006181 9.763889
-0.000826 -0.006136 9.763889
-0.000627 -0.006103 9.763889
-0.000425 -0.006087 9.763889
-0.000226 -0.006056 9.763889
-0.000024 -0.006075 9.763889
0.000169 -0.006134 9.763889
0.000370 -0.006155 9.763889
0.000565 -0.006208 9.763889
0.000764 -0.006240 9.763889
0.000962 -0.006282 9.763889
0.001156 -0.006339 9.763889
0.001352 -0.006385 9.763889
0.001548 -0.006436 9.763889
0.001746 -0.006472 9.763889
0.001939 -0.006534 9.763889
0.002137 -0.006571 9.763889
0.002331 -0.006628 9.763889
0.002529 -0.006669 9.763889
0.002726 -0.006714 9.763889
0.002923 -0.006758 9.763889
0.003120 -0.006803 9.763889
0.003318 -0.006843 9.763889
0.003514 -0.006892 9.763889
0.003711 -0.006938 9.763889
0.003896 -0.006857 9.763889
0.003954 -0.006663 9.763889
0.004012 -0.006470 9.763889
0.004070 -0.006277 9.763889
0.004128 -0.006083 9.763889
0.004195 -0.005892 9.763889
0.004240 -0.005695 9.763889
0.004303 -0.005503 9.763889
0.004342 -0.005305 9.763889
0.004420 -0.005119 9.763889
0.004464 -0.004922 9.763889
0.004551 -0.004739 9.763889
0.004607 -0.004545 9.763889
0.004682 -0.004357 9.763889
0.004733 -0.004162 9.763889
0.004802 -0.003972 9.763889
0.004885 -0.003788 9.763889
0.005015 -0.003633 9.763889
0.005072 -0.003439 9.763889
0.005149 -0.003253 9.763889
0.005233 -0.003069 9.763889
0.005362 -0.002914 9.763889
0.005493 -0.002760 9.763889
0.005620 -0.002603 9.763889
0.005761 -0.002458 9.763889
0.005881 -0.002295 9.763889
0.006032 -0.002161 9.763889
0.006164 -0.002008 9.763889
0.006316 -0.001876 9.763889
0.006438 -0.001715 9.763889
0.006596 -0.001589 9.763889
0.006722 -0.001431 9.763889
0.006875 -0.001299 9.763889
0.007004 -0.001143 9.763889
0.007148 -0.001002 9.763889
0.007280 -0.000849 9.763889
0.007421 -0.000704 9.763889
0.007551 -0.000550 9.763889
0.007691 -0.000403 9.763889
0.007827 -0.000254 9.763889
0.007846 -0.000053 9.763889

