0.006210 -0.000000 2.237847
0.006158 0.000148 2.237847
0.006059 0.000270 2.237847
0.005961 0.000392 2.237847
0.005866 0.000517 2.237847
0.005769 0.000641 2.237847
0.005666 0.000759 2.237847
0.005563 0.000878 2.237847
0.005467 0.001002 2.237847
0.005376 0.001130 2.237847
0.005282 0.001256 2.237847
0.005180 0.001375 2.237847
0.005073 0.001491 2.237847
0.004967 0.001606 2.237847
0.004863 0.001724 2.237847
0.004764 0.001846 2.237847
0.004670 0.001972 2.237847
0.004582 0.002102 2.237847
0.004498 0.002234 2.237847
0.004416 0.002368 2.237847
0.004336 0.002504 2.237847
0.004259 0.002640 2.237847
0.004184 0.002778 2.237847
0.004111 0.002917 2.237847
0.004043 0.003059 2.237847
0.003980 0.003203 2.237847
0.003925 0.003350 2.237847
0.003875 0.003498 2.237847
0.003828 0.003648 2.237847
0.003781 0.003798 2.237847
0.003728 0.003946 2.237847
0.003667 0.004091 2.237847
0.003602 0.004233 2.237847
0.003542 0.004379 2.237847
0.003490 0.004527 2.237847
0.003439 0.004675 2.237847
0.003381 0.004821 2.237847
0.003320 0.004966 2.237847
0.003263 0.005112 2.237847
0.003207 0.005259 2.237847
0.003105 0.005378 2.237847
0.002951 0.005407 2.237847
0.002796 0.005382 2.237847
0.002641 0.005358 2.237847
0.002485 0.005338 2.237847
0.002329 0.005316 2.237847
0.002175 0.005286 2.237847
0.002021 0.005257 2.237847
0.001865 0.005236 2.237847
0.001709 0.005221 2.237847
0.001553 0.005202 2.237847
0.001399 0.005173 2.237847
0.001246 0.005139 2.237847
0.001092 0.005105 2.237847
0.000938 0.005074 2.237847
0.000783 0.005049 2.237847
0.000627 0.005031 2.237847
0.000471 0.005019 2.237847
0.000314 0.005013 2.237847
0.000157 0.005009 2.237847
-0.000000 0.005007 2.237847
-0.000157 0.005009 2.237847
-0.000314 0.005013 2.237847
-0.000471 0.005019 2.237847
-0.000627 0.005031 2.237847
-0.000783 0.005049 2.237847
-0.000938 0.005074 2.237847
-0.001092 0.005105 2.237847
-0.001246 0.005139 2.237847
-0.001399 0.005173 2.237847
-0.001553 0.005202 2.237847
-0.001709 0.005221 2.237847
-0.001865 0.005236 2.237847
-0.002021 0.005257 2.237847
-0.002175 0.005286 2.237847
-0.002329 0.005316 2.237847
-0.002485 0.005338 2.237847
-0.002641 0.005358 2.237847
-0.002796 0.005382 2.237847
-0.002951 0.005407 2.237847
-0.003105 0.005378 2.237847
-0.003207 0.005259 2.237847
-0.003263 0.005112 2.237847
-0.003320 0.004966 2.237847
-0.003381 0.004821 2.237847
-0.003439 0.004675 2.237847
-0.003490 0.004527 2.237847
-0.003542 0.004379 2.237847
-0.003602 0.004233 2.237847
-0.003667 0.004091 2.237847
-0.003728 0.003946 2.237847
-0.003781 0.003798 2.237847
-0.003828 0.003648 2.237847
-0.003875 0.003498 2.237847
-0.003925 0.003350 2.237847
-0.003980 0.003203 2.237847
-0.004043 0.003059 2.237847
-0.004111 0.002917 2.237847
-0.004184 0.002778 2.237847
-0.004259 0.002640 2.237847
-0.004336 0.002504 2.237847
-0.004416 0.002368 2.237847
-0.004498 0.002234 2.237847
-0.004582 0.002102 2.237847
-0.004670 0.001972 2.237847
-0.004764 0.001846 2.237847
-0.004863 0.001724 2.237847
-0.004967 0.001606 2.237847
-0.005073 0.001491 2.237847
-0.005180 0.001375 2.237847
-0.005282 0.001256 2.237847
-0.005376 0.001130 2.237847
-0.005467 0.001002 2.237847
-0.005563 0.000878 2.237847
-0.005666 0.000759 2.237847
-0.005769 0.000641 2.237847
-0.005866 0.000517 2.237847
-0.005961 0.000392 2.237847
-0.006059 0.000270 2.237847
-0.006158 0.000148 2.237847
-0.006210 0.000000 2.237847
-0.006158 -0.000148 2.237847
-0.006059 -0.000270 2.237847
-0.005961 -0.000392 2.237847
-0.005866 -0.000517 2.237847
-0.005769 -0.000641 2.237847
-0.005666 -0.000759 2.237847
-0.005563 -0.000878 2.237847
-0.005467 -0.001002 2.237847
-0.005376 -0.001130 2.237847
-0.005282 -0.001256 2.237847
-0.005180 -0.001375 2.237847
-0.005073 -0.001491 2.237847
-0.004967 -0.001606 2.237847
-0.004863 -0.001724 2.237847
-0.004764 -0.001846 2.237847
-0.004670 -0.001972 2.237847
-0.004582 -0.002102 2.237847
-0.004498 -0.002234 2.237847
-0.004416 -0.002368 2.237847
-0.004336 -0.002504 2.237847
-0.004259 -0.002640 2.237847
-0.004184 -0.002778 2.237847
-0.004111 -0.002917 2.237847
-0.004043 -0.003059 2.237847
-0.003980 -0.003203 2.237847
-0.003925 -0.003350 2.237847
-0.003875 -0.003498 2.237847
-0.003828 -0.003648 2.237847
-0.003781 -0.003798 2.237847
-0.003728 -0.003946 2.237847
-0.003667 -0.004091 2.237847
-0.003602 -0.004233 2.237847
-0.003542 -0.004379 2.237847
-0.003490 -0.004527 2.237847
-0.003439 -0.004675 2.237847
-0.003381 -0.004821 2.237847
-0.003320 -0.004966 2.237847
-0.003263 -0.005112 2.237847
-0.003207 -0.005259 2.237847
-0.003105 -0.005378 2.237847
-0.002951 -0.005407 2.237847
-0.002796 -0.005382 2.237847
-0.002641 -0.005358 2.237847
-0.002485 -0.005338 2.237847
-0.002329 -0.005316 2.237847
-0.002175 -0.005286 2.237847
-0.002021 -0.005257 2.237847
-0.001865 -0.005236 2.237847
-0.001709 -0.005221 2.237847
-0.001553 -0.005202 2.237847
-0.001399 -0.005173 2.237847
-0.001246 -0.005139 2.237847
-0.001092 -0.005105 2.237847
-0.000938 -0.005074 2.237847
-0.000783 -0.005049 2.237847
-0.000627 -0.005031 2.237847
-0.000471 -0.005019 2.237847
-0.000314 -0.005013 2.237847
-0.000157 -0.005009 2.237847
0.000000 -0.005007 2.237847
0.000157 -0.005009 2.237847
0.000314 -0.005013 2.237847
0.000471 -0.005019 2.237847
0.000627 -0.005031 2.237847
0.000783 -0.005049 2.237847
0.000938 -0.005074 2.237847
0.001092 -0.005105 2.237847
0.001246 -0.005139 2.237847
0.001399 -0.005173 2.237847
0.001553 -0.005202 2.237847
0.001709 -0.005221 2.237847
0.001865 -0.005236 2.237847
0.002021 -0.005257 2.237847
0.002175 -0.005286 2.237847
0.002329 -0.005316 2.237847
0.002485 -0.005338 2.237847
0.002641 -0.005358 2.237847
0.002796 -0.005382 2.237847
0.002951 -0.005407 2.237847
0.003105 -0.005378 2.237847
0.003207 -0.005259 2.237847
0.003263 -0.005112 2.237847
0.003320 -0.004966 2.237847
0.003381 -0.004821 2.237847
0.003439 -0.004675 2.237847
0.003490 -0.004527 2.237847
0.003542 -0.004379 2.237847
0.003602 -0.004233 2.237847
0.003667 -0.004091 2.237847
0.003728 -0.003946 2.237847
0.003781 -0.003798 2.237847
0.003828 -0.003648 2.237847
0.003875 -0.003498 2.237847
0.003925 -0.003350 2.237847
0.003980 -0.003203 2.237847
0.004043 -0.003059 2.237847
0.004111 -0.002917 2.237847
0.004184 -0.002778 2.237847
0.004259 -0.002640 2.237847
0.004336 -0.002504 2.237847
0.004416 -0.002368 2.237847
0.004498 -0.002234 2.237847
0.004582 -0.002102 2.237847
0.004670 -0.001972 2.237847
0.004764 -0.001846 2.237847
0.004863 -0.001724 2.237847
0.004967 -0.001606 2.237847
0.005073 -0.001491 2.237847
0.005180 -0.001375 2.237847
0.005282 -0.001256 2.237847
0.005376 -0.001130 2.237847
0.005467 -0.001002 2.237847
0.005563 -0.000878 2.237847
0.005666 -0.000759 2.237847
0.005769 -0.000641 2.237847
0.005866 -0.000517 2.237847
0.005961 -0.000392 2.237847
0.006059 -0.000270 2.237847
0.006158 -0.000148 2.237847
0.006210 -0.000000 2.237847

