0.008010 -0.000010 10.607639
0.007856 0.000130 10.607639
0.007705 0.000272 10.607639
0.007562 0.000422 10.607639
0.007410 0.000563 10.607639
0.007273 0.000719 10.607639
0.007128 0.000867 10.607639
0.006991 0.001023 10.607639
0.006836 0.001161 10.607639
0.006707 0.001324 10.607639
0.006548 0.001456 10.607639
0.006429 0.001627 10.607639
0.006279 0.001770 10.607639
0.006142 0.001925 10.607639
0.005996 0.002073 10.607639
0.005869 0.002236 10.607639
0.005737 0.002397 10.607639
0.005608 0.002559 10.607639
0.005501 0.002737 10.607639
0.005374 0.002901 10.607639
0.005288 0.003090 10.607639
0.005227 0.003288 10.607639
0.005134 0.003474 10.607639
0.005078 0.003673 10.607639
0.005004 0.003867 10.607639
0.004949 0.004067 10.607639
0.004887 0.004265 10.607639
0.004816 0.004460 10.607639
0.004775 0.004663 10.607639
0.004713 0.004861 10.607639
0.004665 0.005063 10.607639
0.004590 0.005257 10.607639
0.004543 0.005459 10.607639
0.004463 0.005650 10.607639
0.004417 0.005852 10.607639
0.004339 0.006045 10.607639
0.004283 0.006245 10.607639
0.004209 0.006438 10.607639
0.004141 0.006634 10.607639
0.004060 0.006825 10.607639
0.003888 0.006941 10.607639
0.003695 0.006864 10.607639
0.003496 0.006805 10.607639
0.003299 0.006742 10.607639
0.003097 0.006691 10.607639
0.002898 0.006634 10.607639
0.002695 0.006590 10.607639
0.002495 0.006537 10.607639
0.002293 0.006491 10.607639
0.002088 0.006454 10.607639
0.001889 0.006396 10.607639
0.001686 0.006354 10.607639
0.001483 0.006310 10.607639
0.001287 0.006376 10.607639
0.001138 0.006521 10.607639
0.000972 0.006396 10.607639
0.000775 0.006332 10.607639
0.000577 0.006270 10.607639
0.000377 0.006216 10.607639
0.000174 0.006174 10.607639
-0.000029 0.006130 10.607639
-0.000234 0.006162 10.607639
-0.000432 0.006223 10.607639
-0.000633 0.006275 10.607639
-0.000831 0.006338 10.607639
-0.001001 0.006457 10.607639
-0.001147 0.006310 10.607639
-0.001352 0.006276 10.607639
-0.001551 0.006333 10.607639
-0.001758 0.006348 10.607639
-0.001957 0.006408 10.607639
-0.002161 0.006445 10.607639
-0.002362 0.006498 10.607639
-0.002560 0.006558 10.607639
-0.002764 0.006596 10.607639
-0.002964 0.006650 10.607639
-0.003169 0.006686 10.607639
-0.003366 0.006750 10.607639
-0.003567 0.006803 10.607639
-0.003763 0.006871 10.607639
-0.003952 0.006957 10.607639
-0.004133 0.006857 10.607639
-0.004220 0.006668 10.607639
-0.004294 0.006475 10.607639
-0.004370 0.006282 10.607639
-0.004431 0.006083 10.607639
-0.004508 0.005891 10.607639
-0.004553 0.005688 10.607639
-0.004635 0.005498 10.607639
-0.004675 0.005294 10.607639
-0.004755 0.005103 10.607639
-0.004793 0.004899 10.607639
-0.004862 0.004703 10.607639
-0.004903 0.004500 10.607639
-0.004980 0.004308 10.607639
-0.005018 0.004104 10.607639
-0.005081 0.003906 10.607639
-0.005138 0.003707 10.607639
-0.005197 0.003508 10.607639
-0.005277 0.003316 10.607639
-0.005316 0.003112 10.607639
-0.005418 0.002932 10.607639
-0.005564 0.002784 10.607639
-0.005694 0.002622 10.607639
-0.005826 0.002462 10.607639
-0.005981 0.002325 10.607639
-0.006110 0.002162 10.607639
-0.006259 0.002018 10.607639
-0.006388 0.001856 10.607639
-0.006552 0.001729 10.607639
-0.006680 0.001565 10.607639
-0.006835 0.001427 10.607639
-0.006963 0.001264 10.607639
-0.007115 0.001123 10.607639
-0.007246 0.000962 10.607639
-0.007396 0.000819 10.607639
-0.007532 0.000662 10.607639
-0.007686 0.000523 10.607639
-0.007832 0.000376 10.607639
-0.007981 0.000231 10.607639
-0.008027 0.000029 10.607639
-0.007892 -0.000129 10.607639
-0.007768 -0.000296 10.607639
-0.007634 -0.000454 10.607639
-0.007509 -0.000619 10.607639
-0.007367 -0.000770 10.607639
-0.007231 -0.000927 10.607639
-0.007075 -0.001064 10.607639
-0.006944 -0.001224 10.607639
-0.006797 -0.001371 10.607639
-0.006673 -0.001538 10.607639
-0.006516 -0.001673 10.607639
-0.006378 -0.001828 10.607639
-0.006222 -0.001964 10.607639
-0.006090 -0.002125 10.607639
-0.005926 -0.002252 10.607639
-0.005795 -0.002413 10.607639
-0.005650 -0.002561 10.607639
-0.005535 -0.002734 10.607639
-0.005414 -0.002902 10.607639
-0.005344 -0.003097 10.607639
-0.005292 -0.003298 10.607639
-0.005205 -0.003487 10.607639
-0.005166 -0.003690 10.607639
-0.005082 -0.003880 10.607639
-0.005055 -0.004086 10.607639
-0.004977 -0.004278 10.607639
-0.004928 -0.004480 10.607639
-0.004857 -0.004675 10.607639
-0.004819 -0.004879 10.607639
-0.004748 -0.005074 10.607639
-0.004700 -0.005276 10.607639
-0.004626 -0.005469 10.607639
-0.004575 -0.005670 10.607639
-0.004501 -0.005864 10.607639
-0.004456 -0.006067 10.607639
-0.004385 -0.006262 10.607639
-0.004342 -0.006465 10.607639
-0.004279 -0.006662 10.607639
-0.004224 -0.006862 10.607639
-0.004056 -0.006984 10.607639
-0.003855 -0.006935 10.607639
-0.003652 -0.006890 10.607639
-0.003449 -0.006849 10.607639
-0.003247 -0.006798 10.607639
-0.003043 -0.006766 10.607639
-0.002840 -0.006719 10.607639
-0.002637 -0.006676 10.607639
-0.002441 -0.006611 10.607639
-0.002238 -0.006567 10.607639
-0.002038 -0.006511 10.607639
-0.001832 -0.006484 10.607639
-0.001629 -0.006443 10.607639
-0.001426 -0.006401 10.607639
-0.001223 -0.006359 10.607639
-0.001021 -0.006311 10.607639
-0.000819 -0.006265 10.607639
-0.000620 -0.006205 10.607639
-0.000418 -0.006157 10.607639
-0.000212 -0.006140 10.607639
-0.000012 -0.006198 10.607639
0.000192 -0.006237 10.607639
0.000397 -0.006267 10.607639
0.000594 -0.006332 10.607639
0.000799 -0.006363 10.607639
0.000994 -0.006434 10.607639
0.001197 -0.006477 10.607639
0.001399 -0.006521 10.607639
0.001601 -0.006572 10.607639
0.001802 -0.006620 10.607639
0.002003 -0.006674 10.607639
0.002207 -0.006710 10.607639
0.002406 -0.006768 10.607639
0.002611 -0.006799 10.607639
0.002811 -0.006855 10.607639
0.003015 -0.006893 10.607639
0.003217 -0.006942 10.607639
0.003419 -0.006988 10.607639
0.003621 -0.007033 10.607639
0.003826 -0.007069 10.607639
0.004011 -0.006976 10.607639
0.004057 -0.006773 10.607639
0.004107 -0.006572 10.607639
0.004171 -0.006375 10.607639
0.004218 -0.006173 10.607639
0.004290 -0.005978 10.607639
0.004340 -0.005777 10.607639
0.004416 -0.005584 10.607639
0.004446 -0.005379 10.607639
0.004520 -0.005185 10.607639
0.004561 -0.004982 10.607639
0.004632 -0.004787 10.607639
0.004695 -0.004589 10.607639
0.004769 -0.004395 10.607639
0.004848 -0.004203 10.607639
0.004888 -0.004000 10.607639
0.004981 -0.003814 10.607639
0.005148 -0.003691 10.607639
0.005194 -0.003488 10.607639
0.005226 -0.003283 10.607639
0.005316 -0.003096 10.607639
0.005467 -0.002955 10.607639
0.005594 -0.002790 10.607639
0.005737 -0.002640 10.607639
0.005875 -0.002486 10.607639
0.006018 -0.002335 10.607639
0.006174 -0.002198 10.607639
0.006304 -0.002037 10.607639
0.006456 -0.001895 10.607639
0.006590 -0.001737 10.607639
0.006749 -0.001603 10.607639
0.006874 -0.001438 10.607639
0.007032 -0.001304 10.607639
0.007156 -0.001138 10.607639
0.007310 -0.000998 10.607639
0.007438 -0.000835 10.607639
0.007584 -0.000688 10.607639
0.007717 -0.000529 10.607639
0.007860 -0.000378 10.607639
0.007990 -0.000216 10.607639
0.008010 -0.000010 10.607639

