0.007712 -0.000076 9.097222
0.007577 0.000069 9.097222
0.007440 0.000211 9.097222
0.007305 0.000356 9.097222
0.007171 0.000500 9.097222
0.007033 0.000642 9.097222
0.006895 0.000784 9.097222
0.006768 0.000935 9.097222
0.006634 0.001081 9.097222
0.006507 0.001232 9.097222
0.006371 0.001375 9.097222
0.006245 0.001528 9.097222
0.006108 0.001670 9.097222
0.006016 0.001845 9.097222
0.005888 0.001996 9.097222
0.005791 0.002168 9.097222
0.005669 0.002324 9.097222
0.005561 0.002490 9.097222
0.005436 0.002643 9.097222
0.005332 0.002811 9.097222
0.005212 0.002968 9.097222
0.005132 0.003149 9.097222
0.005060 0.003333 9.097222
0.004973 0.003510 9.097222
0.004911 0.003698 9.097222
0.004821 0.003874 9.097222
0.004752 0.004059 9.097222
0.004673 0.004241 9.097222
0.004625 0.004432 9.097222
0.004544 0.004612 9.097222
0.004498 0.004805 9.097222
0.004431 0.004991 9.097222
0.004388 0.005184 9.097222
0.004330 0.005373 9.097222
0.004280 0.005564 9.097222
0.004217 0.005752 9.097222
0.004163 0.005942 9.097222
0.004102 0.006130 9.097222
0.004040 0.006317 9.097222
0.003983 0.006507 9.097222
0.003829 0.006631 9.097222
0.003637 0.006584 9.097222
0.003446 0.006532 9.097222
0.003254 0.006486 9.097222
0.003061 0.006444 9.097222
0.002869 0.006396 9.097222
0.002675 0.006356 9.097222
0.002484 0.006308 9.097222
0.002291 0.006265 9.097222
0.002100 0.006212 9.097222
0.001905 0.006179 9.097222
0.001711 0.006145 9.097222
0.001514 0.006126 9.097222
0.001316 0.006120 9.097222
0.001124 0.006164 9.097222
0.000932 0.006115 9.097222
0.000736 0.006097 9.097222
0.000543 0.006053 9.097222
0.000345 0.006043 9.097222
0.000150 0.006012 9.097222
-0.000047 0.005996 9.097222
-0.000242 0.006026 9.097222
-0.000440 0.006030 9.097222
-0.000634 0.006066 9.097222
-0.000831 0.006082 9.097222
-0.001023 0.006129 9.097222
-0.001218 0.006098 9.097222
-0.001415 0.006119 9.097222
-0.001610 0.006151 9.097222
-0.001803 0.006193 9.097222
-0.001999 0.006217 9.097222
-0.002192 0.006262 9.097222
-0.002388 0.006285 9.097222
-0.002582 0.006326 9.097222
-0.002776 0.006361 9.097222
-0.002967 0.006413 9.097222
-0.003158 0.006464 9.097222
-0.003351 0.006508 9.097222
-0.003544 0.006551 9.097222
-0.003736 0.006597 9.097222
-0.003928 0.006641 9.097222
-0.004082 0.006516 9.097222
-0.004139 0.006327 9.097222
-0.004201 0.006139 9.097222
-0.004260 0.005950 9.097222
-0.004314 0.005760 9.097222
-0.004375 0.005572 9.097222
-0.004427 0.005381 9.097222
-0.004482 0.005192 9.097222
-0.004530 0.005000 9.097222
-0.004594 0.004813 9.097222
-0.004636 0.004620 9.097222
-0.004710 0.004436 9.097222
-0.004738 0.004241 9.097222
-0.004815 0.004059 9.097222
-0.004869 0.003868 9.097222
-0.004951 0.003689 9.097222
-0.004999 0.003497 9.097222
-0.005086 0.003320 9.097222
-0.005146 0.003131 9.097222
-0.005232 0.002953 9.097222
-0.005363 0.002805 9.097222
-0.005468 0.002637 9.097222
-0.005602 0.002493 9.097222
-0.005714 0.002330 9.097222
-0.005847 0.002183 9.097222
-0.005956 0.002018 9.097222
-0.006105 0.001889 9.097222
-0.006224 0.001731 9.097222
-0.006366 0.001593 9.097222
-0.006490 0.001440 9.097222
-0.006636 0.001306 9.097222
-0.006766 0.001157 9.097222
-0.006908 0.001020 9.097222
-0.007040 0.000872 9.097222
-0.007175 0.000728 9.097222
-0.007312 0.000585 9.097222
-0.007444 0.000438 9.097222
-0.007577 0.000292 9.097222
-0.007714 0.000150 9.097222
-0.007750 -0.000044 9.097222
-0.007618 -0.000191 9.097222
-0.007479 -0.000332 9.097222
-0.007341 -0.000473 9.097222
-0.007206 -0.000617 9.097222
-0.007071 -0.000762 9.097222
-0.006946 -0.000916 9.097222
-0.006807 -0.001056 9.097222
-0.006671 -0.001199 9.097222
-0.006521 -0.001328 9.097222
-0.006388 -0.001474 9.097222
-0.006244 -0.001609 9.097222
-0.006122 -0.001765 9.097222
-0.005981 -0.001904 9.097222
-0.005878 -0.002072 9.097222
-0.005760 -0.002231 9.097222
-0.005655 -0.002399 9.097222
-0.005524 -0.002546 9.097222
-0.005418 -0.002714 9.097222
-0.005291 -0.002864 9.097222
-0.005188 -0.003033 9.097222
-0.005135 -0.003224 9.097222
-0.005047 -0.003401 9.097222
-0.004996 -0.003592 9.097222
-0.004920 -0.003774 9.097222
-0.004862 -0.003963 9.097222
-0.004785 -0.004145 9.097222
-0.004743 -0.004338 9.097222
-0.004676 -0.004524 9.097222
-0.004627 -0.004716 9.097222
-0.004556 -0.004900 9.097222
-0.004514 -0.005093 9.097222
-0.004449 -0.005280 9.097222
-0.004407 -0.005473 9.097222
-0.004345 -0.005661 9.097222
-0.004289 -0.005851 9.097222
-0.004231 -0.006039 9.097222
-0.004171 -0.006228 9.097222
-0.004110 -0.006416 9.097222
-0.004056 -0.006606 9.097222
-0.003905 -0.006733 9.097222
-0.003711 -0.006693 9.097222
-0.003519 -0.006649 9.097222
-0.003326 -0.006605 9.097222
-0.003134 -0.006556 9.097222
-0.002945 -0.006500 9.097222
-0.002752 -0.006455 9.097222
-0.002557 -0.006424 9.097222
-0.002363 -0.006388 9.097222
-0.002168 -0.006355 9.097222
-0.001977 -0.006302 9.097222
-0.001784 -0.006261 9.097222
-0.001594 -0.006208 9.097222
-0.001399 -0.006173 9.097222
-0.001210 -0.006116 9.097222
-0.001014 -0.006093 9.097222
-0.000817 -0.006070 9.097222
-0.000620 -0.006055 9.097222
-0.000424 -0.006033 9.097222
-0.000227 -0.006015 9.097222
-0.000029 -0.006007 9.097222
0.000165 -0.006046 9.097222
0.000360 -0.006073 9.097222
0.000555 -0.006107 9.097222
0.000748 -0.006151 9.097222
0.000943 -0.006180 9.097222
0.001136 -0.006222 9.097222
0.001330 -0.006261 9.097222
0.001518 -0.006324 9.097222
0.001712 -0.006358 9.097222
0.001902 -0.006413 9.097222
0.002096 -0.006453 9.097222
0.002287 -0.006502 9.097222
0.002479 -0.006550 9.097222
0.002671 -0.006598 9.097222
0.002864 -0.006640 9.097222
0.003056 -0.006687 9.097222
0.003249 -0.006729 9.097222
0.003443 -0.006769 9.097222
0.003635 -0.006815 9.097222
0.003820 -0.006747 9.097222
0.003880 -0.006558 9.097222
0.003934 -0.006368 9.097222
0.003993 -0.006180 9.097222
0.004051 -0.005990 9.097222
0.004103 -0.005800 9.097222
0.004150 -0.005608 9.097222
0.004216 -0.005421 9.097222
0.004273 -0.005232 9.097222
0.004351 -0.005050 9.097222
0.004405 -0.004860 9.097222
0.004488 -0.004680 9.097222
0.004526 -0.004487 9.097222
0.004606 -0.004306 9.097222
0.004667 -0.004118 9.097222
0.004762 -0.003944 9.097222
0.004837 -0.003762 9.097222
0.004947 -0.003597 9.097222
0.005012 -0.003411 9.097222
0.005104 -0.003235 9.097222
0.005172 -0.003050 9.097222
0.005287 -0.002889 9.097222
0.005417 -0.002741 9.097222
0.005529 -0.002577 9.097222
0.005669 -0.002438 9.097222
0.005785 -0.002278 9.097222
0.005922 -0.002136 9.097222
0.006040 -0.001977 9.097222
0.006197 -0.001856 9.097222
0.006317 -0.001700 9.097222
0.006466 -0.001569 9.097222
0.006593 -0.001417 9.097222
0.006737 -0.001282 9.097222
0.006870 -0.001136 9.097222
0.007011 -0.000997 9.097222
0.007142 -0.000850 9.097222
0.007280 -0.000709 9.097222
0.007414 -0.000563 9.097222
0.007546 -0.000415 9.097222
0.007680 -0.000271 9.097222
0.007712 -0.000076 9.097222

