0.006630 -0.000000 4.229167
0.006575 0.000158 4.229167
0.006470 0.000289 4.229167
0.006364 0.000419 4.229167
0.006258 0.000550 4.229167
0.006155 0.000682 4.229167
0.006052 0.000815 4.229167
0.005944 0.000943 4.229167
0.005837 0.001073 4.229167
0.005733 0.001204 4.229167
0.005634 0.001340 4.229167
0.005527 0.001469 4.229167
0.005420 0.001598 4.229167
0.005310 0.001725 4.229167
0.005210 0.001860 4.229167
0.005110 0.001994 4.229167
0.005005 0.002125 4.229167
0.004898 0.002254 4.229167
0.004785 0.002379 4.229167
0.004681 0.002510 4.229167
0.004580 0.002644 4.229167
0.004515 0.002799 4.229167
0.004452 0.002955 4.229167
0.004401 0.003114 4.229167
0.004343 0.003272 4.229167
0.004282 0.003428 4.229167
0.004216 0.003582 4.229167
0.004149 0.003736 4.229167
0.004094 0.003895 4.229167
0.004035 0.004052 4.229167
0.003977 0.004209 4.229167
0.003910 0.004363 4.229167
0.003848 0.004519 4.229167
0.003789 0.004676 4.229167
0.003731 0.004834 4.229167
0.003668 0.004989 4.229167
0.003605 0.005145 4.229167
0.003545 0.005301 4.229167
0.003485 0.005458 4.229167
0.003424 0.005615 4.229167
0.003315 0.005742 4.229167
0.003150 0.005773 4.229167
0.002984 0.005748 4.229167
0.002819 0.005721 4.229167
0.002653 0.005695 4.229167
0.002487 0.005672 4.229167
0.002321 0.005648 4.229167
0.002155 0.005619 4.229167
0.001990 0.005592 4.229167
0.001824 0.005567 4.229167
0.001657 0.005549 4.229167
0.001492 0.005521 4.229167
0.001326 0.005493 4.229167
0.001161 0.005461 4.229167
0.000995 0.005442 4.229167
0.000828 0.005423 4.229167
0.000662 0.005397 4.229167
0.000497 0.005368 4.229167
0.000333 0.005333 4.229167
0.000167 0.005309 4.229167
-0.000000 0.005289 4.229167
-0.000167 0.005309 4.229167
-0.000333 0.005333 4.229167
-0.000497 0.005368 4.229167
-0.000662 0.005397 4.229167
-0.000828 0.005423 4.229167
-0.000995 0.005442 4.229167
-0.001161 0.005461 4.229167
-0.001326 0.005493 4.229167
-0.001492 0.005521 4.229167
-0.001657 0.005549 4.229167
-0.001824 0.005567 4.229167
-0.001990 0.005592 4.229167
-0.002155 0.005619 4.229167
-0.002321 0.005648 4.229167
-0.002487 0.005672 4.229167
-0.002653 0.005695 4.229167
-0.002819 0.005721 4.229167
-0.002984 0.005748 4.229167
-0.003150 0.005773 4.229167
-0.003315 0.005742 4.229167
-0.003424 0.005615 4.229167
-0.003485 0.005458 4.229167
-0.003545 0.005301 4.229167
-0.003605 0.005145 4.229167
-0.003668 0.004989 4.229167
-0.003731 0.004834 4.229167
-0.003789 0.004676 4.229167
-0.003848 0.004519 4.229167
-0.003910 0.004363 4.229167
-0.003977 0.004209 4.229167
-0.004035 0.004052 4.229167
-0.004094 0.003895 4.229167
-0.004149 0.003736 4.229167
-0.004216 0.003582 4.229167
-0.004282 0.003428 4.229167
-0.004343 0.003272 4.229167
-0.004401 0.003114 4.229167
-0.004452 0.002955 4.229167
-0.004515 0.002799 4.229167
-0.004580 0.002644 4.229167
-0.004681 0.002510 4.229167
-0.004785 0.002379 4.229167
-0.004898 0.002254 4.229167
-0.005005 0.002125 4.229167
-0.005110 0.001994 4.229167
-0.005210 0.001860 4.229167
-0.005310 0.001725 4.229167
-0.005420 0.001598 4.229167
-0.005527 0.001469 4.229167
-0.005634 0.001340 4.229167
-0.005733 0.001204 4.229167
-0.005837 0.001073 4.229167
-0.005944 0.000943 4.229167
-0.006052 0.000815 4.229167
-0.006155 0.000682 4.229167
-0.006258 0.000550 4.229167
-0.006364 0.000419 4.229167
-0.006470 0.000289 4.229167
-0.006575 0.000158 4.229167
-0.006630 0.000000 4.229167
-0.006575 -0.000158 4.229167
-0.006470 -0.000289 4.229167
-0.006364 -0.000419 4.229167
-0.006258 -0.000550 4.229167
-0.006155 -0.000682 4.229167
-0.006052 -0.000815 4.229167
-0.005944 -0.000943 4.229167
-0.005837 -0.001073 4.229167
-0.005733 -0.001204 4.229167
-0.005634 -0.001340 4.229167
-0.005527 -0.001469 4.229167
-0.005420 -0.001598 4.229167
-0.005310 -0.001725 4.229167
-0.005210 -0.001860 4.229167
-0.005110 -0.001994 4.229167
-0.005005 -0.002125 4.229167
-0.004898 -0.002254 4.229167
-0.004785 -0.002379 4.229167
-0.004681 -0.002510 4.229167
-0.004580 -0.002644 4.229167
-0.004515 -0.002799 4.229167
-0.004452 -0.002955 4.229167
-0.004401 -0.003114 4.229167
-0.004343 -0.003272 4.229167
-0.004282 -0.003428 4.229167
-0.004216 -0.003582 4.229167
-0.004149 -0.003736 4.229167
-0.004094 -0.003895 4.229167
-0.004035 -0.004052 4.229167
-0.003977 -0.004209 4.229167
-0.003910 -0.004363 4.229167
-0.003848 -0.004519 4.229167
-0.003789 -0.004676 4.229167
-0.003731 -0.004834 4.229167
-0.003668 -0.004989 4.229167
-0.003605 -0.005145 4.229167
-0.003545 -0.005301 4.229167
-0.003485 -0.005458 4.229167
-0.003424 -0.005615 4.229167
-0.003315 -0.005742 4.229167
-0.003150 -0.005773 4.229167
-0.002984 -0.005748 4.229167
-0.002819 -0.005721 4.229167
-0.002653 -0.005695 4.229167
-0.002487 -0.005672 4.229167
-0.002321 -0.005648 4.229167
-0.002155 -0.005619 4.229167
-0.001990 -0.005592 4.229167
-0.001824 -0.005567 4.229167
-0.001657 -0.005549 4.229167
-0.001492 -0.005521 4.229167
-0.001326 -0.005493 4.229167
-0.001161 -0.005461 4.229167
-0.000995 -0.005442 4.229167
-0.000828 -0.005423 4.229167
-0.000662 -0.005397 4.229167
-0.000497 -0.005368 4.229167
-0.000333 -0.005333 4.229167
-0.000167 -0.005309 4.229167
0.000000 -0.005289 4.229167
0.000167 -0.005309 4.229167
0.000333 -0.005333 4.229167
0.000497 -0.005368 4.229167
0.000662 -0.005397 4.229167
0.000828 -0.005423 4.229167
0.000995 -0.005442 4.229167
0.001161 -0.005461 4.229167
0.001326 -0.005493 4.229167
0.001492 -0.005521 4.229167
0.001657 -0.005549 4.229167
0.001824 -0.005567 4.229167
0.001990 -0.005592 4.229167
0.002155 -0.005619 4.229167
0.002321 -0.005648 4.229167
0.002487 -0.005672 4.229167
0.002653 -0.005695 4.229167
0.002819 -0.005721 4.229167
0.002984 -0.005748 4.229167
0.003150 -0.005773 4.229167
0.003315 -0.005742 4.229167
0.003424 -0.005615 4.229167
0.003485 -0.005458 4.229167
0.003545 -0.005301 4.229167
0.003605 -0.005145 4.229167
0.003668 -0.004989 4.229167
0.003731 -0.004834 4.229167
0.003789 -0.004676 4.229167
0.003848 -0.004519 4.229167
0.003910 -0.004363 4.229167
0.003977 -0.004209 4.229167
0.004035 -0.004052 4.229167
0.004094 -0.003895 4.229167
0.004149 -0.003736 4.229167
0.004216 -0.003582 4.229167
0.004282 -0.003428 4.229167
0.004343 -0.003272 4.229167
0.004401 -0.003114 4.229167
0.004452 -0.002955 4.229167
0.004515 -0.002799 4.229167
0.004580 -0.002644 4.229167
0.004681 -0.002510 4.229167
0.004785 -0.002379 4.229167
0.004898 -0.002254 4.229167
0.005005 -0.002125 4.229167
0.005110 -0.001994 4.229167
0.005210 -0.001860 4.229167
0.005310 -0.001725 4.229167
0.005420 -0.001598 4.229167
0.005527 -0.001469 4.229167
0.005634 -0.001340 4.229167
0.005733 -0.001204 4.229167
0.005837 -0.001073 4.229167
0.005944 -0.000943 4.229167
0.006052 -0.000815 4.229167
0.006155 -0.000682 4.229167
0.006258 -0.000550 4.229167
0.006364 -0.000419 4.229167
0.006470 -0.000289 4.229167
0.006575 -0.000158 4.229167
0.006630 -0.000000 4.229167

