0.007142 -0.000072 6.826389
0.007030 0.000070 6.826389
0.006913 0.000208 6.826389
0.006805 0.000353 6.826389
0.006704 0.000504 6.826389
0.006608 0.000657 6.826389
0.006512 0.000811 6.826389
0.006409 0.000960 6.826389
0.006310 0.001112 6.826389
0.006207 0.001260 6.826389
0.006096 0.001403 6.826389
0.005985 0.001547 6.826389
0.005875 0.001690 6.826389
0.005766 0.001835 6.826389
0.005655 0.001978 6.826389
0.005538 0.002116 6.826389
0.005422 0.002255 6.826389
0.005318 0.002404 6.826389
0.005202 0.002543 6.826389
0.005092 0.002687 6.826389
0.004969 0.002819 6.826389
0.004892 0.002983 6.826389
0.004839 0.003157 6.826389
0.004770 0.003324 6.826389
0.004699 0.003490 6.826389
0.004630 0.003658 6.826389
0.004571 0.003829 6.826389
0.004505 0.003998 6.826389
0.004435 0.004165 6.826389
0.004366 0.004332 6.826389
0.004297 0.004500 6.826389
0.004233 0.004669 6.826389
0.004162 0.004836 6.826389
0.004087 0.005000 6.826389
0.004017 0.005168 6.826389
0.003946 0.005334 6.826389
0.003875 0.005501 6.826389
0.003805 0.005668 6.826389
0.003738 0.005836 6.826389
0.003683 0.006009 6.826389
0.003549 0.006131 6.826389
0.003369 0.006110 6.826389
0.003189 0.006098 6.826389
0.003008 0.006094 6.826389
0.002827 0.006084 6.826389
0.002646 0.006071 6.826389
0.002466 0.006055 6.826389
0.002286 0.006035 6.826389
0.002105 0.006020 6.826389
0.001925 0.005999 6.826389
0.001747 0.005970 6.826389
0.001567 0.005946 6.826389
0.001388 0.005922 6.826389
0.001208 0.005900 6.826389
0.001029 0.005873 6.826389
0.000851 0.005839 6.826389
0.000672 0.005814 6.826389
0.000492 0.005793 6.826389
0.000312 0.005768 6.826389
0.000136 0.005728 6.826389
-0.000045 0.005713 6.826389
-0.000221 0.005753 6.826389
-0.000401 0.005777 6.826389
-0.000580 0.005807 6.826389
-0.000760 0.005824 6.826389
-0.000938 0.005854 6.826389
-0.001117 0.005887 6.826389
-0.001296 0.005911 6.826389
-0.001476 0.005933 6.826389
-0.001655 0.005957 6.826389
-0.001835 0.005981 6.826389
-0.002014 0.006006 6.826389
-0.002195 0.006020 6.826389
-0.002376 0.006030 6.826389
-0.002556 0.006045 6.826389
-0.002737 0.006053 6.826389
-0.002918 0.006064 6.826389
-0.003098 0.006083 6.826389
-0.003277 0.006111 6.826389
-0.003455 0.006145 6.826389
-0.003634 0.006167 6.826389
-0.003762 0.006038 6.826389
-0.003809 0.005863 6.826389
-0.003863 0.005690 6.826389
-0.003916 0.005517 6.826389
-0.003974 0.005346 6.826389
-0.004036 0.005176 6.826389
-0.004098 0.005006 6.826389
-0.004169 0.004839 6.826389
-0.004237 0.004671 6.826389
-0.004300 0.004501 6.826389
-0.004368 0.004333 6.826389
-0.004436 0.004166 6.826389
-0.004506 0.003998 6.826389
-0.004572 0.003830 6.826389
-0.004631 0.003659 6.826389
-0.004699 0.003491 6.826389
-0.004771 0.003325 6.826389
-0.004839 0.003157 6.826389
-0.004894 0.002984 6.826389
-0.004970 0.002820 6.826389
-0.005092 0.002686 6.826389
-0.005204 0.002543 6.826389
-0.005318 0.002403 6.826389
-0.005423 0.002256 6.826389
-0.005539 0.002116 6.826389
-0.005657 0.001979 6.826389
-0.005767 0.001835 6.826389
-0.005877 0.001691 6.826389
-0.005988 0.001548 6.826389
-0.006100 0.001406 6.826389
-0.006214 0.001265 6.826389
-0.006321 0.001119 6.826389
-0.006427 0.000972 6.826389
-0.006540 0.000831 6.826389
-0.006651 0.000687 6.826389
-0.006764 0.000546 6.826389
-0.006880 0.000407 6.826389
-0.006999 0.000270 6.826389
-0.007123 0.000138 6.826389
-0.007149 -0.000041 6.826389
-0.007018 -0.000166 6.826389
-0.006891 -0.000295 6.826389
-0.006781 -0.000439 6.826389
-0.006679 -0.000589 6.826389
-0.006579 -0.000740 6.826389
-0.006476 -0.000889 6.826389
-0.006370 -0.001035 6.826389
-0.006267 -0.001185 6.826389
-0.006159 -0.001330 6.826389
-0.006046 -0.001471 6.826389
-0.005935 -0.001615 6.826389
-0.005825 -0.001758 6.826389
-0.005715 -0.001902 6.826389
-0.005603 -0.002045 6.826389
-0.005484 -0.002181 6.826389
-0.005373 -0.002325 6.826389
-0.005263 -0.002468 6.826389
-0.005155 -0.002614 6.826389
-0.005030 -0.002744 6.826389
-0.004927 -0.002893 6.826389
-0.004875 -0.003067 6.826389
-0.004803 -0.003233 6.826389
-0.004743 -0.003404 6.826389
-0.004665 -0.003567 6.826389
-0.004604 -0.003738 6.826389
-0.004543 -0.003908 6.826389
-0.004475 -0.004076 6.826389
-0.004405 -0.004243 6.826389
-0.004338 -0.004412 6.826389
-0.004272 -0.004580 6.826389
-0.004210 -0.004750 6.826389
-0.004142 -0.004918 6.826389
-0.004073 -0.005086 6.826389
-0.004015 -0.005257 6.826389
-0.003955 -0.005428 6.826389
-0.003898 -0.005600 6.826389
-0.003842 -0.005772 6.826389
-0.003785 -0.005944 6.826389
-0.003736 -0.006118 6.826389
-0.003603 -0.006241 6.826389
-0.003426 -0.006204 6.826389
-0.003252 -0.006151 6.826389
-0.003077 -0.006107 6.826389
-0.002899 -0.006074 6.826389
-0.002719 -0.006053 6.826389
-0.002538 -0.006040 6.826389
-0.002358 -0.006025 6.826389
-0.002177 -0.006016 6.826389
-0.001996 -0.006002 6.826389
-0.001817 -0.005978 6.826389
-0.001637 -0.005955 6.826389
-0.001458 -0.005931 6.826389
-0.001278 -0.005909 6.826389
-0.001098 -0.005886 6.826389
-0.000920 -0.005852 6.826389
-0.000741 -0.005823 6.826389
-0.000561 -0.005804 6.826389
-0.000382 -0.005777 6.826389
-0.000203 -0.005749 6.826389
-0.000026 -0.005714 6.826389
0.000154 -0.005736 6.826389
0.000332 -0.005771 6.826389
0.000511 -0.005798 6.826389
0.000691 -0.005817 6.826389
0.000870 -0.005844 6.826389
0.001048 -0.005878 6.826389
0.001227 -0.005904 6.826389
0.001407 -0.005928 6.826389
0.001586 -0.005953 6.826389
0.001765 -0.005979 6.826389
0.001944 -0.006011 6.826389
0.002123 -0.006037 6.826389
0.002302 -0.006061 6.826389
0.002480 -0.006095 6.826389
0.002658 -0.006131 6.826389
0.002835 -0.006169 6.826389
0.003011 -0.006212 6.826389
0.003187 -0.006252 6.826389
0.003363 -0.006297 6.826389
0.003537 -0.006248 6.826389
0.003607 -0.006081 6.826389
0.003664 -0.005909 6.826389
0.003723 -0.005738 6.826389
0.003789 -0.005569 6.826389
0.003864 -0.005405 6.826389
0.003946 -0.005243 6.826389
0.004024 -0.005080 6.826389
0.004107 -0.004919 6.826389
0.004187 -0.004756 6.826389
0.004257 -0.004589 6.826389
0.004327 -0.004422 6.826389
0.004396 -0.004255 6.826389
0.004467 -0.004088 6.826389
0.004537 -0.003921 6.826389
0.004598 -0.003750 6.826389
0.004659 -0.003580 6.826389
0.004737 -0.003416 6.826389
0.004797 -0.003246 6.826389
0.004870 -0.003080 6.826389
0.004920 -0.002905 6.826389
0.005020 -0.002755 6.826389
0.005146 -0.002625 6.826389
0.005255 -0.002480 6.826389
0.005364 -0.002336 6.826389
0.005475 -0.002192 6.826389
0.005594 -0.002056 6.826389
0.005707 -0.001914 6.826389
0.005817 -0.001770 6.826389
0.005928 -0.001627 6.826389
0.006039 -0.001484 6.826389
0.006155 -0.001345 6.826389
0.006266 -0.001202 6.826389
0.006374 -0.001057 6.826389
0.006490 -0.000917 6.826389
0.006606 -0.000779 6.826389
0.006726 -0.000643 6.826389
0.006849 -0.000510 6.826389
0.006972 -0.000377 6.826389
0.007099 -0.000248 6.826389
0.007142 -0.000072 6.826389

