0.007650 -0.000079 8.809028
0.007516 0.000064 8.809028
0.007380 0.000205 8.809028
0.007248 0.000349 8.809028
0.007112 0.000490 8.809028
0.006976 0.000631 8.809028
0.006845 0.000777 8.809028
0.006720 0.000927 8.809028
0.006587 0.001071 8.809028
0.006460 0.001220 8.809028
0.006326 0.001363 8.809028
0.006203 0.001515 8.809028
0.006078 0.001666 8.809028
0.005990 0.001841 8.809028
0.005867 0.001993 8.809028
0.005772 0.002164 8.809028
0.005648 0.002316 8.809028
0.005541 0.002480 8.809028
0.005419 0.002633 8.809028
0.005316 0.002800 8.809028
0.005191 0.002951 8.809028
0.005110 0.003129 8.809028
0.005043 0.003313 8.809028
0.004953 0.003487 8.809028
0.004890 0.003672 8.809028
0.004807 0.003849 8.809028
0.004736 0.004032 8.809028
0.004647 0.004206 8.809028
0.004597 0.004396 8.809028
0.004517 0.004574 8.809028
0.004463 0.004762 8.809028
0.004395 0.004946 8.809028
0.004346 0.005136 8.809028
0.004291 0.005324 8.809028
0.004243 0.005513 8.809028
0.004184 0.005700 8.809028
0.004129 0.005888 8.809028
0.004073 0.006076 8.809028
0.004011 0.006261 8.809028
0.003953 0.006449 8.809028
0.003802 0.006573 8.809028
0.003612 0.006525 8.809028
0.003423 0.006475 8.809028
0.003232 0.006434 8.809028
0.003041 0.006390 8.809028
0.002850 0.006345 8.809028
0.002659 0.006304 8.809028
0.002469 0.006254 8.809028
0.002278 0.006211 8.809028
0.002087 0.006168 8.809028
0.001893 0.006146 8.809028
0.001699 0.006120 8.809028
0.001503 0.006112 8.809028
0.001308 0.006096 8.809028
0.001114 0.006121 8.809028
0.000922 0.006080 8.809028
0.000727 0.006064 8.809028
0.000535 0.006026 8.809028
0.000339 0.006020 8.809028
0.000147 0.005985 8.809028
-0.000049 0.005970 8.809028
-0.000241 0.006006 8.809028
-0.000437 0.006010 8.809028
-0.000630 0.006040 8.809028
-0.000826 0.006050 8.809028
-0.001017 0.006091 8.809028
-0.001212 0.006072 8.809028
-0.001407 0.006092 8.809028
-0.001602 0.006112 8.809028
-0.001793 0.006155 8.809028
-0.001987 0.006178 8.809028
-0.002178 0.006222 8.809028
-0.002372 0.006248 8.809028
-0.002565 0.006283 8.809028
-0.002758 0.006313 8.809028
-0.002950 0.006355 8.809028
-0.003139 0.006407 8.809028
-0.003328 0.006455 8.809028
-0.003520 0.006497 8.809028
-0.003710 0.006543 8.809028
-0.003901 0.006586 8.809028
-0.004051 0.006460 8.809028
-0.004109 0.006273 8.809028
-0.004170 0.006087 8.809028
-0.004224 0.005899 8.809028
-0.004280 0.005711 8.809028
-0.004337 0.005524 8.809028
-0.004386 0.005334 8.809028
-0.004441 0.005146 8.809028
-0.004492 0.004957 8.809028
-0.004553 0.004771 8.809028
-0.004600 0.004581 8.809028
-0.004669 0.004398 8.809028
-0.004703 0.004205 8.809028
-0.004788 0.004028 8.809028
-0.004840 0.003840 8.809028
-0.004920 0.003661 8.809028
-0.004973 0.003472 8.809028
-0.005063 0.003298 8.809028
-0.005120 0.003111 8.809028
-0.005207 0.002935 8.809028
-0.005340 0.002792 8.809028
-0.005443 0.002626 8.809028
-0.005574 0.002479 8.809028
-0.005683 0.002317 8.809028
-0.005818 0.002175 8.809028
-0.005920 0.002008 8.809028
-0.006061 0.001872 8.809028
-0.006181 0.001717 8.809028
-0.006319 0.001579 8.809028
-0.006441 0.001425 8.809028
-0.006582 0.001289 8.809028
-0.006712 0.001142 8.809028
-0.006851 0.001006 8.809028
-0.006985 0.000862 8.809028
-0.007118 0.000718 8.809028
-0.007253 0.000577 8.809028
-0.007387 0.000434 8.809028
-0.007517 0.000288 8.809028
-0.007652 0.000145 8.809028
-0.007687 -0.000047 8.809028
-0.007551 -0.000189 8.809028
-0.007412 -0.000327 8.809028
-0.007278 -0.000469 8.809028
-0.007147 -0.000615 8.809028
-0.007017 -0.000761 8.809028
-0.006888 -0.000909 8.809028
-0.006745 -0.001042 8.809028
-0.006607 -0.001181 8.809028
-0.006461 -0.001312 8.809028
-0.006333 -0.001460 8.809028
-0.006196 -0.001599 8.809028
-0.006078 -0.001756 8.809028
-0.005949 -0.001903 8.809028
-0.005856 -0.002076 8.809028
-0.005736 -0.002230 8.809028
-0.005626 -0.002392 8.809028
-0.005497 -0.002540 8.809028
-0.005395 -0.002707 8.809028
-0.005268 -0.002856 8.809028
-0.005162 -0.003020 8.809028
-0.005106 -0.003208 8.809028
-0.005019 -0.003383 8.809028
-0.004961 -0.003570 8.809028
-0.004886 -0.003751 8.809028
-0.004832 -0.003940 8.809028
-0.004751 -0.004118 8.809028
-0.004702 -0.004307 8.809028
-0.004635 -0.004491 8.809028
-0.004591 -0.004682 8.809028
-0.004519 -0.004864 8.809028
-0.004473 -0.005055 8.809028
-0.004409 -0.005240 8.809028
-0.004363 -0.005430 8.809028
-0.004308 -0.005618 8.809028
-0.004252 -0.005806 8.809028
-0.004195 -0.005993 8.809028
-0.004139 -0.006180 8.809028
-0.004077 -0.006366 8.809028
-0.004021 -0.006554 8.809028
-0.003872 -0.006681 8.809028
-0.003681 -0.006639 8.809028
-0.003490 -0.006593 8.809028
-0.003300 -0.006546 8.809028
-0.003112 -0.006493 8.809028
-0.002922 -0.006444 8.809028
-0.002729 -0.006412 8.809028
-0.002535 -0.006382 8.809028
-0.002344 -0.006342 8.809028
-0.002152 -0.006301 8.809028
-0.001964 -0.006247 8.809028
-0.001772 -0.006208 8.809028
-0.001583 -0.006157 8.809028
-0.001390 -0.006123 8.809028
-0.001200 -0.006078 8.809028
-0.001004 -0.006072 8.809028
-0.000809 -0.006049 8.809028
-0.000614 -0.006034 8.809028
-0.000420 -0.006012 8.809028
-0.000224 -0.006000 8.809028
-0.000029 -0.005980 8.809028
0.000164 -0.006010 8.809028
0.000358 -0.006040 8.809028
0.000552 -0.006064 8.809028
0.000743 -0.006109 8.809028
0.000936 -0.006139 8.809028
0.001128 -0.006178 8.809028
0.001322 -0.006207 8.809028
0.001507 -0.006269 8.809028
0.001700 -0.006306 8.809028
0.001889 -0.006357 8.809028
0.002080 -0.006400 8.809028
0.002270 -0.006446 8.809028
0.002460 -0.006492 8.809028
0.002650 -0.006543 8.809028
0.002841 -0.006586 8.809028
0.003031 -0.006631 8.809028
0.003221 -0.006677 8.809028
0.003413 -0.006717 8.809028
0.003604 -0.006760 8.809028
0.003788 -0.006693 8.809028
0.003845 -0.006506 8.809028
0.003900 -0.006318 8.809028
0.003958 -0.006131 8.809028
0.004011 -0.005942 8.809028
0.004060 -0.005753 8.809028
0.004116 -0.005565 8.809028
0.004185 -0.005382 8.809028
0.004248 -0.005196 8.809028
0.004322 -0.005015 8.809028
0.004378 -0.004827 8.809028
0.004454 -0.004647 8.809028
0.004495 -0.004455 8.809028
0.004585 -0.004281 8.809028
0.004653 -0.004098 8.809028
0.004751 -0.003928 8.809028
0.004821 -0.003745 8.809028
0.004927 -0.003580 8.809028
0.004992 -0.003396 8.809028
0.005083 -0.003222 8.809028
0.005145 -0.003037 8.809028
0.005257 -0.002876 8.809028
0.005389 -0.002731 8.809028
0.005495 -0.002567 8.809028
0.005630 -0.002425 8.809028
0.005746 -0.002267 8.809028
0.005883 -0.002127 8.809028
0.005992 -0.001965 8.809028
0.006144 -0.001841 8.809028
0.006266 -0.001688 8.809028
0.006410 -0.001555 8.809028
0.006538 -0.001407 8.809028
0.006678 -0.001270 8.809028
0.006810 -0.001126 8.809028
0.006951 -0.000989 8.809028
0.007082 -0.000844 8.809028
0.007218 -0.000703 8.809028
0.007354 -0.000562 8.809028
0.007485 -0.000416 8.809028
0.007617 -0.000272 8.809028
0.007650 -0.000079 8.809028

