0.008167 0.000000 11.449653
0.008022 0.000156 11.449653
0.007862 0.000296 11.449653
0.007715 0.000449 11.449653
0.007556 0.000591 11.449653
0.007411 0.000746 11.449653
0.007253 0.000888 11.449653
0.007122 0.001055 11.449653
0.006959 0.001191 11.449653
0.006829 0.001360 11.449653
0.006666 0.001495 11.449653
0.006526 0.001655 11.449653
0.006383 0.001812 11.449653
0.006248 0.001977 11.449653
0.006100 0.002129 11.449653
0.005950 0.002280 11.449653
0.005818 0.002446 11.449653
0.005671 0.002600 11.449653
0.005533 0.002761 11.449653
0.005423 0.002943 11.449653
0.005364 0.003147 11.449653
0.005285 0.003344 11.449653
0.005212 0.003544 11.449653
0.005169 0.003752 11.449653
0.005090 0.003949 11.449653
0.005043 0.004157 11.449653
0.004971 0.004356 11.449653
0.004924 0.004564 11.449653
0.004872 0.004770 11.449653
0.004797 0.004969 11.449653
0.004739 0.005173 11.449653
0.004666 0.005372 11.449653
0.004609 0.005577 11.449653
0.004531 0.005775 11.449653
0.004477 0.005980 11.449653
0.004390 0.006174 11.449653
0.004330 0.006378 11.449653
0.004238 0.006569 11.449653
0.004172 0.006771 11.449653
0.004089 0.006967 11.449653
0.003932 0.007110 11.449653
0.003735 0.007032 11.449653
0.003533 0.006965 11.449653
0.003333 0.006892 11.449653
0.003129 0.006836 11.449653
0.002926 0.006772 11.449653
0.002721 0.006718 11.449653
0.002513 0.006670 11.449653
0.002310 0.006608 11.449653
0.002102 0.006566 11.449653
0.001894 0.006524 11.449653
0.001691 0.006459 11.449653
0.001480 0.006437 11.449653
0.001296 0.006543 11.449653
0.001159 0.006706 11.449653
0.000983 0.006587 11.449653
0.000789 0.006499 11.449653
0.000589 0.006427 11.449653
0.000389 0.006356 11.449653
0.000184 0.006300 11.449653
-0.000021 0.006244 11.449653
-0.000228 0.006291 11.449653
-0.000426 0.006368 11.449653
-0.000631 0.006426 11.449653
-0.000822 0.006517 11.449653
-0.001006 0.006624 11.449653
-0.001123 0.006447 11.449653
-0.001327 0.006387 11.449653
-0.001538 0.006412 11.449653
-0.001746 0.006455 11.449653
-0.001946 0.006527 11.449653
-0.002156 0.006560 11.449653
-0.002357 0.006630 11.449653
-0.002566 0.006668 11.449653
-0.002773 0.006713 11.449653
-0.002978 0.006772 11.449653
-0.003184 0.006821 11.449653
-0.003382 0.006899 11.449653
-0.003586 0.006957 11.449653
-0.003779 0.007046 11.449653
-0.003972 0.007135 11.449653
-0.004145 0.007012 11.449653
-0.004228 0.006816 11.449653
-0.004299 0.006616 11.449653
-0.004397 0.006428 11.449653
-0.004462 0.006225 11.449653
-0.004558 0.006036 11.449653
-0.004608 0.005829 11.449653
-0.004695 0.005635 11.449653
-0.004743 0.005428 11.449653
-0.004823 0.005231 11.449653
-0.004874 0.005025 11.449653
-0.004952 0.004828 11.449653
-0.004991 0.004619 11.449653
-0.005059 0.004417 11.449653
-0.005121 0.004214 11.449653
-0.005173 0.004008 11.449653
-0.005243 0.003808 11.449653
-0.005270 0.003597 11.449653
-0.005360 0.003404 11.449653
-0.005390 0.003194 11.449653
-0.005476 0.003000 11.449653
-0.005634 0.002858 11.449653
-0.005760 0.002687 11.449653
-0.005920 0.002546 11.449653
-0.006062 0.002389 11.449653
-0.006197 0.002224 11.449653
-0.006355 0.002082 11.449653
-0.006494 0.001922 11.449653
-0.006653 0.001780 11.449653
-0.006780 0.001610 11.449653
-0.006941 0.001471 11.449653
-0.007070 0.001303 11.449653
-0.007229 0.001162 11.449653
-0.007364 0.000997 11.449653
-0.007524 0.000858 11.449653
-0.007666 0.000700 11.449653
-0.007828 0.000562 11.449653
-0.007969 0.000403 11.449653
-0.008120 0.000253 11.449653
-0.008167 0.000046 11.449653
-0.008018 -0.000106 11.449653
-0.007887 -0.000273 11.449653
-0.007745 -0.000431 11.449653
-0.007621 -0.000603 11.449653
-0.007480 -0.000763 11.449653
-0.007361 -0.000938 11.449653
-0.007210 -0.001088 11.449653
-0.007074 -0.001252 11.449653
-0.006913 -0.001390 11.449653
-0.006782 -0.001557 11.449653
-0.006635 -0.001711 11.449653
-0.006503 -0.001878 11.449653
-0.006338 -0.002012 11.449653
-0.006205 -0.002177 11.449653
-0.006044 -0.002316 11.449653
-0.005899 -0.002472 11.449653
-0.005749 -0.002621 11.449653
-0.005588 -0.002760 11.449653
-0.005480 -0.002944 11.449653
-0.005448 -0.003154 11.449653
-0.005366 -0.003350 11.449653
-0.005301 -0.003552 11.449653
-0.005257 -0.003760 11.449653
-0.005178 -0.003957 11.449653
-0.005145 -0.004167 11.449653
-0.005058 -0.004361 11.449653
-0.005026 -0.004571 11.449653
-0.004954 -0.004771 11.449653
-0.004908 -0.004978 11.449653
-0.004828 -0.005175 11.449653
-0.004778 -0.005382 11.449653
-0.004702 -0.005580 11.449653
-0.004655 -0.005787 11.449653
-0.004583 -0.005988 11.449653
-0.004538 -0.006195 11.449653
-0.004468 -0.006396 11.449653
-0.004424 -0.006604 11.449653
-0.004349 -0.006803 11.449653
-0.004302 -0.007010 11.449653
-0.004124 -0.007125 11.449653
-0.003918 -0.007073 11.449653
-0.003714 -0.007013 11.449653
-0.003506 -0.006973 11.449653
-0.003300 -0.006918 11.449653
-0.003092 -0.006877 11.449653
-0.002886 -0.006826 11.449653
-0.002675 -0.006797 11.449653
-0.002469 -0.006744 11.449653
-0.002261 -0.006701 11.449653
-0.002059 -0.006637 11.449653
-0.001853 -0.006583 11.449653
-0.001644 -0.006544 11.449653
-0.001436 -0.006503 11.449653
-0.001226 -0.006466 11.449653
-0.001019 -0.006422 11.449653
-0.000810 -0.006380 11.449653
-0.000601 -0.006342 11.449653
-0.000410 -0.006249 11.449653
-0.000198 -0.006235 11.449653
-0.000000 -0.006313 11.449653
0.000211 -0.006333 11.449653
0.000412 -0.006401 11.449653
0.000618 -0.006454 11.449653
0.000827 -0.006495 11.449653
0.001028 -0.006565 11.449653
0.001238 -0.006591 11.449653
0.001440 -0.006658 11.449653
0.001648 -0.006704 11.449653
0.001855 -0.006750 11.449653
0.002063 -0.006795 11.449653
0.002271 -0.006838 11.449653
0.002477 -0.006889 11.449653
0.002686 -0.006926 11.449653
0.002891 -0.006985 11.449653
0.003100 -0.007018 11.449653
0.003306 -0.007073 11.449653
0.003516 -0.007104 11.449653
0.003725 -0.007144 11.449653
0.003934 -0.007181 11.449653
0.004127 -0.007092 11.449653
0.004175 -0.006885 11.449653
0.004206 -0.006674 11.449653
0.004271 -0.006472 11.449653
0.004311 -0.006263 11.449653
0.004383 -0.006064 11.449653
0.004421 -0.005855 11.449653
0.004506 -0.005660 11.449653
0.004550 -0.005452 11.449653
0.004620 -0.005251 11.449653
0.004672 -0.005045 11.449653
0.004729 -0.004840 11.449653
0.004797 -0.004639 11.449653
0.004838 -0.004430 11.449653
0.004937 -0.004243 11.449653
0.004965 -0.004032 11.449653
0.005074 -0.003849 11.449653
0.005278 -0.003790 11.449653
0.005335 -0.003585 11.449653
0.005328 -0.003373 11.449653
0.005393 -0.003171 11.449653
0.005544 -0.003021 11.449653
0.005672 -0.002851 11.449653
0.005834 -0.002713 11.449653
0.005973 -0.002553 11.449653
0.006129 -0.002408 11.449653
0.006271 -0.002250 11.449653
0.006410 -0.002090 11.449653
0.006569 -0.001949 11.449653
0.006706 -0.001786 11.449653
0.006858 -0.001638 11.449653
0.006989 -0.001471 11.449653
0.007147 -0.001328 11.449653
0.007273 -0.001157 11.449653
0.007432 -0.001016 11.449653
0.007557 -0.000844 11.449653
0.007712 -0.000699 11.449653
0.007839 -0.000528 11.449653
0.007984 -0.000373 11.449653
0.008115 -0.000206 11.449653
0.008167 0.000000 11.449653

