0.008196 0.000000 11.642361
0.008055 0.000160 11.642361
0.007896 0.000303 11.642361
0.007748 0.000457 11.642361
0.007589 0.000599 11.642361
0.007443 0.000755 11.642361
0.007280 0.000894 11.642361
0.007150 0.001063 11.642361
0.006985 0.001199 11.642361
0.006855 0.001368 11.642361
0.006694 0.001508 11.642361
0.006549 0.001665 11.642361
0.006404 0.001822 11.642361
0.006269 0.001987 11.642361
0.006124 0.002144 11.642361
0.005970 0.002293 11.642361
0.005836 0.002458 11.642361
0.005691 0.002615 11.642361
0.005543 0.002769 11.642361
0.005435 0.002953 11.642361
0.005383 0.003161 11.642361
0.005300 0.003358 11.642361
0.005235 0.003561 11.642361
0.005189 0.003770 11.642361
0.005110 0.003968 11.642361
0.005064 0.004177 11.642361
0.004992 0.004378 11.642361
0.004950 0.004587 11.642361
0.004889 0.004792 11.642361
0.004814 0.004992 11.642361
0.004756 0.005197 11.642361
0.004682 0.005398 11.642361
0.004624 0.005603 11.642361
0.004546 0.005802 11.642361
0.004488 0.006007 11.642361
0.004399 0.006201 11.642361
0.004337 0.006406 11.642361
0.004244 0.006598 11.642361
0.004180 0.006802 11.642361
0.004094 0.006997 11.642361
0.003942 0.007147 11.642361
0.003743 0.007069 11.642361
0.003540 0.007001 11.642361
0.003340 0.006927 11.642361
0.003134 0.006869 11.642361
0.002931 0.006804 11.642361
0.002725 0.006746 11.642361
0.002517 0.006700 11.642361
0.002313 0.006637 11.642361
0.002104 0.006590 11.642361
0.001894 0.006553 11.642361
0.001693 0.006482 11.642361
0.001480 0.006464 11.642361
0.001300 0.006579 11.642361
0.001165 0.006744 11.642361
0.000984 0.006630 11.642361
0.000791 0.006539 11.642361
0.000591 0.006464 11.642361
0.000391 0.006390 11.642361
0.000185 0.006331 11.642361
-0.000020 0.006273 11.642361
-0.000228 0.006324 11.642361
-0.000426 0.006403 11.642361
-0.000631 0.006463 11.642361
-0.000822 0.006560 11.642361
-0.001014 0.006653 11.642361
-0.001125 0.006470 11.642361
-0.001330 0.006409 11.642361
-0.001542 0.006432 11.642361
-0.001748 0.006487 11.642361
-0.001951 0.006555 11.642361
-0.002162 0.006589 11.642361
-0.002363 0.006659 11.642361
-0.002574 0.006693 11.642361
-0.002782 0.006743 11.642361
-0.002987 0.006803 11.642361
-0.003194 0.006856 11.642361
-0.003392 0.006936 11.642361
-0.003597 0.006996 11.642361
-0.003788 0.007090 11.642361
-0.003984 0.007174 11.642361
-0.004153 0.007043 11.642361
-0.004235 0.006846 11.642361
-0.004302 0.006643 11.642361
-0.004401 0.006454 11.642361
-0.004467 0.006251 11.642361
-0.004566 0.006062 11.642361
-0.004621 0.005855 11.642361
-0.004709 0.005661 11.642361
-0.004759 0.005453 11.642361
-0.004839 0.005255 11.642361
-0.004891 0.005048 11.642361
-0.004972 0.004850 11.642361
-0.005014 0.004641 11.642361
-0.005078 0.004437 11.642361
-0.005144 0.004234 11.642361
-0.005194 0.004026 11.642361
-0.005268 0.003826 11.642361
-0.005290 0.003614 11.642361
-0.005380 0.003420 11.642361
-0.005411 0.003209 11.642361
-0.005496 0.003012 11.642361
-0.005654 0.002870 11.642361
-0.005781 0.002698 11.642361
-0.005945 0.002561 11.642361
-0.006083 0.002398 11.642361
-0.006222 0.002236 11.642361
-0.006382 0.002094 11.642361
-0.006521 0.001932 11.642361
-0.006678 0.001787 11.642361
-0.006806 0.001616 11.642361
-0.006968 0.001477 11.642361
-0.007098 0.001308 11.642361
-0.007259 0.001168 11.642361
-0.007395 0.001002 11.642361
-0.007557 0.000864 11.642361
-0.007700 0.000705 11.642361
-0.007862 0.000566 11.642361
-0.008001 0.000404 11.642361
-0.008153 0.000254 11.642361
-0.008200 0.000045 11.642361
-0.008048 -0.000105 11.642361
-0.007915 -0.000271 11.642361
-0.007770 -0.000428 11.642361
-0.007644 -0.000601 11.642361
-0.007502 -0.000760 11.642361
-0.007383 -0.000938 11.642361
-0.007236 -0.001093 11.642361
-0.007103 -0.001259 11.642361
-0.006940 -0.001398 11.642361
-0.006805 -0.001564 11.642361
-0.006658 -0.001718 11.642361
-0.006528 -0.001888 11.642361
-0.006364 -0.002024 11.642361
-0.006228 -0.002189 11.642361
-0.006069 -0.002332 11.642361
-0.005922 -0.002487 11.642361
-0.005774 -0.002641 11.642361
-0.005604 -0.002769 11.642361
-0.005496 -0.002954 11.642361
-0.005470 -0.003166 11.642361
-0.005383 -0.003361 11.642361
-0.005327 -0.003567 11.642361
-0.005278 -0.003775 11.642361
-0.005200 -0.003974 11.642361
-0.005165 -0.004184 11.642361
-0.005078 -0.004379 11.642361
-0.005050 -0.004591 11.642361
-0.004975 -0.004791 11.642361
-0.004926 -0.004999 11.642361
-0.004846 -0.005197 11.642361
-0.004796 -0.005405 11.642361
-0.004721 -0.005604 11.642361
-0.004674 -0.005813 11.642361
-0.004603 -0.006014 11.642361
-0.004558 -0.006223 11.642361
-0.004487 -0.006424 11.642361
-0.004441 -0.006633 11.642361
-0.004366 -0.006833 11.642361
-0.004323 -0.007042 11.642361
-0.004143 -0.007156 11.642361
-0.003935 -0.007106 11.642361
-0.003731 -0.007043 11.642361
-0.003521 -0.007002 11.642361
-0.003315 -0.006947 11.642361
-0.003106 -0.006906 11.642361
-0.002899 -0.006850 11.642361
-0.002688 -0.006821 11.642361
-0.002480 -0.006772 11.642361
-0.002270 -0.006731 11.642361
-0.002066 -0.006670 11.642361
-0.001860 -0.006611 11.642361
-0.001651 -0.006568 11.642361
-0.001442 -0.006526 11.642361
-0.001231 -0.006489 11.642361
-0.001022 -0.006447 11.642361
-0.000813 -0.006402 11.642361
-0.000602 -0.006372 11.642361
-0.000412 -0.006273 11.642361
-0.000200 -0.006257 11.642361
-0.000001 -0.006336 11.642361
0.000211 -0.006356 11.642361
0.000411 -0.006432 11.642361
0.000619 -0.006480 11.642361
0.000828 -0.006525 11.642361
0.001031 -0.006590 11.642361
0.001243 -0.006617 11.642361
0.001445 -0.006688 11.642361
0.001654 -0.006730 11.642361
0.001862 -0.006777 11.642361
0.002071 -0.006822 11.642361
0.002280 -0.006866 11.642361
0.002488 -0.006915 11.642361
0.002698 -0.006954 11.642361
0.002904 -0.007012 11.642361
0.003115 -0.007044 11.642361
0.003321 -0.007098 11.642361
0.003533 -0.007125 11.642361
0.003742 -0.007168 11.642361
0.003952 -0.007207 11.642361
0.004148 -0.007121 11.642361
0.004201 -0.006915 11.642361
0.004229 -0.006703 11.642361
0.004293 -0.006499 11.642361
0.004331 -0.006289 11.642361
0.004404 -0.006088 11.642361
0.004439 -0.005878 11.642361
0.004522 -0.005681 11.642361
0.004572 -0.005473 11.642361
0.004641 -0.005271 11.642361
0.004697 -0.005065 11.642361
0.004750 -0.004858 11.642361
0.004822 -0.004657 11.642361
0.004853 -0.004446 11.642361
0.004953 -0.004257 11.642361
0.004980 -0.004045 11.642361
0.005085 -0.003859 11.642361
0.005294 -0.003816 11.642361
0.005363 -0.003614 11.642361
0.005358 -0.003400 11.642361
0.005412 -0.003194 11.642361
0.005558 -0.003037 11.642361
0.005689 -0.002869 11.642361
0.005854 -0.002733 11.642361
0.005993 -0.002571 11.642361
0.006149 -0.002426 11.642361
0.006289 -0.002264 11.642361
0.006433 -0.002106 11.642361
0.006592 -0.001963 11.642361
0.006728 -0.001799 11.642361
0.006879 -0.001648 11.642361
0.007012 -0.001481 11.642361
0.007169 -0.001336 11.642361
0.007296 -0.001164 11.642361
0.007455 -0.001022 11.642361
0.007581 -0.000849 11.642361
0.007736 -0.000703 11.642361
0.007862 -0.000530 11.642361
0.008008 -0.000375 11.642361
0.008139 -0.000206 11.642361
0.008196 0.000000 11.642361

