0.007185 -0.000076 7.003472
0.007071 0.000066 7.003472
0.006953 0.000205 7.003472
0.006837 0.000346 7.003472
0.006728 0.000492 7.003472
0.006625 0.000643 7.003472
0.006530 0.000799 7.003472
0.006429 0.000951 7.003472
0.006328 0.001103 7.003472
0.006230 0.001256 7.003472
0.006123 0.001404 7.003472
0.006013 0.001550 7.003472
0.005902 0.001694 7.003472
0.005791 0.001839 7.003472
0.005682 0.001986 7.003472
0.005569 0.002129 7.003472
0.005447 0.002264 7.003472
0.005341 0.002412 7.003472
0.005225 0.002553 7.003472
0.005119 0.002702 7.003472
0.004993 0.002834 7.003472
0.004916 0.002999 7.003472
0.004865 0.003174 7.003472
0.004786 0.003339 7.003472
0.004719 0.003508 7.003472
0.004655 0.003679 7.003472
0.004594 0.003851 7.003472
0.004521 0.004018 7.003472
0.004451 0.004187 7.003472
0.004383 0.004356 7.003472
0.004315 0.004525 7.003472
0.004247 0.004695 7.003472
0.004171 0.004861 7.003472
0.004098 0.005027 7.003472
0.004030 0.005197 7.003472
0.003956 0.005364 7.003472
0.003887 0.005532 7.003472
0.003821 0.005703 7.003472
0.003762 0.005875 7.003472
0.003712 0.006050 7.003472
0.003572 0.006168 7.003472
0.003392 0.006135 7.003472
0.003211 0.006111 7.003472
0.003029 0.006101 7.003472
0.002847 0.006094 7.003472
0.002665 0.006084 7.003472
0.002483 0.006073 7.003472
0.002301 0.006053 7.003472
0.002120 0.006037 7.003472
0.001938 0.006022 7.003472
0.001757 0.005998 7.003472
0.001577 0.005972 7.003472
0.001396 0.005947 7.003472
0.001215 0.005924 7.003472
0.001034 0.005903 7.003472
0.000854 0.005870 7.003472
0.000675 0.005840 7.003472
0.000494 0.005814 7.003472
0.000312 0.005799 7.003472
0.000135 0.005756 7.003472
-0.000047 0.005741 7.003472
-0.000224 0.005785 7.003472
-0.000406 0.005803 7.003472
-0.000586 0.005831 7.003472
-0.000767 0.005851 7.003472
-0.000946 0.005888 7.003472
-0.001126 0.005915 7.003472
-0.001308 0.005935 7.003472
-0.001488 0.005959 7.003472
-0.001669 0.005983 7.003472
-0.001850 0.006005 7.003472
-0.002032 0.006023 7.003472
-0.002214 0.006032 7.003472
-0.002396 0.006043 7.003472
-0.002578 0.006057 7.003472
-0.002760 0.006066 7.003472
-0.002941 0.006086 7.003472
-0.003122 0.006114 7.003472
-0.003301 0.006147 7.003472
-0.003481 0.006175 7.003472
-0.003663 0.006195 7.003472
-0.003796 0.006071 7.003472
-0.003843 0.005895 7.003472
-0.003895 0.005720 7.003472
-0.003947 0.005545 7.003472
-0.004002 0.005371 7.003472
-0.004062 0.005199 7.003472
-0.004121 0.005026 7.003472
-0.004188 0.004857 7.003472
-0.004259 0.004689 7.003472
-0.004324 0.004518 7.003472
-0.004390 0.004348 7.003472
-0.004457 0.004179 7.003472
-0.004527 0.004010 7.003472
-0.004598 0.003842 7.003472
-0.004660 0.003671 7.003472
-0.004723 0.003499 7.003472
-0.004792 0.003331 7.003472
-0.004868 0.003165 7.003472
-0.004921 0.002990 7.003472
-0.005000 0.002826 7.003472
-0.005126 0.002694 7.003472
-0.005233 0.002546 7.003472
-0.005347 0.002404 7.003472
-0.005456 0.002257 7.003472
-0.005577 0.002121 7.003472
-0.005690 0.001978 7.003472
-0.005799 0.001832 7.003472
-0.005911 0.001688 7.003472
-0.006024 0.001545 7.003472
-0.006137 0.001401 7.003472
-0.006248 0.001256 7.003472
-0.006353 0.001108 7.003472
-0.006465 0.000964 7.003472
-0.006580 0.000822 7.003472
-0.006693 0.000678 7.003472
-0.006811 0.000540 7.003472
-0.006931 0.000402 7.003472
-0.007054 0.000267 7.003472
-0.007179 0.000135 7.003472
-0.007207 -0.000045 7.003472
-0.007077 -0.000173 7.003472
-0.006943 -0.000297 7.003472
-0.006819 -0.000431 7.003472
-0.006707 -0.000575 7.003472
-0.006603 -0.000725 7.003472
-0.006503 -0.000877 7.003472
-0.006397 -0.001025 7.003472
-0.006293 -0.001175 7.003472
-0.006190 -0.001326 7.003472
-0.006079 -0.001471 7.003472
-0.005967 -0.001615 7.003472
-0.005855 -0.001759 7.003472
-0.005743 -0.001903 7.003472
-0.005636 -0.002050 7.003472
-0.005517 -0.002189 7.003472
-0.005402 -0.002331 7.003472
-0.005287 -0.002472 7.003472
-0.005186 -0.002624 7.003472
-0.005059 -0.002755 7.003472
-0.004954 -0.002904 7.003472
-0.004902 -0.003079 7.003472
-0.004826 -0.003245 7.003472
-0.004764 -0.003416 7.003472
-0.004687 -0.003582 7.003472
-0.004633 -0.003756 7.003472
-0.004565 -0.003925 7.003472
-0.004494 -0.004093 7.003472
-0.004426 -0.004262 7.003472
-0.004360 -0.004433 7.003472
-0.004295 -0.004603 7.003472
-0.004230 -0.004773 7.003472
-0.004160 -0.004942 7.003472
-0.004098 -0.005114 7.003472
-0.004042 -0.005287 7.003472
-0.003982 -0.005459 7.003472
-0.003927 -0.005633 7.003472
-0.003871 -0.005807 7.003472
-0.003817 -0.005981 7.003472
-0.003768 -0.006157 7.003472
-0.003633 -0.006280 7.003472
-0.003453 -0.006251 7.003472
-0.003277 -0.006205 7.003472
-0.003101 -0.006156 7.003472
-0.002924 -0.006112 7.003472
-0.002745 -0.006078 7.003472
-0.002564 -0.006058 7.003472
-0.002382 -0.006040 7.003472
-0.002200 -0.006028 7.003472
-0.002018 -0.006020 7.003472
-0.001836 -0.006002 7.003472
-0.001655 -0.005981 7.003472
-0.001474 -0.005957 7.003472
-0.001293 -0.005933 7.003472
-0.001112 -0.005914 7.003472
-0.000932 -0.005887 7.003472
-0.000753 -0.005852 7.003472
-0.000572 -0.005829 7.003472
-0.000391 -0.005805 7.003472
-0.000210 -0.005782 7.003472
-0.000032 -0.005744 7.003472
0.000150 -0.005764 7.003472
0.000329 -0.005800 7.003472
0.000510 -0.005820 7.003472
0.000691 -0.005843 7.003472
0.000870 -0.005877 7.003472
0.001050 -0.005908 7.003472
0.001231 -0.005929 7.003472
0.001412 -0.005954 7.003472
0.001592 -0.005982 7.003472
0.001772 -0.006011 7.003472
0.001952 -0.006041 7.003472
0.002133 -0.006065 7.003472
0.002313 -0.006095 7.003472
0.002491 -0.006135 7.003472
0.002669 -0.006172 7.003472
0.002847 -0.006214 7.003472
0.003024 -0.006256 7.003472
0.003202 -0.006298 7.003472
0.003378 -0.006344 7.003472
0.003552 -0.006287 7.003472
0.003622 -0.006118 7.003472
0.003686 -0.005948 7.003472
0.003746 -0.005775 7.003472
0.003805 -0.005603 7.003472
0.003870 -0.005433 7.003472
0.003948 -0.005268 7.003472
0.004026 -0.005103 7.003472
0.004107 -0.004939 7.003472
0.004192 -0.004778 7.003472
0.004269 -0.004613 7.003472
0.004342 -0.004445 7.003472
0.004412 -0.004277 7.003472
0.004482 -0.004108 7.003472
0.004555 -0.003941 7.003472
0.004625 -0.003773 7.003472
0.004680 -0.003599 7.003472
0.004756 -0.003433 7.003472
0.004818 -0.003261 7.003472
0.004896 -0.003097 7.003472
0.004943 -0.002920 7.003472
0.005044 -0.002769 7.003472
0.005173 -0.002640 7.003472
0.005275 -0.002488 7.003472
0.005389 -0.002346 7.003472
0.005504 -0.002204 7.003472
0.005623 -0.002066 7.003472
0.005732 -0.001920 7.003472
0.005844 -0.001775 7.003472
0.005957 -0.001632 7.003472
0.006071 -0.001490 7.003472
0.006186 -0.001348 7.003472
0.006295 -0.001203 7.003472
0.006408 -0.001059 7.003472
0.006529 -0.000922 7.003472
0.006648 -0.000784 7.003472
0.006771 -0.000650 7.003472
0.006896 -0.000517 7.003472
0.007022 -0.000385 7.003472
0.007150 -0.000255 7.003472
0.007185 -0.000076 7.003472

