0.007193 -0.000076 7.034722
0.007078 0.000066 7.034722
0.006960 0.000205 7.034722
0.006843 0.000345 7.034722
0.006732 0.000491 7.034722
0.006629 0.000641 7.034722
0.006533 0.000797 7.034722
0.006432 0.000949 7.034722
0.006331 0.001101 7.034722
0.006233 0.001255 7.034722
0.006127 0.001404 7.034722
0.006018 0.001550 7.034722
0.005906 0.001695 7.034722
0.005795 0.001840 7.034722
0.005687 0.001987 7.034722
0.005575 0.002131 7.034722
0.005452 0.002266 7.034722
0.005345 0.002414 7.034722
0.005229 0.002555 7.034722
0.005123 0.002705 7.034722
0.004997 0.002837 7.034722
0.004920 0.003002 7.034722
0.004868 0.003177 7.034722
0.004789 0.003342 7.034722
0.004723 0.003512 7.034722
0.004659 0.003683 7.034722
0.004597 0.003855 7.034722
0.004524 0.004022 7.034722
0.004454 0.004191 7.034722
0.004386 0.004361 7.034722
0.004318 0.004530 7.034722
0.004249 0.004699 7.034722
0.004173 0.004865 7.034722
0.004100 0.005033 7.034722
0.004032 0.005202 7.034722
0.003958 0.005369 7.034722
0.003889 0.005538 7.034722
0.003825 0.005709 7.034722
0.003766 0.005882 7.034722
0.003717 0.006058 7.034722
0.003576 0.006175 7.034722
0.003397 0.006140 7.034722
0.003216 0.006115 7.034722
0.003034 0.006103 7.034722
0.002851 0.006096 7.034722
0.002669 0.006086 7.034722
0.002486 0.006076 7.034722
0.002305 0.006057 7.034722
0.002123 0.006040 7.034722
0.001941 0.006026 7.034722
0.001760 0.006002 7.034722
0.001579 0.005977 7.034722
0.001398 0.005952 7.034722
0.001217 0.005928 7.034722
0.001035 0.005907 7.034722
0.000855 0.005876 7.034722
0.000675 0.005845 7.034722
0.000495 0.005818 7.034722
0.000313 0.005804 7.034722
0.000135 0.005761 7.034722
-0.000047 0.005746 7.034722
-0.000224 0.005790 7.034722
-0.000406 0.005807 7.034722
-0.000587 0.005836 7.034722
-0.000768 0.005856 7.034722
-0.000947 0.005894 7.034722
-0.001128 0.005919 7.034722
-0.001309 0.005939 7.034722
-0.001490 0.005963 7.034722
-0.001671 0.005987 7.034722
-0.001853 0.006009 7.034722
-0.002035 0.006026 7.034722
-0.002217 0.006033 7.034722
-0.002399 0.006046 7.034722
-0.002581 0.006059 7.034722
-0.002764 0.006069 7.034722
-0.002945 0.006090 7.034722
-0.003125 0.006120 7.034722
-0.003305 0.006152 7.034722
-0.003486 0.006180 7.034722
-0.003667 0.006201 7.034722
-0.003802 0.006078 7.034722
-0.003849 0.005901 7.034722
-0.003901 0.005726 7.034722
-0.003953 0.005551 7.034722
-0.004007 0.005377 7.034722
-0.004067 0.005204 7.034722
-0.004125 0.005031 7.034722
-0.004191 0.004860 7.034722
-0.004262 0.004692 7.034722
-0.004328 0.004522 7.034722
-0.004394 0.004352 7.034722
-0.004461 0.004182 7.034722
-0.004530 0.004012 7.034722
-0.004602 0.003845 7.034722
-0.004665 0.003673 7.034722
-0.004727 0.003502 7.034722
-0.004795 0.003332 7.034722
-0.004873 0.003167 7.034722
-0.004925 0.002992 7.034722
-0.005005 0.002827 7.034722
-0.005132 0.002696 7.034722
-0.005237 0.002547 7.034722
-0.005352 0.002405 7.034722
-0.005461 0.002259 7.034722
-0.005583 0.002122 7.034722
-0.005695 0.001978 7.034722
-0.005804 0.001831 7.034722
-0.005917 0.001688 7.034722
-0.006030 0.001544 7.034722
-0.006142 0.001401 7.034722
-0.006253 0.001255 7.034722
-0.006359 0.001106 7.034722
-0.006472 0.000963 7.034722
-0.006587 0.000821 7.034722
-0.006700 0.000678 7.034722
-0.006819 0.000539 7.034722
-0.006940 0.000402 7.034722
-0.007063 0.000267 7.034722
-0.007189 0.000135 7.034722
-0.007217 -0.000045 7.034722
-0.007088 -0.000174 7.034722
-0.006953 -0.000298 7.034722
-0.006827 -0.000430 7.034722
-0.006713 -0.000573 7.034722
-0.006607 -0.000722 7.034722
-0.006507 -0.000875 7.034722
-0.006401 -0.001023 7.034722
-0.006297 -0.001173 7.034722
-0.006195 -0.001325 7.034722
-0.006084 -0.001470 7.034722
-0.005972 -0.001615 7.034722
-0.005860 -0.001759 7.034722
-0.005748 -0.001903 7.034722
-0.005641 -0.002051 7.034722
-0.005523 -0.002190 7.034722
-0.005408 -0.002332 7.034722
-0.005291 -0.002472 7.034722
-0.005190 -0.002625 7.034722
-0.005064 -0.002757 7.034722
-0.004959 -0.002906 7.034722
-0.004907 -0.003081 7.034722
-0.004830 -0.003247 7.034722
-0.004767 -0.003418 7.034722
-0.004692 -0.003585 7.034722
-0.004638 -0.003759 7.034722
-0.004569 -0.003928 7.034722
-0.004497 -0.004096 7.034722
-0.004430 -0.004266 7.034722
-0.004364 -0.004436 7.034722
-0.004299 -0.004607 7.034722
-0.004234 -0.004777 7.034722
-0.004164 -0.004946 7.034722
-0.004103 -0.005119 7.034722
-0.004047 -0.005292 7.034722
-0.003987 -0.005465 7.034722
-0.003932 -0.005639 7.034722
-0.003876 -0.005813 7.034722
-0.003822 -0.005987 7.034722
-0.003774 -0.006163 7.034722
-0.003638 -0.006286 7.034722
-0.003458 -0.006258 7.034722
-0.003281 -0.006214 7.034722
-0.003105 -0.006165 7.034722
-0.002928 -0.006120 7.034722
-0.002749 -0.006083 7.034722
-0.002568 -0.006062 7.034722
-0.002386 -0.006043 7.034722
-0.002204 -0.006030 7.034722
-0.002021 -0.006022 7.034722
-0.001839 -0.006006 7.034722
-0.001658 -0.005985 7.034722
-0.001477 -0.005962 7.034722
-0.001296 -0.005937 7.034722
-0.001114 -0.005919 7.034722
-0.000933 -0.005892 7.034722
-0.000754 -0.005857 7.034722
-0.000573 -0.005833 7.034722
-0.000392 -0.005809 7.034722
-0.000211 -0.005787 7.034722
-0.000032 -0.005749 7.034722
0.000150 -0.005769 7.034722
0.000329 -0.005805 7.034722
0.000510 -0.005824 7.034722
0.000691 -0.005848 7.034722
0.000871 -0.005882 7.034722
0.001051 -0.005912 7.034722
0.001232 -0.005934 7.034722
0.001413 -0.005959 7.034722
0.001594 -0.005987 7.034722
0.001774 -0.006016 7.034722
0.001954 -0.006046 7.034722
0.002135 -0.006070 7.034722
0.002315 -0.006102 7.034722
0.002493 -0.006142 7.034722
0.002672 -0.006179 7.034722
0.002850 -0.006222 7.034722
0.003027 -0.006264 7.034722
0.003205 -0.006306 7.034722
0.003382 -0.006352 7.034722
0.003555 -0.006294 7.034722
0.003624 -0.006125 7.034722
0.003690 -0.005954 7.034722
0.003750 -0.005782 7.034722
0.003809 -0.005609 7.034722
0.003872 -0.005438 7.034722
0.003949 -0.005272 7.034722
0.004027 -0.005107 7.034722
0.004107 -0.004943 7.034722
0.004193 -0.004781 7.034722
0.004271 -0.004616 7.034722
0.004344 -0.004449 7.034722
0.004415 -0.004280 7.034722
0.004485 -0.004112 7.034722
0.004558 -0.003944 7.034722
0.004629 -0.003776 7.034722
0.004684 -0.003602 7.034722
0.004759 -0.003436 7.034722
0.004821 -0.003264 7.034722
0.004901 -0.003099 7.034722
0.004948 -0.002923 7.034722
0.005049 -0.002771 7.034722
0.005178 -0.002642 7.034722
0.005278 -0.002489 7.034722
0.005394 -0.002348 7.034722
0.005510 -0.002206 7.034722
0.005628 -0.002067 7.034722
0.005737 -0.001920 7.034722
0.005849 -0.001776 7.034722
0.005962 -0.001633 7.034722
0.006076 -0.001491 7.034722
0.006191 -0.001349 7.034722
0.006301 -0.001202 7.034722
0.006415 -0.001060 7.034722
0.006536 -0.000923 7.034722
0.006656 -0.000785 7.034722
0.006780 -0.000651 7.034722
0.006905 -0.000518 7.034722
0.007031 -0.000386 7.034722
0.007159 -0.000255 7.034722
0.007193 -0.000076 7.034722

