0.007480 -0.000082 8.095486
0.007347 0.000055 8.095486
0.007217 0.000195 8.095486
0.007087 0.000335 8.095486
0.006959 0.000476 8.095486
0.006838 0.000624 8.095486
0.006711 0.000767 8.095486
0.006583 0.000908 8.095486
0.006460 0.001054 8.095486
0.006343 0.001205 8.095486
0.006229 0.001358 8.095486
0.006126 0.001519 8.095486
0.006017 0.001675 8.095486
0.005927 0.001844 8.095486
0.005812 0.001996 8.095486
0.005707 0.002156 8.095486
0.005584 0.002302 8.095486
0.005486 0.002466 8.095486
0.005360 0.002609 8.095486
0.005250 0.002765 8.095486
0.005122 0.002907 8.095486
0.005041 0.003080 8.095486
0.004984 0.003262 8.095486
0.004904 0.003435 8.095486
0.004838 0.003615 8.095486
0.004750 0.003784 8.095486
0.004696 0.003967 8.095486
0.004609 0.004137 8.095486
0.004537 0.004314 8.095486
0.004457 0.004487 8.095486
0.004391 0.004666 8.095486
0.004320 0.004844 8.095486
0.004256 0.005023 8.095486
0.004191 0.005203 8.095486
0.004137 0.005386 8.095486
0.004088 0.005570 8.095486
0.004033 0.005754 8.095486
0.003982 0.005937 8.095486
0.003930 0.006121 8.095486
0.003873 0.006303 8.095486
0.003722 0.006420 8.095486
0.003536 0.006375 8.095486
0.003350 0.006336 8.095486
0.003164 0.006292 8.095486
0.002978 0.006246 8.095486
0.002792 0.006206 8.095486
0.002605 0.006165 8.095486
0.002417 0.006134 8.095486
0.002227 0.006119 8.095486
0.002036 0.006105 8.095486
0.001845 0.006095 8.095486
0.001655 0.006078 8.095486
0.001465 0.006068 8.095486
0.001275 0.006050 8.095486
0.001084 0.006044 8.095486
0.000898 0.006001 8.095486
0.000707 0.005996 8.095486
0.000519 0.005961 8.095486
0.000329 0.005946 8.095486
0.000143 0.005903 8.095486
-0.000048 0.005889 8.095486
-0.000234 0.005930 8.095486
-0.000424 0.005946 8.095486
-0.000611 0.005985 8.095486
-0.000802 0.005986 8.095486
-0.000990 0.006021 8.095486
-0.001180 0.006031 8.095486
-0.001370 0.006052 8.095486
-0.001561 0.006050 8.095486
-0.001751 0.006070 8.095486
-0.001941 0.006085 8.095486
-0.002130 0.006113 8.095486
-0.002319 0.006143 8.095486
-0.002507 0.006175 8.095486
-0.002694 0.006211 8.095486
-0.002883 0.006239 8.095486
-0.003072 0.006265 8.095486
-0.003259 0.006304 8.095486
-0.003445 0.006349 8.095486
-0.003630 0.006394 8.095486
-0.003816 0.006440 8.095486
-0.003965 0.006321 8.095486
-0.004022 0.006139 8.095486
-0.004073 0.005955 8.095486
-0.004125 0.005771 8.095486
-0.004179 0.005588 8.095486
-0.004226 0.005403 8.095486
-0.004279 0.005220 8.095486
-0.004337 0.005038 8.095486
-0.004390 0.004854 8.095486
-0.004448 0.004672 8.095486
-0.004504 0.004490 8.095486
-0.004571 0.004311 8.095486
-0.004637 0.004132 8.095486
-0.004716 0.003958 8.095486
-0.004764 0.003773 8.095486
-0.004853 0.003604 8.095486
-0.004911 0.003422 8.095486
-0.004994 0.003251 8.095486
-0.005046 0.003067 8.095486
-0.005131 0.002896 8.095486
-0.005263 0.002758 8.095486
-0.005370 0.002600 8.095486
-0.005501 0.002461 8.095486
-0.005598 0.002297 8.095486
-0.005729 0.002157 8.095486
-0.005839 0.002001 8.095486
-0.005959 0.001853 8.095486
-0.006067 0.001696 8.095486
-0.006194 0.001553 8.095486
-0.006314 0.001405 8.095486
-0.006441 0.001262 8.095486
-0.006567 0.001118 8.095486
-0.006694 0.000976 8.095486
-0.006826 0.000838 8.095486
-0.006959 0.000701 8.095486
-0.007088 0.000561 8.095486
-0.007222 0.000424 8.095486
-0.007353 0.000286 8.095486
-0.007483 0.000145 8.095486
-0.007507 -0.000044 8.095486
-0.007374 -0.000181 8.095486
-0.007249 -0.000325 8.095486
-0.007122 -0.000468 8.095486
-0.006990 -0.000606 8.095486
-0.006855 -0.000741 8.095486
-0.006715 -0.000870 8.095486
-0.006578 -0.001004 8.095486
-0.006452 -0.001147 8.095486
-0.006328 -0.001292 8.095486
-0.006215 -0.001446 8.095486
-0.006098 -0.001597 8.095486
-0.005995 -0.001758 8.095486
-0.005882 -0.001912 8.095486
-0.005784 -0.002075 8.095486
-0.005655 -0.002216 8.095486
-0.005553 -0.002378 8.095486
-0.005433 -0.002526 8.095486
-0.005323 -0.002682 8.095486
-0.005194 -0.002823 8.095486
-0.005086 -0.002980 8.095486
-0.005028 -0.003162 8.095486
-0.004951 -0.003337 8.095486
-0.004892 -0.003518 8.095486
-0.004806 -0.003689 8.095486
-0.004750 -0.003871 8.095486
-0.004676 -0.004047 8.095486
-0.004619 -0.004230 8.095486
-0.004540 -0.004403 8.095486
-0.004490 -0.004588 8.095486
-0.004425 -0.004767 8.095486
-0.004372 -0.004951 8.095486
-0.004313 -0.005132 8.095486
-0.004254 -0.005314 8.095486
-0.004200 -0.005497 8.095486
-0.004151 -0.005681 8.095486
-0.004096 -0.005864 8.095486
-0.004045 -0.006048 8.095486
-0.003992 -0.006232 8.095486
-0.003934 -0.006414 8.095486
-0.003783 -0.006531 8.095486
-0.003599 -0.006481 8.095486
-0.003414 -0.006434 8.095486
-0.003227 -0.006393 8.095486
-0.003039 -0.006361 8.095486
-0.002850 -0.006334 8.095486
-0.002664 -0.006290 8.095486
-0.002480 -0.006241 8.095486
-0.002294 -0.006196 8.095486
-0.002108 -0.006152 8.095486
-0.001922 -0.006112 8.095486
-0.001733 -0.006083 8.095486
-0.001544 -0.006055 8.095486
-0.001353 -0.006047 8.095486
-0.001163 -0.006031 8.095486
-0.000973 -0.006018 8.095486
-0.000784 -0.005987 8.095486
-0.000593 -0.005982 8.095486
-0.000405 -0.005951 8.095486
-0.000215 -0.005930 8.095486
-0.000028 -0.005896 8.095486
0.000162 -0.005918 8.095486
0.000349 -0.005956 8.095486
0.000539 -0.005977 8.095486
0.000727 -0.006009 8.095486
0.000917 -0.006027 8.095486
0.001102 -0.006075 8.095486
0.001292 -0.006098 8.095486
0.001480 -0.006132 8.095486
0.001667 -0.006169 8.095486
0.001853 -0.006212 8.095486
0.002039 -0.006256 8.095486
0.002224 -0.006303 8.095486
0.002410 -0.006344 8.095486
0.002596 -0.006389 8.095486
0.002780 -0.006438 8.095486
0.002966 -0.006481 8.095486
0.003151 -0.006527 8.095486
0.003337 -0.006574 8.095486
0.003523 -0.006616 8.095486
0.003700 -0.006545 8.095486
0.003752 -0.006361 8.095486
0.003805 -0.006178 8.095486
0.003858 -0.005994 8.095486
0.003914 -0.005812 8.095486
0.003984 -0.005634 8.095486
0.004052 -0.005456 8.095486
0.004115 -0.005275 8.095486
0.004177 -0.005095 8.095486
0.004242 -0.004915 8.095486
0.004303 -0.004735 8.095486
0.004380 -0.004560 8.095486
0.004454 -0.004383 8.095486
0.004555 -0.004222 8.095486
0.004626 -0.004044 8.095486
0.004715 -0.003876 8.095486
0.004778 -0.003696 8.095486
0.004877 -0.003532 8.095486
0.004932 -0.003349 8.095486
0.005016 -0.003178 8.095486
0.005072 -0.002995 8.095486
0.005178 -0.002836 8.095486
0.005310 -0.002699 8.095486
0.005418 -0.002541 8.095486
0.005547 -0.002401 8.095486
0.005647 -0.002238 8.095486
0.005785 -0.002106 8.095486
0.005893 -0.001948 8.095486
0.006019 -0.001805 8.095486
0.006136 -0.001654 8.095486
0.006269 -0.001517 8.095486
0.006396 -0.001374 8.095486
0.006529 -0.001238 8.095486
0.006657 -0.001096 8.095486
0.006790 -0.000959 8.095486
0.006925 -0.000824 8.095486
0.007055 -0.000685 8.095486
0.007188 -0.000547 8.095486
0.007322 -0.000411 8.095486
0.007452 -0.000271 8.095486
0.007480 -0.000082 8.095486

