0.008190 0.000000 11.598958
0.008048 0.000159 11.598958
0.007889 0.000301 11.598958
0.007741 0.000455 11.598958
0.007581 0.000597 11.598958
0.007436 0.000753 11.598958
0.007274 0.000892 11.598958
0.007144 0.001061 11.598958
0.006979 0.001197 11.598958
0.006849 0.001366 11.598958
0.006687 0.001505 11.598958
0.006544 0.001663 11.598958
0.006399 0.001819 11.598958
0.006264 0.001985 11.598958
0.006119 0.002141 11.598958
0.005966 0.002289 11.598958
0.005832 0.002455 11.598958
0.005686 0.002612 11.598958
0.005541 0.002767 11.598958
0.005432 0.002951 11.598958
0.005378 0.003157 11.598958
0.005297 0.003354 11.598958
0.005230 0.003557 11.598958
0.005185 0.003766 11.598958
0.005106 0.003964 11.598958
0.005060 0.004172 11.598958
0.004987 0.004373 11.598958
0.004944 0.004582 11.598958
0.004886 0.004787 11.598958
0.004810 0.004986 11.598958
0.004753 0.005192 11.598958
0.004679 0.005392 11.598958
0.004621 0.005597 11.598958
0.004542 0.005796 11.598958
0.004486 0.006001 11.598958
0.004397 0.006195 11.598958
0.004336 0.006400 11.598958
0.004243 0.006591 11.598958
0.004178 0.006795 11.598958
0.004093 0.006991 11.598958
0.003940 0.007139 11.598958
0.003741 0.007061 11.598958
0.003539 0.006993 11.598958
0.003339 0.006919 11.598958
0.003133 0.006861 11.598958
0.002930 0.006797 11.598958
0.002724 0.006740 11.598958
0.002516 0.006694 11.598958
0.002312 0.006630 11.598958
0.002104 0.006584 11.598958
0.001894 0.006546 11.598958
0.001693 0.006476 11.598958
0.001480 0.006458 11.598958
0.001299 0.006571 11.598958
0.001163 0.006735 11.598958
0.000984 0.006620 11.598958
0.000791 0.006530 11.598958
0.000591 0.006456 11.598958
0.000390 0.006382 11.598958
0.000185 0.006324 11.598958
-0.000020 0.006267 11.598958
-0.000228 0.006316 11.598958
-0.000426 0.006395 11.598958
-0.000631 0.006455 11.598958
-0.000822 0.006550 11.598958
-0.001012 0.006647 11.598958
-0.001124 0.006465 11.598958
-0.001329 0.006404 11.598958
-0.001541 0.006427 11.598958
-0.001748 0.006479 11.598958
-0.001949 0.006549 11.598958
-0.002160 0.006582 11.598958
-0.002361 0.006653 11.598958
-0.002572 0.006687 11.598958
-0.002780 0.006736 11.598958
-0.002984 0.006796 11.598958
-0.003191 0.006848 11.598958
-0.003389 0.006927 11.598958
-0.003594 0.006987 11.598958
-0.003786 0.007080 11.598958
-0.003981 0.007166 11.598958
-0.004151 0.007036 11.598958
-0.004233 0.006840 11.598958
-0.004301 0.006637 11.598958
-0.004400 0.006448 11.598958
-0.004466 0.006245 11.598958
-0.004564 0.006056 11.598958
-0.004618 0.005850 11.598958
-0.004706 0.005655 11.598958
-0.004755 0.005448 11.598958
-0.004835 0.005250 11.598958
-0.004887 0.005043 11.598958
-0.004967 0.004845 11.598958
-0.005009 0.004636 11.598958
-0.005073 0.004433 11.598958
-0.005139 0.004230 11.598958
-0.005189 0.004022 11.598958
-0.005263 0.003822 11.598958
-0.005285 0.003610 11.598958
-0.005375 0.003416 11.598958
-0.005406 0.003205 11.598958
-0.005491 0.003010 11.598958
-0.005650 0.002867 11.598958
-0.005776 0.002696 11.598958
-0.005939 0.002558 11.598958
-0.006078 0.002396 11.598958
-0.006216 0.002233 11.598958
-0.006375 0.002091 11.598958
-0.006515 0.001930 11.598958
-0.006672 0.001785 11.598958
-0.006800 0.001615 11.598958
-0.006962 0.001476 11.598958
-0.007092 0.001307 11.598958
-0.007253 0.001166 11.598958
-0.007388 0.001001 11.598958
-0.007550 0.000863 11.598958
-0.007693 0.000704 11.598958
-0.007855 0.000565 11.598958
-0.007994 0.000404 11.598958
-0.008146 0.000254 11.598958
-0.008193 0.000046 11.598958
-0.008042 -0.000105 11.598958
-0.007908 -0.000272 11.598958
-0.007764 -0.000429 11.598958
-0.007639 -0.000601 11.598958
-0.007497 -0.000761 11.598958
-0.007378 -0.000938 11.598958
-0.007230 -0.001092 11.598958
-0.007096 -0.001258 11.598958
-0.006934 -0.001396 11.598958
-0.006800 -0.001562 11.598958
-0.006653 -0.001716 11.598958
-0.006523 -0.001886 11.598958
-0.006358 -0.002021 11.598958
-0.006223 -0.002186 11.598958
-0.006064 -0.002328 11.598958
-0.005917 -0.002483 11.598958
-0.005769 -0.002636 11.598958
-0.005600 -0.002767 11.598958
-0.005493 -0.002952 11.598958
-0.005465 -0.003163 11.598958
-0.005379 -0.003358 11.598958
-0.005321 -0.003563 11.598958
-0.005273 -0.003771 11.598958
-0.005195 -0.003970 11.598958
-0.005160 -0.004181 11.598958
-0.005073 -0.004375 11.598958
-0.005044 -0.004587 11.598958
-0.004970 -0.004787 11.598958
-0.004922 -0.004994 11.598958
-0.004842 -0.005192 11.598958
-0.004792 -0.005400 11.598958
-0.004716 -0.005599 11.598958
-0.004670 -0.005807 11.598958
-0.004598 -0.006008 11.598958
-0.004553 -0.006217 11.598958
-0.004482 -0.006418 11.598958
-0.004438 -0.006627 11.598958
-0.004362 -0.006826 11.598958
-0.004318 -0.007035 11.598958
-0.004138 -0.007149 11.598958
-0.003931 -0.007099 11.598958
-0.003727 -0.007036 11.598958
-0.003518 -0.006995 11.598958
-0.003311 -0.006941 11.598958
-0.003102 -0.006899 11.598958
-0.002896 -0.006845 11.598958
-0.002685 -0.006816 11.598958
-0.002477 -0.006765 11.598958
-0.002268 -0.006724 11.598958
-0.002064 -0.006662 11.598958
-0.001858 -0.006605 11.598958
-0.001649 -0.006563 11.598958
-0.001440 -0.006520 11.598958
-0.001230 -0.006484 11.598958
-0.001021 -0.006441 11.598958
-0.000812 -0.006397 11.598958
-0.000601 -0.006365 11.598958
-0.000412 -0.006267 11.598958
-0.000199 -0.006252 11.598958
-0.000001 -0.006331 11.598958
0.000212 -0.006351 11.598958
0.000412 -0.006425 11.598958
0.000619 -0.006474 11.598958
0.000828 -0.006518 11.598958
0.001031 -0.006584 11.598958
0.001242 -0.006611 11.598958
0.001444 -0.006681 11.598958
0.001653 -0.006724 11.598958
0.001861 -0.006771 11.598958
0.002070 -0.006816 11.598958
0.002278 -0.006860 11.598958
0.002486 -0.006909 11.598958
0.002696 -0.006948 11.598958
0.002901 -0.007006 11.598958
0.003112 -0.007038 11.598958
0.003318 -0.007092 11.598958
0.003530 -0.007121 11.598958
0.003739 -0.007163 11.598958
0.003949 -0.007201 11.598958
0.004143 -0.007115 11.598958
0.004195 -0.006908 11.598958
0.004224 -0.006696 11.598958
0.004288 -0.006493 11.598958
0.004326 -0.006283 11.598958
0.004400 -0.006083 11.598958
0.004435 -0.005872 11.598958
0.004518 -0.005676 11.598958
0.004567 -0.005468 11.598958
0.004636 -0.005266 11.598958
0.004691 -0.005060 11.598958
0.004745 -0.004854 11.598958
0.004816 -0.004653 11.598958
0.004849 -0.004442 11.598958
0.004950 -0.004254 11.598958
0.004977 -0.004042 11.598958
0.005083 -0.003857 11.598958
0.005291 -0.003810 11.598958
0.005357 -0.003607 11.598958
0.005351 -0.003394 11.598958
0.005408 -0.003188 11.598958
0.005555 -0.003034 11.598958
0.005685 -0.002865 11.598958
0.005849 -0.002728 11.598958
0.005989 -0.002567 11.598958
0.006145 -0.002422 11.598958
0.006285 -0.002261 11.598958
0.006428 -0.002102 11.598958
0.006587 -0.001960 11.598958
0.006723 -0.001796 11.598958
0.006875 -0.001646 11.598958
0.007007 -0.001479 11.598958
0.007164 -0.001334 11.598958
0.007291 -0.001163 11.598958
0.007450 -0.001021 11.598958
0.007575 -0.000848 11.598958
0.007731 -0.000702 11.598958
0.007857 -0.000530 11.598958
0.008003 -0.000374 11.598958
0.008133 -0.000206 11.598958
0.008190 0.000000 11.598958

