0.007000 -0.000021 6.230903
0.006906 0.000129 6.230903
0.006816 0.000281 6.230903
0.006720 0.000430 6.230903
0.006617 0.000574 6.230903
0.006516 0.000719 6.230903
0.006410 0.000861 6.230903
0.006303 0.001002 6.230903
0.006192 0.001139 6.230903
0.006082 0.001278 6.230903
0.005977 0.001421 6.230903
0.005866 0.001558 6.230903
0.005753 0.001695 6.230903
0.005642 0.001832 6.230903
0.005532 0.001971 6.230903
0.005427 0.002114 6.230903
0.005315 0.002251 6.230903
0.005198 0.002384 6.230903
0.005089 0.002523 6.230903
0.004983 0.002665 6.230903
0.004872 0.002803 6.230903
0.004805 0.002966 6.230903
0.004736 0.003129 6.230903
0.004669 0.003293 6.230903
0.004613 0.003461 6.230903
0.004551 0.003627 6.230903
0.004480 0.003789 6.230903
0.004414 0.003953 6.230903
0.004350 0.004118 6.230903
0.004289 0.004284 6.230903
0.004226 0.004450 6.230903
0.004155 0.004612 6.230903
0.004090 0.004776 6.230903
0.004028 0.004942 6.230903
0.003960 0.005106 6.230903
0.003893 0.005269 6.230903
0.003821 0.005431 6.230903
0.003754 0.005595 6.230903
0.003684 0.005758 6.230903
0.003612 0.005919 6.230903
0.003503 0.006058 6.230903
0.003327 0.006075 6.230903
0.003150 0.006062 6.230903
0.002974 0.006045 6.230903
0.002798 0.006023 6.230903
0.002622 0.006005 6.230903
0.002447 0.005982 6.230903
0.002271 0.005959 6.230903
0.002097 0.005931 6.230903
0.001922 0.005905 6.230903
0.001746 0.005885 6.230903
0.001571 0.005857 6.230903
0.001396 0.005828 6.230903
0.001222 0.005800 6.230903
0.001046 0.005775 6.230903
0.000871 0.005755 6.230903
0.000696 0.005726 6.230903
0.000522 0.005691 6.230903
0.000347 0.005667 6.230903
0.000171 0.005646 6.230903
-0.000004 0.005620 6.230903
-0.000179 0.005647 6.230903
-0.000354 0.005668 6.230903
-0.000530 0.005693 6.230903
-0.000703 0.005727 6.230903
-0.000878 0.005756 6.230903
-0.001054 0.005776 6.230903
-0.001229 0.005801 6.230903
-0.001404 0.005829 6.230903
-0.001578 0.005858 6.230903
-0.001753 0.005886 6.230903
-0.001929 0.005905 6.230903
-0.002104 0.005931 6.230903
-0.002279 0.005959 6.230903
-0.002454 0.005981 6.230903
-0.002630 0.006002 6.230903
-0.002806 0.006017 6.230903
-0.002983 0.006033 6.230903
-0.003159 0.006042 6.230903
-0.003336 0.006044 6.230903
-0.003513 0.006057 6.230903
-0.003642 0.005936 6.230903
-0.003702 0.005770 6.230903
-0.003763 0.005604 6.230903
-0.003826 0.005438 6.230903
-0.003895 0.005275 6.230903
-0.003961 0.005111 6.230903
-0.004027 0.004947 6.230903
-0.004089 0.004781 6.230903
-0.004154 0.004616 6.230903
-0.004225 0.004454 6.230903
-0.004287 0.004289 6.230903
-0.004349 0.004123 6.230903
-0.004413 0.003958 6.230903
-0.004478 0.003793 6.230903
-0.004549 0.003631 6.230903
-0.004611 0.003465 6.230903
-0.004668 0.003298 6.230903
-0.004734 0.003134 6.230903
-0.004804 0.002971 6.230903
-0.004870 0.002807 6.230903
-0.004980 0.002668 6.230903
-0.005086 0.002527 6.230903
-0.005195 0.002387 6.230903
-0.005312 0.002254 6.230903
-0.005424 0.002117 6.230903
-0.005529 0.001975 6.230903
-0.005639 0.001836 6.230903
-0.005750 0.001698 6.230903
-0.005863 0.001562 6.230903
-0.005975 0.001425 6.230903
-0.006080 0.001282 6.230903
-0.006190 0.001144 6.230903
-0.006302 0.001007 6.230903
-0.006410 0.000867 6.230903
-0.006518 0.000727 6.230903
-0.006623 0.000584 6.230903
-0.006731 0.000444 6.230903
-0.006838 0.000303 6.230903
-0.006944 0.000162 6.230903
-0.006998 -0.000007 6.230903
-0.006912 -0.000162 6.230903
-0.006816 -0.000311 6.230903
-0.006714 -0.000455 6.230903
-0.006608 -0.000597 6.230903
-0.006505 -0.000741 6.230903
-0.006397 -0.000881 6.230903
-0.006289 -0.001022 6.230903
-0.006177 -0.001159 6.230903
-0.006068 -0.001298 6.230903
-0.005963 -0.001440 6.230903
-0.005851 -0.001577 6.230903
-0.005738 -0.001713 6.230903
-0.005627 -0.001851 6.230903
-0.005517 -0.001990 6.230903
-0.005412 -0.002133 6.230903
-0.005299 -0.002269 6.230903
-0.005183 -0.002402 6.230903
-0.005074 -0.002542 6.230903
-0.004967 -0.002683 6.230903
-0.004860 -0.002824 6.230903
-0.004797 -0.002989 6.230903
-0.004727 -0.003152 6.230903
-0.004661 -0.003316 6.230903
-0.004605 -0.003484 6.230903
-0.004542 -0.003649 6.230903
-0.004471 -0.003811 6.230903
-0.004406 -0.003976 6.230903
-0.004342 -0.004141 6.230903
-0.004281 -0.004307 6.230903
-0.004218 -0.004472 6.230903
-0.004147 -0.004634 6.230903
-0.004083 -0.004799 6.230903
-0.004021 -0.004965 6.230903
-0.003955 -0.005129 6.230903
-0.003890 -0.005294 6.230903
-0.003822 -0.005458 6.230903
-0.003762 -0.005624 6.230903
-0.003702 -0.005791 6.230903
-0.003644 -0.005958 6.230903
-0.003507 -0.006070 6.230903
-0.003333 -0.006042 6.230903
-0.003156 -0.006035 6.230903
-0.002979 -0.006027 6.230903
-0.002803 -0.006013 6.230903
-0.002626 -0.006000 6.230903
-0.002450 -0.005979 6.230903
-0.002275 -0.005958 6.230903
-0.002100 -0.005930 6.230903
-0.001925 -0.005905 6.230903
-0.001749 -0.005886 6.230903
-0.001574 -0.005857 6.230903
-0.001400 -0.005828 6.230903
-0.001225 -0.005801 6.230903
-0.001050 -0.005775 6.230903
-0.000874 -0.005755 6.230903
-0.000699 -0.005727 6.230903
-0.000526 -0.005692 6.230903
-0.000350 -0.005667 6.230903
-0.000175 -0.005646 6.230903
0.000000 -0.005621 6.230903
0.000176 -0.005646 6.230903
0.000351 -0.005667 6.230903
0.000527 -0.005692 6.230903
0.000700 -0.005727 6.230903
0.000875 -0.005756 6.230903
0.001051 -0.005776 6.230903
0.001226 -0.005801 6.230903
0.001401 -0.005829 6.230903
0.001575 -0.005858 6.230903
0.001750 -0.005887 6.230903
0.001926 -0.005907 6.230903
0.002101 -0.005933 6.230903
0.002275 -0.005963 6.230903
0.002450 -0.005988 6.230903
0.002625 -0.006014 6.230903
0.002801 -0.006037 6.230903
0.002975 -0.006069 6.230903
0.003149 -0.006102 6.230903
0.003322 -0.006138 6.230903
0.003490 -0.006082 6.230903
0.003557 -0.005918 6.230903
0.003640 -0.005762 6.230903
0.003723 -0.005605 6.230903
0.003799 -0.005446 6.230903
0.003876 -0.005286 6.230903
0.003947 -0.005124 6.230903
0.004017 -0.004962 6.230903
0.004080 -0.004796 6.230903
0.004146 -0.004632 6.230903
0.004217 -0.004470 6.230903
0.004281 -0.004305 6.230903
0.004343 -0.004139 6.230903
0.004406 -0.003974 6.230903
0.004471 -0.003809 6.230903
0.004542 -0.003647 6.230903
0.004605 -0.003482 6.230903
0.004662 -0.003314 6.230903
0.004727 -0.003150 6.230903
0.004798 -0.002987 6.230903
0.004861 -0.002822 6.230903
0.004969 -0.002682 6.230903
0.005076 -0.002541 6.230903
0.005184 -0.002401 6.230903
0.005301 -0.002268 6.230903
0.005413 -0.002131 6.230903
0.005519 -0.001989 6.230903
0.005628 -0.001850 6.230903
0.005739 -0.001712 6.230903
0.005852 -0.001576 6.230903
0.005964 -0.001439 6.230903
0.006069 -0.001296 6.230903
0.006179 -0.001158 6.230903
0.006292 -0.001021 6.230903
0.006401 -0.000882 6.230903
0.006510 -0.000743 6.230903
0.006617 -0.000601 6.230903
0.006728 -0.000464 6.230903
0.006841 -0.000327 6.230903
0.006955 -0.000192 6.230903
0.007000 -0.000021 6.230903

