0.006247 -0.000000 2.388889
0.006195 0.000149 2.388889
0.006095 0.000272 2.388889
0.005995 0.000394 2.388889
0.005896 0.000518 2.388889
0.005801 0.000644 2.388889
0.005703 0.000768 2.388889
0.005599 0.000887 2.388889
0.005496 0.001007 2.388889
0.005399 0.001132 2.388889
0.005308 0.001261 2.388889
0.005213 0.001387 2.388889
0.005111 0.001508 2.388889
0.005004 0.001624 2.388889
0.004897 0.001741 2.388889
0.004792 0.001859 2.388889
0.004692 0.001981 2.388889
0.004596 0.002107 2.388889
0.004507 0.002237 2.388889
0.004421 0.002370 2.388889
0.004339 0.002505 2.388889
0.004263 0.002644 2.388889
0.004191 0.002784 2.388889
0.004123 0.002927 2.388889
0.004061 0.003073 2.388889
0.004006 0.003221 2.388889
0.003956 0.003371 2.388889
0.003909 0.003522 2.388889
0.003861 0.003672 2.388889
0.003808 0.003821 2.388889
0.003746 0.003966 2.388889
0.003680 0.004110 2.388889
0.003620 0.004256 2.388889
0.003568 0.004406 2.388889
0.003517 0.004555 2.388889
0.003458 0.004702 2.388889
0.003396 0.004847 2.388889
0.003338 0.004994 2.388889
0.003284 0.005143 2.388889
0.003227 0.005290 2.388889
0.003123 0.005410 2.388889
0.002968 0.005439 2.388889
0.002812 0.005415 2.388889
0.002656 0.005388 2.388889
0.002500 0.005365 2.388889
0.002343 0.005346 2.388889
0.002187 0.005323 2.388889
0.002031 0.005293 2.388889
0.001876 0.005263 2.388889
0.001719 0.005242 2.388889
0.001562 0.005227 2.388889
0.001405 0.005208 2.388889
0.001250 0.005180 2.388889
0.001095 0.005146 2.388889
0.000941 0.005112 2.388889
0.000786 0.005080 2.388889
0.000630 0.005053 2.388889
0.000473 0.005034 2.388889
0.000316 0.005021 2.388889
0.000158 0.005014 2.388889
-0.000000 0.005010 2.388889
-0.000158 0.005014 2.388889
-0.000316 0.005021 2.388889
-0.000473 0.005034 2.388889
-0.000630 0.005053 2.388889
-0.000786 0.005080 2.388889
-0.000941 0.005112 2.388889
-0.001095 0.005146 2.388889
-0.001250 0.005180 2.388889
-0.001405 0.005208 2.388889
-0.001562 0.005227 2.388889
-0.001719 0.005242 2.388889
-0.001876 0.005263 2.388889
-0.002031 0.005293 2.388889
-0.002187 0.005323 2.388889
-0.002343 0.005346 2.388889
-0.002500 0.005365 2.388889
-0.002656 0.005388 2.388889
-0.002812 0.005415 2.388889
-0.002968 0.005439 2.388889
-0.003123 0.005410 2.388889
-0.003227 0.005290 2.388889
-0.003284 0.005143 2.388889
-0.003338 0.004994 2.388889
-0.003396 0.004847 2.388889
-0.003458 0.004702 2.388889
-0.003517 0.004555 2.388889
-0.003568 0.004406 2.388889
-0.003620 0.004256 2.388889
-0.003680 0.004110 2.388889
-0.003746 0.003966 2.388889
-0.003808 0.003821 2.388889
-0.003861 0.003672 2.388889
-0.003909 0.003522 2.388889
-0.003956 0.003371 2.388889
-0.004006 0.003221 2.388889
-0.004061 0.003073 2.388889
-0.004123 0.002927 2.388889
-0.004191 0.002784 2.388889
-0.004263 0.002644 2.388889
-0.004339 0.002505 2.388889
-0.004421 0.002370 2.388889
-0.004507 0.002237 2.388889
-0.004596 0.002107 2.388889
-0.004692 0.001981 2.388889
-0.004792 0.001859 2.388889
-0.004897 0.001741 2.388889
-0.005004 0.001624 2.388889
-0.005111 0.001508 2.388889
-0.005213 0.001387 2.388889
-0.005308 0.001261 2.388889
-0.005399 0.001132 2.388889
-0.005496 0.001007 2.388889
-0.005599 0.000887 2.388889
-0.005703 0.000768 2.388889
-0.005801 0.000644 2.388889
-0.005896 0.000518 2.388889
-0.005995 0.000394 2.388889
-0.006095 0.000272 2.388889
-0.006195 0.000149 2.388889
-0.006247 0.000000 2.388889
-0.006195 -0.000149 2.388889
-0.006095 -0.000272 2.388889
-0.005995 -0.000394 2.388889
-0.005896 -0.000518 2.388889
-0.005801 -0.000644 2.388889
-0.005703 -0.000768 2.388889
-0.005599 -0.000887 2.388889
-0.005496 -0.001007 2.388889
-0.005399 -0.001132 2.388889
-0.005308 -0.001261 2.388889
-0.005213 -0.001387 2.388889
-0.005111 -0.001508 2.388889
-0.005004 -0.001624 2.388889
-0.004897 -0.001741 2.388889
-0.004792 -0.001859 2.388889
-0.004692 -0.001981 2.388889
-0.004596 -0.002107 2.388889
-0.004507 -0.002237 2.388889
-0.004421 -0.002370 2.388889
-0.004339 -0.002505 2.388889
-0.004263 -0.002644 2.388889
-0.004191 -0.002784 2.388889
-0.004123 -0.002927 2.388889
-0.004061 -0.003073 2.388889
-0.004006 -0.003221 2.388889
-0.003956 -0.003371 2.388889
-0.003909 -0.003522 2.388889
-0.003861 -0.003672 2.388889
-0.003808 -0.003821 2.388889
-0.003746 -0.003966 2.388889
-0.003680 -0.004110 2.388889
-0.003620 -0.004256 2.388889
-0.003568 -0.004406 2.388889
-0.003517 -0.004555 2.388889
-0.003458 -0.004702 2.388889
-0.003396 -0.004847 2.388889
-0.003338 -0.004994 2.388889
-0.003284 -0.005143 2.388889
-0.003227 -0.005290 2.388889
-0.003123 -0.005410 2.388889
-0.002968 -0.005439 2.388889
-0.002812 -0.005415 2.388889
-0.002656 -0.005388 2.388889
-0.002500 -0.005365 2.388889
-0.002343 -0.005346 2.388889
-0.002187 -0.005323 2.388889
-0.002031 -0.005293 2.388889
-0.001876 -0.005263 2.388889
-0.001719 -0.005242 2.388889
-0.001562 -0.005227 2.388889
-0.001405 -0.005208 2.388889
-0.001250 -0.005180 2.388889
-0.001095 -0.005146 2.388889
-0.000941 -0.005112 2.388889
-0.000786 -0.005080 2.388889
-0.000630 -0.005053 2.388889
-0.000473 -0.005034 2.388889
-0.000316 -0.005021 2.388889
-0.000158 -0.005014 2.388889
0.000000 -0.005010 2.388889
0.000158 -0.005014 2.388889
0.000316 -0.005021 2.388889
0.000473 -0.005034 2.388889
0.000630 -0.005053 2.388889
0.000786 -0.005080 2.388889
0.000941 -0.005112 2.388889
0.001095 -0.005146 2.388889
0.001250 -0.005180 2.388889
0.001405 -0.005208 2.388889
0.001562 -0.005227 2.388889
0.001719 -0.005242 2.388889
0.001876 -0.005263 2.388889
0.002031 -0.005293 2.388889
0.002187 -0.005323 2.388889
0.002343 -0.005346 2.388889
0.002500 -0.005365 2.388889
0.002656 -0.005388 2.388889
0.002812 -0.005415 2.388889
0.002968 -0.005439 2.388889
0.003123 -0.005410 2.388889
0.003227 -0.005290 2.388889
0.003284 -0.005143 2.388889
0.003338 -0.004994 2.388889
0.003396 -0.004847 2.388889
0.003458 -0.004702 2.388889
0.003517 -0.004555 2.388889
0.003568 -0.004406 2.388889
0.003620 -0.004256 2.388889
0.003680 -0.004110 2.388889
0.003746 -0.003966 2.388889
0.003808 -0.003821 2.388889
0.003861 -0.003672 2.388889
0.003909 -0.003522 2.388889
0.003956 -0.003371 2.388889
0.004006 -0.003221 2.388889
0.004061 -0.003073 2.388889
0.004123 -0.002927 2.388889
0.004191 -0.002784 2.388889
0.004263 -0.002644 2.388889
0.004339 -0.002505 2.388889
0.004421 -0.002370 2.388889
0.004507 -0.002237 2.388889
0.004596 -0.002107 2.388889
0.004692 -0.001981 2.388889
0.004792 -0.001859 2.388889
0.004897 -0.001741 2.388889
0.005004 -0.001624 2.388889
0.005111 -0.001508 2.388889
0.005213 -0.001387 2.388889
0.005308 -0.001261 2.388889
0.005399 -0.001132 2.388889
0.005496 -0.001007 2.388889
0.005599 -0.000887 2.388889
0.005703 -0.000768 2.388889
0.005801 -0.000644 2.388889
0.005896 -0.000518 2.388889
0.005995 -0.000394 2.388889
0.006095 -0.000272 2.388889
0.006195 -0.000149 2.388889
0.006247 -0.000000 2.388889

