0.007719 -0.000075 9.130208
0.007584 0.000070 9.130208
0.007446 0.000212 9.130208
0.007312 0.000357 9.130208
0.007177 0.000502 9.130208
0.007039 0.000643 9.130208
0.006901 0.000785 9.130208
0.006774 0.000937 9.130208
0.006640 0.001082 9.130208
0.006512 0.001234 9.130208
0.006376 0.001377 9.130208
0.006250 0.001529 9.130208
0.006112 0.001671 9.130208
0.006019 0.001846 9.130208
0.005891 0.001997 9.130208
0.005793 0.002169 9.130208
0.005671 0.002325 9.130208
0.005563 0.002491 9.130208
0.005438 0.002644 9.130208
0.005334 0.002812 9.130208
0.005214 0.002970 9.130208
0.005134 0.003151 9.130208
0.005062 0.003335 9.130208
0.004975 0.003513 9.130208
0.004913 0.003701 9.130208
0.004823 0.003877 9.130208
0.004754 0.004063 9.130208
0.004677 0.004245 9.130208
0.004628 0.004437 9.130208
0.004547 0.004617 9.130208
0.004502 0.004810 9.130208
0.004435 0.004996 9.130208
0.004393 0.005189 9.130208
0.004335 0.005379 9.130208
0.004283 0.005570 9.130208
0.004221 0.005758 9.130208
0.004167 0.005948 9.130208
0.004105 0.006136 9.130208
0.004043 0.006324 9.130208
0.003986 0.006513 9.130208
0.003832 0.006637 9.130208
0.003640 0.006590 9.130208
0.003449 0.006538 9.130208
0.003256 0.006492 9.130208
0.003063 0.006449 9.130208
0.002871 0.006402 9.130208
0.002677 0.006362 9.130208
0.002485 0.006314 9.130208
0.002292 0.006271 9.130208
0.002101 0.006217 9.130208
0.001906 0.006184 9.130208
0.001712 0.006149 9.130208
0.001515 0.006127 9.130208
0.001317 0.006123 9.130208
0.001125 0.006170 9.130208
0.000934 0.006119 9.130208
0.000737 0.006101 9.130208
0.000544 0.006057 9.130208
0.000346 0.006046 9.130208
0.000151 0.006015 9.130208
-0.000046 0.005999 9.130208
-0.000242 0.006028 9.130208
-0.000440 0.006032 9.130208
-0.000635 0.006069 9.130208
-0.000832 0.006086 9.130208
-0.001024 0.006134 9.130208
-0.001219 0.006101 9.130208
-0.001415 0.006123 9.130208
-0.001610 0.006156 9.130208
-0.001804 0.006197 9.130208
-0.002000 0.006222 9.130208
-0.002193 0.006267 9.130208
-0.002390 0.006289 9.130208
-0.002583 0.006331 9.130208
-0.002778 0.006367 9.130208
-0.002968 0.006420 9.130208
-0.003160 0.006471 9.130208
-0.003353 0.006514 9.130208
-0.003546 0.006557 9.130208
-0.003738 0.006603 9.130208
-0.003931 0.006647 9.130208
-0.004085 0.006523 9.130208
-0.004142 0.006333 9.130208
-0.004205 0.006145 9.130208
-0.004263 0.005956 9.130208
-0.004318 0.005766 9.130208
-0.004379 0.005578 9.130208
-0.004431 0.005387 9.130208
-0.004487 0.005197 9.130208
-0.004534 0.005005 9.130208
-0.004598 0.004818 9.130208
-0.004640 0.004624 9.130208
-0.004714 0.004441 9.130208
-0.004742 0.004245 9.130208
-0.004819 0.004063 9.130208
-0.004872 0.003872 9.130208
-0.004954 0.003692 9.130208
-0.005002 0.003500 9.130208
-0.005089 0.003322 9.130208
-0.005148 0.003133 9.130208
-0.005234 0.002955 9.130208
-0.005365 0.002807 9.130208
-0.005470 0.002639 9.130208
-0.005606 0.002495 9.130208
-0.005717 0.002331 9.130208
-0.005850 0.002185 9.130208
-0.005960 0.002020 9.130208
-0.006110 0.001891 9.130208
-0.006229 0.001733 9.130208
-0.006371 0.001595 9.130208
-0.006496 0.001442 9.130208
-0.006642 0.001308 9.130208
-0.006772 0.001159 9.130208
-0.006914 0.001021 9.130208
-0.007045 0.000873 9.130208
-0.007182 0.000730 9.130208
-0.007318 0.000586 9.130208
-0.007450 0.000439 9.130208
-0.007584 0.000293 9.130208
-0.007721 0.000151 9.130208
-0.007757 -0.000044 9.130208
-0.007625 -0.000191 9.130208
-0.007487 -0.000333 9.130208
-0.007348 -0.000473 9.130208
-0.007212 -0.000618 9.130208
-0.007077 -0.000762 9.130208
-0.006953 -0.000916 9.130208
-0.006814 -0.001057 9.130208
-0.006678 -0.001201 9.130208
-0.006528 -0.001330 9.130208
-0.006394 -0.001476 9.130208
-0.006250 -0.001611 9.130208
-0.006127 -0.001766 9.130208
-0.005985 -0.001904 9.130208
-0.005880 -0.002072 9.130208
-0.005762 -0.002231 9.130208
-0.005658 -0.002399 9.130208
-0.005527 -0.002547 9.130208
-0.005421 -0.002714 9.130208
-0.005293 -0.002865 9.130208
-0.005191 -0.003035 9.130208
-0.005138 -0.003225 9.130208
-0.005050 -0.003403 9.130208
-0.005000 -0.003594 9.130208
-0.004924 -0.003777 9.130208
-0.004866 -0.003966 9.130208
-0.004789 -0.004148 9.130208
-0.004748 -0.004342 9.130208
-0.004680 -0.004528 9.130208
-0.004632 -0.004720 9.130208
-0.004560 -0.004904 9.130208
-0.004519 -0.005098 9.130208
-0.004453 -0.005285 9.130208
-0.004412 -0.005478 9.130208
-0.004349 -0.005666 9.130208
-0.004293 -0.005856 9.130208
-0.004235 -0.006045 9.130208
-0.004175 -0.006233 9.130208
-0.004114 -0.006422 9.130208
-0.004060 -0.006612 9.130208
-0.003909 -0.006739 9.130208
-0.003715 -0.006699 9.130208
-0.003522 -0.006655 9.130208
-0.003329 -0.006612 9.130208
-0.003137 -0.006563 9.130208
-0.002947 -0.006507 9.130208
-0.002755 -0.006460 9.130208
-0.002560 -0.006429 9.130208
-0.002365 -0.006393 9.130208
-0.002170 -0.006360 9.130208
-0.001979 -0.006308 9.130208
-0.001785 -0.006268 9.130208
-0.001595 -0.006213 9.130208
-0.001400 -0.006179 9.130208
-0.001211 -0.006121 9.130208
-0.001014 -0.006096 9.130208
-0.000818 -0.006073 9.130208
-0.000621 -0.006058 9.130208
-0.000424 -0.006035 9.130208
-0.000227 -0.006017 9.130208
-0.000029 -0.006010 9.130208
0.000165 -0.006050 9.130208
0.000361 -0.006076 9.130208
0.000555 -0.006112 9.130208
0.000748 -0.006156 9.130208
0.000944 -0.006184 9.130208
0.001137 -0.006227 9.130208
0.001331 -0.006267 9.130208
0.001519 -0.006330 9.130208
0.001714 -0.006364 9.130208
0.001904 -0.006419 9.130208
0.002098 -0.006459 9.130208
0.002289 -0.006509 9.130208
0.002481 -0.006556 9.130208
0.002673 -0.006604 9.130208
0.002867 -0.006646 9.130208
0.003059 -0.006693 9.130208
0.003252 -0.006735 9.130208
0.003446 -0.006775 9.130208
0.003638 -0.006822 9.130208
0.003824 -0.006753 9.130208
0.003884 -0.006564 9.130208
0.003938 -0.006374 9.130208
0.003997 -0.006185 9.130208
0.004055 -0.005996 9.130208
0.004108 -0.005805 9.130208
0.004155 -0.005613 9.130208
0.004219 -0.005426 9.130208
0.004276 -0.005236 9.130208
0.004354 -0.005054 9.130208
0.004408 -0.004864 9.130208
0.004491 -0.004684 9.130208
0.004530 -0.004490 9.130208
0.004609 -0.004309 9.130208
0.004669 -0.004120 9.130208
0.004763 -0.003946 9.130208
0.004839 -0.003763 9.130208
0.004950 -0.003599 9.130208
0.005015 -0.003412 9.130208
0.005106 -0.003237 9.130208
0.005175 -0.003051 9.130208
0.005290 -0.002891 9.130208
0.005421 -0.002742 9.130208
0.005533 -0.002578 9.130208
0.005674 -0.002440 9.130208
0.005790 -0.002279 9.130208
0.005927 -0.002137 9.130208
0.006046 -0.001979 9.130208
0.006203 -0.001858 9.130208
0.006323 -0.001701 9.130208
0.006472 -0.001571 9.130208
0.006599 -0.001419 9.130208
0.006744 -0.001284 9.130208
0.006877 -0.001137 9.130208
0.007017 -0.000998 9.130208
0.007149 -0.000850 9.130208
0.007288 -0.000709 9.130208
0.007421 -0.000563 9.130208
0.007553 -0.000415 9.130208
0.007688 -0.000270 9.130208
0.007719 -0.000075 9.130208

