0.006236 -0.000000 2.343750
0.006184 0.000149 2.343750
0.006085 0.000271 2.343750
0.005984 0.000393 2.343750
0.005887 0.000517 2.343750
0.005792 0.000643 2.343750
0.005693 0.000766 2.343750
0.005588 0.000884 2.343750
0.005487 0.001005 2.343750
0.005392 0.001131 2.343750
0.005301 0.001260 2.343750
0.005204 0.001384 2.343750
0.005100 0.001503 2.343750
0.004993 0.001619 2.343750
0.004887 0.001736 2.343750
0.004783 0.001855 2.343750
0.004685 0.001978 2.343750
0.004591 0.002105 2.343750
0.004504 0.002236 2.343750
0.004419 0.002369 2.343750
0.004338 0.002504 2.343750
0.004262 0.002643 2.343750
0.004188 0.002782 2.343750
0.004119 0.002924 2.343750
0.004055 0.003068 2.343750
0.003998 0.003215 2.343750
0.003947 0.003364 2.343750
0.003899 0.003515 2.343750
0.003852 0.003665 2.343750
0.003801 0.003815 2.343750
0.003741 0.003961 2.343750
0.003676 0.004104 2.343750
0.003613 0.004249 2.343750
0.003560 0.004397 2.343750
0.003509 0.004547 2.343750
0.003453 0.004694 2.343750
0.003392 0.004840 2.343750
0.003333 0.004986 2.343750
0.003277 0.005134 2.343750
0.003221 0.005281 2.343750
0.003118 0.005401 2.343750
0.002963 0.005430 2.343750
0.002807 0.005405 2.343750
0.002652 0.005379 2.343750
0.002495 0.005357 2.343750
0.002339 0.005338 2.343750
0.002183 0.005313 2.343750
0.002029 0.005281 2.343750
0.001873 0.005254 2.343750
0.001716 0.005236 2.343750
0.001559 0.005221 2.343750
0.001403 0.005199 2.343750
0.001248 0.005168 2.343750
0.001094 0.005134 2.343750
0.000940 0.005100 2.343750
0.000786 0.005070 2.343750
0.000630 0.005046 2.343750
0.000473 0.005029 2.343750
0.000315 0.005018 2.343750
0.000158 0.005012 2.343750
-0.000000 0.005009 2.343750
-0.000158 0.005012 2.343750
-0.000315 0.005018 2.343750
-0.000473 0.005029 2.343750
-0.000630 0.005046 2.343750
-0.000786 0.005070 2.343750
-0.000940 0.005100 2.343750
-0.001094 0.005134 2.343750
-0.001248 0.005168 2.343750
-0.001403 0.005199 2.343750
-0.001559 0.005221 2.343750
-0.001716 0.005236 2.343750
-0.001873 0.005254 2.343750
-0.002029 0.005281 2.343750
-0.002183 0.005313 2.343750
-0.002339 0.005338 2.343750
-0.002495 0.005357 2.343750
-0.002652 0.005379 2.343750
-0.002807 0.005405 2.343750
-0.002963 0.005430 2.343750
-0.003118 0.005401 2.343750
-0.003221 0.005281 2.343750
-0.003277 0.005134 2.343750
-0.003333 0.004986 2.343750
-0.003392 0.004840 2.343750
-0.003453 0.004694 2.343750
-0.003509 0.004547 2.343750
-0.003560 0.004397 2.343750
-0.003613 0.004249 2.343750
-0.003676 0.004104 2.343750
-0.003741 0.003961 2.343750
-0.003801 0.003815 2.343750
-0.003852 0.003665 2.343750
-0.003899 0.003515 2.343750
-0.003947 0.003364 2.343750
-0.003998 0.003215 2.343750
-0.004055 0.003068 2.343750
-0.004119 0.002924 2.343750
-0.004188 0.002782 2.343750
-0.004262 0.002643 2.343750
-0.004338 0.002504 2.343750
-0.004419 0.002369 2.343750
-0.004504 0.002236 2.343750
-0.004591 0.002105 2.343750
-0.004685 0.001978 2.343750
-0.004783 0.001855 2.343750
-0.004887 0.001736 2.343750
-0.004993 0.001619 2.343750
-0.005100 0.001503 2.343750
-0.005204 0.001384 2.343750
-0.005301 0.001260 2.343750
-0.005392 0.001131 2.343750
-0.005487 0.001005 2.343750
-0.005588 0.000884 2.343750
-0.005693 0.000766 2.343750
-0.005792 0.000643 2.343750
-0.005887 0.000517 2.343750
-0.005984 0.000393 2.343750
-0.006085 0.000271 2.343750
-0.006184 0.000149 2.343750
-0.006236 0.000000 2.343750
-0.006184 -0.000149 2.343750
-0.006085 -0.000271 2.343750
-0.005984 -0.000393 2.343750
-0.005887 -0.000517 2.343750
-0.005792 -0.000643 2.343750
-0.005693 -0.000766 2.343750
-0.005588 -0.000884 2.343750
-0.005487 -0.001005 2.343750
-0.005392 -0.001131 2.343750
-0.005301 -0.001260 2.343750
-0.005204 -0.001384 2.343750
-0.005100 -0.001503 2.343750
-0.004993 -0.001619 2.343750
-0.004887 -0.001736 2.343750
-0.004783 -0.001855 2.343750
-0.004685 -0.001978 2.343750
-0.004591 -0.002105 2.343750
-0.004504 -0.002236 2.343750
-0.004419 -0.002369 2.343750
-0.004338 -0.002504 2.343750
-0.004262 -0.002643 2.343750
-0.004188 -0.002782 2.343750
-0.004119 -0.002924 2.343750
-0.004055 -0.003068 2.343750
-0.003998 -0.003215 2.343750
-0.003947 -0.003364 2.343750
-0.003899 -0.003515 2.343750
-0.003852 -0.003665 2.343750
-0.003801 -0.003815 2.343750
-0.003741 -0.003961 2.343750
-0.003676 -0.004104 2.343750
-0.003613 -0.004249 2.343750
-0.003560 -0.004397 2.343750
-0.003509 -0.004547 2.343750
-0.003453 -0.004694 2.343750
-0.003392 -0.004840 2.343750
-0.003333 -0.004986 2.343750
-0.003277 -0.005134 2.343750
-0.003221 -0.005281 2.343750
-0.003118 -0.005401 2.343750
-0.002963 -0.005430 2.343750
-0.002807 -0.005405 2.343750
-0.002652 -0.005379 2.343750
-0.002495 -0.005357 2.343750
-0.002339 -0.005338 2.343750
-0.002183 -0.005313 2.343750
-0.002029 -0.005281 2.343750
-0.001873 -0.005254 2.343750
-0.001716 -0.005236 2.343750
-0.001559 -0.005221 2.343750
-0.001403 -0.005199 2.343750
-0.001248 -0.005168 2.343750
-0.001094 -0.005134 2.343750
-0.000940 -0.005100 2.343750
-0.000786 -0.005070 2.343750
-0.000630 -0.005046 2.343750
-0.000473 -0.005029 2.343750
-0.000315 -0.005018 2.343750
-0.000158 -0.005012 2.343750
0.000000 -0.005009 2.343750
0.000158 -0.005012 2.343750
0.000315 -0.005018 2.343750
0.000473 -0.005029 2.343750
0.000630 -0.005046 2.343750
0.000786 -0.005070 2.343750
0.000940 -0.005100 2.343750
0.001094 -0.005134 2.343750
0.001248 -0.005168 2.343750
0.001403 -0.005199 2.343750
0.001559 -0.005221 2.343750
0.001716 -0.005236 2.343750
0.001873 -0.005254 2.343750
0.002029 -0.005281 2.343750
0.002183 -0.005313 2.343750
0.002339 -0.005338 2.343750
0.002495 -0.005357 2.343750
0.002652 -0.005379 2.343750
0.002807 -0.005405 2.343750
0.002963 -0.005430 2.343750
0.003118 -0.005401 2.343750
0.003221 -0.005281 2.343750
0.003277 -0.005134 2.343750
0.003333 -0.004986 2.343750
0.003392 -0.004840 2.343750
0.003453 -0.004694 2.343750
0.003509 -0.004547 2.343750
0.003560 -0.004397 2.343750
0.003613 -0.004249 2.343750
0.003676 -0.004104 2.343750
0.003741 -0.003961 2.343750
0.003801 -0.003815 2.343750
0.003852 -0.003665 2.343750
0.003899 -0.003515 2.343750
0.003947 -0.003364 2.343750
0.003998 -0.003215 2.343750
0.004055 -0.003068 2.343750
0.004119 -0.002924 2.343750
0.004188 -0.002782 2.343750
0.004262 -0.002643 2.343750
0.004338 -0.002504 2.343750
0.004419 -0.002369 2.343750
0.004504 -0.002236 2.343750
0.004591 -0.002105 2.343750
0.004685 -0.001978 2.343750
0.004783 -0.001855 2.343750
0.004887 -0.001736 2.343750
0.004993 -0.001619 2.343750
0.005100 -0.001503 2.343750
0.005204 -0.001384 2.343750
0.005301 -0.001260 2.343750
0.005392 -0.001131 2.343750
0.005487 -0.001005 2.343750
0.005588 -0.000884 2.343750
0.005693 -0.000766 2.343750
0.005792 -0.000643 2.343750
0.005887 -0.000517 2.343750
0.005984 -0.000393 2.343750
0.006085 -0.000271 2.343750
0.006184 -0.000149 2.343750
0.006236 -0.000000 2.343750

