0.006003 -0.000000 1.576389
0.005952 0.000142 1.576389
0.005856 0.000259 1.576389
0.005766 0.000381 1.576389
0.005676 0.000502 1.576389
0.005578 0.000617 1.576389
0.005473 0.000726 1.576389
0.005370 0.000836 1.576389
0.005273 0.000952 1.576389
0.005183 0.001074 1.576389
0.005100 0.001200 1.576389
0.005020 0.001328 1.576389
0.004942 0.001457 1.576389
0.004865 0.001587 1.576389
0.004788 0.001718 1.576389
0.004712 0.001848 1.576389
0.004636 0.001979 1.576389
0.004561 0.002110 1.576389
0.004485 0.002240 1.576389
0.004409 0.002371 1.576389
0.004334 0.002502 1.576389
0.004258 0.002633 1.576389
0.004183 0.002764 1.576389
0.004107 0.002895 1.576389
0.004032 0.003026 1.576389
0.003957 0.003157 1.576389
0.003882 0.003288 1.576389
0.003807 0.003419 1.576389
0.003733 0.003551 1.576389
0.003660 0.003684 1.576389
0.003589 0.003817 1.576389
0.003522 0.003952 1.576389
0.003461 0.004090 1.576389
0.003409 0.004232 1.576389
0.003365 0.004377 1.576389
0.003323 0.004522 1.576389
0.003273 0.004665 1.576389
0.003213 0.004803 1.576389
0.003153 0.004942 1.576389
0.003099 0.005083 1.576389
0.003001 0.005199 1.576389
0.002853 0.005225 1.576389
0.002704 0.005202 1.576389
0.002553 0.005184 1.576389
0.002403 0.005167 1.576389
0.002255 0.005139 1.576389
0.002108 0.005103 1.576389
0.001961 0.005069 1.576389
0.001812 0.005042 1.576389
0.001662 0.005026 1.576389
0.001511 0.005017 1.576389
0.001360 0.005012 1.576389
0.001209 0.005009 1.576389
0.001058 0.005007 1.576389
0.000907 0.005006 1.576389
0.000756 0.005005 1.576389
0.000604 0.005005 1.576389
0.000453 0.005004 1.576389
0.000302 0.005004 1.576389
0.000151 0.005004 1.576389
0.000000 0.005004 1.576389
-0.000151 0.005004 1.576389
-0.000302 0.005004 1.576389
-0.000453 0.005004 1.576389
-0.000604 0.005005 1.576389
-0.000756 0.005005 1.576389
-0.000907 0.005006 1.576389
-0.001058 0.005007 1.576389
-0.001209 0.005009 1.576389
-0.001360 0.005012 1.576389
-0.001511 0.005017 1.576389
-0.001662 0.005026 1.576389
-0.001812 0.005042 1.576389
-0.001961 0.005069 1.576389
-0.002108 0.005103 1.576389
-0.002255 0.005139 1.576389
-0.002403 0.005167 1.576389
-0.002553 0.005184 1.576389
-0.002704 0.005202 1.576389
-0.002853 0.005225 1.576389
-0.003001 0.005199 1.576389
-0.003099 0.005083 1.576389
-0.003153 0.004942 1.576389
-0.003213 0.004803 1.576389
-0.003273 0.004665 1.576389
-0.003323 0.004522 1.576389
-0.003365 0.004377 1.576389
-0.003409 0.004232 1.576389
-0.003461 0.004090 1.576389
-0.003522 0.003952 1.576389
-0.003589 0.003817 1.576389
-0.003660 0.003684 1.576389
-0.003733 0.003551 1.576389
-0.003807 0.003419 1.576389
-0.003882 0.003288 1.576389
-0.003957 0.003157 1.576389
-0.004032 0.003026 1.576389
-0.004107 0.002895 1.576389
-0.004183 0.002764 1.576389
-0.004258 0.002633 1.576389
-0.004334 0.002502 1.576389
-0.004409 0.002371 1.576389
-0.004485 0.002240 1.576389
-0.004561 0.002110 1.576389
-0.004636 0.001979 1.576389
-0.004712 0.001848 1.576389
-0.004788 0.001718 1.576389
-0.004865 0.001587 1.576389
-0.004942 0.001457 1.576389
-0.005020 0.001328 1.576389
-0.005100 0.001200 1.576389
-0.005183 0.001074 1.576389
-0.005273 0.000952 1.576389
-0.005370 0.000836 1.576389
-0.005473 0.000726 1.576389
-0.005578 0.000617 1.576389
-0.005676 0.000502 1.576389
-0.005766 0.000381 1.576389
-0.005856 0.000259 1.576389
-0.005952 0.000142 1.576389
-0.006003 0.000000 1.576389
-0.005952 -0.000142 1.576389
-0.005856 -0.000259 1.576389
-0.005766 -0.000381 1.576389
-0.005676 -0.000502 1.576389
-0.005578 -0.000617 1.576389
-0.005473 -0.000726 1.576389
-0.005370 -0.000836 1.576389
-0.005273 -0.000952 1.576389
-0.005183 -0.001074 1.576389
-0.005100 -0.001200 1.576389
-0.005020 -0.001328 1.576389
-0.004942 -0.001457 1.576389
-0.004865 -0.001587 1.576389
-0.004788 -0.001718 1.576389
-0.004712 -0.001848 1.576389
-0.004636 -0.001979 1.576389
-0.004561 -0.002110 1.576389
-0.004485 -0.002240 1.576389
-0.004409 -0.002371 1.576389
-0.004334 -0.002502 1.576389
-0.004258 -0.002633 1.576389
-0.004183 -0.002764 1.576389
-0.004107 -0.002895 1.576389
-0.004032 -0.003026 1.576389
-0.003957 -0.003157 1.576389
-0.003882 -0.003288 1.576389
-0.003807 -0.003419 1.576389
-0.003733 -0.003551 1.576389
-0.003660 -0.003684 1.576389
-0.003589 -0.003817 1.576389
-0.003522 -0.003952 1.576389
-0.003461 -0.004090 1.576389
-0.003409 -0.004232 1.576389
-0.003365 -0.004377 1.576389
-0.003323 -0.004522 1.576389
-0.003273 -0.004665 1.576389
-0.003213 -0.004803 1.576389
-0.003153 -0.004942 1.576389
-0.003099 -0.005083 1.576389
-0.003001 -0.005199 1.576389
-0.002853 -0.005225 1.576389
-0.002704 -0.005202 1.576389
-0.002553 -0.005184 1.576389
-0.002403 -0.005167 1.576389
-0.002255 -0.005139 1.576389
-0.002108 -0.005103 1.576389
-0.001961 -0.005069 1.576389
-0.001812 -0.005042 1.576389
-0.001662 -0.005026 1.576389
-0.001511 -0.005017 1.576389
-0.001360 -0.005012 1.576389
-0.001209 -0.005009 1.576389
-0.001058 -0.005007 1.576389
-0.000907 -0.005006 1.576389
-0.000756 -0.005005 1.576389
-0.000604 -0.005005 1.576389
-0.000453 -0.005004 1.576389
-0.000302 -0.005004 1.576389
-0.000151 -0.005004 1.576389
0.000000 -0.005004 1.576389
0.000151 -0.005004 1.576389
0.000302 -0.005004 1.576389
0.000453 -0.005004 1.576389
0.000604 -0.005005 1.576389
0.000756 -0.005005 1.576389
0.000907 -0.005006 1.576389
0.001058 -0.005007 1.576389
0.001209 -0.005009 1.576389
0.001360 -0.005012 1.576389
0.001511 -0.005017 1.576389
0.001662 -0.005026 1.576389
0.001812 -0.005042 1.576389
0.001961 -0.005069 1.576389
0.002108 -0.005103 1.576389
0.002255 -0.005139 1.576389
0.002403 -0.005167 1.576389
0.002553 -0.005184 1.576389
0.002704 -0.005202 1.576389
0.002853 -0.005225 1.576389
0.003001 -0.005199 1.576389
0.003099 -0.005083 1.576389
0.003153 -0.004942 1.576389
0.003213 -0.004803 1.576389
0.003273 -0.004665 1.576389
0.003323 -0.004522 1.576389
0.003365 -0.004377 1.576389
0.003409 -0.004232 1.576389
0.003461 -0.004090 1.576389
0.003522 -0.003952 1.576389
0.003589 -0.003817 1.576389
0.003660 -0.003684 1.576389
0.003733 -0.003551 1.576389
0.003807 -0.003419 1.576389
0.003882 -0.003288 1.576389
0.003957 -0.003157 1.576389
0.004032 -0.003026 1.576389
0.004107 -0.002895 1.576389
0.004183 -0.002764 1.576389
0.004258 -0.002633 1.576389
0.004334 -0.002502 1.576389
0.004409 -0.002371 1.576389
0.004485 -0.002240 1.576389
0.004561 -0.002110 1.576389
0.004636 -0.001979 1.576389
0.004712 -0.001848 1.576389
0.004788 -0.001718 1.576389
0.004865 -0.001587 1.576389
0.004942 -0.001457 1.576389
0.005020 -0.001328 1.576389
0.005100 -0.001200 1.576389
0.005183 -0.001074 1.576389
0.005273 -0.000952 1.576389
0.005370 -0.000836 1.576389
0.005473 -0.000726 1.576389
0.005578 -0.000617 1.576389
0.005676 -0.000502 1.576389
0.005766 -0.000381 1.576389
0.005856 -0.000259 1.576389
0.005952 -0.000142 1.576389
0.006003 -0.000000 1.576389

