0.007676 -0.000078 8.925347
0.007541 0.000066 8.925347
0.007404 0.000207 8.925347
0.007272 0.000352 8.925347
0.007136 0.000494 8.925347
0.006999 0.000635 8.925347
0.006866 0.000779 8.925347
0.006740 0.000930 8.925347
0.006606 0.001075 8.925347
0.006479 0.001225 8.925347
0.006344 0.001368 8.925347
0.006220 0.001519 8.925347
0.006090 0.001667 8.925347
0.006001 0.001843 8.925347
0.005876 0.001994 8.925347
0.005780 0.002166 8.925347
0.005657 0.002319 8.925347
0.005549 0.002483 8.925347
0.005426 0.002637 8.925347
0.005324 0.002804 8.925347
0.005200 0.002958 8.925347
0.005119 0.003137 8.925347
0.005050 0.003321 8.925347
0.004961 0.003496 8.925347
0.004899 0.003682 8.925347
0.004813 0.003859 8.925347
0.004741 0.004042 8.925347
0.004657 0.004219 8.925347
0.004609 0.004410 8.925347
0.004528 0.004589 8.925347
0.004477 0.004779 8.925347
0.004410 0.004964 8.925347
0.004363 0.005155 8.925347
0.004307 0.005343 8.925347
0.004258 0.005534 8.925347
0.004198 0.005721 8.925347
0.004144 0.005910 8.925347
0.004085 0.006097 8.925347
0.004023 0.006284 8.925347
0.003965 0.006472 8.925347
0.003814 0.006597 8.925347
0.003623 0.006549 8.925347
0.003433 0.006498 8.925347
0.003241 0.006455 8.925347
0.003049 0.006412 8.925347
0.002858 0.006366 8.925347
0.002666 0.006326 8.925347
0.002476 0.006277 8.925347
0.002284 0.006233 8.925347
0.002093 0.006185 8.925347
0.001899 0.006158 8.925347
0.001704 0.006129 8.925347
0.001508 0.006118 8.925347
0.001312 0.006105 8.925347
0.001118 0.006137 8.925347
0.000926 0.006093 8.925347
0.000730 0.006077 8.925347
0.000538 0.006036 8.925347
0.000341 0.006030 8.925347
0.000148 0.005996 8.925347
-0.000048 0.005981 8.925347
-0.000242 0.006015 8.925347
-0.000438 0.006017 8.925347
-0.000632 0.006049 8.925347
-0.000828 0.006063 8.925347
-0.001020 0.006105 8.925347
-0.001215 0.006082 8.925347
-0.001411 0.006102 8.925347
-0.001606 0.006127 8.925347
-0.001798 0.006171 8.925347
-0.001993 0.006194 8.925347
-0.002184 0.006239 8.925347
-0.002379 0.006263 8.925347
-0.002572 0.006300 8.925347
-0.002766 0.006332 8.925347
-0.002957 0.006378 8.925347
-0.003147 0.006431 8.925347
-0.003338 0.006477 8.925347
-0.003530 0.006519 8.925347
-0.003721 0.006565 8.925347
-0.003913 0.006608 8.925347
-0.004064 0.006482 8.925347
-0.004122 0.006294 8.925347
-0.004183 0.006108 8.925347
-0.004239 0.005919 8.925347
-0.004294 0.005731 8.925347
-0.004353 0.005543 8.925347
-0.004403 0.005353 8.925347
-0.004457 0.005164 8.925347
-0.004508 0.004974 8.925347
-0.004570 0.004788 8.925347
-0.004615 0.004596 8.925347
-0.004686 0.004413 8.925347
-0.004717 0.004219 8.925347
-0.004798 0.004040 8.925347
-0.004852 0.003851 8.925347
-0.004933 0.003672 8.925347
-0.004983 0.003482 8.925347
-0.005072 0.003307 8.925347
-0.005131 0.003119 8.925347
-0.005217 0.002942 8.925347
-0.005350 0.002797 8.925347
-0.005453 0.002630 8.925347
-0.005585 0.002484 8.925347
-0.005696 0.002322 8.925347
-0.005830 0.002178 8.925347
-0.005934 0.002011 8.925347
-0.006079 0.001878 8.925347
-0.006199 0.001723 8.925347
-0.006338 0.001584 8.925347
-0.006461 0.001431 8.925347
-0.006604 0.001295 8.925347
-0.006734 0.001148 8.925347
-0.006875 0.001011 8.925347
-0.007008 0.000866 8.925347
-0.007141 0.000722 8.925347
-0.007278 0.000580 8.925347
-0.007411 0.000435 8.925347
-0.007542 0.000289 8.925347
-0.007677 0.000147 8.925347
-0.007713 -0.000046 8.925347
-0.007579 -0.000190 8.925347
-0.007439 -0.000329 8.925347
-0.007303 -0.000470 8.925347
-0.007170 -0.000615 8.925347
-0.007039 -0.000762 8.925347
-0.006913 -0.000912 8.925347
-0.006771 -0.001048 8.925347
-0.006633 -0.001188 8.925347
-0.006485 -0.001318 8.925347
-0.006355 -0.001465 8.925347
-0.006215 -0.001603 8.925347
-0.006095 -0.001759 8.925347
-0.005961 -0.001903 8.925347
-0.005866 -0.002075 8.925347
-0.005746 -0.002231 8.925347
-0.005638 -0.002395 8.925347
-0.005508 -0.002542 8.925347
-0.005404 -0.002709 8.925347
-0.005277 -0.002860 8.925347
-0.005173 -0.003026 8.925347
-0.005118 -0.003215 8.925347
-0.005030 -0.003390 8.925347
-0.004974 -0.003579 8.925347
-0.004900 -0.003761 8.925347
-0.004844 -0.003949 8.925347
-0.004764 -0.004129 8.925347
-0.004718 -0.004320 8.925347
-0.004652 -0.004505 8.925347
-0.004606 -0.004696 8.925347
-0.004534 -0.004879 8.925347
-0.004490 -0.005071 8.925347
-0.004425 -0.005256 8.925347
-0.004381 -0.005448 8.925347
-0.004324 -0.005636 8.925347
-0.004267 -0.005824 8.925347
-0.004210 -0.006012 8.925347
-0.004152 -0.006200 8.925347
-0.004090 -0.006386 8.925347
-0.004035 -0.006575 8.925347
-0.003885 -0.006702 8.925347
-0.003693 -0.006661 8.925347
-0.003502 -0.006616 8.925347
-0.003311 -0.006571 8.925347
-0.003121 -0.006519 8.925347
-0.002932 -0.006466 8.925347
-0.002739 -0.006429 8.925347
-0.002544 -0.006400 8.925347
-0.002351 -0.006362 8.925347
-0.002159 -0.006323 8.925347
-0.001970 -0.006269 8.925347
-0.001777 -0.006229 8.925347
-0.001587 -0.006178 8.925347
-0.001394 -0.006143 8.925347
-0.001204 -0.006092 8.925347
-0.001008 -0.006079 8.925347
-0.000813 -0.006058 8.925347
-0.000617 -0.006043 8.925347
-0.000421 -0.006020 8.925347
-0.000225 -0.006007 8.925347
-0.000029 -0.005991 8.925347
0.000164 -0.006024 8.925347
0.000359 -0.006053 8.925347
0.000553 -0.006081 8.925347
0.000745 -0.006126 8.925347
0.000939 -0.006156 8.925347
0.001132 -0.006195 8.925347
0.001325 -0.006228 8.925347
0.001512 -0.006291 8.925347
0.001705 -0.006327 8.925347
0.001894 -0.006380 8.925347
0.002086 -0.006422 8.925347
0.002277 -0.006469 8.925347
0.002468 -0.006516 8.925347
0.002658 -0.006565 8.925347
0.002850 -0.006608 8.925347
0.003041 -0.006654 8.925347
0.003233 -0.006699 8.925347
0.003425 -0.006738 8.925347
0.003617 -0.006783 8.925347
0.003801 -0.006715 8.925347
0.003859 -0.006527 8.925347
0.003914 -0.006338 8.925347
0.003973 -0.006151 8.925347
0.004028 -0.005962 8.925347
0.004077 -0.005772 8.925347
0.004129 -0.005582 8.925347
0.004197 -0.005398 8.925347
0.004258 -0.005211 8.925347
0.004334 -0.005029 8.925347
0.004389 -0.004841 8.925347
0.004468 -0.004661 8.925347
0.004507 -0.004468 8.925347
0.004592 -0.004291 8.925347
0.004658 -0.004106 8.925347
0.004756 -0.003935 8.925347
0.004828 -0.003752 8.925347
0.004935 -0.003587 8.925347
0.005000 -0.003402 8.925347
0.005091 -0.003228 8.925347
0.005156 -0.003042 8.925347
0.005269 -0.002881 8.925347
0.005400 -0.002735 8.925347
0.005508 -0.002571 8.925347
0.005646 -0.002430 8.925347
0.005762 -0.002272 8.925347
0.005899 -0.002131 8.925347
0.006011 -0.001969 8.925347
0.006165 -0.001847 8.925347
0.006287 -0.001693 8.925347
0.006433 -0.001561 8.925347
0.006560 -0.001411 8.925347
0.006702 -0.001275 8.925347
0.006834 -0.001130 8.925347
0.006975 -0.000993 8.925347
0.007107 -0.000847 8.925347
0.007243 -0.000705 8.925347
0.007379 -0.000563 8.925347
0.007509 -0.000416 8.925347
0.007643 -0.000272 8.925347
0.007676 -0.000078 8.925347

