0.007252 -0.000077 7.260417
0.007131 0.000062 7.260417
0.007013 0.000204 7.260417
0.006893 0.000343 7.260417
0.006774 0.000485 7.260417
0.006659 0.000629 7.260417
0.006555 0.000781 7.260417
0.006456 0.000936 7.260417
0.006353 0.001089 7.260417
0.006254 0.001245 7.260417
0.006154 0.001400 7.260417
0.006048 0.001551 7.260417
0.005939 0.001700 7.260417
0.005826 0.001845 7.260417
0.005714 0.001991 7.260417
0.005609 0.002143 7.260417
0.005487 0.002281 7.260417
0.005375 0.002428 7.260417
0.005254 0.002567 7.260417
0.005153 0.002721 7.260417
0.005027 0.002856 7.260417
0.004949 0.003023 7.260417
0.004893 0.003199 7.260417
0.004809 0.003363 7.260417
0.004755 0.003539 7.260417
0.004687 0.003710 7.260417
0.004617 0.003881 7.260417
0.004542 0.004050 7.260417
0.004476 0.004222 7.260417
0.004406 0.004392 7.260417
0.004335 0.004563 7.260417
0.004260 0.004731 7.260417
0.004184 0.004899 7.260417
0.004116 0.005070 7.260417
0.004045 0.005240 7.260417
0.003974 0.005410 7.260417
0.003912 0.005584 7.260417
0.003853 0.005759 7.260417
0.003802 0.005936 7.260417
0.003753 0.006114 7.260417
0.003609 0.006229 7.260417
0.003429 0.006189 7.260417
0.003248 0.006150 7.260417
0.003066 0.006123 7.260417
0.002882 0.006109 7.260417
0.002698 0.006097 7.260417
0.002514 0.006092 7.260417
0.002330 0.006079 7.260417
0.002146 0.006061 7.260417
0.001963 0.006048 7.260417
0.001779 0.006031 7.260417
0.001596 0.006009 7.260417
0.001413 0.005985 7.260417
0.001231 0.005957 7.260417
0.001047 0.005937 7.260417
0.000865 0.005914 7.260417
0.000682 0.005885 7.260417
0.000502 0.005846 7.260417
0.000318 0.005836 7.260417
0.000138 0.005796 7.260417
-0.000046 0.005781 7.260417
-0.000225 0.005824 7.260417
-0.000409 0.005834 7.260417
-0.000590 0.005870 7.260417
-0.000773 0.005894 7.260417
-0.000954 0.005930 7.260417
-0.001137 0.005945 7.260417
-0.001320 0.005968 7.260417
-0.001503 0.005994 7.260417
-0.001686 0.006014 7.260417
-0.001870 0.006029 7.260417
-0.002054 0.006039 7.260417
-0.002238 0.006047 7.260417
-0.002422 0.006063 7.260417
-0.002606 0.006077 7.260417
-0.002789 0.006097 7.260417
-0.002970 0.006131 7.260417
-0.003152 0.006162 7.260417
-0.003334 0.006191 7.260417
-0.003517 0.006214 7.260417
-0.003699 0.006244 7.260417
-0.003842 0.006128 7.260417
-0.003890 0.005950 7.260417
-0.003940 0.005773 7.260417
-0.003992 0.005596 7.260417
-0.004043 0.005419 7.260417
-0.004101 0.005244 7.260417
-0.004158 0.005068 7.260417
-0.004215 0.004893 7.260417
-0.004284 0.004722 7.260417
-0.004353 0.004551 7.260417
-0.004420 0.004379 7.260417
-0.004487 0.004207 7.260417
-0.004552 0.004035 7.260417
-0.004626 0.003866 7.260417
-0.004696 0.003695 7.260417
-0.004761 0.003523 7.260417
-0.004818 0.003347 7.260417
-0.004901 0.003183 7.260417
-0.004955 0.003006 7.260417
-0.005037 0.002841 7.260417
-0.005165 0.002709 7.260417
-0.005266 0.002554 7.260417
-0.005387 0.002415 7.260417
-0.005500 0.002270 7.260417
-0.005621 0.002131 7.260417
-0.005727 0.001980 7.260417
-0.005840 0.001834 7.260417
-0.005956 0.001691 7.260417
-0.006068 0.001545 7.260417
-0.006179 0.001398 7.260417
-0.006289 0.001249 7.260417
-0.006401 0.001102 7.260417
-0.006519 0.000961 7.260417
-0.006635 0.000818 7.260417
-0.006753 0.000676 7.260417
-0.006878 0.000541 7.260417
-0.007002 0.000404 7.260417
-0.007129 0.000271 7.260417
-0.007257 0.000137 7.260417
-0.007286 -0.000045 7.260417
-0.007161 -0.000181 7.260417
-0.007027 -0.000307 7.260417
-0.006892 -0.000433 7.260417
-0.006766 -0.000567 7.260417
-0.006646 -0.000708 7.260417
-0.006539 -0.000858 7.260417
-0.006435 -0.001010 7.260417
-0.006327 -0.001160 7.260417
-0.006225 -0.001313 7.260417
-0.006120 -0.001465 7.260417
-0.006010 -0.001613 7.260417
-0.005899 -0.001760 7.260417
-0.005783 -0.001903 7.260417
-0.005676 -0.002053 7.260417
-0.005562 -0.002198 7.260417
-0.005449 -0.002344 7.260417
-0.005322 -0.002478 7.260417
-0.005222 -0.002633 7.260417
-0.005099 -0.002770 7.260417
-0.004992 -0.002920 7.260417
-0.004937 -0.003096 7.260417
-0.004855 -0.003261 7.260417
-0.004796 -0.003436 7.260417
-0.004724 -0.003606 7.260417
-0.004669 -0.003782 7.260417
-0.004589 -0.003948 7.260417
-0.004523 -0.004120 7.260417
-0.004458 -0.004292 7.260417
-0.004392 -0.004465 7.260417
-0.004325 -0.004637 7.260417
-0.004258 -0.004808 7.260417
-0.004194 -0.004981 7.260417
-0.004139 -0.005157 7.260417
-0.004081 -0.005332 7.260417
-0.004022 -0.005507 7.260417
-0.003968 -0.005683 7.260417
-0.003913 -0.005859 7.260417
-0.003863 -0.006037 7.260417
-0.003814 -0.006214 7.260417
-0.003672 -0.006332 7.260417
-0.003489 -0.006304 7.260417
-0.003308 -0.006272 7.260417
-0.003129 -0.006228 7.260417
-0.002951 -0.006181 7.260417
-0.002773 -0.006132 7.260417
-0.002592 -0.006097 7.260417
-0.002409 -0.006071 7.260417
-0.002226 -0.006048 7.260417
-0.002042 -0.006036 7.260417
-0.001858 -0.006026 7.260417
-0.001674 -0.006011 7.260417
-0.001491 -0.005992 7.260417
-0.001308 -0.005967 7.260417
-0.001125 -0.005945 7.260417
-0.000942 -0.005928 7.260417
-0.000760 -0.005896 7.260417
-0.000578 -0.005867 7.260417
-0.000396 -0.005837 7.260417
-0.000212 -0.005822 7.260417
-0.000032 -0.005785 7.260417
0.000152 -0.005803 7.260417
0.000333 -0.005838 7.260417
0.000517 -0.005853 7.260417
0.000697 -0.005890 7.260417
0.000879 -0.005921 7.260417
0.001062 -0.005943 7.260417
0.001245 -0.005966 7.260417
0.001427 -0.005997 7.260417
0.001609 -0.006026 7.260417
0.001791 -0.006055 7.260417
0.001973 -0.006083 7.260417
0.002155 -0.006113 7.260417
0.002335 -0.006154 7.260417
0.002515 -0.006196 7.260417
0.002695 -0.006235 7.260417
0.002873 -0.006280 7.260417
0.003053 -0.006322 7.260417
0.003232 -0.006366 7.260417
0.003410 -0.006413 7.260417
0.003582 -0.006344 7.260417
0.003643 -0.006170 7.260417
0.003711 -0.005999 7.260417
0.003777 -0.005827 7.260417
0.003839 -0.005653 7.260417
0.003895 -0.005477 7.260417
0.003961 -0.005305 7.260417
0.004035 -0.005136 7.260417
0.004110 -0.004968 7.260417
0.004194 -0.004804 7.260417
0.004278 -0.004640 7.260417
0.004359 -0.004474 7.260417
0.004434 -0.004306 7.260417
0.004505 -0.004136 7.260417
0.004575 -0.003965 7.260417
0.004657 -0.003800 7.260417
0.004714 -0.003624 7.260417
0.004787 -0.003455 7.260417
0.004844 -0.003280 7.260417
0.004930 -0.003117 7.260417
0.004979 -0.002939 7.260417
0.005081 -0.002785 7.260417
0.005209 -0.002653 7.260417
0.005306 -0.002496 7.260417
0.005434 -0.002363 7.260417
0.005547 -0.002217 7.260417
0.005662 -0.002073 7.260417
0.005770 -0.001924 7.260417
0.005887 -0.001782 7.260417
0.006002 -0.001637 7.260417
0.006117 -0.001493 7.260417
0.006230 -0.001348 7.260417
0.006344 -0.001203 7.260417
0.006467 -0.001065 7.260417
0.006591 -0.000928 7.260417
0.006713 -0.000791 7.260417
0.006842 -0.000658 7.260417
0.006969 -0.000524 7.260417
0.007096 -0.000392 7.260417
0.007225 -0.000260 7.260417
0.007252 -0.000077 7.260417

