0.007308 -0.000078 7.463542
0.007182 0.000059 7.463542
0.007061 0.000200 7.463542
0.006940 0.000341 7.463542
0.006820 0.000483 7.463542
0.006698 0.000624 7.463542
0.006582 0.000769 7.463542
0.006478 0.000924 7.463542
0.006374 0.001077 7.463542
0.006272 0.001233 7.463542
0.006173 0.001390 7.463542
0.006071 0.001546 7.463542
0.005965 0.001699 7.463542
0.005856 0.001850 7.463542
0.005738 0.001993 7.463542
0.005635 0.002149 7.463542
0.005517 0.002292 7.463542
0.005406 0.002441 7.463542
0.005279 0.002577 7.463542
0.005177 0.002732 7.463542
0.005052 0.002870 7.463542
0.004973 0.003039 7.463542
0.004913 0.003215 7.463542
0.004832 0.003382 7.463542
0.004783 0.003561 7.463542
0.004704 0.003730 7.463542
0.004634 0.003902 7.463542
0.004561 0.004073 7.463542
0.004496 0.004248 7.463542
0.004421 0.004418 7.463542
0.004347 0.004589 7.463542
0.004270 0.004758 7.463542
0.004199 0.004930 7.463542
0.004131 0.005103 7.463542
0.004059 0.005275 7.463542
0.003995 0.005449 7.463542
0.003939 0.005627 7.463542
0.003884 0.005804 7.463542
0.003836 0.005984 7.463542
0.003785 0.006163 7.463542
0.003638 0.006277 7.463542
0.003457 0.006237 7.463542
0.003275 0.006195 7.463542
0.003094 0.006155 7.463542
0.002909 0.006129 7.463542
0.002724 0.006110 7.463542
0.002539 0.006100 7.463542
0.002353 0.006094 7.463542
0.002167 0.006078 7.463542
0.001982 0.006064 7.463542
0.001797 0.006050 7.463542
0.001611 0.006032 7.463542
0.001426 0.006013 7.463542
0.001243 0.005985 7.463542
0.001058 0.005962 7.463542
0.000873 0.005939 7.463542
0.000688 0.005921 7.463542
0.000508 0.005874 7.463542
0.000323 0.005863 7.463542
0.000141 0.005824 7.463542
-0.000045 0.005810 7.463542
-0.000226 0.005851 7.463542
-0.000412 0.005860 7.463542
-0.000593 0.005903 7.463542
-0.000778 0.005925 7.463542
-0.000961 0.005955 7.463542
-0.001147 0.005966 7.463542
-0.001331 0.005996 7.463542
-0.001515 0.006016 7.463542
-0.001701 0.006030 7.463542
-0.001887 0.006041 7.463542
-0.002072 0.006050 7.463542
-0.002258 0.006063 7.463542
-0.002443 0.006082 7.463542
-0.002628 0.006102 7.463542
-0.002811 0.006134 7.463542
-0.002994 0.006169 7.463542
-0.003178 0.006196 7.463542
-0.003362 0.006222 7.463542
-0.003546 0.006251 7.463542
-0.003728 0.006290 7.463542
-0.003876 0.006178 7.463542
-0.003925 0.005998 7.463542
-0.003974 0.005819 7.463542
-0.004026 0.005640 7.463542
-0.004075 0.005461 7.463542
-0.004130 0.005283 7.463542
-0.004188 0.005106 7.463542
-0.004242 0.004928 7.463542
-0.004303 0.004753 7.463542
-0.004371 0.004580 7.463542
-0.004440 0.004407 7.463542
-0.004510 0.004234 7.463542
-0.004573 0.004060 7.463542
-0.004643 0.003887 7.463542
-0.004715 0.003716 7.463542
-0.004791 0.003546 7.463542
-0.004840 0.003366 7.463542
-0.004923 0.003200 7.463542
-0.004978 0.003022 7.463542
-0.005061 0.002856 7.463542
-0.005190 0.002722 7.463542
-0.005289 0.002564 7.463542
-0.005418 0.002430 7.463542
-0.005530 0.002281 7.463542
-0.005647 0.002137 7.463542
-0.005753 0.001984 7.463542
-0.005873 0.001842 7.463542
-0.005986 0.001695 7.463542
-0.006097 0.001545 7.463542
-0.006209 0.001396 7.463542
-0.006322 0.001248 7.463542
-0.006440 0.001105 7.463542
-0.006560 0.000963 7.463542
-0.006678 0.000819 7.463542
-0.006803 0.000681 7.463542
-0.006931 0.000546 7.463542
-0.007056 0.000409 7.463542
-0.007186 0.000276 7.463542
-0.007314 0.000141 7.463542
-0.007342 -0.000043 7.463542
-0.007219 -0.000183 7.463542
-0.007090 -0.000316 7.463542
-0.006953 -0.000443 7.463542
-0.006821 -0.000574 7.463542
-0.006691 -0.000706 7.463542
-0.006571 -0.000849 7.463542
-0.006463 -0.001001 7.463542
-0.006354 -0.001151 7.463542
-0.006248 -0.001304 7.463542
-0.006145 -0.001458 7.463542
-0.006037 -0.001610 7.463542
-0.005931 -0.001763 7.463542
-0.005813 -0.001907 7.463542
-0.005703 -0.002057 7.463542
-0.005588 -0.002203 7.463542
-0.005483 -0.002356 7.463542
-0.005352 -0.002488 7.463542
-0.005247 -0.002642 7.463542
-0.005125 -0.002783 7.463542
-0.005018 -0.002935 7.463542
-0.004959 -0.003111 7.463542
-0.004877 -0.003278 7.463542
-0.004823 -0.003456 7.463542
-0.004750 -0.003627 7.463542
-0.004689 -0.003803 7.463542
-0.004607 -0.003970 7.463542
-0.004549 -0.004146 7.463542
-0.004480 -0.004319 7.463542
-0.004414 -0.004493 7.463542
-0.004346 -0.004666 7.463542
-0.004282 -0.004841 7.463542
-0.004224 -0.005018 7.463542
-0.004170 -0.005195 7.463542
-0.004109 -0.005371 7.463542
-0.004053 -0.005549 7.463542
-0.004000 -0.005727 7.463542
-0.003946 -0.005905 7.463542
-0.003898 -0.006085 7.463542
-0.003847 -0.006264 7.463542
-0.003699 -0.006376 7.463542
-0.003517 -0.006341 7.463542
-0.003333 -0.006313 7.463542
-0.003150 -0.006278 7.463542
-0.002969 -0.006236 7.463542
-0.002790 -0.006184 7.463542
-0.002610 -0.006138 7.463542
-0.002427 -0.006104 7.463542
-0.002244 -0.006073 7.463542
-0.002059 -0.006051 7.463542
-0.001874 -0.006039 7.463542
-0.001688 -0.006027 7.463542
-0.001502 -0.006014 7.463542
-0.001317 -0.005994 7.463542
-0.001133 -0.005967 7.463542
-0.000948 -0.005952 7.463542
-0.000764 -0.005927 7.463542
-0.000579 -0.005901 7.463542
-0.000397 -0.005863 7.463542
-0.000212 -0.005849 7.463542
-0.000029 -0.005814 7.463542
0.000156 -0.005832 7.463542
0.000339 -0.005866 7.463542
0.000524 -0.005885 7.463542
0.000705 -0.005927 7.463542
0.000890 -0.005948 7.463542
0.001074 -0.005970 7.463542
0.001258 -0.006000 7.463542
0.001441 -0.006032 7.463542
0.001625 -0.006060 7.463542
0.001809 -0.006090 7.463542
0.001992 -0.006120 7.463542
0.002174 -0.006158 7.463542
0.002355 -0.006204 7.463542
0.002536 -0.006244 7.463542
0.002717 -0.006286 7.463542
0.002898 -0.006332 7.463542
0.003079 -0.006374 7.463542
0.003259 -0.006420 7.463542
0.003439 -0.006466 7.463542
0.003610 -0.006393 7.463542
0.003664 -0.006215 7.463542
0.003728 -0.006040 7.463542
0.003794 -0.005866 7.463542
0.003863 -0.005693 7.463542
0.003922 -0.005517 7.463542
0.003980 -0.005340 7.463542
0.004048 -0.005167 7.463542
0.004118 -0.004995 7.463542
0.004195 -0.004826 7.463542
0.004280 -0.004660 7.463542
0.004364 -0.004494 7.463542
0.004445 -0.004327 7.463542
0.004524 -0.004158 7.463542
0.004588 -0.003984 7.463542
0.004674 -0.003819 7.463542
0.004737 -0.003644 7.463542
0.004814 -0.003475 7.463542
0.004864 -0.003295 7.463542
0.004952 -0.003131 7.463542
0.005004 -0.002953 7.463542
0.005107 -0.002798 7.463542
0.005234 -0.002662 7.463542
0.005334 -0.002505 7.463542
0.005468 -0.002376 7.463542
0.005574 -0.002223 7.463542
0.005690 -0.002078 7.463542
0.005801 -0.001929 7.463542
0.005922 -0.001788 7.463542
0.006036 -0.001640 7.463542
0.006152 -0.001495 7.463542
0.006267 -0.001349 7.463542
0.006388 -0.001208 7.463542
0.006516 -0.001072 7.463542
0.006640 -0.000934 7.463542
0.006766 -0.000797 7.463542
0.006897 -0.000665 7.463542
0.007025 -0.000530 7.463542
0.007154 -0.000396 7.463542
0.007284 -0.000263 7.463542
0.007308 -0.000078 7.463542

