0.006520 -0.000000 3.699653
0.006465 0.000155 3.699653
0.006362 0.000284 3.699653
0.006260 0.000414 3.699653
0.006156 0.000542 3.699653
0.006050 0.000669 3.699653
0.005947 0.000798 3.699653
0.005848 0.000929 3.699653
0.005746 0.001059 3.699653
0.005639 0.001185 3.699653
0.005533 0.001311 3.699653
0.005431 0.001441 3.699653
0.005334 0.001574 3.699653
0.005231 0.001703 3.699653
0.005126 0.001830 3.699653
0.005015 0.001952 3.699653
0.004913 0.002082 3.699653
0.004812 0.002213 3.699653
0.004717 0.002347 3.699653
0.004617 0.002478 3.699653
0.004510 0.002604 3.699653
0.004454 0.002759 3.699653
0.004391 0.002911 3.699653
0.004322 0.003061 3.699653
0.004259 0.003214 3.699653
0.004198 0.003367 3.699653
0.004148 0.003524 3.699653
0.004091 0.003679 3.699653
0.004031 0.003832 3.699653
0.003963 0.003983 3.699653
0.003902 0.004136 3.699653
0.003846 0.004291 3.699653
0.003790 0.004447 3.699653
0.003728 0.004600 3.699653
0.003664 0.004752 3.699653
0.003604 0.004905 3.699653
0.003548 0.005060 3.699653
0.003488 0.005214 3.699653
0.003427 0.005367 3.699653
0.003367 0.005521 3.699653
0.003260 0.005646 3.699653
0.003098 0.005676 3.699653
0.002935 0.005651 3.699653
0.002771 0.005628 3.699653
0.002608 0.005602 3.699653
0.002446 0.005574 3.699653
0.002283 0.005549 3.699653
0.002119 0.005529 3.699653
0.001956 0.005506 3.699653
0.001794 0.005476 3.699653
0.001631 0.005447 3.699653
0.001468 0.005424 3.699653
0.001304 0.005407 3.699653
0.001141 0.005382 3.699653
0.000978 0.005354 3.699653
0.000817 0.005319 3.699653
0.000654 0.005296 3.699653
0.000490 0.005274 3.699653
0.000326 0.005258 3.699653
0.000162 0.005237 3.699653
-0.000000 0.005207 3.699653
-0.000162 0.005237 3.699653
-0.000326 0.005258 3.699653
-0.000490 0.005274 3.699653
-0.000654 0.005296 3.699653
-0.000817 0.005319 3.699653
-0.000978 0.005354 3.699653
-0.001141 0.005382 3.699653
-0.001304 0.005407 3.699653
-0.001468 0.005424 3.699653
-0.001631 0.005447 3.699653
-0.001794 0.005476 3.699653
-0.001956 0.005506 3.699653
-0.002119 0.005529 3.699653
-0.002283 0.005549 3.699653
-0.002446 0.005574 3.699653
-0.002608 0.005602 3.699653
-0.002771 0.005628 3.699653
-0.002935 0.005651 3.699653
-0.003098 0.005676 3.699653
-0.003260 0.005646 3.699653
-0.003367 0.005521 3.699653
-0.003427 0.005367 3.699653
-0.003488 0.005214 3.699653
-0.003548 0.005060 3.699653
-0.003604 0.004905 3.699653
-0.003664 0.004752 3.699653
-0.003728 0.004600 3.699653
-0.003790 0.004447 3.699653
-0.003846 0.004291 3.699653
-0.003902 0.004136 3.699653
-0.003963 0.003983 3.699653
-0.004031 0.003832 3.699653
-0.004091 0.003679 3.699653
-0.004148 0.003524 3.699653
-0.004198 0.003367 3.699653
-0.004259 0.003214 3.699653
-0.004322 0.003061 3.699653
-0.004391 0.002911 3.699653
-0.004454 0.002759 3.699653
-0.004510 0.002604 3.699653
-0.004617 0.002478 3.699653
-0.004717 0.002347 3.699653
-0.004812 0.002213 3.699653
-0.004913 0.002082 3.699653
-0.005015 0.001952 3.699653
-0.005126 0.001830 3.699653
-0.005231 0.001703 3.699653
-0.005334 0.001574 3.699653
-0.005431 0.001441 3.699653
-0.005533 0.001311 3.699653
-0.005639 0.001185 3.699653
-0.005746 0.001059 3.699653
-0.005848 0.000929 3.699653
-0.005947 0.000798 3.699653
-0.006050 0.000669 3.699653
-0.006156 0.000542 3.699653
-0.006260 0.000414 3.699653
-0.006362 0.000284 3.699653
-0.006465 0.000155 3.699653
-0.006520 0.000000 3.699653
-0.006465 -0.000155 3.699653
-0.006362 -0.000284 3.699653
-0.006260 -0.000414 3.699653
-0.006156 -0.000542 3.699653
-0.006050 -0.000669 3.699653
-0.005947 -0.000798 3.699653
-0.005848 -0.000929 3.699653
-0.005746 -0.001059 3.699653
-0.005639 -0.001185 3.699653
-0.005533 -0.001311 3.699653
-0.005431 -0.001441 3.699653
-0.005334 -0.001574 3.699653
-0.005231 -0.001703 3.699653
-0.005126 -0.001830 3.699653
-0.005015 -0.001952 3.699653
-0.004913 -0.002082 3.699653
-0.004812 -0.002213 3.699653
-0.004717 -0.002347 3.699653
-0.004617 -0.002478 3.699653
-0.004510 -0.002604 3.699653
-0.004454 -0.002759 3.699653
-0.004391 -0.002911 3.699653
-0.004322 -0.003061 3.699653
-0.004259 -0.003214 3.699653
-0.004198 -0.003367 3.699653
-0.004148 -0.003524 3.699653
-0.004091 -0.003679 3.699653
-0.004031 -0.003832 3.699653
-0.003963 -0.003983 3.699653
-0.003902 -0.004136 3.699653
-0.003846 -0.004291 3.699653
-0.003790 -0.004447 3.699653
-0.003728 -0.004600 3.699653
-0.003664 -0.004752 3.699653
-0.003604 -0.004905 3.699653
-0.003548 -0.005060 3.699653
-0.003488 -0.005214 3.699653
-0.003427 -0.005367 3.699653
-0.003367 -0.005521 3.699653
-0.003260 -0.005646 3.699653
-0.003098 -0.005676 3.699653
-0.002935 -0.005651 3.699653
-0.002771 -0.005628 3.699653
-0.002608 -0.005602 3.699653
-0.002446 -0.005574 3.699653
-0.002283 -0.005549 3.699653
-0.002119 -0.005529 3.699653
-0.001956 -0.005506 3.699653
-0.001794 -0.005476 3.699653
-0.001631 -0.005447 3.699653
-0.001468 -0.005424 3.699653
-0.001304 -0.005407 3.699653
-0.001141 -0.005382 3.699653
-0.000978 -0.005354 3.699653
-0.000817 -0.005319 3.699653
-0.000654 -0.005296 3.699653
-0.000490 -0.005274 3.699653
-0.000326 -0.005258 3.699653
-0.000162 -0.005237 3.699653
0.000000 -0.005207 3.699653
0.000162 -0.005237 3.699653
0.000326 -0.005258 3.699653
0.000490 -0.005274 3.699653
0.000654 -0.005296 3.699653
0.000817 -0.005319 3.699653
0.000978 -0.005354 3.699653
0.001141 -0.005382 3.699653
0.001304 -0.005407 3.699653
0.001468 -0.005424 3.699653
0.001631 -0.005447 3.699653
0.001794 -0.005476 3.699653
0.001956 -0.005506 3.699653
0.002119 -0.005529 3.699653
0.002283 -0.005549 3.699653
0.002446 -0.005574 3.699653
0.002608 -0.005602 3.699653
0.002771 -0.005628 3.699653
0.002935 -0.005651 3.699653
0.003098 -0.005676 3.699653
0.003260 -0.005646 3.699653
0.003367 -0.005521 3.699653
0.003427 -0.005367 3.699653
0.003488 -0.005214 3.699653
0.003548 -0.005060 3.699653
0.003604 -0.004905 3.699653
0.003664 -0.004752 3.699653
0.003728 -0.004600 3.699653
0.003790 -0.004447 3.699653
0.003846 -0.004291 3.699653
0.003902 -0.004136 3.699653
0.003963 -0.003983 3.699653
0.004031 -0.003832 3.699653
0.004091 -0.003679 3.699653
0.004148 -0.003524 3.699653
0.004198 -0.003367 3.699653
0.004259 -0.003214 3.699653
0.004322 -0.003061 3.699653
0.004391 -0.002911 3.699653
0.004454 -0.002759 3.699653
0.004510 -0.002604 3.699653
0.004617 -0.002478 3.699653
0.004717 -0.002347 3.699653
0.004812 -0.002213 3.699653
0.004913 -0.002082 3.699653
0.005015 -0.001952 3.699653
0.005126 -0.001830 3.699653
0.005231 -0.001703 3.699653
0.005334 -0.001574 3.699653
0.005431 -0.001441 3.699653
0.005533 -0.001311 3.699653
0.005639 -0.001185 3.699653
0.005746 -0.001059 3.699653
0.005848 -0.000929 3.699653
0.005947 -0.000798 3.699653
0.006050 -0.000669 3.699653
0.006156 -0.000542 3.699653
0.006260 -0.000414 3.699653
0.006362 -0.000284 3.699653
0.006465 -0.000155 3.699653
0.006520 -0.000000 3.699653

