0.007771 -0.000069 9.381944
0.007634 0.000076 9.381944
0.007495 0.000220 9.381944
0.007358 0.000364 9.381944
0.007223 0.000511 9.381944
0.007086 0.000657 9.381944
0.006943 0.000796 9.381944
0.006813 0.000947 9.381944
0.006677 0.001093 9.381944
0.006549 0.001247 9.381944
0.006411 0.001391 9.381944
0.006286 0.001546 9.381944
0.006137 0.001679 9.381944
0.006037 0.001852 9.381944
0.005908 0.002003 9.381944
0.005804 0.002174 9.381944
0.005684 0.002333 9.381944
0.005578 0.002502 9.381944
0.005452 0.002657 9.381944
0.005342 0.002823 9.381944
0.005228 0.002987 9.381944
0.005151 0.003171 9.381944
0.005075 0.003356 9.381944
0.004993 0.003537 9.381944
0.004926 0.003725 9.381944
0.004835 0.003903 9.381944
0.004774 0.004093 9.381944
0.004702 0.004279 9.381944
0.004650 0.004472 9.381944
0.004571 0.004655 9.381944
0.004533 0.004851 9.381944
0.004466 0.005039 9.381944
0.004426 0.005234 9.381944
0.004364 0.005424 9.381944
0.004311 0.005616 9.381944
0.004247 0.005805 9.381944
0.004192 0.005997 9.381944
0.004126 0.006185 9.381944
0.004067 0.006376 9.381944
0.004008 0.006567 9.381944
0.003849 0.006687 9.381944
0.003656 0.006638 9.381944
0.003463 0.006586 9.381944
0.003270 0.006536 9.381944
0.003075 0.006493 9.381944
0.002882 0.006445 9.381944
0.002687 0.006404 9.381944
0.002493 0.006357 9.381944
0.002297 0.006316 9.381944
0.002106 0.006260 9.381944
0.001911 0.006219 9.381944
0.001715 0.006180 9.381944
0.001519 0.006142 9.381944
0.001320 0.006149 9.381944
0.001134 0.006221 9.381944
0.000945 0.006156 9.381944
0.000747 0.006133 9.381944
0.000553 0.006085 9.381944
0.000354 0.006067 9.381944
0.000157 0.006037 9.381944
-0.000042 0.006019 9.381944
-0.000240 0.006043 9.381944
-0.000439 0.006054 9.381944
-0.000634 0.006096 9.381944
-0.000832 0.006119 9.381944
-0.001023 0.006176 9.381944
-0.001217 0.006129 9.381944
-0.001416 0.006150 9.381944
-0.001611 0.006192 9.381944
-0.001807 0.006228 9.381944
-0.002005 0.006255 9.381944
-0.002199 0.006298 9.381944
-0.002398 0.006321 9.381944
-0.002591 0.006371 9.381944
-0.002786 0.006411 9.381944
-0.002977 0.006469 9.381944
-0.003172 0.006515 9.381944
-0.003367 0.006556 9.381944
-0.003561 0.006601 9.381944
-0.003755 0.006649 9.381944
-0.003949 0.006696 9.381944
-0.004108 0.006576 9.381944
-0.004166 0.006385 9.381944
-0.004227 0.006195 9.381944
-0.004290 0.006006 9.381944
-0.004345 0.005814 9.381944
-0.004407 0.005624 9.381944
-0.004462 0.005433 9.381944
-0.004521 0.005242 9.381944
-0.004565 0.005047 9.381944
-0.004632 0.004859 9.381944
-0.004668 0.004663 9.381944
-0.004745 0.004479 9.381944
-0.004775 0.004282 9.381944
-0.004846 0.004095 9.381944
-0.004894 0.003902 9.381944
-0.004978 0.003721 9.381944
-0.005026 0.003527 9.381944
-0.005109 0.003346 9.381944
-0.005169 0.003155 9.381944
-0.005252 0.002974 9.381944
-0.005381 0.002822 9.381944
-0.005490 0.002655 9.381944
-0.005628 0.002511 9.381944
-0.005739 0.002345 9.381944
-0.005874 0.002198 9.381944
-0.005992 0.002037 9.381944
-0.006145 0.001909 9.381944
-0.006262 0.001747 9.381944
-0.006408 0.001612 9.381944
-0.006536 0.001458 9.381944
-0.006684 0.001325 9.381944
-0.006814 0.001174 9.381944
-0.006958 0.001035 9.381944
-0.007088 0.000884 9.381944
-0.007228 0.000741 9.381944
-0.007362 0.000594 9.381944
-0.007496 0.000445 9.381944
-0.007633 0.000301 9.381944
-0.007773 0.000159 9.381944
-0.007808 -0.000038 9.381944
-0.007678 -0.000189 9.381944
-0.007543 -0.000336 9.381944
-0.007403 -0.000478 9.381944
-0.007266 -0.000623 9.381944
-0.007124 -0.000763 9.381944
-0.006998 -0.000918 9.381944
-0.006862 -0.001064 9.381944
-0.006730 -0.001214 9.381944
-0.006579 -0.001344 9.381944
-0.006444 -0.001491 9.381944
-0.006293 -0.001621 9.381944
-0.006169 -0.001777 9.381944
-0.006020 -0.001911 9.381944
-0.005902 -0.002072 9.381944
-0.005779 -0.002228 9.381944
-0.005680 -0.002402 9.381944
-0.005550 -0.002553 9.381944
-0.005442 -0.002721 9.381944
-0.005311 -0.002871 9.381944
-0.005212 -0.003045 9.381944
-0.005164 -0.003238 9.381944
-0.005076 -0.003417 9.381944
-0.005031 -0.003612 9.381944
-0.004951 -0.003795 9.381944
-0.004894 -0.003986 9.381944
-0.004822 -0.004172 9.381944
-0.004783 -0.004368 9.381944
-0.004712 -0.004554 9.381944
-0.004663 -0.004747 9.381944
-0.004594 -0.004935 9.381944
-0.004554 -0.005130 9.381944
-0.004488 -0.005318 9.381944
-0.004446 -0.005513 9.381944
-0.004378 -0.005701 9.381944
-0.004324 -0.005893 9.381944
-0.004263 -0.006083 9.381944
-0.004202 -0.006273 9.381944
-0.004144 -0.006464 9.381944
-0.004091 -0.006656 9.381944
-0.003936 -0.006782 9.381944
-0.003741 -0.006743 9.381944
-0.003546 -0.006700 9.381944
-0.003351 -0.006657 9.381944
-0.003156 -0.006614 9.381944
-0.002964 -0.006559 9.381944
-0.002773 -0.006503 9.381944
-0.002577 -0.006465 9.381944
-0.002381 -0.006427 9.381944
-0.002183 -0.006400 9.381944
-0.001990 -0.006352 9.381944
-0.001794 -0.006313 9.381944
-0.001603 -0.006256 9.381944
-0.001406 -0.006222 9.381944
-0.001216 -0.006163 9.381944
-0.001020 -0.006124 9.381944
-0.000823 -0.006093 9.381944
-0.000624 -0.006075 9.381944
-0.000426 -0.006056 9.381944
-0.000228 -0.006029 9.381944
-0.000028 -0.006032 9.381944
0.000165 -0.006083 9.381944
0.000363 -0.006107 9.381944
0.000557 -0.006150 9.381944
0.000753 -0.006190 9.381944
0.000950 -0.006220 9.381944
0.001143 -0.006270 9.381944
0.001338 -0.006315 9.381944
0.001528 -0.006374 9.381944
0.001725 -0.006407 9.381944
0.001916 -0.006466 9.381944
0.002112 -0.006504 9.381944
0.002304 -0.006557 9.381944
0.002498 -0.006603 9.381944
0.002692 -0.006649 9.381944
0.002887 -0.006691 9.381944
0.003081 -0.006738 9.381944
0.003277 -0.006778 9.381944
0.003472 -0.006821 9.381944
0.003665 -0.006869 9.381944
0.003851 -0.006797 9.381944
0.003912 -0.006606 9.381944
0.003968 -0.006415 9.381944
0.004026 -0.006224 9.381944
0.004086 -0.006034 9.381944
0.004144 -0.005843 9.381944
0.004188 -0.005648 9.381944
0.004250 -0.005459 9.381944
0.004300 -0.005266 9.381944
0.004379 -0.005082 9.381944
0.004430 -0.004889 9.381944
0.004517 -0.004710 9.381944
0.004561 -0.004515 9.381944
0.004636 -0.004330 9.381944
0.004689 -0.004138 9.381944
0.004775 -0.003958 9.381944
0.004854 -0.003775 9.381944
0.004972 -0.003613 9.381944
0.005034 -0.003424 9.381944
0.005123 -0.003245 9.381944
0.005198 -0.003060 9.381944
0.005317 -0.002900 9.381944
0.005448 -0.002749 9.381944
0.005566 -0.002588 9.381944
0.005708 -0.002449 9.381944
0.005824 -0.002286 9.381944
0.005965 -0.002146 9.381944
0.006092 -0.001991 9.381944
0.006248 -0.001868 9.381944
0.006368 -0.001708 9.381944
0.006521 -0.001580 9.381944
0.006647 -0.001425 9.381944
0.006796 -0.001292 9.381944
0.006928 -0.001143 9.381944
0.007069 -0.001002 9.381944
0.007201 -0.000852 9.381944
0.007341 -0.000710 9.381944
0.007473 -0.000560 9.381944
0.007607 -0.000412 9.381944
0.007743 -0.000266 9.381944
0.007771 -0.000069 9.381944

