0.006348 -0.000000 2.859375
0.006294 0.000152 2.859375
0.006193 0.000277 2.859375
0.006094 0.000404 2.859375
0.005994 0.000530 2.859375
0.005890 0.000652 2.859375
0.005788 0.000776 2.859375
0.005691 0.000905 2.859375
0.005594 0.001033 2.859375
0.005492 0.001157 2.859375
0.005385 0.001278 2.859375
0.005281 0.001401 2.859375
0.005185 0.001529 2.859375
0.005091 0.001660 2.859375
0.004994 0.001788 2.859375
0.004890 0.001911 2.859375
0.004783 0.002031 2.859375
0.004674 0.002149 2.859375
0.004568 0.002270 2.859375
0.004463 0.002392 2.859375
0.004367 0.002521 2.859375
0.004303 0.002669 2.859375
0.004250 0.002821 2.859375
0.004198 0.002973 2.859375
0.004150 0.003126 2.859375
0.004100 0.003279 2.859375
0.004046 0.003431 2.859375
0.003983 0.003579 2.859375
0.003917 0.003725 2.859375
0.003854 0.003873 2.859375
0.003799 0.004025 2.859375
0.003748 0.004177 2.859375
0.003692 0.004328 2.859375
0.003629 0.004476 2.859375
0.003566 0.004624 2.859375
0.003510 0.004775 2.859375
0.003456 0.004926 2.859375
0.003397 0.005076 2.859375
0.003336 0.005225 2.859375
0.003278 0.005375 2.859375
0.003174 0.005497 2.859375
0.003016 0.005526 2.859375
0.002857 0.005502 2.859375
0.002697 0.005479 2.859375
0.002538 0.005456 2.859375
0.002380 0.005427 2.859375
0.002221 0.005400 2.859375
0.002062 0.005381 2.859375
0.001902 0.005361 2.859375
0.001743 0.005335 2.859375
0.001586 0.005303 2.859375
0.001428 0.005274 2.859375
0.001268 0.005255 2.859375
0.001108 0.005239 2.859375
0.000948 0.005219 2.859375
0.000790 0.005190 2.859375
0.000633 0.005157 2.859375
0.000476 0.005122 2.859375
0.000318 0.005091 2.859375
0.000160 0.005061 2.859375
-0.000000 0.005042 2.859375
-0.000160 0.005061 2.859375
-0.000318 0.005091 2.859375
-0.000476 0.005122 2.859375
-0.000633 0.005157 2.859375
-0.000790 0.005190 2.859375
-0.000948 0.005219 2.859375
-0.001108 0.005239 2.859375
-0.001268 0.005255 2.859375
-0.001428 0.005274 2.859375
-0.001586 0.005303 2.859375
-0.001743 0.005335 2.859375
-0.001902 0.005361 2.859375
-0.002062 0.005381 2.859375
-0.002221 0.005400 2.859375
-0.002380 0.005427 2.859375
-0.002538 0.005456 2.859375
-0.002697 0.005479 2.859375
-0.002857 0.005502 2.859375
-0.003016 0.005526 2.859375
-0.003174 0.005497 2.859375
-0.003278 0.005375 2.859375
-0.003336 0.005225 2.859375
-0.003397 0.005076 2.859375
-0.003456 0.004926 2.859375
-0.003510 0.004775 2.859375
-0.003566 0.004624 2.859375
-0.003629 0.004476 2.859375
-0.003692 0.004328 2.859375
-0.003748 0.004177 2.859375
-0.003799 0.004025 2.859375
-0.003854 0.003873 2.859375
-0.003917 0.003725 2.859375
-0.003983 0.003579 2.859375
-0.004046 0.003431 2.859375
-0.004100 0.003279 2.859375
-0.004150 0.003126 2.859375
-0.004198 0.002973 2.859375
-0.004250 0.002821 2.859375
-0.004303 0.002669 2.859375
-0.004367 0.002521 2.859375
-0.004463 0.002392 2.859375
-0.004568 0.002270 2.859375
-0.004674 0.002149 2.859375
-0.004783 0.002031 2.859375
-0.004890 0.001911 2.859375
-0.004994 0.001788 2.859375
-0.005091 0.001660 2.859375
-0.005185 0.001529 2.859375
-0.005281 0.001401 2.859375
-0.005385 0.001278 2.859375
-0.005492 0.001157 2.859375
-0.005594 0.001033 2.859375
-0.005691 0.000905 2.859375
-0.005788 0.000776 2.859375
-0.005890 0.000652 2.859375
-0.005994 0.000530 2.859375
-0.006094 0.000404 2.859375
-0.006193 0.000277 2.859375
-0.006294 0.000152 2.859375
-0.006348 0.000000 2.859375
-0.006294 -0.000152 2.859375
-0.006193 -0.000277 2.859375
-0.006094 -0.000404 2.859375
-0.005994 -0.000530 2.859375
-0.005890 -0.000652 2.859375
-0.005788 -0.000776 2.859375
-0.005691 -0.000905 2.859375
-0.005594 -0.001033 2.859375
-0.005492 -0.001157 2.859375
-0.005385 -0.001278 2.859375
-0.005281 -0.001401 2.859375
-0.005185 -0.001529 2.859375
-0.005091 -0.001660 2.859375
-0.004994 -0.001788 2.859375
-0.004890 -0.001911 2.859375
-0.004783 -0.002031 2.859375
-0.004674 -0.002149 2.859375
-0.004568 -0.002270 2.859375
-0.004463 -0.002392 2.859375
-0.004367 -0.002521 2.859375
-0.004303 -0.002669 2.859375
-0.004250 -0.002821 2.859375
-0.004198 -0.002973 2.859375
-0.004150 -0.003126 2.859375
-0.004100 -0.003279 2.859375
-0.004046 -0.003431 2.859375
-0.003983 -0.003579 2.859375
-0.003917 -0.003725 2.859375
-0.003854 -0.003873 2.859375
-0.003799 -0.004025 2.859375
-0.003748 -0.004177 2.859375
-0.003692 -0.004328 2.859375
-0.003629 -0.004476 2.859375
-0.003566 -0.004624 2.859375
-0.003510 -0.004775 2.859375
-0.003456 -0.004926 2.859375
-0.003397 -0.005076 2.859375
-0.003336 -0.005225 2.859375
-0.003278 -0.005375 2.859375
-0.003174 -0.005497 2.859375
-0.003016 -0.005526 2.859375
-0.002857 -0.005502 2.859375
-0.002697 -0.005479 2.859375
-0.002538 -0.005456 2.859375
-0.002380 -0.005427 2.859375
-0.002221 -0.005400 2.859375
-0.002062 -0.005381 2.859375
-0.001902 -0.005361 2.859375
-0.001743 -0.005335 2.859375
-0.001586 -0.005303 2.859375
-0.001428 -0.005274 2.859375
-0.001268 -0.005255 2.859375
-0.001108 -0.005239 2.859375
-0.000948 -0.005219 2.859375
-0.000790 -0.005190 2.859375
-0.000633 -0.005157 2.859375
-0.000476 -0.005122 2.859375
-0.000318 -0.005091 2.859375
-0.000160 -0.005061 2.859375
0.000000 -0.005042 2.859375
0.000160 -0.005061 2.859375
0.000318 -0.005091 2.859375
0.000476 -0.005122 2.859375
0.000633 -0.005157 2.859375
0.000790 -0.005190 2.859375
0.000948 -0.005219 2.859375
0.001108 -0.005239 2.859375
0.001268 -0.005255 2.859375
0.001428 -0.005274 2.859375
0.001586 -0.005303 2.859375
0.001743 -0.005335 2.859375
0.001902 -0.005361 2.859375
0.002062 -0.005381 2.859375
0.002221 -0.005400 2.859375
0.002380 -0.005427 2.859375
0.002538 -0.005456 2.859375
0.002697 -0.005479 2.859375
0.002857 -0.005502 2.859375
0.003016 -0.005526 2.859375
0.003174 -0.005497 2.859375
0.003278 -0.005375 2.859375
0.003336 -0.005225 2.859375
0.003397 -0.005076 2.859375
0.003456 -0.004926 2.859375
0.003510 -0.004775 2.859375
0.003566 -0.004624 2.859375
0.003629 -0.004476 2.859375
0.003692 -0.004328 2.859375
0.003748 -0.004177 2.859375
0.003799 -0.004025 2.859375
0.003854 -0.003873 2.859375
0.003917 -0.003725 2.859375
0.003983 -0.003579 2.859375
0.004046 -0.003431 2.859375
0.004100 -0.003279 2.859375
0.004150 -0.003126 2.859375
0.004198 -0.002973 2.859375
0.004250 -0.002821 2.859375
0.004303 -0.002669 2.859375
0.004367 -0.002521 2.859375
0.004463 -0.002392 2.859375
0.004568 -0.002270 2.859375
0.004674 -0.002149 2.859375
0.004783 -0.002031 2.859375
0.004890 -0.001911 2.859375
0.004994 -0.001788 2.859375
0.005091 -0.001660 2.859375
0.005185 -0.001529 2.859375
0.005281 -0.001401 2.859375
0.005385 -0.001278 2.859375
0.005492 -0.001157 2.859375
0.005594 -0.001033 2.859375
0.005691 -0.000905 2.859375
0.005788 -0.000776 2.859375
0.005890 -0.000652 2.859375
0.005994 -0.000530 2.859375
0.006094 -0.000404 2.859375
0.006193 -0.000277 2.859375
0.006294 -0.000152 2.859375
0.006348 -0.000000 2.859375

