0.007752 -0.000072 9.289931
0.007616 0.000074 9.289931
0.007478 0.000216 9.289931
0.007341 0.000361 9.289931
0.007207 0.000508 9.289931
0.007069 0.000652 9.289931
0.006928 0.000791 9.289931
0.006799 0.000943 9.289931
0.006664 0.001089 9.289931
0.006536 0.001242 9.289931
0.006399 0.001386 9.289931
0.006273 0.001539 9.289931
0.006128 0.001676 9.289931
0.006031 0.001849 9.289931
0.005902 0.002000 9.289931
0.005800 0.002171 9.289931
0.005680 0.002330 9.289931
0.005573 0.002498 9.289931
0.005447 0.002652 9.289931
0.005339 0.002819 9.289931
0.005223 0.002981 9.289931
0.005145 0.003164 9.289931
0.005070 0.003348 9.289931
0.004987 0.003528 9.289931
0.004922 0.003716 9.289931
0.004831 0.003893 9.289931
0.004766 0.004081 9.289931
0.004693 0.004266 9.289931
0.004642 0.004459 9.289931
0.004562 0.004641 9.289931
0.004522 0.004836 9.289931
0.004455 0.005023 9.289931
0.004414 0.005218 9.289931
0.004354 0.005407 9.289931
0.004301 0.005599 9.289931
0.004238 0.005787 9.289931
0.004183 0.005979 9.289931
0.004119 0.006167 9.289931
0.004058 0.006357 9.289931
0.004000 0.006547 9.289931
0.003843 0.006669 9.289931
0.003650 0.006621 9.289931
0.003458 0.006569 9.289931
0.003266 0.006520 9.289931
0.003071 0.006477 9.289931
0.002878 0.006429 9.289931
0.002683 0.006389 9.289931
0.002490 0.006342 9.289931
0.002296 0.006300 9.289931
0.002105 0.006244 9.289931
0.001910 0.006206 9.289931
0.001714 0.006168 9.289931
0.001518 0.006136 9.289931
0.001319 0.006138 9.289931
0.001130 0.006201 9.289931
0.000941 0.006142 9.289931
0.000743 0.006121 9.289931
0.000549 0.006074 9.289931
0.000351 0.006059 9.289931
0.000154 0.006029 9.289931
-0.000044 0.006012 9.289931
-0.000241 0.006038 9.289931
-0.000440 0.006045 9.289931
-0.000634 0.006086 9.289931
-0.000832 0.006107 9.289931
-0.001024 0.006160 9.289931
-0.001219 0.006118 9.289931
-0.001416 0.006140 9.289931
-0.001611 0.006179 9.289931
-0.001807 0.006217 9.289931
-0.002004 0.006243 9.289931
-0.002198 0.006287 9.289931
-0.002395 0.006309 9.289931
-0.002589 0.006356 9.289931
-0.002784 0.006395 9.289931
-0.002975 0.006451 9.289931
-0.003168 0.006499 9.289931
-0.003362 0.006541 9.289931
-0.003556 0.006585 9.289931
-0.003749 0.006632 9.289931
-0.003943 0.006678 9.289931
-0.004100 0.006556 9.289931
-0.004158 0.006366 9.289931
-0.004219 0.006177 9.289931
-0.004281 0.005987 9.289931
-0.004335 0.005796 9.289931
-0.004397 0.005607 9.289931
-0.004451 0.005415 9.289931
-0.004509 0.005225 9.289931
-0.004554 0.005031 9.289931
-0.004620 0.004844 9.289931
-0.004658 0.004648 9.289931
-0.004734 0.004465 9.289931
-0.004763 0.004268 9.289931
-0.004836 0.004083 9.289931
-0.004886 0.003890 9.289931
-0.004970 0.003710 9.289931
-0.005017 0.003517 9.289931
-0.005102 0.003336 9.289931
-0.005162 0.003147 9.289931
-0.005246 0.002967 9.289931
-0.005375 0.002816 9.289931
-0.005483 0.002648 9.289931
-0.005620 0.002504 9.289931
-0.005731 0.002339 9.289931
-0.005865 0.002192 9.289931
-0.005980 0.002030 9.289931
-0.006133 0.001902 9.289931
-0.006250 0.001742 9.289931
-0.006395 0.001605 9.289931
-0.006522 0.001452 9.289931
-0.006669 0.001318 9.289931
-0.006799 0.001168 9.289931
-0.006943 0.001030 9.289931
-0.007073 0.000880 9.289931
-0.007211 0.000737 9.289931
-0.007347 0.000591 9.289931
-0.007479 0.000443 9.289931
-0.007615 0.000297 9.289931
-0.007754 0.000155 9.289931
-0.007790 -0.000040 9.289931
-0.007660 -0.000191 9.289931
-0.007523 -0.000335 9.289931
-0.007383 -0.000476 9.289931
-0.007246 -0.000621 9.289931
-0.007107 -0.000763 9.289931
-0.006982 -0.000918 9.289931
-0.006845 -0.001062 9.289931
-0.006712 -0.001210 9.289931
-0.006560 -0.001339 9.289931
-0.006426 -0.001485 9.289931
-0.006277 -0.001618 9.289931
-0.006153 -0.001773 9.289931
-0.006007 -0.001908 9.289931
-0.005893 -0.002071 9.289931
-0.005772 -0.002229 9.289931
-0.005672 -0.002401 9.289931
-0.005541 -0.002551 9.289931
-0.005434 -0.002719 9.289931
-0.005304 -0.002869 9.289931
-0.005205 -0.003041 9.289931
-0.005154 -0.003234 9.289931
-0.005066 -0.003412 9.289931
-0.005020 -0.003605 9.289931
-0.004941 -0.003788 9.289931
-0.004884 -0.003979 9.289931
-0.004810 -0.004163 9.289931
-0.004771 -0.004358 9.289931
-0.004701 -0.004545 9.289931
-0.004651 -0.004737 9.289931
-0.004581 -0.004924 9.289931
-0.004541 -0.005118 9.289931
-0.004475 -0.005306 9.289931
-0.004434 -0.005501 9.289931
-0.004368 -0.005688 9.289931
-0.004313 -0.005879 9.289931
-0.004253 -0.006069 9.289931
-0.004192 -0.006259 9.289931
-0.004133 -0.006449 9.289931
-0.004080 -0.006640 9.289931
-0.003926 -0.006767 9.289931
-0.003731 -0.006727 9.289931
-0.003537 -0.006684 9.289931
-0.003343 -0.006641 9.289931
-0.003149 -0.006596 9.289931
-0.002958 -0.006540 9.289931
-0.002767 -0.006487 9.289931
-0.002571 -0.006452 9.289931
-0.002375 -0.006415 9.289931
-0.002179 -0.006386 9.289931
-0.001986 -0.006336 9.289931
-0.001791 -0.006297 9.289931
-0.001600 -0.006241 9.289931
-0.001404 -0.006207 9.289931
-0.001214 -0.006147 9.289931
-0.001018 -0.006113 9.289931
-0.000821 -0.006085 9.289931
-0.000623 -0.006069 9.289931
-0.000425 -0.006048 9.289931
-0.000228 -0.006024 9.289931
-0.000029 -0.006024 9.289931
0.000165 -0.006070 9.289931
0.000362 -0.006096 9.289931
0.000557 -0.006136 9.289931
0.000751 -0.006178 9.289931
0.000948 -0.006207 9.289931
0.001141 -0.006254 9.289931
0.001335 -0.006298 9.289931
0.001525 -0.006358 9.289931
0.001721 -0.006391 9.289931
0.001911 -0.006449 9.289931
0.002106 -0.006488 9.289931
0.002299 -0.006540 9.289931
0.002492 -0.006587 9.289931
0.002685 -0.006633 9.289931
0.002880 -0.006675 9.289931
0.003073 -0.006722 9.289931
0.003268 -0.006763 9.289931
0.003462 -0.006805 9.289931
0.003655 -0.006852 9.289931
0.003841 -0.006781 9.289931
0.003902 -0.006591 9.289931
0.003957 -0.006400 9.289931
0.004016 -0.006210 9.289931
0.004075 -0.006020 9.289931
0.004131 -0.005830 9.289931
0.004176 -0.005636 9.289931
0.004239 -0.005447 9.289931
0.004291 -0.005255 9.289931
0.004370 -0.005072 9.289931
0.004422 -0.004880 9.289931
0.004508 -0.004701 9.289931
0.004550 -0.004506 9.289931
0.004625 -0.004322 9.289931
0.004681 -0.004131 9.289931
0.004770 -0.003954 9.289931
0.004849 -0.003771 9.289931
0.004963 -0.003608 9.289931
0.005027 -0.003420 9.289931
0.005116 -0.003242 9.289931
0.005189 -0.003057 9.289931
0.005307 -0.002897 9.289931
0.005437 -0.002747 9.289931
0.005553 -0.002585 9.289931
0.005695 -0.002446 9.289931
0.005811 -0.002284 9.289931
0.005951 -0.002142 9.289931
0.006075 -0.001986 9.289931
0.006232 -0.001864 9.289931
0.006352 -0.001706 9.289931
0.006503 -0.001577 9.289931
0.006630 -0.001423 9.289931
0.006777 -0.001289 9.289931
0.006909 -0.001141 9.289931
0.007050 -0.001001 9.289931
0.007182 -0.000852 9.289931
0.007322 -0.000710 9.289931
0.007454 -0.000561 9.289931
0.007587 -0.000413 9.289931
0.007723 -0.000268 9.289931
0.007752 -0.000072 9.289931

