0.007784 -0.000067 9.449653
0.007647 0.000078 9.449653
0.007507 0.000222 9.449653
0.007370 0.000367 9.449653
0.007234 0.000514 9.449653
0.007098 0.000661 9.449653
0.006954 0.000800 9.449653
0.006823 0.000950 9.449653
0.006686 0.001096 9.449653
0.006559 0.001250 9.449653
0.006420 0.001394 9.449653
0.006296 0.001551 9.449653
0.006144 0.001682 9.449653
0.006042 0.001853 9.449653
0.005912 0.002006 9.449653
0.005807 0.002175 9.449653
0.005687 0.002336 9.449653
0.005582 0.002505 9.449653
0.005456 0.002661 9.449653
0.005344 0.002827 9.449653
0.005231 0.002992 9.449653
0.005156 0.003177 9.449653
0.005078 0.003361 9.449653
0.004997 0.003544 9.449653
0.004929 0.003732 9.449653
0.004839 0.003911 9.449653
0.004781 0.004102 9.449653
0.004709 0.004289 9.449653
0.004656 0.004481 9.449653
0.004578 0.004666 9.449653
0.004542 0.004862 9.449653
0.004474 0.005051 9.449653
0.004435 0.005247 9.449653
0.004371 0.005436 9.449653
0.004318 0.005629 9.449653
0.004253 0.005818 9.449653
0.004198 0.006010 9.449653
0.004132 0.006199 9.449653
0.004073 0.006390 9.449653
0.004013 0.006581 9.449653
0.003853 0.006701 9.449653
0.003660 0.006651 9.449653
0.003467 0.006599 9.449653
0.003273 0.006547 9.449653
0.003078 0.006505 9.449653
0.002884 0.006456 9.449653
0.002688 0.006415 9.449653
0.002494 0.006368 9.449653
0.002298 0.006328 9.449653
0.002106 0.006271 9.449653
0.001911 0.006229 9.449653
0.001715 0.006190 9.449653
0.001519 0.006148 9.449653
0.001319 0.006158 9.449653
0.001136 0.006236 9.449653
0.000948 0.006167 9.449653
0.000750 0.006142 9.449653
0.000556 0.006093 9.449653
0.000357 0.006074 9.449653
0.000159 0.006044 9.449653
-0.000040 0.006024 9.449653
-0.000239 0.006047 9.449653
-0.000438 0.006060 9.449653
-0.000633 0.006104 9.449653
-0.000832 0.006128 9.449653
-0.001022 0.006188 9.449653
-0.001216 0.006138 9.449653
-0.001415 0.006158 9.449653
-0.001610 0.006201 9.449653
-0.001807 0.006235 9.449653
-0.002005 0.006263 9.449653
-0.002200 0.006306 9.449653
-0.002399 0.006330 9.449653
-0.002592 0.006382 9.449653
-0.002788 0.006423 9.449653
-0.002979 0.006481 9.449653
-0.003174 0.006526 9.449653
-0.003369 0.006567 9.449653
-0.003564 0.006613 9.449653
-0.003758 0.006661 9.449653
-0.003952 0.006710 9.449653
-0.004113 0.006591 9.449653
-0.004172 0.006400 9.449653
-0.004233 0.006210 9.449653
-0.004296 0.006020 9.449653
-0.004351 0.005828 9.449653
-0.004414 0.005638 9.449653
-0.004469 0.005446 9.449653
-0.004529 0.005255 9.449653
-0.004573 0.005060 9.449653
-0.004640 0.004871 9.449653
-0.004675 0.004675 9.449653
-0.004753 0.004490 9.449653
-0.004784 0.004293 9.449653
-0.004854 0.004105 9.449653
-0.004900 0.003911 9.449653
-0.004984 0.003729 9.449653
-0.005032 0.003535 9.449653
-0.005114 0.003353 9.449653
-0.005174 0.003162 9.449653
-0.005256 0.002980 9.449653
-0.005384 0.002826 9.449653
-0.005495 0.002660 9.449653
-0.005633 0.002515 9.449653
-0.005744 0.002349 9.449653
-0.005881 0.002203 9.449653
-0.006000 0.002042 9.449653
-0.006153 0.001914 9.449653
-0.006270 0.001752 9.449653
-0.006418 0.001617 9.449653
-0.006546 0.001463 9.449653
-0.006695 0.001330 9.449653
-0.006825 0.001178 9.449653
-0.006969 0.001039 9.449653
-0.007099 0.000887 9.449653
-0.007239 0.000745 9.449653
-0.007374 0.000597 9.449653
-0.007507 0.000448 9.449653
-0.007645 0.000303 9.449653
-0.007786 0.000161 9.449653
-0.007822 -0.000036 9.449653
-0.007692 -0.000188 9.449653
-0.007558 -0.000336 9.449653
-0.007417 -0.000478 9.449653
-0.007280 -0.000624 9.449653
-0.007137 -0.000764 9.449653
-0.007010 -0.000918 9.449653
-0.006875 -0.001065 9.449653
-0.006744 -0.001217 9.449653
-0.006593 -0.001347 9.449653
-0.006457 -0.001494 9.449653
-0.006305 -0.001624 9.449653
-0.006180 -0.001780 9.449653
-0.006031 -0.001914 9.449653
-0.005910 -0.002073 9.449653
-0.005784 -0.002228 9.449653
-0.005685 -0.002402 9.449653
-0.005555 -0.002554 9.449653
-0.005448 -0.002723 9.449653
-0.005316 -0.002873 9.449653
-0.005218 -0.003047 9.449653
-0.005171 -0.003242 9.449653
-0.005083 -0.003421 9.449653
-0.005039 -0.003616 9.449653
-0.004958 -0.003799 9.449653
-0.004902 -0.003991 9.449653
-0.004832 -0.004178 9.449653
-0.004793 -0.004374 9.449653
-0.004721 -0.004561 9.449653
-0.004671 -0.004755 9.449653
-0.004603 -0.004943 9.449653
-0.004563 -0.005139 9.449653
-0.004497 -0.005327 9.449653
-0.004454 -0.005523 9.449653
-0.004386 -0.005710 9.449653
-0.004332 -0.005903 9.449653
-0.004270 -0.006093 9.449653
-0.004210 -0.006284 9.449653
-0.004152 -0.006475 9.449653
-0.004099 -0.006668 9.449653
-0.003944 -0.006794 9.449653
-0.003748 -0.006754 9.449653
-0.003552 -0.006711 9.449653
-0.003357 -0.006669 9.449653
-0.003161 -0.006626 9.449653
-0.002969 -0.006573 9.449653
-0.002777 -0.006516 9.449653
-0.002581 -0.006476 9.449653
-0.002385 -0.006435 9.449653
-0.002187 -0.006409 9.449653
-0.001993 -0.006363 9.449653
-0.001796 -0.006325 9.449653
-0.001605 -0.006267 9.449653
-0.001408 -0.006233 9.449653
-0.001216 -0.006175 9.449653
-0.001021 -0.006133 9.449653
-0.000824 -0.006099 9.449653
-0.000625 -0.006080 9.449653
-0.000426 -0.006061 9.449653
-0.000228 -0.006033 9.449653
-0.000028 -0.006039 9.449653
0.000165 -0.006092 9.449653
0.000363 -0.006116 9.449653
0.000558 -0.006161 9.449653
0.000755 -0.006199 9.449653
0.000952 -0.006231 9.449653
0.001145 -0.006282 9.449653
0.001340 -0.006328 9.449653
0.001531 -0.006385 9.449653
0.001729 -0.006418 9.449653
0.001920 -0.006478 9.449653
0.002116 -0.006516 9.449653
0.002308 -0.006570 9.449653
0.002503 -0.006615 9.449653
0.002698 -0.006661 9.449653
0.002893 -0.006703 9.449653
0.003088 -0.006750 9.449653
0.003284 -0.006790 9.449653
0.003479 -0.006834 9.449653
0.003673 -0.006882 9.449653
0.003859 -0.006808 9.449653
0.003919 -0.006617 9.449653
0.003976 -0.006425 9.449653
0.004034 -0.006234 9.449653
0.004094 -0.006043 9.449653
0.004154 -0.005853 9.449653
0.004197 -0.005657 9.449653
0.004259 -0.005467 9.449653
0.004307 -0.005273 9.449653
0.004386 -0.005089 9.449653
0.004436 -0.004896 9.449653
0.004523 -0.004716 9.449653
0.004570 -0.004521 9.449653
0.004644 -0.004335 9.449653
0.004696 -0.004142 9.449653
0.004779 -0.003961 9.449653
0.004859 -0.003777 9.449653
0.004978 -0.003617 9.449653
0.005040 -0.003427 9.449653
0.005127 -0.003247 9.449653
0.005204 -0.003062 9.449653
0.005325 -0.002903 9.449653
0.005455 -0.002751 9.449653
0.005575 -0.002591 9.449653
0.005717 -0.002451 9.449653
0.005834 -0.002288 9.449653
0.005977 -0.002148 9.449653
0.006104 -0.001994 9.449653
0.006261 -0.001870 9.449653
0.006380 -0.001709 9.449653
0.006534 -0.001582 9.449653
0.006661 -0.001427 9.449653
0.006810 -0.001294 9.449653
0.006941 -0.001143 9.449653
0.007083 -0.001002 9.449653
0.007215 -0.000852 9.449653
0.007356 -0.000710 9.449653
0.007487 -0.000558 9.449653
0.007621 -0.000411 9.449653
0.007758 -0.000265 9.449653
0.007784 -0.000067 9.449653

