0.006849 -0.000000 5.331597
0.006788 0.000162 5.331597
0.006683 0.000300 5.331597
0.006574 0.000434 5.331597
0.006467 0.000570 5.331597
0.006357 0.000704 5.331597
0.006253 0.000843 5.331597
0.006144 0.000977 5.331597
0.006033 0.001111 5.331597
0.005925 0.001245 5.331597
0.005818 0.001382 5.331597
0.005714 0.001521 5.331597
0.005601 0.001652 5.331597
0.005491 0.001785 5.331597
0.005384 0.001922 5.331597
0.005278 0.002059 5.331597
0.005174 0.002198 5.331597
0.005061 0.002329 5.331597
0.004948 0.002460 5.331597
0.004843 0.002598 5.331597
0.004737 0.002735 5.331597
0.004671 0.002895 5.331597
0.004604 0.003055 5.331597
0.004548 0.003219 5.331597
0.004490 0.003382 5.331597
0.004423 0.003542 5.331597
0.004356 0.003702 5.331597
0.004292 0.003862 5.331597
0.004232 0.004025 5.331597
0.004174 0.004188 5.331597
0.004106 0.004348 5.331597
0.004041 0.004508 5.331597
0.003979 0.004670 5.331597
0.003918 0.004832 5.331597
0.003857 0.004994 5.331597
0.003789 0.005153 5.331597
0.003728 0.005316 5.331597
0.003663 0.005476 5.331597
0.003602 0.005638 5.331597
0.003536 0.005798 5.331597
0.003425 0.005931 5.331597
0.003254 0.005961 5.331597
0.003082 0.005938 5.331597
0.002911 0.005911 5.331597
0.002740 0.005886 5.331597
0.002569 0.005858 5.331597
0.002397 0.005837 5.331597
0.002226 0.005809 5.331597
0.002055 0.005780 5.331597
0.001884 0.005753 5.331597
0.001712 0.005730 5.331597
0.001540 0.005709 5.331597
0.001370 0.005677 5.331597
0.001199 0.005648 5.331597
0.001028 0.005623 5.331597
0.000856 0.005601 5.331597
0.000684 0.005580 5.331597
0.000514 0.005548 5.331597
0.000344 0.005515 5.331597
0.000172 0.005493 5.331597
-0.000000 0.005470 5.331597
-0.000172 0.005493 5.331597
-0.000344 0.005515 5.331597
-0.000514 0.005548 5.331597
-0.000684 0.005580 5.331597
-0.000856 0.005601 5.331597
-0.001028 0.005623 5.331597
-0.001199 0.005648 5.331597
-0.001370 0.005677 5.331597
-0.001540 0.005709 5.331597
-0.001712 0.005730 5.331597
-0.001884 0.005753 5.331597
-0.002055 0.005780 5.331597
-0.002226 0.005809 5.331597
-0.002397 0.005837 5.331597
-0.002569 0.005857 5.331597
-0.002740 0.005886 5.331597
-0.002911 0.005910 5.331597
-0.003082 0.005938 5.331597
-0.003254 0.005960 5.331597
-0.003425 0.005931 5.331597
-0.003537 0.005799 5.331597
-0.003603 0.005639 5.331597
-0.003664 0.005477 5.331597
-0.003728 0.005316 5.331597
-0.003789 0.005153 5.331597
-0.003857 0.004994 5.331597
-0.003918 0.004832 5.331597
-0.003979 0.004670 5.331597
-0.004041 0.004508 5.331597
-0.004106 0.004348 5.331597
-0.004174 0.004188 5.331597
-0.004232 0.004025 5.331597
-0.004292 0.003862 5.331597
-0.004356 0.003702 5.331597
-0.004423 0.003542 5.331597
-0.004490 0.003382 5.331597
-0.004548 0.003219 5.331597
-0.004604 0.003055 5.331597
-0.004671 0.002895 5.331597
-0.004737 0.002735 5.331597
-0.004843 0.002598 5.331597
-0.004948 0.002460 5.331597
-0.005061 0.002329 5.331597
-0.005174 0.002198 5.331597
-0.005278 0.002059 5.331597
-0.005384 0.001922 5.331597
-0.005491 0.001785 5.331597
-0.005602 0.001652 5.331597
-0.005714 0.001521 5.331597
-0.005818 0.001382 5.331597
-0.005925 0.001245 5.331597
-0.006033 0.001111 5.331597
-0.006144 0.000977 5.331597
-0.006254 0.000843 5.331597
-0.006357 0.000704 5.331597
-0.006467 0.000570 5.331597
-0.006574 0.000434 5.331597
-0.006684 0.000300 5.331597
-0.006790 0.000163 5.331597
-0.006849 0.000000 5.331597
-0.006789 -0.000162 5.331597
-0.006684 -0.000300 5.331597
-0.006574 -0.000434 5.331597
-0.006467 -0.000570 5.331597
-0.006357 -0.000704 5.331597
-0.006253 -0.000843 5.331597
-0.006144 -0.000977 5.331597
-0.006033 -0.001111 5.331597
-0.005925 -0.001245 5.331597
-0.005818 -0.001382 5.331597
-0.005714 -0.001521 5.331597
-0.005601 -0.001652 5.331597
-0.005491 -0.001785 5.331597
-0.005384 -0.001922 5.331597
-0.005278 -0.002059 5.331597
-0.005174 -0.002198 5.331597
-0.005061 -0.002329 5.331597
-0.004948 -0.002460 5.331597
-0.004843 -0.002598 5.331597
-0.004737 -0.002735 5.331597
-0.004671 -0.002895 5.331597
-0.004604 -0.003055 5.331597
-0.004548 -0.003219 5.331597
-0.004490 -0.003382 5.331597
-0.004423 -0.003542 5.331597
-0.004356 -0.003702 5.331597
-0.004292 -0.003862 5.331597
-0.004232 -0.004025 5.331597
-0.004174 -0.004188 5.331597
-0.004106 -0.004348 5.331597
-0.004041 -0.004508 5.331597
-0.003979 -0.004670 5.331597
-0.003918 -0.004832 5.331597
-0.003857 -0.004994 5.331597
-0.003789 -0.005153 5.331597
-0.003728 -0.005316 5.331597
-0.003664 -0.005477 5.331597
-0.003603 -0.005639 5.331597
-0.003537 -0.005799 5.331597
-0.003425 -0.005931 5.331597
-0.003254 -0.005959 5.331597
-0.003082 -0.005937 5.331597
-0.002911 -0.005910 5.331597
-0.002740 -0.005886 5.331597
-0.002569 -0.005857 5.331597
-0.002397 -0.005837 5.331597
-0.002226 -0.005809 5.331597
-0.002055 -0.005780 5.331597
-0.001884 -0.005753 5.331597
-0.001712 -0.005730 5.331597
-0.001540 -0.005709 5.331597
-0.001370 -0.005677 5.331597
-0.001199 -0.005648 5.331597
-0.001028 -0.005623 5.331597
-0.000856 -0.005601 5.331597
-0.000684 -0.005580 5.331597
-0.000514 -0.005548 5.331597
-0.000344 -0.005515 5.331597
-0.000172 -0.005493 5.331597
0.000000 -0.005470 5.331597
0.000172 -0.005493 5.331597
0.000344 -0.005515 5.331597
0.000514 -0.005548 5.331597
0.000684 -0.005580 5.331597
0.000856 -0.005601 5.331597
0.001028 -0.005623 5.331597
0.001199 -0.005648 5.331597
0.001370 -0.005677 5.331597
0.001540 -0.005709 5.331597
0.001712 -0.005730 5.331597
0.001884 -0.005754 5.331597
0.002055 -0.005780 5.331597
0.002226 -0.005809 5.331597
0.002397 -0.005837 5.331597
0.002569 -0.005858 5.331597
0.002740 -0.005886 5.331597
0.002911 -0.005911 5.331597
0.003082 -0.005940 5.331597
0.003253 -0.005963 5.331597
0.003424 -0.005932 5.331597
0.003533 -0.005798 5.331597
0.003601 -0.005638 5.331597
0.003663 -0.005476 5.331597
0.003727 -0.005315 5.331597
0.003788 -0.005153 5.331597
0.003857 -0.004994 5.331597
0.003918 -0.004832 5.331597
0.003979 -0.004670 5.331597
0.004041 -0.004508 5.331597
0.004106 -0.004348 5.331597
0.004174 -0.004188 5.331597
0.004232 -0.004025 5.331597
0.004292 -0.003862 5.331597
0.004356 -0.003702 5.331597
0.004423 -0.003542 5.331597
0.004490 -0.003382 5.331597
0.004548 -0.003219 5.331597
0.004604 -0.003055 5.331597
0.004671 -0.002895 5.331597
0.004737 -0.002735 5.331597
0.004843 -0.002598 5.331597
0.004948 -0.002460 5.331597
0.005061 -0.002329 5.331597
0.005174 -0.002198 5.331597
0.005278 -0.002059 5.331597
0.005384 -0.001922 5.331597
0.005491 -0.001785 5.331597
0.005602 -0.001652 5.331597
0.005714 -0.001521 5.331597
0.005818 -0.001382 5.331597
0.005925 -0.001245 5.331597
0.006033 -0.001111 5.331597
0.006144 -0.000977 5.331597
0.006254 -0.000843 5.331597
0.006357 -0.000704 5.331597
0.006467 -0.000571 5.331597
0.006575 -0.000435 5.331597
0.006684 -0.000301 5.331597
0.006790 -0.000163 5.331597
0.006849 -0.000000 5.331597

