0.007036 -0.000038 6.397569
0.006931 0.000105 6.397569
0.006836 0.000256 6.397569
0.006745 0.000409 6.397569
0.006646 0.000557 6.397569
0.006547 0.000705 6.397569
0.006443 0.000849 6.397569
0.006339 0.000994 6.397569
0.006231 0.001135 6.397569
0.006118 0.001272 6.397569
0.006011 0.001415 6.397569
0.005903 0.001556 6.397569
0.005791 0.001695 6.397569
0.005679 0.001833 6.397569
0.005565 0.001970 6.397569
0.005458 0.002112 6.397569
0.005351 0.002254 6.397569
0.005236 0.002390 6.397569
0.005120 0.002525 6.397569
0.005013 0.002667 6.397569
0.004901 0.002805 6.397569
0.004830 0.002969 6.397569
0.004763 0.003134 6.397569
0.004701 0.003301 6.397569
0.004643 0.003469 6.397569
0.004574 0.003633 6.397569
0.004504 0.003796 6.397569
0.004441 0.003963 6.397569
0.004378 0.004130 6.397569
0.004315 0.004296 6.397569
0.004247 0.004461 6.397569
0.004177 0.004624 6.397569
0.004115 0.004791 6.397569
0.004050 0.004957 6.397569
0.003979 0.005120 6.397569
0.003910 0.005284 6.397569
0.003838 0.005447 6.397569
0.003771 0.005612 6.397569
0.003698 0.005774 6.397569
0.003628 0.005938 6.397569
0.003516 0.006076 6.397569
0.003338 0.006088 6.397569
0.003161 0.006076 6.397569
0.002983 0.006064 6.397569
0.002806 0.006044 6.397569
0.002629 0.006026 6.397569
0.002452 0.006005 6.397569
0.002276 0.005985 6.397569
0.002099 0.005960 6.397569
0.001924 0.005930 6.397569
0.001747 0.005909 6.397569
0.001571 0.005886 6.397569
0.001395 0.005858 6.397569
0.001219 0.005829 6.397569
0.001044 0.005800 6.397569
0.000867 0.005778 6.397569
0.000690 0.005757 6.397569
0.000515 0.005723 6.397569
0.000340 0.005692 6.397569
0.000164 0.005669 6.397569
-0.000013 0.005647 6.397569
-0.000189 0.005673 6.397569
-0.000366 0.005696 6.397569
-0.000541 0.005728 6.397569
-0.000716 0.005761 6.397569
-0.000892 0.005781 6.397569
-0.001069 0.005803 6.397569
-0.001245 0.005833 6.397569
-0.001420 0.005862 6.397569
-0.001596 0.005889 6.397569
-0.001773 0.005912 6.397569
-0.001949 0.005933 6.397569
-0.002125 0.005963 6.397569
-0.002301 0.005986 6.397569
-0.002479 0.006003 6.397569
-0.002656 0.006021 6.397569
-0.002833 0.006033 6.397569
-0.003011 0.006045 6.397569
-0.003189 0.006049 6.397569
-0.003367 0.006060 6.397569
-0.003542 0.006089 6.397569
-0.003673 0.005968 6.397569
-0.003727 0.005798 6.397569
-0.003787 0.005631 6.397569
-0.003846 0.005463 6.397569
-0.003913 0.005298 6.397569
-0.003979 0.005132 6.397569
-0.004048 0.004968 6.397569
-0.004113 0.004802 6.397569
-0.004174 0.004635 6.397569
-0.004243 0.004472 6.397569
-0.004311 0.004307 6.397569
-0.004374 0.004141 6.397569
-0.004438 0.003974 6.397569
-0.004500 0.003807 6.397569
-0.004569 0.003643 6.397569
-0.004639 0.003480 6.397569
-0.004697 0.003312 6.397569
-0.004758 0.003144 6.397569
-0.004826 0.002980 6.397569
-0.004895 0.002815 6.397569
-0.005005 0.002676 6.397569
-0.005113 0.002534 6.397569
-0.005228 0.002399 6.397569
-0.005344 0.002264 6.397569
-0.005451 0.002121 6.397569
-0.005558 0.001979 6.397569
-0.005672 0.001842 6.397569
-0.005784 0.001704 6.397569
-0.005897 0.001566 6.397569
-0.006005 0.001424 6.397569
-0.006112 0.001282 6.397569
-0.006226 0.001145 6.397569
-0.006336 0.001005 6.397569
-0.006442 0.000863 6.397569
-0.006550 0.000721 6.397569
-0.006656 0.000578 6.397569
-0.006766 0.000438 6.397569
-0.006873 0.000296 6.397569
-0.006986 0.000158 6.397569
-0.007024 -0.000016 6.397569
-0.006921 -0.000161 6.397569
-0.006827 -0.000312 6.397569
-0.006730 -0.000461 6.397569
-0.006625 -0.000605 6.397569
-0.006522 -0.000750 6.397569
-0.006416 -0.000893 6.397569
-0.006310 -0.001036 6.397569
-0.006200 -0.001176 6.397569
-0.006087 -0.001313 6.397569
-0.005980 -0.001456 6.397569
-0.005872 -0.001597 6.397569
-0.005759 -0.001735 6.397569
-0.005647 -0.001873 6.397569
-0.005533 -0.002010 6.397569
-0.005427 -0.002153 6.397569
-0.005319 -0.002295 6.397569
-0.005202 -0.002429 6.397569
-0.005089 -0.002566 6.397569
-0.004979 -0.002706 6.397569
-0.004875 -0.002850 6.397569
-0.004814 -0.003018 6.397569
-0.004743 -0.003181 6.397569
-0.004685 -0.003349 6.397569
-0.004625 -0.003517 6.397569
-0.004554 -0.003680 6.397569
-0.004485 -0.003844 6.397569
-0.004424 -0.004011 6.397569
-0.004361 -0.004178 6.397569
-0.004297 -0.004344 6.397569
-0.004229 -0.004508 6.397569
-0.004160 -0.004672 6.397569
-0.004100 -0.004840 6.397569
-0.004034 -0.005006 6.397569
-0.003966 -0.005170 6.397569
-0.003902 -0.005336 6.397569
-0.003838 -0.005502 6.397569
-0.003781 -0.005671 6.397569
-0.003722 -0.005839 6.397569
-0.003666 -0.006008 6.397569
-0.003527 -0.006119 6.397569
-0.003355 -0.006072 6.397569
-0.003178 -0.006048 6.397569
-0.003001 -0.006039 6.397569
-0.002823 -0.006027 6.397569
-0.002645 -0.006016 6.397569
-0.002468 -0.006000 6.397569
-0.002291 -0.005983 6.397569
-0.002114 -0.005960 6.397569
-0.001939 -0.005931 6.397569
-0.001762 -0.005911 6.397569
-0.001585 -0.005888 6.397569
-0.001410 -0.005860 6.397569
-0.001234 -0.005832 6.397569
-0.001058 -0.005802 6.397569
-0.000882 -0.005780 6.397569
-0.000705 -0.005759 6.397569
-0.000530 -0.005726 6.397569
-0.000355 -0.005695 6.397569
-0.000178 -0.005671 6.397569
-0.000002 -0.005647 6.397569
0.000174 -0.005671 6.397569
0.000351 -0.005694 6.397569
0.000526 -0.005725 6.397569
0.000701 -0.005759 6.397569
0.000878 -0.005780 6.397569
0.001054 -0.005802 6.397569
0.001230 -0.005831 6.397569
0.001406 -0.005860 6.397569
0.001581 -0.005889 6.397569
0.001758 -0.005912 6.397569
0.001934 -0.005934 6.397569
0.002110 -0.005965 6.397569
0.002285 -0.005992 6.397569
0.002462 -0.006016 6.397569
0.002638 -0.006043 6.397569
0.002814 -0.006071 6.397569
0.002988 -0.006107 6.397569
0.003162 -0.006143 6.397569
0.003336 -0.006183 6.397569
0.003505 -0.006130 6.397569
0.003562 -0.005961 6.397569
0.003633 -0.005798 6.397569
0.003716 -0.005640 6.397569
0.003795 -0.005480 6.397569
0.003875 -0.005322 6.397569
0.003951 -0.005161 6.397569
0.004026 -0.004999 6.397569
0.004095 -0.004835 6.397569
0.004158 -0.004668 6.397569
0.004228 -0.004505 6.397569
0.004297 -0.004341 6.397569
0.004361 -0.004175 6.397569
0.004424 -0.004008 6.397569
0.004486 -0.003841 6.397569
0.004555 -0.003677 6.397569
0.004626 -0.003514 6.397569
0.004686 -0.003346 6.397569
0.004744 -0.003178 6.397569
0.004814 -0.003015 6.397569
0.004876 -0.002848 6.397569
0.004981 -0.002704 6.397569
0.005091 -0.002564 6.397569
0.005204 -0.002427 6.397569
0.005321 -0.002292 6.397569
0.005429 -0.002150 6.397569
0.005535 -0.002008 6.397569
0.005648 -0.001870 6.397569
0.005761 -0.001733 6.397569
0.005874 -0.001595 6.397569
0.005983 -0.001454 6.397569
0.006089 -0.001312 6.397569
0.006203 -0.001175 6.397569
0.006315 -0.001036 6.397569
0.006423 -0.000894 6.397569
0.006532 -0.000754 6.397569
0.006641 -0.000614 6.397569
0.006757 -0.000478 6.397569
0.006872 -0.000342 6.397569
0.006992 -0.000211 6.397569
0.007036 -0.000038 6.397569

