0.007665 -0.000078 8.875000
0.007530 0.000065 8.875000
0.007394 0.000206 8.875000
0.007261 0.000350 8.875000
0.007126 0.000492 8.875000
0.006989 0.000633 8.875000
0.006857 0.000778 8.875000
0.006731 0.000929 8.875000
0.006598 0.001073 8.875000
0.006471 0.001223 8.875000
0.006336 0.001365 8.875000
0.006212 0.001518 8.875000
0.006085 0.001667 8.875000
0.005996 0.001842 8.875000
0.005872 0.001993 8.875000
0.005777 0.002165 8.875000
0.005653 0.002317 8.875000
0.005545 0.002482 8.875000
0.005423 0.002635 8.875000
0.005321 0.002802 8.875000
0.005197 0.002955 8.875000
0.005115 0.003133 8.875000
0.005047 0.003317 8.875000
0.004958 0.003492 8.875000
0.004895 0.003678 8.875000
0.004810 0.003855 8.875000
0.004739 0.004037 8.875000
0.004652 0.004214 8.875000
0.004604 0.004404 8.875000
0.004523 0.004583 8.875000
0.004471 0.004772 8.875000
0.004404 0.004956 8.875000
0.004356 0.005147 8.875000
0.004300 0.005335 8.875000
0.004252 0.005525 8.875000
0.004192 0.005712 8.875000
0.004138 0.005900 8.875000
0.004080 0.006088 8.875000
0.004018 0.006274 8.875000
0.003960 0.006462 8.875000
0.003809 0.006586 8.875000
0.003618 0.006538 8.875000
0.003429 0.006488 8.875000
0.003237 0.006446 8.875000
0.003046 0.006403 8.875000
0.002855 0.006357 8.875000
0.002663 0.006316 8.875000
0.002473 0.006267 8.875000
0.002282 0.006223 8.875000
0.002091 0.006177 8.875000
0.001896 0.006152 8.875000
0.001702 0.006125 8.875000
0.001506 0.006115 8.875000
0.001310 0.006101 8.875000
0.001116 0.006130 8.875000
0.000924 0.006087 8.875000
0.000729 0.006071 8.875000
0.000537 0.006032 8.875000
0.000340 0.006026 8.875000
0.000147 0.005991 8.875000
-0.000048 0.005976 8.875000
-0.000242 0.006011 8.875000
-0.000438 0.006014 8.875000
-0.000632 0.006045 8.875000
-0.000827 0.006057 8.875000
-0.001019 0.006099 8.875000
-0.001214 0.006077 8.875000
-0.001409 0.006098 8.875000
-0.001604 0.006120 8.875000
-0.001796 0.006164 8.875000
-0.001991 0.006187 8.875000
-0.002182 0.006232 8.875000
-0.002376 0.006256 8.875000
-0.002569 0.006293 8.875000
-0.002763 0.006324 8.875000
-0.002954 0.006368 8.875000
-0.003143 0.006420 8.875000
-0.003334 0.006467 8.875000
-0.003525 0.006510 8.875000
-0.003716 0.006555 8.875000
-0.003908 0.006598 8.875000
-0.004058 0.006473 8.875000
-0.004116 0.006285 8.875000
-0.004177 0.006099 8.875000
-0.004232 0.005910 8.875000
-0.004288 0.005722 8.875000
-0.004347 0.005535 8.875000
-0.004395 0.005345 8.875000
-0.004450 0.005156 8.875000
-0.004501 0.004967 8.875000
-0.004563 0.004780 8.875000
-0.004609 0.004590 8.875000
-0.004679 0.004406 8.875000
-0.004711 0.004213 8.875000
-0.004794 0.004035 8.875000
-0.004847 0.003846 8.875000
-0.004928 0.003667 8.875000
-0.004979 0.003478 8.875000
-0.005068 0.003303 8.875000
-0.005126 0.003115 8.875000
-0.005213 0.002939 8.875000
-0.005345 0.002795 8.875000
-0.005449 0.002628 8.875000
-0.005580 0.002482 8.875000
-0.005691 0.002320 8.875000
-0.005825 0.002177 8.875000
-0.005928 0.002010 8.875000
-0.006071 0.001875 8.875000
-0.006191 0.001720 8.875000
-0.006330 0.001582 8.875000
-0.006453 0.001428 8.875000
-0.006594 0.001293 8.875000
-0.006724 0.001146 8.875000
-0.006865 0.001009 8.875000
-0.006998 0.000864 8.875000
-0.007131 0.000720 8.875000
-0.007267 0.000579 8.875000
-0.007400 0.000435 8.875000
-0.007531 0.000288 8.875000
-0.007666 0.000146 8.875000
-0.007702 -0.000047 8.875000
-0.007567 -0.000190 8.875000
-0.007428 -0.000328 8.875000
-0.007292 -0.000470 8.875000
-0.007160 -0.000615 8.875000
-0.007030 -0.000762 8.875000
-0.006902 -0.000911 8.875000
-0.006760 -0.001045 8.875000
-0.006622 -0.001185 8.875000
-0.006475 -0.001315 8.875000
-0.006346 -0.001463 8.875000
-0.006206 -0.001601 8.875000
-0.006087 -0.001757 8.875000
-0.005956 -0.001903 8.875000
-0.005862 -0.002075 8.875000
-0.005742 -0.002231 8.875000
-0.005633 -0.002394 8.875000
-0.005503 -0.002541 8.875000
-0.005400 -0.002708 8.875000
-0.005273 -0.002858 8.875000
-0.005168 -0.003023 8.875000
-0.005113 -0.003212 8.875000
-0.005025 -0.003387 8.875000
-0.004968 -0.003575 8.875000
-0.004894 -0.003757 8.875000
-0.004839 -0.003945 8.875000
-0.004758 -0.004124 8.875000
-0.004711 -0.004314 8.875000
-0.004645 -0.004499 8.875000
-0.004599 -0.004690 8.875000
-0.004527 -0.004873 8.875000
-0.004483 -0.005064 8.875000
-0.004418 -0.005249 8.875000
-0.004374 -0.005440 8.875000
-0.004317 -0.005628 8.875000
-0.004261 -0.005816 8.875000
-0.004204 -0.006004 8.875000
-0.004146 -0.006191 8.875000
-0.004084 -0.006378 8.875000
-0.004029 -0.006566 8.875000
-0.003880 -0.006693 8.875000
-0.003688 -0.006652 8.875000
-0.003497 -0.006606 8.875000
-0.003306 -0.006560 8.875000
-0.003117 -0.006508 8.875000
-0.002928 -0.006456 8.875000
-0.002734 -0.006422 8.875000
-0.002540 -0.006392 8.875000
-0.002348 -0.006353 8.875000
-0.002156 -0.006314 8.875000
-0.001967 -0.006260 8.875000
-0.001775 -0.006220 8.875000
-0.001586 -0.006169 8.875000
-0.001392 -0.006134 8.875000
-0.001202 -0.006086 8.875000
-0.001006 -0.006076 8.875000
-0.000811 -0.006054 8.875000
-0.000616 -0.006039 8.875000
-0.000421 -0.006017 8.875000
-0.000225 -0.006004 8.875000
-0.000029 -0.005986 8.875000
0.000164 -0.006018 8.875000
0.000358 -0.006047 8.875000
0.000553 -0.006074 8.875000
0.000744 -0.006119 8.875000
0.000938 -0.006148 8.875000
0.001130 -0.006188 8.875000
0.001324 -0.006219 8.875000
0.001510 -0.006282 8.875000
0.001703 -0.006318 8.875000
0.001892 -0.006370 8.875000
0.002083 -0.006412 8.875000
0.002274 -0.006459 8.875000
0.002465 -0.006506 8.875000
0.002655 -0.006556 8.875000
0.002846 -0.006598 8.875000
0.003037 -0.006644 8.875000
0.003228 -0.006689 8.875000
0.003420 -0.006729 8.875000
0.003611 -0.006773 8.875000
0.003796 -0.006705 8.875000
0.003853 -0.006518 8.875000
0.003908 -0.006329 8.875000
0.003967 -0.006142 8.875000
0.004020 -0.005953 8.875000
0.004070 -0.005764 8.875000
0.004123 -0.005575 8.875000
0.004192 -0.005391 8.875000
0.004254 -0.005205 8.875000
0.004329 -0.005023 8.875000
0.004385 -0.004835 8.875000
0.004462 -0.004655 8.875000
0.004502 -0.004462 8.875000
0.004588 -0.004287 8.875000
0.004656 -0.004102 8.875000
0.004754 -0.003932 8.875000
0.004825 -0.003749 8.875000
0.004931 -0.003584 8.875000
0.004997 -0.003399 8.875000
0.005088 -0.003225 8.875000
0.005151 -0.003040 8.875000
0.005264 -0.002879 8.875000
0.005395 -0.002733 8.875000
0.005502 -0.002569 8.875000
0.005639 -0.002428 8.875000
0.005755 -0.002270 8.875000
0.005892 -0.002129 8.875000
0.006003 -0.001967 8.875000
0.006156 -0.001844 8.875000
0.006278 -0.001691 8.875000
0.006423 -0.001559 8.875000
0.006550 -0.001409 8.875000
0.006691 -0.001273 8.875000
0.006824 -0.001128 8.875000
0.006964 -0.000991 8.875000
0.007096 -0.000846 8.875000
0.007232 -0.000704 8.875000
0.007368 -0.000563 8.875000
0.007499 -0.000416 8.875000
0.007632 -0.000272 8.875000
0.007665 -0.000078 8.875000

