0.007338 -0.000079 7.572917
0.007211 0.000057 7.572917
0.007088 0.000198 7.572917
0.006966 0.000339 7.572917
0.006845 0.000483 7.572917
0.006722 0.000623 7.572917
0.006601 0.000765 7.572917
0.006492 0.000917 7.572917
0.006386 0.001071 7.572917
0.006282 0.001226 7.572917
0.006182 0.001384 7.572917
0.006081 0.001541 7.572917
0.005977 0.001697 7.572917
0.005872 0.001851 7.572917
0.005751 0.001994 7.572917
0.005648 0.002150 7.572917
0.005531 0.002295 7.572917
0.005422 0.002447 7.572917
0.005293 0.002582 7.572917
0.005189 0.002738 7.572917
0.005065 0.002877 7.572917
0.004985 0.003046 7.572917
0.004925 0.003223 7.572917
0.004845 0.003392 7.572917
0.004796 0.003572 7.572917
0.004712 0.003739 7.572917
0.004644 0.003913 7.572917
0.004572 0.004086 7.572917
0.004505 0.004260 7.572917
0.004427 0.004430 7.572917
0.004353 0.004602 7.572917
0.004277 0.004773 7.572917
0.004207 0.004946 7.572917
0.004140 0.005120 7.572917
0.004069 0.005293 7.572917
0.004009 0.005470 7.572917
0.003955 0.005649 7.572917
0.003901 0.005828 7.572917
0.003853 0.006009 7.572917
0.003802 0.006188 7.572917
0.003654 0.006302 7.572917
0.003471 0.006262 7.572917
0.003289 0.006220 7.572917
0.003107 0.006177 7.572917
0.002923 0.006145 7.572917
0.002738 0.006120 7.572917
0.002552 0.006106 7.572917
0.002365 0.006100 7.572917
0.002178 0.006087 7.572917
0.001992 0.006072 7.572917
0.001806 0.006059 7.572917
0.001620 0.006042 7.572917
0.001433 0.006027 7.572917
0.001248 0.006000 7.572917
0.001063 0.005975 7.572917
0.000878 0.005950 7.572917
0.000691 0.005938 7.572917
0.000511 0.005890 7.572917
0.000324 0.005877 7.572917
0.000142 0.005838 7.572917
-0.000045 0.005825 7.572917
-0.000227 0.005865 7.572917
-0.000414 0.005875 7.572917
-0.000595 0.005921 7.572917
-0.000781 0.005938 7.572917
-0.000966 0.005966 7.572917
-0.001153 0.005979 7.572917
-0.001337 0.006010 7.572917
-0.001523 0.006025 7.572917
-0.001710 0.006037 7.572917
-0.001896 0.006047 7.572917
-0.002083 0.006057 7.572917
-0.002269 0.006074 7.572917
-0.002455 0.006095 7.572917
-0.002640 0.006119 7.572917
-0.002823 0.006155 7.572917
-0.003007 0.006188 7.572917
-0.003193 0.006212 7.572917
-0.003377 0.006240 7.572917
-0.003561 0.006273 7.572917
-0.003743 0.006317 7.572917
-0.003892 0.006204 7.572917
-0.003943 0.006024 7.572917
-0.003992 0.005844 7.572917
-0.004044 0.005664 7.572917
-0.004093 0.005484 7.572917
-0.004146 0.005305 7.572917
-0.004204 0.005127 7.572917
-0.004258 0.004948 7.572917
-0.004316 0.004771 7.572917
-0.004382 0.004596 7.572917
-0.004449 0.004421 7.572917
-0.004521 0.004249 7.572917
-0.004585 0.004073 7.572917
-0.004653 0.003899 7.572917
-0.004723 0.003726 7.572917
-0.004804 0.003558 7.572917
-0.004853 0.003377 7.572917
-0.004935 0.003209 7.572917
-0.004989 0.003031 7.572917
-0.005074 0.002864 7.572917
-0.005202 0.002728 7.572917
-0.005303 0.002571 7.572917
-0.005435 0.002438 7.572917
-0.005543 0.002286 7.572917
-0.005660 0.002140 7.572917
-0.005767 0.001987 7.572917
-0.005890 0.001846 7.572917
-0.006001 0.001696 7.572917
-0.006112 0.001546 7.572917
-0.006225 0.001397 7.572917
-0.006341 0.001250 7.572917
-0.006462 0.001107 7.572917
-0.006583 0.000965 7.572917
-0.006702 0.000821 7.572917
-0.006830 0.000685 7.572917
-0.006958 0.000549 7.572917
-0.007085 0.000412 7.572917
-0.007216 0.000278 7.572917
-0.007344 0.000143 7.572917
-0.007371 -0.000042 7.572917
-0.007248 -0.000183 7.572917
-0.007121 -0.000321 7.572917
-0.006985 -0.000449 7.572917
-0.006851 -0.000579 7.572917
-0.006718 -0.000710 7.572917
-0.006592 -0.000848 7.572917
-0.006479 -0.000997 7.572917
-0.006369 -0.001148 7.572917
-0.006260 -0.001300 7.572917
-0.006156 -0.001455 7.572917
-0.006049 -0.001608 7.572917
-0.005945 -0.001764 7.572917
-0.005828 -0.001910 7.572917
-0.005717 -0.002060 7.572917
-0.005599 -0.002205 7.572917
-0.005498 -0.002362 7.572917
-0.005367 -0.002496 7.572917
-0.005259 -0.002648 7.572917
-0.005138 -0.002790 7.572917
-0.005030 -0.002943 7.572917
-0.004970 -0.003120 7.572917
-0.004889 -0.003288 7.572917
-0.004838 -0.003468 7.572917
-0.004761 -0.003639 7.572917
-0.004698 -0.003814 7.572917
-0.004617 -0.003983 7.572917
-0.004562 -0.004162 7.572917
-0.004491 -0.004334 7.572917
-0.004425 -0.004509 7.572917
-0.004358 -0.004684 7.572917
-0.004296 -0.004860 7.572917
-0.004240 -0.005038 7.572917
-0.004185 -0.005217 7.572917
-0.004124 -0.005393 7.572917
-0.004070 -0.005572 7.572917
-0.004017 -0.005752 7.572917
-0.003964 -0.005931 7.572917
-0.003916 -0.006111 7.572917
-0.003864 -0.006291 7.572917
-0.003714 -0.006402 7.572917
-0.003532 -0.006362 7.572917
-0.003347 -0.006333 7.572917
-0.003163 -0.006301 7.572917
-0.002980 -0.006263 7.572917
-0.002800 -0.006213 7.572917
-0.002620 -0.006163 7.572917
-0.002437 -0.006125 7.572917
-0.002253 -0.006091 7.572917
-0.002068 -0.006063 7.572917
-0.001882 -0.006047 7.572917
-0.001696 -0.006034 7.572917
-0.001509 -0.006023 7.572917
-0.001323 -0.006007 7.572917
-0.001138 -0.005979 7.572917
-0.000952 -0.005963 7.572917
-0.000766 -0.005941 7.572917
-0.000581 -0.005919 7.572917
-0.000398 -0.005878 7.572917
-0.000212 -0.005863 7.572917
-0.000028 -0.005828 7.572917
0.000158 -0.005847 7.572917
0.000341 -0.005881 7.572917
0.000527 -0.005902 7.572917
0.000709 -0.005944 7.572917
0.000895 -0.005961 7.572917
0.001080 -0.005986 7.572917
0.001265 -0.006018 7.572917
0.001449 -0.006050 7.572917
0.001634 -0.006077 7.572917
0.001818 -0.006109 7.572917
0.002002 -0.006142 7.572917
0.002184 -0.006184 7.572917
0.002365 -0.006229 7.572917
0.002548 -0.006269 7.572917
0.002729 -0.006313 7.572917
0.002911 -0.006359 7.572917
0.003093 -0.006402 7.572917
0.003273 -0.006449 7.572917
0.003455 -0.006494 7.572917
0.003626 -0.006420 7.572917
0.003678 -0.006240 7.572917
0.003738 -0.006063 7.572917
0.003803 -0.005888 7.572917
0.003873 -0.005715 7.572917
0.003936 -0.005539 7.572917
0.003992 -0.005361 7.572917
0.004058 -0.005186 7.572917
0.004125 -0.005011 7.572917
0.004199 -0.004839 7.572917
0.004280 -0.004671 7.572917
0.004365 -0.004505 7.572917
0.004448 -0.004337 7.572917
0.004532 -0.004170 7.572917
0.004595 -0.003995 7.572917
0.004682 -0.003829 7.572917
0.004747 -0.003654 7.572917
0.004828 -0.003485 7.572917
0.004876 -0.003305 7.572917
0.004963 -0.003140 7.572917
0.005017 -0.002961 7.572917
0.005120 -0.002804 7.572917
0.005247 -0.002668 7.572917
0.005349 -0.002511 7.572917
0.005484 -0.002382 7.572917
0.005586 -0.002225 7.572917
0.005705 -0.002081 7.572917
0.005819 -0.001933 7.572917
0.005940 -0.001791 7.572917
0.006053 -0.001641 7.572917
0.006170 -0.001496 7.572917
0.006288 -0.001351 7.572917
0.006413 -0.001212 7.572917
0.006541 -0.001076 7.572917
0.006666 -0.000937 7.572917
0.006795 -0.000802 7.572917
0.006926 -0.000669 7.572917
0.007054 -0.000533 7.572917
0.007185 -0.000399 7.572917
0.007315 -0.000265 7.572917
0.007338 -0.000079 7.572917

