0.006943 -0.000003 5.871528
0.006870 0.000156 5.871528
0.006771 0.000301 5.871528
0.006664 0.000440 5.871528
0.006561 0.000582 5.871528
0.006454 0.000721 5.871528
0.006343 0.000857 5.871528
0.006235 0.000995 5.871528
0.006126 0.001133 5.871528
0.006020 0.001273 5.871528
0.005908 0.001408 5.871528
0.005795 0.001542 5.871528
0.005689 0.001682 5.871528
0.005581 0.001820 5.871528
0.005472 0.001958 5.871528
0.005360 0.002093 5.871528
0.005246 0.002226 5.871528
0.005141 0.002367 5.871528
0.005036 0.002508 5.871528
0.004923 0.002642 5.871528
0.004812 0.002778 5.871528
0.004750 0.002942 5.871528
0.004690 0.003107 5.871528
0.004621 0.003268 5.871528
0.004551 0.003429 5.871528
0.004492 0.003595 5.871528
0.004432 0.003759 5.871528
0.004367 0.003922 5.871528
0.004301 0.004085 5.871528
0.004233 0.004247 5.871528
0.004173 0.004412 5.871528
0.004113 0.004577 5.871528
0.004045 0.004738 5.871528
0.003980 0.004901 5.871528
0.003915 0.005064 5.871528
0.003853 0.005228 5.871528
0.003787 0.005391 5.871528
0.003718 0.005552 5.871528
0.003652 0.005715 5.871528
0.003582 0.005876 5.871528
0.003472 0.006013 5.871528
0.003298 0.006036 5.871528
0.003124 0.006019 5.871528
0.002950 0.005995 5.871528
0.002776 0.005975 5.871528
0.002602 0.005950 5.871528
0.002429 0.005922 5.871528
0.002255 0.005897 5.871528
0.002081 0.005872 5.871528
0.001907 0.005850 5.871528
0.001734 0.005820 5.871528
0.001561 0.005789 5.871528
0.001387 0.005768 5.871528
0.001213 0.005743 5.871528
0.001040 0.005718 5.871528
0.000867 0.005688 5.871528
0.000694 0.005656 5.871528
0.000520 0.005636 5.871528
0.000346 0.005615 5.871528
0.000173 0.005585 5.871528
-0.000000 0.005556 5.871528
-0.000173 0.005585 5.871528
-0.000346 0.005615 5.871528
-0.000520 0.005636 5.871528
-0.000695 0.005656 5.871528
-0.000867 0.005688 5.871528
-0.001040 0.005718 5.871528
-0.001214 0.005743 5.871528
-0.001388 0.005768 5.871528
-0.001562 0.005789 5.871528
-0.001735 0.005820 5.871528
-0.001907 0.005850 5.871528
-0.002082 0.005872 5.871528
-0.002255 0.005897 5.871528
-0.002429 0.005921 5.871528
-0.002602 0.005949 5.871528
-0.002776 0.005973 5.871528
-0.002951 0.005992 5.871528
-0.003125 0.006014 5.871528
-0.003300 0.006027 5.871528
-0.003474 0.006012 5.871528
-0.003590 0.005879 5.871528
-0.003657 0.005717 5.871528
-0.003720 0.005553 5.871528
-0.003789 0.005392 5.871528
-0.003854 0.005229 5.871528
-0.003915 0.005064 5.871528
-0.003980 0.004902 5.871528
-0.004045 0.004738 5.871528
-0.004113 0.004577 5.871528
-0.004173 0.004412 5.871528
-0.004233 0.004247 5.871528
-0.004301 0.004085 5.871528
-0.004367 0.003923 5.871528
-0.004432 0.003760 5.871528
-0.004492 0.003595 5.871528
-0.004551 0.003429 5.871528
-0.004621 0.003268 5.871528
-0.004690 0.003107 5.871528
-0.004750 0.002942 5.871528
-0.004812 0.002778 5.871528
-0.004923 0.002642 5.871528
-0.005036 0.002508 5.871528
-0.005141 0.002367 5.871528
-0.005246 0.002226 5.871528
-0.005359 0.002093 5.871528
-0.005472 0.001958 5.871528
-0.005581 0.001821 5.871528
-0.005689 0.001682 5.871528
-0.005795 0.001542 5.871528
-0.005908 0.001408 5.871528
-0.006020 0.001273 5.871528
-0.006126 0.001133 5.871528
-0.006235 0.000996 5.871528
-0.006343 0.000858 5.871528
-0.006455 0.000722 5.871528
-0.006563 0.000584 5.871528
-0.006668 0.000443 5.871528
-0.006776 0.000305 5.871528
-0.006881 0.000164 5.871528
-0.006944 0.000000 5.871528
-0.006876 -0.000162 5.871528
-0.006774 -0.000304 5.871528
-0.006666 -0.000443 5.871528
-0.006562 -0.000584 5.871528
-0.006454 -0.000722 5.871528
-0.006343 -0.000858 5.871528
-0.006234 -0.000996 5.871528
-0.006126 -0.001134 5.871528
-0.006020 -0.001274 5.871528
-0.005907 -0.001408 5.871528
-0.005794 -0.001543 5.871528
-0.005688 -0.001683 5.871528
-0.005580 -0.001821 5.871528
-0.005472 -0.001959 5.871528
-0.005359 -0.002093 5.871528
-0.005245 -0.002227 5.871528
-0.005141 -0.002368 5.871528
-0.005036 -0.002509 5.871528
-0.004923 -0.002643 5.871528
-0.004811 -0.002779 5.871528
-0.004750 -0.002943 5.871528
-0.004690 -0.003108 5.871528
-0.004621 -0.003269 5.871528
-0.004551 -0.003430 5.871528
-0.004492 -0.003595 5.871528
-0.004432 -0.003760 5.871528
-0.004367 -0.003923 5.871528
-0.004301 -0.004086 5.871528
-0.004233 -0.004248 5.871528
-0.004173 -0.004413 5.871528
-0.004113 -0.004578 5.871528
-0.004045 -0.004739 5.871528
-0.003980 -0.004902 5.871528
-0.003915 -0.005065 5.871528
-0.003854 -0.005230 5.871528
-0.003789 -0.005393 5.871528
-0.003721 -0.005555 5.871528
-0.003659 -0.005719 5.871528
-0.003594 -0.005882 5.871528
-0.003475 -0.006011 5.871528
-0.003300 -0.006023 5.871528
-0.003125 -0.006011 5.871528
-0.002950 -0.005990 5.871528
-0.002776 -0.005972 5.871528
-0.002602 -0.005949 5.871528
-0.002429 -0.005921 5.871528
-0.002255 -0.005897 5.871528
-0.002081 -0.005872 5.871528
-0.001907 -0.005850 5.871528
-0.001734 -0.005820 5.871528
-0.001561 -0.005789 5.871528
-0.001387 -0.005768 5.871528
-0.001213 -0.005743 5.871528
-0.001040 -0.005718 5.871528
-0.000867 -0.005688 5.871528
-0.000694 -0.005656 5.871528
-0.000520 -0.005636 5.871528
-0.000346 -0.005615 5.871528
-0.000173 -0.005585 5.871528
0.000000 -0.005556 5.871528
0.000173 -0.005585 5.871528
0.000346 -0.005615 5.871528
0.000520 -0.005636 5.871528
0.000695 -0.005656 5.871528
0.000867 -0.005688 5.871528
0.001040 -0.005718 5.871528
0.001214 -0.005744 5.871528
0.001388 -0.005768 5.871528
0.001562 -0.005790 5.871528
0.001735 -0.005820 5.871528
0.001907 -0.005851 5.871528
0.002081 -0.005873 5.871528
0.002255 -0.005898 5.871528
0.002429 -0.005923 5.871528
0.002602 -0.005952 5.871528
0.002775 -0.005978 5.871528
0.002949 -0.006000 5.871528
0.003123 -0.006029 5.871528
0.003296 -0.006054 5.871528
0.003467 -0.006015 5.871528
0.003565 -0.005869 5.871528
0.003642 -0.005712 5.871528
0.003712 -0.005551 5.871528
0.003784 -0.005391 5.871528
0.003850 -0.005228 5.871528
0.003913 -0.005064 5.871528
0.003979 -0.004902 5.871528
0.004044 -0.004739 5.871528
0.004113 -0.004577 5.871528
0.004173 -0.004412 5.871528
0.004233 -0.004247 5.871528
0.004301 -0.004086 5.871528
0.004367 -0.003923 5.871528
0.004432 -0.003760 5.871528
0.004492 -0.003595 5.871528
0.004551 -0.003430 5.871528
0.004621 -0.003269 5.871528
0.004690 -0.003108 5.871528
0.004750 -0.002943 5.871528
0.004811 -0.002778 5.871528
0.004923 -0.002643 5.871528
0.005036 -0.002508 5.871528
0.005141 -0.002368 5.871528
0.005245 -0.002227 5.871528
0.005359 -0.002093 5.871528
0.005472 -0.001959 5.871528
0.005581 -0.001821 5.871528
0.005688 -0.001683 5.871528
0.005794 -0.001543 5.871528
0.005907 -0.001408 5.871528
0.006020 -0.001274 5.871528
0.006126 -0.001134 5.871528
0.006235 -0.000996 5.871528
0.006343 -0.000858 5.871528
0.006455 -0.000723 5.871528
0.006564 -0.000585 5.871528
0.006669 -0.000445 5.871528
0.006779 -0.000308 5.871528
0.006886 -0.000169 5.871528
0.006943 -0.000003 5.871528

