0.007055 -0.000046 6.473958
0.006946 0.000095 6.473958
0.006847 0.000243 6.473958
0.006756 0.000397 6.473958
0.006659 0.000547 6.473958
0.006561 0.000696 6.473958
0.006458 0.000842 6.473958
0.006355 0.000988 6.473958
0.006249 0.001132 6.473958
0.006135 0.001269 6.473958
0.006027 0.001411 6.473958
0.005920 0.001554 6.473958
0.005809 0.001694 6.473958
0.005697 0.001833 6.473958
0.005582 0.001969 6.473958
0.005471 0.002110 6.473958
0.005366 0.002254 6.473958
0.005254 0.002393 6.473958
0.005136 0.002527 6.473958
0.005027 0.002669 6.473958
0.004914 0.002806 6.473958
0.004841 0.002969 6.473958
0.004776 0.003136 6.473958
0.004716 0.003304 6.473958
0.004655 0.003472 6.473958
0.004583 0.003635 6.473958
0.004515 0.003800 6.473958
0.004454 0.003968 6.473958
0.004390 0.004135 6.473958
0.004326 0.004301 6.473958
0.004257 0.004466 6.473958
0.004188 0.004630 6.473958
0.004126 0.004798 6.473958
0.004058 0.004963 6.473958
0.003987 0.005127 6.473958
0.003917 0.005291 6.473958
0.003846 0.005455 6.473958
0.003778 0.005620 6.473958
0.003705 0.005783 6.473958
0.003636 0.005947 6.473958
0.003521 0.006084 6.473958
0.003343 0.006092 6.473958
0.003165 0.006082 6.473958
0.002986 0.006071 6.473958
0.002809 0.006052 6.473958
0.002631 0.006035 6.473958
0.002454 0.006015 6.473958
0.002276 0.005996 6.473958
0.002099 0.005973 6.473958
0.001923 0.005942 6.473958
0.001746 0.005920 6.473958
0.001569 0.005898 6.473958
0.001392 0.005870 6.473958
0.001216 0.005843 6.473958
0.001040 0.005812 6.473958
0.000863 0.005788 6.473958
0.000686 0.005769 6.473958
0.000510 0.005737 6.473958
0.000335 0.005705 6.473958
0.000158 0.005679 6.473958
-0.000019 0.005658 6.473958
-0.000196 0.005686 6.473958
-0.000373 0.005710 6.473958
-0.000548 0.005745 6.473958
-0.000724 0.005774 6.473958
-0.000902 0.005793 6.473958
-0.001078 0.005818 6.473958
-0.001254 0.005849 6.473958
-0.001431 0.005876 6.473958
-0.001607 0.005903 6.473958
-0.001784 0.005924 6.473958
-0.001962 0.005947 6.473958
-0.002138 0.005976 6.473958
-0.002315 0.005996 6.473958
-0.002493 0.006013 6.473958
-0.002671 0.006028 6.473958
-0.002849 0.006039 6.473958
-0.003027 0.006049 6.473958
-0.003206 0.006054 6.473958
-0.003383 0.006073 6.473958
-0.003559 0.006104 6.473958
-0.003689 0.005982 6.473958
-0.003740 0.005811 6.473958
-0.003799 0.005642 6.473958
-0.003857 0.005473 6.473958
-0.003922 0.005307 6.473958
-0.003988 0.005141 6.473958
-0.004057 0.004976 6.473958
-0.004124 0.004811 6.473958
-0.004184 0.004643 6.473958
-0.004252 0.004478 6.473958
-0.004322 0.004313 6.473958
-0.004386 0.004147 6.473958
-0.004450 0.003980 6.473958
-0.004511 0.003812 6.473958
-0.004579 0.003647 6.473958
-0.004651 0.003484 6.473958
-0.004712 0.003316 6.473958
-0.004771 0.003148 6.473958
-0.004837 0.002982 6.473958
-0.004907 0.002817 6.473958
-0.005019 0.002678 6.473958
-0.005128 0.002537 6.473958
-0.005245 0.002402 6.473958
-0.005359 0.002264 6.473958
-0.005464 0.002120 6.473958
-0.005574 0.001979 6.473958
-0.005689 0.001843 6.473958
-0.005801 0.001704 6.473958
-0.005912 0.001564 6.473958
-0.006020 0.001422 6.473958
-0.006129 0.001280 6.473958
-0.006244 0.001144 6.473958
-0.006352 0.001001 6.473958
-0.006458 0.000858 6.473958
-0.006566 0.000716 6.473958
-0.006673 0.000573 6.473958
-0.006784 0.000433 6.473958
-0.006892 0.000291 6.473958
-0.007008 0.000155 6.473958
-0.007042 -0.000020 6.473958
-0.006930 -0.000160 6.473958
-0.006833 -0.000309 6.473958
-0.006738 -0.000460 6.473958
-0.006634 -0.000606 6.473958
-0.006532 -0.000752 6.473958
-0.006426 -0.000896 6.473958
-0.006320 -0.001040 6.473958
-0.006212 -0.001182 6.473958
-0.006097 -0.001319 6.473958
-0.005990 -0.001461 6.473958
-0.005882 -0.001603 6.473958
-0.005770 -0.001742 6.473958
-0.005657 -0.001881 6.473958
-0.005543 -0.002018 6.473958
-0.005434 -0.002160 6.473958
-0.005329 -0.002304 6.473958
-0.005213 -0.002440 6.473958
-0.005098 -0.002577 6.473958
-0.004985 -0.002715 6.473958
-0.004882 -0.002861 6.473958
-0.004822 -0.003029 6.473958
-0.004752 -0.003193 6.473958
-0.004696 -0.003363 6.473958
-0.004632 -0.003529 6.473958
-0.004560 -0.003692 6.473958
-0.004494 -0.003858 6.473958
-0.004433 -0.004026 6.473958
-0.004369 -0.004193 6.473958
-0.004304 -0.004359 6.473958
-0.004234 -0.004523 6.473958
-0.004167 -0.004689 6.473958
-0.004107 -0.004857 6.473958
-0.004040 -0.005023 6.473958
-0.003972 -0.005188 6.473958
-0.003909 -0.005355 6.473958
-0.003847 -0.005522 6.473958
-0.003791 -0.005692 6.473958
-0.003732 -0.005860 6.473958
-0.003676 -0.006030 6.473958
-0.003538 -0.006143 6.473958
-0.003367 -0.006093 6.473958
-0.003191 -0.006059 6.473958
-0.003013 -0.006045 6.473958
-0.002835 -0.006033 6.473958
-0.002657 -0.006023 6.473958
-0.002479 -0.006009 6.473958
-0.002301 -0.005993 6.473958
-0.002124 -0.005974 6.473958
-0.001947 -0.005945 6.473958
-0.001770 -0.005922 6.473958
-0.001593 -0.005901 6.473958
-0.001417 -0.005874 6.473958
-0.001240 -0.005847 6.473958
-0.001064 -0.005816 6.473958
-0.000887 -0.005791 6.473958
-0.000710 -0.005772 6.473958
-0.000534 -0.005742 6.473958
-0.000359 -0.005709 6.473958
-0.000182 -0.005684 6.473958
-0.000005 -0.005659 6.473958
0.000172 -0.005682 6.473958
0.000349 -0.005707 6.473958
0.000524 -0.005741 6.473958
0.000700 -0.005771 6.473958
0.000878 -0.005790 6.473958
0.001054 -0.005814 6.473958
0.001230 -0.005846 6.473958
0.001407 -0.005874 6.473958
0.001583 -0.005901 6.473958
0.001760 -0.005923 6.473958
0.001937 -0.005947 6.473958
0.002113 -0.005979 6.473958
0.002289 -0.006005 6.473958
0.002466 -0.006029 6.473958
0.002643 -0.006057 6.473958
0.002819 -0.006087 6.473958
0.002993 -0.006125 6.473958
0.003168 -0.006162 6.473958
0.003341 -0.006204 6.473958
0.003512 -0.006153 6.473958
0.003569 -0.005984 6.473958
0.003633 -0.005817 6.473958
0.003712 -0.005657 6.473958
0.003791 -0.005497 6.473958
0.003873 -0.005338 6.473958
0.003951 -0.005177 6.473958
0.004027 -0.005016 6.473958
0.004100 -0.004853 6.473958
0.004163 -0.004686 6.473958
0.004232 -0.004521 6.473958
0.004302 -0.004357 6.473958
0.004368 -0.004191 6.473958
0.004433 -0.004025 6.473958
0.004494 -0.003857 6.473958
0.004560 -0.003691 6.473958
0.004632 -0.003528 6.473958
0.004696 -0.003361 6.473958
0.004753 -0.003192 6.473958
0.004822 -0.003028 6.473958
0.004883 -0.002860 6.473958
0.004986 -0.002714 6.473958
0.005099 -0.002575 6.473958
0.005214 -0.002439 6.473958
0.005329 -0.002303 6.473958
0.005435 -0.002159 6.473958
0.005544 -0.002017 6.473958
0.005658 -0.001880 6.473958
0.005771 -0.001742 6.473958
0.005883 -0.001603 6.473958
0.005991 -0.001461 6.473958
0.006099 -0.001319 6.473958
0.006215 -0.001182 6.473958
0.006325 -0.001042 6.473958
0.006433 -0.000899 6.473958
0.006543 -0.000759 6.473958
0.006654 -0.000619 6.473958
0.006771 -0.000484 6.473958
0.006887 -0.000349 6.473958
0.007010 -0.000219 6.473958
0.007055 -0.000046 6.473958

