0.006857 -0.000000 5.373264
0.006796 0.000162 5.373264
0.006691 0.000300 5.373264
0.006582 0.000435 5.373264
0.006475 0.000571 5.373264
0.006364 0.000705 5.373264
0.006260 0.000844 5.373264
0.006151 0.000979 5.373264
0.006041 0.001113 5.373264
0.005932 0.001247 5.373264
0.005824 0.001383 5.373264
0.005721 0.001523 5.373264
0.005609 0.001655 5.373264
0.005498 0.001788 5.373264
0.005390 0.001924 5.373264
0.005284 0.002061 5.373264
0.005181 0.002201 5.373264
0.005069 0.002333 5.373264
0.004954 0.002463 5.373264
0.004848 0.002600 5.373264
0.004742 0.002738 5.373264
0.004676 0.002898 5.373264
0.004611 0.003059 5.373264
0.004555 0.003223 5.373264
0.004496 0.003386 5.373264
0.004427 0.003545 5.373264
0.004361 0.003706 5.373264
0.004297 0.003867 5.373264
0.004238 0.004030 5.373264
0.004179 0.004193 5.373264
0.004110 0.004352 5.373264
0.004046 0.004513 5.373264
0.003984 0.004675 5.373264
0.003923 0.004838 5.373264
0.003861 0.005000 5.373264
0.003793 0.005159 5.373264
0.003732 0.005322 5.373264
0.003668 0.005483 5.373264
0.003606 0.005645 5.373264
0.003539 0.005805 5.373264
0.003428 0.005938 5.373264
0.003257 0.005967 5.373264
0.003085 0.005945 5.373264
0.002914 0.005918 5.373264
0.002743 0.005893 5.373264
0.002572 0.005864 5.373264
0.002399 0.005844 5.373264
0.002228 0.005817 5.373264
0.002057 0.005788 5.373264
0.001886 0.005760 5.373264
0.001714 0.005736 5.373264
0.001542 0.005716 5.373264
0.001371 0.005685 5.373264
0.001200 0.005655 5.373264
0.001029 0.005630 5.373264
0.000857 0.005607 5.373264
0.000685 0.005587 5.373264
0.000514 0.005556 5.373264
0.000344 0.005522 5.373264
0.000172 0.005499 5.373264
-0.000000 0.005476 5.373264
-0.000172 0.005499 5.373264
-0.000344 0.005522 5.373264
-0.000514 0.005556 5.373264
-0.000685 0.005587 5.373264
-0.000857 0.005607 5.373264
-0.001029 0.005630 5.373264
-0.001200 0.005655 5.373264
-0.001371 0.005685 5.373264
-0.001542 0.005716 5.373264
-0.001714 0.005736 5.373264
-0.001886 0.005760 5.373264
-0.002057 0.005788 5.373264
-0.002228 0.005817 5.373264
-0.002399 0.005844 5.373264
-0.002572 0.005864 5.373264
-0.002743 0.005893 5.373264
-0.002914 0.005917 5.373264
-0.003086 0.005944 5.373264
-0.003258 0.005966 5.373264
-0.003429 0.005938 5.373264
-0.003541 0.005805 5.373264
-0.003607 0.005645 5.373264
-0.003668 0.005483 5.373264
-0.003733 0.005322 5.373264
-0.003793 0.005159 5.373264
-0.003861 0.005000 5.373264
-0.003924 0.004838 5.373264
-0.003984 0.004675 5.373264
-0.004046 0.004513 5.373264
-0.004110 0.004352 5.373264
-0.004179 0.004193 5.373264
-0.004238 0.004030 5.373264
-0.004297 0.003867 5.373264
-0.004361 0.003706 5.373264
-0.004427 0.003545 5.373264
-0.004496 0.003386 5.373264
-0.004555 0.003223 5.373264
-0.004611 0.003059 5.373264
-0.004676 0.002898 5.373264
-0.004742 0.002738 5.373264
-0.004848 0.002600 5.373264
-0.004954 0.002463 5.373264
-0.005069 0.002333 5.373264
-0.005181 0.002201 5.373264
-0.005284 0.002061 5.373264
-0.005390 0.001924 5.373264
-0.005498 0.001788 5.373264
-0.005609 0.001655 5.373264
-0.005721 0.001523 5.373264
-0.005824 0.001383 5.373264
-0.005932 0.001247 5.373264
-0.006041 0.001113 5.373264
-0.006151 0.000979 5.373264
-0.006261 0.000844 5.373264
-0.006364 0.000705 5.373264
-0.006475 0.000572 5.373264
-0.006582 0.000435 5.373264
-0.006692 0.000301 5.373264
-0.006797 0.000163 5.373264
-0.006857 0.000000 5.373264
-0.006796 -0.000162 5.373264
-0.006691 -0.000300 5.373264
-0.006582 -0.000435 5.373264
-0.006475 -0.000571 5.373264
-0.006364 -0.000705 5.373264
-0.006260 -0.000844 5.373264
-0.006151 -0.000979 5.373264
-0.006041 -0.001113 5.373264
-0.005932 -0.001247 5.373264
-0.005824 -0.001383 5.373264
-0.005721 -0.001523 5.373264
-0.005609 -0.001655 5.373264
-0.005498 -0.001788 5.373264
-0.005390 -0.001924 5.373264
-0.005284 -0.002061 5.373264
-0.005181 -0.002201 5.373264
-0.005069 -0.002333 5.373264
-0.004954 -0.002463 5.373264
-0.004848 -0.002600 5.373264
-0.004742 -0.002738 5.373264
-0.004676 -0.002898 5.373264
-0.004611 -0.003059 5.373264
-0.004555 -0.003223 5.373264
-0.004496 -0.003386 5.373264
-0.004427 -0.003545 5.373264
-0.004361 -0.003706 5.373264
-0.004297 -0.003867 5.373264
-0.004238 -0.004030 5.373264
-0.004179 -0.004193 5.373264
-0.004110 -0.004352 5.373264
-0.004046 -0.004513 5.373264
-0.003984 -0.004675 5.373264
-0.003924 -0.004838 5.373264
-0.003861 -0.005000 5.373264
-0.003793 -0.005159 5.373264
-0.003733 -0.005322 5.373264
-0.003669 -0.005483 5.373264
-0.003607 -0.005645 5.373264
-0.003541 -0.005806 5.373264
-0.003429 -0.005938 5.373264
-0.003258 -0.005965 5.373264
-0.003086 -0.005944 5.373264
-0.002914 -0.005917 5.373264
-0.002743 -0.005893 5.373264
-0.002572 -0.005864 5.373264
-0.002399 -0.005844 5.373264
-0.002228 -0.005817 5.373264
-0.002057 -0.005788 5.373264
-0.001886 -0.005760 5.373264
-0.001714 -0.005736 5.373264
-0.001542 -0.005716 5.373264
-0.001371 -0.005685 5.373264
-0.001200 -0.005655 5.373264
-0.001029 -0.005630 5.373264
-0.000857 -0.005607 5.373264
-0.000685 -0.005587 5.373264
-0.000514 -0.005556 5.373264
-0.000344 -0.005522 5.373264
-0.000172 -0.005499 5.373264
0.000000 -0.005476 5.373264
0.000172 -0.005499 5.373264
0.000344 -0.005522 5.373264
0.000514 -0.005556 5.373264
0.000685 -0.005587 5.373264
0.000857 -0.005607 5.373264
0.001029 -0.005630 5.373264
0.001200 -0.005655 5.373264
0.001371 -0.005685 5.373264
0.001542 -0.005716 5.373264
0.001714 -0.005736 5.373264
0.001886 -0.005760 5.373264
0.002057 -0.005788 5.373264
0.002228 -0.005817 5.373264
0.002399 -0.005844 5.373264
0.002571 -0.005865 5.373264
0.002742 -0.005894 5.373264
0.002914 -0.005919 5.373264
0.003085 -0.005947 5.373264
0.003257 -0.005970 5.373264
0.003428 -0.005939 5.373264
0.003537 -0.005804 5.373264
0.003605 -0.005644 5.373264
0.003667 -0.005482 5.373264
0.003732 -0.005321 5.373264
0.003793 -0.005159 5.373264
0.003861 -0.005000 5.373264
0.003923 -0.004838 5.373264
0.003984 -0.004675 5.373264
0.004046 -0.004513 5.373264
0.004110 -0.004352 5.373264
0.004179 -0.004193 5.373264
0.004238 -0.004030 5.373264
0.004297 -0.003867 5.373264
0.004361 -0.003706 5.373264
0.004427 -0.003545 5.373264
0.004496 -0.003386 5.373264
0.004555 -0.003223 5.373264
0.004611 -0.003059 5.373264
0.004676 -0.002898 5.373264
0.004742 -0.002738 5.373264
0.004848 -0.002600 5.373264
0.004954 -0.002463 5.373264
0.005069 -0.002333 5.373264
0.005181 -0.002201 5.373264
0.005284 -0.002061 5.373264
0.005390 -0.001924 5.373264
0.005498 -0.001788 5.373264
0.005609 -0.001655 5.373264
0.005721 -0.001523 5.373264
0.005824 -0.001383 5.373264
0.005932 -0.001247 5.373264
0.006041 -0.001113 5.373264
0.006151 -0.000979 5.373264
0.006261 -0.000844 5.373264
0.006364 -0.000705 5.373264
0.006475 -0.000572 5.373264
0.006583 -0.000435 5.373264
0.006692 -0.000301 5.373264
0.006798 -0.000164 5.373264
0.006857 -0.000000 5.373264

