0.007264 -0.000077 7.303819
0.007142 0.000061 7.303819
0.007023 0.000203 7.303819
0.006903 0.000343 7.303819
0.006784 0.000485 7.303819
0.006666 0.000627 7.303819
0.006560 0.000778 7.303819
0.006460 0.000934 7.303819
0.006357 0.001087 7.303819
0.006258 0.001243 7.303819
0.006158 0.001398 7.303819
0.006054 0.001550 7.303819
0.005945 0.001700 7.303819
0.005832 0.001846 7.303819
0.005719 0.001992 7.303819
0.005615 0.002145 7.303819
0.005493 0.002284 7.303819
0.005381 0.002431 7.303819
0.005259 0.002569 7.303819
0.005158 0.002724 7.303819
0.005032 0.002859 7.303819
0.004954 0.003027 7.303819
0.004897 0.003202 7.303819
0.004814 0.003367 7.303819
0.004761 0.003544 7.303819
0.004691 0.003715 7.303819
0.004621 0.003886 7.303819
0.004546 0.004055 7.303819
0.004481 0.004228 7.303819
0.004410 0.004398 7.303819
0.004338 0.004568 7.303819
0.004262 0.004737 7.303819
0.004187 0.004906 7.303819
0.004119 0.005077 7.303819
0.004048 0.005248 7.303819
0.003978 0.005419 7.303819
0.003917 0.005593 7.303819
0.003860 0.005769 7.303819
0.003809 0.005946 7.303819
0.003760 0.006125 7.303819
0.003615 0.006239 7.303819
0.003435 0.006199 7.303819
0.003254 0.006159 7.303819
0.003072 0.006129 7.303819
0.002888 0.006112 7.303819
0.002704 0.006100 7.303819
0.002519 0.006094 7.303819
0.002335 0.006083 7.303819
0.002151 0.006064 7.303819
0.001967 0.006051 7.303819
0.001783 0.006036 7.303819
0.001599 0.006015 7.303819
0.001416 0.005992 7.303819
0.001233 0.005963 7.303819
0.001050 0.005943 7.303819
0.000866 0.005920 7.303819
0.000684 0.005893 7.303819
0.000504 0.005852 7.303819
0.000319 0.005842 7.303819
0.000139 0.005802 7.303819
-0.000045 0.005788 7.303819
-0.000225 0.005830 7.303819
-0.000409 0.005840 7.303819
-0.000590 0.005877 7.303819
-0.000774 0.005901 7.303819
-0.000955 0.005936 7.303819
-0.001139 0.005949 7.303819
-0.001322 0.005974 7.303819
-0.001505 0.005999 7.303819
-0.001689 0.006018 7.303819
-0.001873 0.006032 7.303819
-0.002058 0.006041 7.303819
-0.002242 0.006051 7.303819
-0.002426 0.006067 7.303819
-0.002610 0.006081 7.303819
-0.002794 0.006105 7.303819
-0.002975 0.006140 7.303819
-0.003157 0.006170 7.303819
-0.003340 0.006197 7.303819
-0.003523 0.006221 7.303819
-0.003705 0.006254 7.303819
-0.003850 0.006139 7.303819
-0.003898 0.005960 7.303819
-0.003947 0.005782 7.303819
-0.003999 0.005605 7.303819
-0.004049 0.005427 7.303819
-0.004107 0.005252 7.303819
-0.004164 0.005076 7.303819
-0.004220 0.004900 7.303819
-0.004287 0.004728 7.303819
-0.004357 0.004557 7.303819
-0.004424 0.004385 7.303819
-0.004492 0.004213 7.303819
-0.004556 0.004040 7.303819
-0.004629 0.003870 7.303819
-0.004701 0.003700 7.303819
-0.004768 0.003528 7.303819
-0.004823 0.003351 7.303819
-0.004906 0.003186 7.303819
-0.004960 0.003010 7.303819
-0.005042 0.002844 7.303819
-0.005171 0.002712 7.303819
-0.005271 0.002556 7.303819
-0.005393 0.002418 7.303819
-0.005507 0.002273 7.303819
-0.005627 0.002132 7.303819
-0.005732 0.001980 7.303819
-0.005847 0.001836 7.303819
-0.005963 0.001692 7.303819
-0.006075 0.001545 7.303819
-0.006186 0.001397 7.303819
-0.006295 0.001249 7.303819
-0.006409 0.001103 7.303819
-0.006528 0.000962 7.303819
-0.006644 0.000818 7.303819
-0.006764 0.000677 7.303819
-0.006890 0.000542 7.303819
-0.007014 0.000405 7.303819
-0.007141 0.000272 7.303819
-0.007269 0.000138 7.303819
-0.007298 -0.000044 7.303819
-0.007174 -0.000181 7.303819
-0.007041 -0.000309 7.303819
-0.006905 -0.000435 7.303819
-0.006777 -0.000568 7.303819
-0.006655 -0.000706 7.303819
-0.006546 -0.000855 7.303819
-0.006441 -0.001008 7.303819
-0.006333 -0.001158 7.303819
-0.006230 -0.001311 7.303819
-0.006126 -0.001463 7.303819
-0.006017 -0.001613 7.303819
-0.005906 -0.001761 7.303819
-0.005789 -0.001903 7.303819
-0.005682 -0.002054 7.303819
-0.005568 -0.002199 7.303819
-0.005457 -0.002347 7.303819
-0.005329 -0.002480 7.303819
-0.005228 -0.002635 7.303819
-0.005105 -0.002773 7.303819
-0.004998 -0.002923 7.303819
-0.004942 -0.003099 7.303819
-0.004860 -0.003264 7.303819
-0.004802 -0.003440 7.303819
-0.004730 -0.003610 7.303819
-0.004674 -0.003786 7.303819
-0.004593 -0.003952 7.303819
-0.004528 -0.004125 7.303819
-0.004463 -0.004298 7.303819
-0.004397 -0.004470 7.303819
-0.004330 -0.004643 7.303819
-0.004263 -0.004815 7.303819
-0.004200 -0.004988 7.303819
-0.004146 -0.005165 7.303819
-0.004087 -0.005340 7.303819
-0.004028 -0.005515 7.303819
-0.003975 -0.005692 7.303819
-0.003920 -0.005869 7.303819
-0.003870 -0.006047 7.303819
-0.003821 -0.006225 7.303819
-0.003678 -0.006341 7.303819
-0.003495 -0.006312 7.303819
-0.003313 -0.006282 7.303819
-0.003133 -0.006240 7.303819
-0.002954 -0.006193 7.303819
-0.002777 -0.006143 7.303819
-0.002596 -0.006105 7.303819
-0.002413 -0.006077 7.303819
-0.002230 -0.006052 7.303819
-0.002046 -0.006039 7.303819
-0.001861 -0.006029 7.303819
-0.001677 -0.006015 7.303819
-0.001493 -0.005998 7.303819
-0.001310 -0.005973 7.303819
-0.001127 -0.005950 7.303819
-0.000943 -0.005934 7.303819
-0.000761 -0.005903 7.303819
-0.000578 -0.005875 7.303819
-0.000396 -0.005842 7.303819
-0.000212 -0.005828 7.303819
-0.000031 -0.005791 7.303819
0.000153 -0.005810 7.303819
0.000334 -0.005844 7.303819
0.000518 -0.005860 7.303819
0.000699 -0.005898 7.303819
0.000881 -0.005927 7.303819
0.001065 -0.005949 7.303819
0.001248 -0.005973 7.303819
0.001430 -0.006005 7.303819
0.001612 -0.006033 7.303819
0.001795 -0.006063 7.303819
0.001977 -0.006091 7.303819
0.002159 -0.006122 7.303819
0.002339 -0.006165 7.303819
0.002519 -0.006206 7.303819
0.002700 -0.006246 7.303819
0.002879 -0.006291 7.303819
0.003058 -0.006334 7.303819
0.003238 -0.006378 7.303819
0.003417 -0.006424 7.303819
0.003588 -0.006354 7.303819
0.003647 -0.006179 7.303819
0.003714 -0.006007 7.303819
0.003781 -0.005835 7.303819
0.003844 -0.005662 7.303819
0.003900 -0.005486 7.303819
0.003964 -0.005312 7.303819
0.004037 -0.005143 7.303819
0.004111 -0.004973 7.303819
0.004194 -0.004808 7.303819
0.004279 -0.004644 7.303819
0.004360 -0.004478 7.303819
0.004437 -0.004310 7.303819
0.004509 -0.004140 7.303819
0.004578 -0.003969 7.303819
0.004661 -0.003804 7.303819
0.004719 -0.003628 7.303819
0.004793 -0.003459 7.303819
0.004848 -0.003283 7.303819
0.004935 -0.003120 7.303819
0.004984 -0.002942 7.303819
0.005087 -0.002788 7.303819
0.005215 -0.002655 7.303819
0.005312 -0.002498 7.303819
0.005441 -0.002366 7.303819
0.005553 -0.002219 7.303819
0.005668 -0.002074 7.303819
0.005777 -0.001925 7.303819
0.005895 -0.001783 7.303819
0.006009 -0.001638 7.303819
0.006125 -0.001493 7.303819
0.006238 -0.001348 7.303819
0.006353 -0.001203 7.303819
0.006478 -0.001067 7.303819
0.006601 -0.000929 7.303819
0.006725 -0.000792 7.303819
0.006854 -0.000660 7.303819
0.006981 -0.000526 7.303819
0.007109 -0.000393 7.303819
0.007238 -0.000260 7.303819
0.007264 -0.000077 7.303819

