0.006986 -0.000013 6.144097
0.006898 0.000140 6.144097
0.006806 0.000291 6.144097
0.006706 0.000436 6.144097
0.006603 0.000579 6.144097
0.006501 0.000723 6.144097
0.006393 0.000863 6.144097
0.006285 0.001003 6.144097
0.006173 0.001140 6.144097
0.006066 0.001280 6.144097
0.005960 0.001421 6.144097
0.005847 0.001556 6.144097
0.005735 0.001693 6.144097
0.005625 0.001831 6.144097
0.005517 0.001971 6.144097
0.005411 0.002112 6.144097
0.005296 0.002246 6.144097
0.005181 0.002380 6.144097
0.005075 0.002521 6.144097
0.004968 0.002662 6.144097
0.004857 0.002799 6.144097
0.004792 0.002963 6.144097
0.004724 0.003126 6.144097
0.004655 0.003288 6.144097
0.004596 0.003455 6.144097
0.004537 0.003621 6.144097
0.004469 0.003784 6.144097
0.004402 0.003947 6.144097
0.004337 0.004111 6.144097
0.004274 0.004277 6.144097
0.004214 0.004443 6.144097
0.004145 0.004605 6.144097
0.004077 0.004768 6.144097
0.004016 0.004933 6.144097
0.003949 0.005097 6.144097
0.003884 0.005261 6.144097
0.003813 0.005423 6.144097
0.003745 0.005586 6.144097
0.003677 0.005748 6.144097
0.003604 0.005910 6.144097
0.003495 0.006048 6.144097
0.003320 0.006067 6.144097
0.003144 0.006053 6.144097
0.002968 0.006033 6.144097
0.002793 0.006012 6.144097
0.002618 0.005993 6.144097
0.002443 0.005969 6.144097
0.002268 0.005944 6.144097
0.002094 0.005916 6.144097
0.001919 0.005892 6.144097
0.001743 0.005871 6.144097
0.001570 0.005840 6.144097
0.001395 0.005812 6.144097
0.001221 0.005786 6.144097
0.001046 0.005762 6.144097
0.000871 0.005741 6.144097
0.000697 0.005708 6.144097
0.000523 0.005676 6.144097
0.000348 0.005655 6.144097
0.000173 0.005633 6.144097
-0.000001 0.005606 6.144097
-0.000176 0.005633 6.144097
-0.000351 0.005655 6.144097
-0.000526 0.005676 6.144097
-0.000700 0.005709 6.144097
-0.000873 0.005741 6.144097
-0.001049 0.005763 6.144097
-0.001224 0.005786 6.144097
-0.001398 0.005812 6.144097
-0.001572 0.005841 6.144097
-0.001746 0.005872 6.144097
-0.001922 0.005892 6.144097
-0.002097 0.005915 6.144097
-0.002271 0.005944 6.144097
-0.002446 0.005967 6.144097
-0.002621 0.005991 6.144097
-0.002797 0.006007 6.144097
-0.002972 0.006025 6.144097
-0.003148 0.006038 6.144097
-0.003325 0.006041 6.144097
-0.003501 0.006045 6.144097
-0.003627 0.005921 6.144097
-0.003690 0.005756 6.144097
-0.003752 0.005591 6.144097
-0.003817 0.005426 6.144097
-0.003886 0.005264 6.144097
-0.003950 0.005100 6.144097
-0.004016 0.004936 6.144097
-0.004077 0.004770 6.144097
-0.004145 0.004607 6.144097
-0.004214 0.004445 6.144097
-0.004274 0.004279 6.144097
-0.004336 0.004113 6.144097
-0.004401 0.003949 6.144097
-0.004468 0.003786 6.144097
-0.004537 0.003623 6.144097
-0.004595 0.003457 6.144097
-0.004654 0.003290 6.144097
-0.004724 0.003128 6.144097
-0.004792 0.002965 6.144097
-0.004856 0.002801 6.144097
-0.004967 0.002663 6.144097
-0.005074 0.002523 6.144097
-0.005180 0.002382 6.144097
-0.005295 0.002248 6.144097
-0.005409 0.002113 6.144097
-0.005516 0.001972 6.144097
-0.005624 0.001833 6.144097
-0.005733 0.001695 6.144097
-0.005845 0.001558 6.144097
-0.005959 0.001423 6.144097
-0.006065 0.001282 6.144097
-0.006172 0.001142 6.144097
-0.006285 0.001005 6.144097
-0.006393 0.000866 6.144097
-0.006503 0.000728 6.144097
-0.006607 0.000585 6.144097
-0.006715 0.000445 6.144097
-0.006822 0.000305 6.144097
-0.006927 0.000163 6.144097
-0.006985 -0.000003 6.144097
-0.006907 -0.000162 6.144097
-0.006809 -0.000308 6.144097
-0.006704 -0.000451 6.144097
-0.006599 -0.000592 6.144097
-0.006495 -0.000735 6.144097
-0.006386 -0.000874 6.144097
-0.006278 -0.001013 6.144097
-0.006166 -0.001150 6.144097
-0.006058 -0.001290 6.144097
-0.005952 -0.001431 6.144097
-0.005839 -0.001566 6.144097
-0.005727 -0.001703 6.144097
-0.005617 -0.001841 6.144097
-0.005509 -0.001981 6.144097
-0.005403 -0.002122 6.144097
-0.005288 -0.002256 6.144097
-0.005173 -0.002390 6.144097
-0.005067 -0.002531 6.144097
-0.004960 -0.002671 6.144097
-0.004851 -0.002810 6.144097
-0.004788 -0.002975 6.144097
-0.004719 -0.003138 6.144097
-0.004650 -0.003300 6.144097
-0.004592 -0.003467 6.144097
-0.004533 -0.003633 6.144097
-0.004464 -0.003796 6.144097
-0.004397 -0.003959 6.144097
-0.004332 -0.004123 6.144097
-0.004270 -0.004288 6.144097
-0.004210 -0.004454 6.144097
-0.004141 -0.004617 6.144097
-0.004074 -0.004780 6.144097
-0.004012 -0.004946 6.144097
-0.003947 -0.005110 6.144097
-0.003883 -0.005274 6.144097
-0.003815 -0.005437 6.144097
-0.003752 -0.005602 6.144097
-0.003692 -0.005768 6.144097
-0.003632 -0.005934 6.144097
-0.003499 -0.006050 6.144097
-0.003323 -0.006034 6.144097
-0.003147 -0.006031 6.144097
-0.002971 -0.006020 6.144097
-0.002795 -0.006004 6.144097
-0.002619 -0.005989 6.144097
-0.002444 -0.005966 6.144097
-0.002269 -0.005943 6.144097
-0.002095 -0.005915 6.144097
-0.001919 -0.005892 6.144097
-0.001744 -0.005871 6.144097
-0.001570 -0.005840 6.144097
-0.001396 -0.005812 6.144097
-0.001221 -0.005786 6.144097
-0.001046 -0.005762 6.144097
-0.000871 -0.005741 6.144097
-0.000698 -0.005708 6.144097
-0.000524 -0.005676 6.144097
-0.000349 -0.005655 6.144097
-0.000174 -0.005633 6.144097
0.000001 -0.005606 6.144097
0.000175 -0.005633 6.144097
0.000350 -0.005655 6.144097
0.000526 -0.005676 6.144097
0.000699 -0.005709 6.144097
0.000873 -0.005741 6.144097
0.001048 -0.005763 6.144097
0.001223 -0.005786 6.144097
0.001397 -0.005812 6.144097
0.001572 -0.005841 6.144097
0.001745 -0.005872 6.144097
0.001921 -0.005893 6.144097
0.002096 -0.005917 6.144097
0.002270 -0.005947 6.144097
0.002444 -0.005972 6.144097
0.002619 -0.006000 6.144097
0.002794 -0.006022 6.144097
0.002968 -0.006050 6.144097
0.003142 -0.006082 6.144097
0.003315 -0.006115 6.144097
0.003483 -0.006061 6.144097
0.003558 -0.005901 6.144097
0.003645 -0.005747 6.144097
0.003724 -0.005589 6.144097
0.003799 -0.005429 6.144097
0.003874 -0.005269 6.144097
0.003942 -0.005106 6.144097
0.004010 -0.004943 6.144097
0.004072 -0.004778 6.144097
0.004140 -0.004615 6.144097
0.004210 -0.004453 6.144097
0.004270 -0.004287 6.144097
0.004332 -0.004122 6.144097
0.004397 -0.003958 6.144097
0.004464 -0.003794 6.144097
0.004533 -0.003632 6.144097
0.004592 -0.003466 6.144097
0.004651 -0.003299 6.144097
0.004720 -0.003137 6.144097
0.004789 -0.002974 6.144097
0.004851 -0.002809 6.144097
0.004961 -0.002671 6.144097
0.005068 -0.002530 6.144097
0.005174 -0.002389 6.144097
0.005289 -0.002255 6.144097
0.005403 -0.002121 6.144097
0.005510 -0.001980 6.144097
0.005618 -0.001840 6.144097
0.005728 -0.001702 6.144097
0.005839 -0.001565 6.144097
0.005953 -0.001430 6.144097
0.006059 -0.001289 6.144097
0.006167 -0.001149 6.144097
0.006279 -0.001013 6.144097
0.006389 -0.000875 6.144097
0.006499 -0.000737 6.144097
0.006605 -0.000595 6.144097
0.006714 -0.000457 6.144097
0.006826 -0.000320 6.144097
0.006937 -0.000183 6.144097
0.006986 -0.000013 6.144097

