0.005407 -0.000000 0.953125
0.005404 0.000138 0.953125
0.005394 0.000275 0.953125
0.005375 0.000412 0.953125
0.005347 0.000547 0.953125
0.005307 0.000679 0.953125
0.005256 0.000807 0.953125
0.005200 0.000933 0.953125
0.005141 0.001058 0.953125
0.005080 0.001182 0.953125
0.005017 0.001304 0.953125
0.004952 0.001426 0.953125
0.004884 0.001546 0.953125
0.004816 0.001666 0.953125
0.004746 0.001785 0.953125
0.004677 0.001904 0.953125
0.004608 0.002024 0.953125
0.004539 0.002143 0.953125
0.004470 0.002262 0.953125
0.004401 0.002382 0.953125
0.004332 0.002501 0.953125
0.004263 0.002621 0.953125
0.004194 0.002740 0.953125
0.004126 0.002860 0.953125
0.004057 0.002979 0.953125
0.003988 0.003099 0.953125
0.003919 0.003218 0.953125
0.003850 0.003338 0.953125
0.003781 0.003457 0.953125
0.003710 0.003575 0.953125
0.003638 0.003693 0.953125
0.003564 0.003809 0.953125
0.003487 0.003924 0.953125
0.003408 0.004037 0.953125
0.003327 0.004149 0.953125
0.003242 0.004256 0.953125
0.003147 0.004357 0.953125
0.003044 0.004449 0.953125
0.002935 0.004533 0.953125
0.002821 0.004611 0.953125
0.002704 0.004683 0.953125
0.002583 0.004749 0.953125
0.002458 0.004809 0.953125
0.002331 0.004861 0.953125
0.002200 0.004904 0.953125
0.002065 0.004935 0.953125
0.001929 0.004956 0.953125
0.001792 0.004970 0.953125
0.001654 0.004982 0.953125
0.001517 0.004991 0.953125
0.001379 0.004997 0.953125
0.001241 0.005001 0.953125
0.001103 0.005003 0.953125
0.000965 0.005003 0.953125
0.000827 0.005003 0.953125
0.000690 0.005003 0.953125
0.000552 0.005003 0.953125
0.000414 0.005003 0.953125
0.000276 0.005002 0.953125
0.000138 0.005002 0.953125
0.000000 0.005002 0.953125
-0.000138 0.005002 0.953125
-0.000276 0.005002 0.953125
-0.000414 0.005003 0.953125
-0.000552 0.005003 0.953125
-0.000690 0.005003 0.953125
-0.000827 0.005003 0.953125
-0.000965 0.005003 0.953125
-0.001103 0.005003 0.953125
-0.001241 0.005001 0.953125
-0.001379 0.004997 0.953125
-0.001517 0.004991 0.953125
-0.001654 0.004982 0.953125
-0.001792 0.004970 0.953125
-0.001929 0.004956 0.953125
-0.002065 0.004935 0.953125
-0.002200 0.004904 0.953125
-0.002331 0.004861 0.953125
-0.002458 0.004809 0.953125
-0.002583 0.004749 0.953125
-0.002704 0.004683 0.953125
-0.002821 0.004611 0.953125
-0.002935 0.004533 0.953125
-0.003044 0.004449 0.953125
-0.003147 0.004357 0.953125
-0.003242 0.004256 0.953125
-0.003327 0.004149 0.953125
-0.003408 0.004037 0.953125
-0.003487 0.003924 0.953125
-0.003564 0.003809 0.953125
-0.003638 0.003693 0.953125
-0.003710 0.003575 0.953125
-0.003781 0.003457 0.953125
-0.003850 0.003338 0.953125
-0.003919 0.003218 0.953125
-0.003988 0.003099 0.953125
-0.004057 0.002979 0.953125
-0.004126 0.002860 0.953125
-0.004194 0.002740 0.953125
-0.004263 0.002621 0.953125
-0.004332 0.002501 0.953125
-0.004401 0.002382 0.953125
-0.004470 0.002262 0.953125
-0.004539 0.002143 0.953125
-0.004608 0.002024 0.953125
-0.004677 0.001904 0.953125
-0.004746 0.001785 0.953125
-0.004816 0.001666 0.953125
-0.004884 0.001546 0.953125
-0.004952 0.001426 0.953125
-0.005017 0.001304 0.953125
-0.005080 0.001182 0.953125
-0.005141 0.001058 0.953125
-0.005200 0.000933 0.953125
-0.005256 0.000807 0.953125
-0.005307 0.000679 0.953125
-0.005347 0.000547 0.953125
-0.005375 0.000412 0.953125
-0.005394 0.000275 0.953125
-0.005404 0.000138 0.953125
-0.005407 -0.000000 0.953125
-0.005404 -0.000138 0.953125
-0.005394 -0.000275 0.953125
-0.005375 -0.000412 0.953125
-0.005347 -0.000547 0.953125
-0.005307 -0.000679 0.953125
-0.005256 -0.000807 0.953125
-0.005200 -0.000933 0.953125
-0.005141 -0.001058 0.953125
-0.005080 -0.001182 0.953125
-0.005017 -0.001304 0.953125
-0.004952 -0.001426 0.953125
-0.004884 -0.001546 0.953125
-0.004816 -0.001666 0.953125
-0.004746 -0.001785 0.953125
-0.004677 -0.001904 0.953125
-0.004608 -0.002024 0.953125
-0.004539 -0.002143 0.953125
-0.004470 -0.002262 0.953125
-0.004401 -0.002382 0.953125
-0.004332 -0.002501 0.953125
-0.004263 -0.002621 0.953125
-0.004194 -0.002740 0.953125
-0.004126 -0.002860 0.953125
-0.004057 -0.002979 0.953125
-0.003988 -0.003099 0.953125
-0.003919 -0.003218 0.953125
-0.003850 -0.003338 0.953125
-0.003781 -0.003457 0.953125
-0.003710 -0.003575 0.953125
-0.003638 -0.003693 0.953125
-0.003564 -0.003809 0.953125
-0.003487 -0.003924 0.953125
-0.003408 -0.004037 0.953125
-0.003327 -0.004149 0.953125
-0.003242 -0.004256 0.953125
-0.003147 -0.004357 0.953125
-0.003044 -0.004449 0.953125
-0.002935 -0.004533 0.953125
-0.002821 -0.004611 0.953125
-0.002704 -0.004683 0.953125
-0.002583 -0.004749 0.953125
-0.002458 -0.004809 0.953125
-0.002331 -0.004861 0.953125
-0.002200 -0.004904 0.953125
-0.002065 -0.004935 0.953125
-0.001929 -0.004956 0.953125
-0.001792 -0.004970 0.953125
-0.001654 -0.004982 0.953125
-0.001517 -0.004991 0.953125
-0.001379 -0.004997 0.953125
-0.001241 -0.005001 0.953125
-0.001103 -0.005003 0.953125
-0.000965 -0.005003 0.953125
-0.000827 -0.005003 0.953125
-0.000690 -0.005003 0.953125
-0.000552 -0.005003 0.953125
-0.000414 -0.005003 0.953125
-0.000276 -0.005002 0.953125
-0.000138 -0.005002 0.953125
-0.000000 -0.005002 0.953125
0.000138 -0.005002 0.953125
0.000276 -0.005002 0.953125
0.000414 -0.005003 0.953125
0.000552 -0.005003 0.953125
0.000690 -0.005003 0.953125
0.000827 -0.005003 0.953125
0.000965 -0.005003 0.953125
0.001103 -0.005003 0.953125
0.001241 -0.005001 0.953125
0.001379 -0.004997 0.953125
0.001517 -0.004991 0.953125
0.001654 -0.004982 0.953125
0.001792 -0.004970 0.953125
0.001929 -0.004956 0.953125
0.002065 -0.004935 0.953125
0.002200 -0.004904 0.953125
0.002331 -0.004861 0.953125
0.002458 -0.004809 0.953125
0.002583 -0.004749 0.953125
0.002704 -0.004683 0.953125
0.002821 -0.004611 0.953125
0.002935 -0.004533 0.953125
0.003044 -0.004449 0.953125
0.003147 -0.004357 0.953125
0.003242 -0.004256 0.953125
0.003327 -0.004149 0.953125
0.003408 -0.004037 0.953125
0.003487 -0.003924 0.953125
0.003564 -0.003809 0.953125
0.003638 -0.003693 0.953125
0.003710 -0.003575 0.953125
0.003781 -0.003457 0.953125
0.003850 -0.003338 0.953125
0.003919 -0.003218 0.953125
0.003988 -0.003099 0.953125
0.004057 -0.002979 0.953125
0.004126 -0.002860 0.953125
0.004194 -0.002740 0.953125
0.004263 -0.002621 0.953125
0.004332 -0.002501 0.953125
0.004401 -0.002382 0.953125
0.004470 -0.002262 0.953125
0.004539 -0.002143 0.953125
0.004608 -0.002024 0.953125
0.004677 -0.001904 0.953125
0.004746 -0.001785 0.953125
0.004816 -0.001666 0.953125
0.004884 -0.001546 0.953125
0.004952 -0.001426 0.953125
0.005017 -0.001304 0.953125
0.005080 -0.001182 0.953125
0.005141 -0.001058 0.953125
0.005200 -0.000933 0.953125
0.005256 -0.000807 0.953125
0.005307 -0.000679 0.953125
0.005347 -0.000547 0.953125
0.005375 -0.000412 0.953125
0.005394 -0.000275 0.953125
0.005404 -0.000138 0.953125
0.005407 -0.000000 0.953125

