0.007672 -0.000078 8.911458
0.007538 0.000065 8.911458
0.007401 0.000206 8.911458
0.007269 0.000351 8.911458
0.007133 0.000494 8.911458
0.006996 0.000634 8.911458
0.006863 0.000779 8.911458
0.006738 0.000930 8.911458
0.006604 0.001074 8.911458
0.006477 0.001224 8.911458
0.006342 0.001367 8.911458
0.006218 0.001519 8.911458
0.006088 0.001667 8.911458
0.006000 0.001842 8.911458
0.005875 0.001994 8.911458
0.005779 0.002166 8.911458
0.005656 0.002318 8.911458
0.005548 0.002483 8.911458
0.005426 0.002636 8.911458
0.005323 0.002804 8.911458
0.005199 0.002957 8.911458
0.005118 0.003136 8.911458
0.005049 0.003320 8.911458
0.004960 0.003495 8.911458
0.004898 0.003681 8.911458
0.004812 0.003858 8.911458
0.004741 0.004041 8.911458
0.004655 0.004218 8.911458
0.004607 0.004408 8.911458
0.004527 0.004587 8.911458
0.004475 0.004777 8.911458
0.004408 0.004962 8.911458
0.004361 0.005153 8.911458
0.004306 0.005341 8.911458
0.004257 0.005531 8.911458
0.004196 0.005718 8.911458
0.004142 0.005907 8.911458
0.004084 0.006095 8.911458
0.004022 0.006281 8.911458
0.003964 0.006469 8.911458
0.003812 0.006594 8.911458
0.003622 0.006546 8.911458
0.003432 0.006495 8.911458
0.003240 0.006452 8.911458
0.003048 0.006410 8.911458
0.002857 0.006363 8.911458
0.002665 0.006323 8.911458
0.002475 0.006274 8.911458
0.002283 0.006230 8.911458
0.002093 0.006182 8.911458
0.001898 0.006156 8.911458
0.001704 0.006128 8.911458
0.001507 0.006117 8.911458
0.001311 0.006104 8.911458
0.001117 0.006135 8.911458
0.000926 0.006092 8.911458
0.000730 0.006075 8.911458
0.000538 0.006035 8.911458
0.000341 0.006029 8.911458
0.000148 0.005995 8.911458
-0.000048 0.005980 8.911458
-0.000242 0.006014 8.911458
-0.000438 0.006017 8.911458
-0.000632 0.006048 8.911458
-0.000828 0.006061 8.911458
-0.001020 0.006104 8.911458
-0.001215 0.006080 8.911458
-0.001411 0.006101 8.911458
-0.001605 0.006125 8.911458
-0.001797 0.006169 8.911458
-0.001992 0.006192 8.911458
-0.002183 0.006237 8.911458
-0.002378 0.006261 8.911458
-0.002571 0.006298 8.911458
-0.002765 0.006330 8.911458
-0.002956 0.006376 8.911458
-0.003146 0.006428 8.911458
-0.003337 0.006474 8.911458
-0.003529 0.006516 8.911458
-0.003720 0.006562 8.911458
-0.003911 0.006605 8.911458
-0.004062 0.006480 8.911458
-0.004120 0.006292 8.911458
-0.004181 0.006105 8.911458
-0.004237 0.005917 8.911458
-0.004292 0.005728 8.911458
-0.004351 0.005541 8.911458
-0.004401 0.005351 8.911458
-0.004455 0.005162 8.911458
-0.004506 0.004972 8.911458
-0.004568 0.004786 8.911458
-0.004613 0.004594 8.911458
-0.004684 0.004411 8.911458
-0.004715 0.004217 8.911458
-0.004797 0.004039 8.911458
-0.004851 0.003850 8.911458
-0.004931 0.003670 8.911458
-0.004982 0.003481 8.911458
-0.005071 0.003306 8.911458
-0.005129 0.003118 8.911458
-0.005216 0.002941 8.911458
-0.005348 0.002796 8.911458
-0.005452 0.002629 8.911458
-0.005584 0.002484 8.911458
-0.005695 0.002321 8.911458
-0.005828 0.002178 8.911458
-0.005932 0.002011 8.911458
-0.006077 0.001878 8.911458
-0.006197 0.001722 8.911458
-0.006336 0.001583 8.911458
-0.006459 0.001430 8.911458
-0.006601 0.001295 8.911458
-0.006731 0.001147 8.911458
-0.006872 0.001011 8.911458
-0.007005 0.000866 8.911458
-0.007139 0.000722 8.911458
-0.007275 0.000580 8.911458
-0.007408 0.000435 8.911458
-0.007539 0.000289 8.911458
-0.007674 0.000147 8.911458
-0.007710 -0.000047 8.911458
-0.007576 -0.000190 8.911458
-0.007436 -0.000328 8.911458
-0.007300 -0.000470 8.911458
-0.007168 -0.000615 8.911458
-0.007037 -0.000762 8.911458
-0.006910 -0.000912 8.911458
-0.006768 -0.001047 8.911458
-0.006630 -0.001188 8.911458
-0.006483 -0.001317 8.911458
-0.006352 -0.001465 8.911458
-0.006213 -0.001603 8.911458
-0.006093 -0.001758 8.911458
-0.005960 -0.001903 8.911458
-0.005865 -0.002075 8.911458
-0.005745 -0.002231 8.911458
-0.005637 -0.002395 8.911458
-0.005507 -0.002542 8.911458
-0.005403 -0.002709 8.911458
-0.005276 -0.002859 8.911458
-0.005171 -0.003025 8.911458
-0.005116 -0.003214 8.911458
-0.005028 -0.003389 8.911458
-0.004973 -0.003578 8.911458
-0.004899 -0.003760 8.911458
-0.004843 -0.003948 8.911458
-0.004763 -0.004127 8.911458
-0.004716 -0.004318 8.911458
-0.004650 -0.004503 8.911458
-0.004604 -0.004694 8.911458
-0.004532 -0.004877 8.911458
-0.004488 -0.005069 8.911458
-0.004423 -0.005254 8.911458
-0.004379 -0.005446 8.911458
-0.004322 -0.005634 8.911458
-0.004265 -0.005822 8.911458
-0.004208 -0.006010 8.911458
-0.004150 -0.006198 8.911458
-0.004089 -0.006384 8.911458
-0.004033 -0.006573 8.911458
-0.003884 -0.006700 8.911458
-0.003692 -0.006659 8.911458
-0.003500 -0.006613 8.911458
-0.003309 -0.006568 8.911458
-0.003120 -0.006516 8.911458
-0.002931 -0.006463 8.911458
-0.002737 -0.006427 8.911458
-0.002543 -0.006398 8.911458
-0.002350 -0.006359 8.911458
-0.002158 -0.006321 8.911458
-0.001969 -0.006267 8.911458
-0.001777 -0.006227 8.911458
-0.001587 -0.006175 8.911458
-0.001394 -0.006141 8.911458
-0.001204 -0.006090 8.911458
-0.001008 -0.006078 8.911458
-0.000812 -0.006057 8.911458
-0.000616 -0.006042 8.911458
-0.000421 -0.006019 8.911458
-0.000225 -0.006006 8.911458
-0.000029 -0.005990 8.911458
0.000164 -0.006023 8.911458
0.000359 -0.006051 8.911458
0.000553 -0.006079 8.911458
0.000745 -0.006124 8.911458
0.000939 -0.006154 8.911458
0.001131 -0.006193 8.911458
0.001325 -0.006226 8.911458
0.001511 -0.006289 8.911458
0.001704 -0.006325 8.911458
0.001894 -0.006377 8.911458
0.002085 -0.006419 8.911458
0.002276 -0.006466 8.911458
0.002467 -0.006513 8.911458
0.002657 -0.006563 8.911458
0.002849 -0.006605 8.911458
0.003040 -0.006651 8.911458
0.003231 -0.006696 8.911458
0.003424 -0.006736 8.911458
0.003615 -0.006780 8.911458
0.003800 -0.006712 8.911458
0.003858 -0.006525 8.911458
0.003912 -0.006336 8.911458
0.003971 -0.006148 8.911458
0.004026 -0.005960 8.911458
0.004075 -0.005770 8.911458
0.004128 -0.005580 8.911458
0.004195 -0.005396 8.911458
0.004257 -0.005209 8.911458
0.004332 -0.005028 8.911458
0.004388 -0.004839 8.911458
0.004466 -0.004659 8.911458
0.004505 -0.004466 8.911458
0.004591 -0.004290 8.911458
0.004657 -0.004105 8.911458
0.004755 -0.003934 8.911458
0.004827 -0.003752 8.911458
0.004934 -0.003587 8.911458
0.004999 -0.003401 8.911458
0.005090 -0.003227 8.911458
0.005155 -0.003042 8.911458
0.005268 -0.002881 8.911458
0.005399 -0.002735 8.911458
0.005507 -0.002570 8.911458
0.005644 -0.002430 8.911458
0.005760 -0.002271 8.911458
0.005897 -0.002130 8.911458
0.006009 -0.001969 8.911458
0.006163 -0.001847 8.911458
0.006284 -0.001692 8.911458
0.006430 -0.001561 8.911458
0.006557 -0.001411 8.911458
0.006699 -0.001274 8.911458
0.006832 -0.001130 8.911458
0.006972 -0.000992 8.911458
0.007104 -0.000846 8.911458
0.007240 -0.000705 8.911458
0.007376 -0.000563 8.911458
0.007506 -0.000416 8.911458
0.007640 -0.000272 8.911458
0.007672 -0.000078 8.911458

