0.006392 -0.000000 3.081597
0.006339 0.000153 3.081597
0.006237 0.000279 3.081597
0.006135 0.000405 3.081597
0.006036 0.000533 3.081597
0.005936 0.000660 3.081597
0.005831 0.000784 3.081597
0.005727 0.000908 3.081597
0.005629 0.001037 3.081597
0.005532 0.001167 3.081597
0.005430 0.001293 3.081597
0.005323 0.001415 3.081597
0.005218 0.001538 3.081597
0.005119 0.001666 3.081597
0.005024 0.001797 3.081597
0.004927 0.001927 3.081597
0.004826 0.002053 3.081597
0.004717 0.002173 3.081597
0.004610 0.002295 3.081597
0.004499 0.002413 3.081597
0.004396 0.002538 3.081597
0.004340 0.002690 3.081597
0.004293 0.002845 3.081597
0.004241 0.002998 3.081597
0.004191 0.003153 3.081597
0.004133 0.003304 3.081597
0.004069 0.003453 3.081597
0.004002 0.003600 3.081597
0.003941 0.003750 3.081597
0.003887 0.003903 3.081597
0.003835 0.004056 3.081597
0.003777 0.004208 3.081597
0.003713 0.004356 3.081597
0.003650 0.004506 3.081597
0.003594 0.004658 3.081597
0.003540 0.004810 3.081597
0.003480 0.004961 3.081597
0.003418 0.005111 3.081597
0.003360 0.005262 3.081597
0.003302 0.005413 3.081597
0.003196 0.005536 3.081597
0.003037 0.005566 3.081597
0.002877 0.005540 3.081597
0.002717 0.005516 3.081597
0.002556 0.005494 3.081597
0.002396 0.005471 3.081597
0.002237 0.005442 3.081597
0.002077 0.005414 3.081597
0.001916 0.005393 3.081597
0.001755 0.005375 3.081597
0.001595 0.005349 3.081597
0.001437 0.005317 3.081597
0.001277 0.005288 3.081597
0.001117 0.005266 3.081597
0.000956 0.005250 3.081597
0.000795 0.005231 3.081597
0.000635 0.005206 3.081597
0.000476 0.005172 3.081597
0.000317 0.005140 3.081597
0.000160 0.005103 3.081597
-0.000000 0.005076 3.081597
-0.000160 0.005103 3.081597
-0.000317 0.005140 3.081597
-0.000476 0.005172 3.081597
-0.000635 0.005206 3.081597
-0.000795 0.005231 3.081597
-0.000956 0.005250 3.081597
-0.001117 0.005266 3.081597
-0.001277 0.005288 3.081597
-0.001437 0.005317 3.081597
-0.001595 0.005349 3.081597
-0.001755 0.005375 3.081597
-0.001916 0.005393 3.081597
-0.002077 0.005414 3.081597
-0.002237 0.005442 3.081597
-0.002396 0.005471 3.081597
-0.002556 0.005494 3.081597
-0.002717 0.005516 3.081597
-0.002877 0.005540 3.081597
-0.003037 0.005566 3.081597
-0.003196 0.005536 3.081597
-0.003302 0.005413 3.081597
-0.003360 0.005262 3.081597
-0.003418 0.005111 3.081597
-0.003480 0.004961 3.081597
-0.003540 0.004810 3.081597
-0.003594 0.004658 3.081597
-0.003650 0.004506 3.081597
-0.003713 0.004356 3.081597
-0.003777 0.004208 3.081597
-0.003835 0.004056 3.081597
-0.003887 0.003903 3.081597
-0.003941 0.003750 3.081597
-0.004002 0.003600 3.081597
-0.004069 0.003453 3.081597
-0.004133 0.003304 3.081597
-0.004191 0.003153 3.081597
-0.004241 0.002998 3.081597
-0.004293 0.002845 3.081597
-0.004340 0.002690 3.081597
-0.004396 0.002538 3.081597
-0.004499 0.002413 3.081597
-0.004610 0.002295 3.081597
-0.004717 0.002173 3.081597
-0.004826 0.002053 3.081597
-0.004927 0.001927 3.081597
-0.005024 0.001797 3.081597
-0.005119 0.001666 3.081597
-0.005218 0.001538 3.081597
-0.005323 0.001415 3.081597
-0.005430 0.001293 3.081597
-0.005532 0.001167 3.081597
-0.005629 0.001037 3.081597
-0.005727 0.000908 3.081597
-0.005831 0.000784 3.081597
-0.005936 0.000660 3.081597
-0.006036 0.000533 3.081597
-0.006135 0.000405 3.081597
-0.006237 0.000279 3.081597
-0.006339 0.000153 3.081597
-0.006392 0.000000 3.081597
-0.006339 -0.000153 3.081597
-0.006237 -0.000279 3.081597
-0.006135 -0.000405 3.081597
-0.006036 -0.000533 3.081597
-0.005936 -0.000660 3.081597
-0.005831 -0.000784 3.081597
-0.005727 -0.000908 3.081597
-0.005629 -0.001037 3.081597
-0.005532 -0.001167 3.081597
-0.005430 -0.001293 3.081597
-0.005323 -0.001415 3.081597
-0.005218 -0.001538 3.081597
-0.005119 -0.001666 3.081597
-0.005024 -0.001797 3.081597
-0.004927 -0.001927 3.081597
-0.004826 -0.002053 3.081597
-0.004717 -0.002173 3.081597
-0.004610 -0.002295 3.081597
-0.004499 -0.002413 3.081597
-0.004396 -0.002538 3.081597
-0.004340 -0.002690 3.081597
-0.004293 -0.002845 3.081597
-0.004241 -0.002998 3.081597
-0.004191 -0.003153 3.081597
-0.004133 -0.003304 3.081597
-0.004069 -0.003453 3.081597
-0.004002 -0.003600 3.081597
-0.003941 -0.003750 3.081597
-0.003887 -0.003903 3.081597
-0.003835 -0.004056 3.081597
-0.003777 -0.004208 3.081597
-0.003713 -0.004356 3.081597
-0.003650 -0.004506 3.081597
-0.003594 -0.004658 3.081597
-0.003540 -0.004810 3.081597
-0.003480 -0.004961 3.081597
-0.003418 -0.005111 3.081597
-0.003360 -0.005262 3.081597
-0.003302 -0.005413 3.081597
-0.003196 -0.005536 3.081597
-0.003037 -0.005566 3.081597
-0.002877 -0.005540 3.081597
-0.002717 -0.005516 3.081597
-0.002556 -0.005494 3.081597
-0.002396 -0.005471 3.081597
-0.002237 -0.005442 3.081597
-0.002077 -0.005414 3.081597
-0.001916 -0.005393 3.081597
-0.001755 -0.005375 3.081597
-0.001595 -0.005349 3.081597
-0.001437 -0.005317 3.081597
-0.001277 -0.005288 3.081597
-0.001117 -0.005266 3.081597
-0.000956 -0.005250 3.081597
-0.000795 -0.005231 3.081597
-0.000635 -0.005206 3.081597
-0.000476 -0.005172 3.081597
-0.000317 -0.005140 3.081597
-0.000160 -0.005103 3.081597
0.000000 -0.005076 3.081597
0.000160 -0.005103 3.081597
0.000317 -0.005140 3.081597
0.000476 -0.005172 3.081597
0.000635 -0.005206 3.081597
0.000795 -0.005231 3.081597
0.000956 -0.005250 3.081597
0.001117 -0.005266 3.081597
0.001277 -0.005288 3.081597
0.001437 -0.005317 3.081597
0.001595 -0.005349 3.081597
0.001755 -0.005375 3.081597
0.001916 -0.005393 3.081597
0.002077 -0.005414 3.081597
0.002237 -0.005442 3.081597
0.002396 -0.005471 3.081597
0.002556 -0.005494 3.081597
0.002717 -0.005516 3.081597
0.002877 -0.005540 3.081597
0.003037 -0.005566 3.081597
0.003196 -0.005536 3.081597
0.003302 -0.005413 3.081597
0.003360 -0.005262 3.081597
0.003418 -0.005111 3.081597
0.003480 -0.004961 3.081597
0.003540 -0.004810 3.081597
0.003594 -0.004658 3.081597
0.003650 -0.004506 3.081597
0.003713 -0.004356 3.081597
0.003777 -0.004208 3.081597
0.003835 -0.004056 3.081597
0.003887 -0.003903 3.081597
0.003941 -0.003750 3.081597
0.004002 -0.003600 3.081597
0.004069 -0.003453 3.081597
0.004133 -0.003304 3.081597
0.004191 -0.003153 3.081597
0.004241 -0.002998 3.081597
0.004293 -0.002845 3.081597
0.004340 -0.002690 3.081597
0.004396 -0.002538 3.081597
0.004499 -0.002413 3.081597
0.004610 -0.002295 3.081597
0.004717 -0.002173 3.081597
0.004826 -0.002053 3.081597
0.004927 -0.001927 3.081597
0.005024 -0.001797 3.081597
0.005119 -0.001666 3.081597
0.005218 -0.001538 3.081597
0.005323 -0.001415 3.081597
0.005430 -0.001293 3.081597
0.005532 -0.001167 3.081597
0.005629 -0.001037 3.081597
0.005727 -0.000908 3.081597
0.005831 -0.000784 3.081597
0.005936 -0.000660 3.081597
0.006036 -0.000533 3.081597
0.006135 -0.000405 3.081597
0.006237 -0.000279 3.081597
0.006339 -0.000153 3.081597
0.006392 -0.000000 3.081597

