0.007035 -0.000038 6.392361
0.006930 0.000106 6.392361
0.006836 0.000257 6.392361
0.006745 0.000410 6.392361
0.006645 0.000557 6.392361
0.006546 0.000705 6.392361
0.006442 0.000850 6.392361
0.006338 0.000994 6.392361
0.006230 0.001135 6.392361
0.006116 0.001273 6.392361
0.006010 0.001415 6.392361
0.005902 0.001557 6.392361
0.005790 0.001695 6.392361
0.005678 0.001833 6.392361
0.005564 0.001970 6.392361
0.005457 0.002112 6.392361
0.005350 0.002254 6.392361
0.005235 0.002390 6.392361
0.005119 0.002525 6.392361
0.005012 0.002667 6.392361
0.004900 0.002805 6.392361
0.004829 0.002969 6.392361
0.004762 0.003133 6.392361
0.004700 0.003300 6.392361
0.004642 0.003469 6.392361
0.004573 0.003633 6.392361
0.004503 0.003796 6.392361
0.004440 0.003963 6.392361
0.004377 0.004129 6.392361
0.004314 0.004296 6.392361
0.004247 0.004460 6.392361
0.004176 0.004624 6.392361
0.004114 0.004791 6.392361
0.004049 0.004956 6.392361
0.003979 0.005120 6.392361
0.003910 0.005284 6.392361
0.003838 0.005447 6.392361
0.003771 0.005611 6.392361
0.003698 0.005774 6.392361
0.003627 0.005937 6.392361
0.003516 0.006076 6.392361
0.003338 0.006087 6.392361
0.003160 0.006076 6.392361
0.002983 0.006063 6.392361
0.002806 0.006043 6.392361
0.002629 0.006026 6.392361
0.002452 0.006005 6.392361
0.002275 0.005985 6.392361
0.002099 0.005959 6.392361
0.001924 0.005929 6.392361
0.001747 0.005909 6.392361
0.001571 0.005885 6.392361
0.001395 0.005857 6.392361
0.001219 0.005828 6.392361
0.001044 0.005799 6.392361
0.000867 0.005777 6.392361
0.000690 0.005756 6.392361
0.000516 0.005722 6.392361
0.000340 0.005691 6.392361
0.000164 0.005668 6.392361
-0.000013 0.005646 6.392361
-0.000189 0.005672 6.392361
-0.000365 0.005695 6.392361
-0.000540 0.005727 6.392361
-0.000715 0.005760 6.392361
-0.000892 0.005780 6.392361
-0.001069 0.005802 6.392361
-0.001244 0.005832 6.392361
-0.001420 0.005861 6.392361
-0.001595 0.005889 6.392361
-0.001772 0.005911 6.392361
-0.001949 0.005932 6.392361
-0.002124 0.005962 6.392361
-0.002301 0.005985 6.392361
-0.002478 0.006003 6.392361
-0.002655 0.006020 6.392361
-0.002832 0.006032 6.392361
-0.003010 0.006045 6.392361
-0.003188 0.006049 6.392361
-0.003365 0.006060 6.392361
-0.003541 0.006087 6.392361
-0.003672 0.005967 6.392361
-0.003726 0.005797 6.392361
-0.003786 0.005630 6.392361
-0.003845 0.005462 6.392361
-0.003912 0.005297 6.392361
-0.003978 0.005132 6.392361
-0.004047 0.004968 6.392361
-0.004112 0.004802 6.392361
-0.004173 0.004635 6.392361
-0.004243 0.004471 6.392361
-0.004310 0.004306 6.392361
-0.004374 0.004140 6.392361
-0.004437 0.003974 6.392361
-0.004499 0.003807 6.392361
-0.004569 0.003643 6.392361
-0.004638 0.003479 6.392361
-0.004696 0.003311 6.392361
-0.004758 0.003144 6.392361
-0.004825 0.002979 6.392361
-0.004894 0.002815 6.392361
-0.005005 0.002676 6.392361
-0.005112 0.002534 6.392361
-0.005227 0.002398 6.392361
-0.005343 0.002263 6.392361
-0.005450 0.002121 6.392361
-0.005557 0.001979 6.392361
-0.005671 0.001842 6.392361
-0.005783 0.001704 6.392361
-0.005895 0.001566 6.392361
-0.006004 0.001425 6.392361
-0.006111 0.001282 6.392361
-0.006224 0.001145 6.392361
-0.006335 0.001006 6.392361
-0.006441 0.000863 6.392361
-0.006549 0.000721 6.392361
-0.006655 0.000578 6.392361
-0.006765 0.000439 6.392361
-0.006872 0.000296 6.392361
-0.006984 0.000158 6.392361
-0.007023 -0.000015 6.392361
-0.006921 -0.000161 6.392361
-0.006827 -0.000312 6.392361
-0.006730 -0.000461 6.392361
-0.006625 -0.000605 6.392361
-0.006522 -0.000750 6.392361
-0.006415 -0.000893 6.392361
-0.006310 -0.001036 6.392361
-0.006199 -0.001175 6.392361
-0.006086 -0.001313 6.392361
-0.005980 -0.001456 6.392361
-0.005871 -0.001596 6.392361
-0.005758 -0.001734 6.392361
-0.005646 -0.001872 6.392361
-0.005533 -0.002010 6.392361
-0.005426 -0.002152 6.392361
-0.005319 -0.002294 6.392361
-0.005202 -0.002428 6.392361
-0.005089 -0.002565 6.392361
-0.004978 -0.002705 6.392361
-0.004875 -0.002850 6.392361
-0.004813 -0.003017 6.392361
-0.004742 -0.003180 6.392361
-0.004684 -0.003348 6.392361
-0.004624 -0.003516 6.392361
-0.004553 -0.003679 6.392361
-0.004485 -0.003843 6.392361
-0.004423 -0.004010 6.392361
-0.004360 -0.004177 6.392361
-0.004296 -0.004343 6.392361
-0.004228 -0.004507 6.392361
-0.004159 -0.004671 6.392361
-0.004099 -0.004839 6.392361
-0.004034 -0.005004 6.392361
-0.003966 -0.005169 6.392361
-0.003901 -0.005335 6.392361
-0.003837 -0.005501 6.392361
-0.003780 -0.005669 6.392361
-0.003721 -0.005837 6.392361
-0.003665 -0.006006 6.392361
-0.003526 -0.006117 6.392361
-0.003354 -0.006071 6.392361
-0.003178 -0.006047 6.392361
-0.003000 -0.006039 6.392361
-0.002822 -0.006026 6.392361
-0.002645 -0.006016 6.392361
-0.002467 -0.006000 6.392361
-0.002290 -0.005983 6.392361
-0.002114 -0.005959 6.392361
-0.001938 -0.005930 6.392361
-0.001761 -0.005910 6.392361
-0.001585 -0.005887 6.392361
-0.001409 -0.005859 6.392361
-0.001234 -0.005831 6.392361
-0.001058 -0.005801 6.392361
-0.000881 -0.005779 6.392361
-0.000705 -0.005758 6.392361
-0.000530 -0.005725 6.392361
-0.000355 -0.005694 6.392361
-0.000178 -0.005671 6.392361
-0.000002 -0.005646 6.392361
0.000174 -0.005670 6.392361
0.000351 -0.005693 6.392361
0.000526 -0.005724 6.392361
0.000701 -0.005758 6.392361
0.000878 -0.005779 6.392361
0.001054 -0.005801 6.392361
0.001230 -0.005830 6.392361
0.001405 -0.005859 6.392361
0.001581 -0.005888 6.392361
0.001757 -0.005911 6.392361
0.001934 -0.005933 6.392361
0.002109 -0.005964 6.392361
0.002285 -0.005991 6.392361
0.002462 -0.006015 6.392361
0.002637 -0.006042 6.392361
0.002813 -0.006070 6.392361
0.002988 -0.006106 6.392361
0.003162 -0.006141 6.392361
0.003335 -0.006182 6.392361
0.003505 -0.006128 6.392361
0.003562 -0.005959 6.392361
0.003633 -0.005796 6.392361
0.003716 -0.005639 6.392361
0.003795 -0.005479 6.392361
0.003876 -0.005321 6.392361
0.003951 -0.005159 6.392361
0.004025 -0.004998 6.392361
0.004095 -0.004834 6.392361
0.004157 -0.004667 6.392361
0.004227 -0.004504 6.392361
0.004296 -0.004340 6.392361
0.004360 -0.004174 6.392361
0.004424 -0.004007 6.392361
0.004485 -0.003840 6.392361
0.004554 -0.003676 6.392361
0.004625 -0.003513 6.392361
0.004685 -0.003345 6.392361
0.004743 -0.003177 6.392361
0.004814 -0.003014 6.392361
0.004876 -0.002847 6.392361
0.004981 -0.002703 6.392361
0.005090 -0.002563 6.392361
0.005204 -0.002426 6.392361
0.005321 -0.002292 6.392361
0.005428 -0.002150 6.392361
0.005535 -0.002007 6.392361
0.005648 -0.001870 6.392361
0.005760 -0.001732 6.392361
0.005873 -0.001594 6.392361
0.005982 -0.001454 6.392361
0.006089 -0.001311 6.392361
0.006203 -0.001174 6.392361
0.006314 -0.001036 6.392361
0.006422 -0.000894 6.392361
0.006532 -0.000754 6.392361
0.006641 -0.000613 6.392361
0.006756 -0.000477 6.392361
0.006871 -0.000342 6.392361
0.006991 -0.000210 6.392361
0.007035 -0.000038 6.392361

