0.007264 -0.000077 7.307292
0.007143 0.000061 7.307292
0.007024 0.000203 7.307292
0.006903 0.000343 7.307292
0.006785 0.000485 7.307292
0.006667 0.000627 7.307292
0.006561 0.000778 7.307292
0.006461 0.000934 7.307292
0.006357 0.001087 7.307292
0.006258 0.001242 7.307292
0.006158 0.001398 7.307292
0.006054 0.001550 7.307292
0.005946 0.001700 7.307292
0.005833 0.001846 7.307292
0.005719 0.001992 7.307292
0.005616 0.002145 7.307292
0.005494 0.002284 7.307292
0.005382 0.002431 7.307292
0.005260 0.002569 7.307292
0.005158 0.002724 7.307292
0.005033 0.002859 7.307292
0.004955 0.003027 7.307292
0.004898 0.003203 7.307292
0.004814 0.003367 7.307292
0.004761 0.003544 7.307292
0.004691 0.003715 7.307292
0.004621 0.003886 7.307292
0.004546 0.004055 7.307292
0.004481 0.004228 7.307292
0.004410 0.004399 7.307292
0.004338 0.004569 7.307292
0.004262 0.004737 7.307292
0.004187 0.004906 7.307292
0.004119 0.005078 7.307292
0.004048 0.005248 7.307292
0.003978 0.005419 7.307292
0.003918 0.005594 7.307292
0.003860 0.005770 7.307292
0.003810 0.005947 7.307292
0.003761 0.006125 7.307292
0.003616 0.006240 7.307292
0.003435 0.006200 7.307292
0.003255 0.006160 7.307292
0.003073 0.006129 7.307292
0.002889 0.006113 7.307292
0.002704 0.006100 7.307292
0.002520 0.006094 7.307292
0.002335 0.006083 7.307292
0.002151 0.006065 7.307292
0.001967 0.006051 7.307292
0.001783 0.006036 7.307292
0.001599 0.006015 7.307292
0.001416 0.005992 7.307292
0.001234 0.005963 7.307292
0.001050 0.005943 7.307292
0.000867 0.005920 7.307292
0.000684 0.005894 7.307292
0.000504 0.005852 7.307292
0.000319 0.005843 7.307292
0.000139 0.005802 7.307292
-0.000045 0.005788 7.307292
-0.000225 0.005831 7.307292
-0.000410 0.005840 7.307292
-0.000590 0.005877 7.307292
-0.000774 0.005902 7.307292
-0.000955 0.005936 7.307292
-0.001139 0.005950 7.307292
-0.001322 0.005975 7.307292
-0.001506 0.006000 7.307292
-0.001689 0.006018 7.307292
-0.001874 0.006032 7.307292
-0.002058 0.006041 7.307292
-0.002243 0.006051 7.307292
-0.002427 0.006067 7.307292
-0.002611 0.006082 7.307292
-0.002794 0.006105 7.307292
-0.002975 0.006140 7.307292
-0.003158 0.006171 7.307292
-0.003340 0.006198 7.307292
-0.003524 0.006222 7.307292
-0.003706 0.006254 7.307292
-0.003850 0.006140 7.307292
-0.003898 0.005961 7.307292
-0.003948 0.005783 7.307292
-0.004000 0.005606 7.307292
-0.004050 0.005428 7.307292
-0.004108 0.005252 7.307292
-0.004165 0.005077 7.307292
-0.004221 0.004901 7.307292
-0.004288 0.004729 7.307292
-0.004357 0.004557 7.307292
-0.004425 0.004385 7.307292
-0.004492 0.004214 7.307292
-0.004557 0.004040 7.307292
-0.004630 0.003871 7.307292
-0.004701 0.003700 7.307292
-0.004768 0.003528 7.307292
-0.004823 0.003352 7.307292
-0.004906 0.003187 7.307292
-0.004960 0.003010 7.307292
-0.005043 0.002845 7.307292
-0.005171 0.002712 7.307292
-0.005271 0.002556 7.307292
-0.005394 0.002419 7.307292
-0.005508 0.002273 7.307292
-0.005628 0.002132 7.307292
-0.005733 0.001980 7.307292
-0.005848 0.001836 7.307292
-0.005963 0.001692 7.307292
-0.006075 0.001545 7.307292
-0.006186 0.001397 7.307292
-0.006296 0.001248 7.307292
-0.006409 0.001103 7.307292
-0.006529 0.000962 7.307292
-0.006645 0.000818 7.307292
-0.006765 0.000677 7.307292
-0.006890 0.000542 7.307292
-0.007015 0.000405 7.307292
-0.007142 0.000272 7.307292
-0.007270 0.000138 7.307292
-0.007299 -0.000044 7.307292
-0.007175 -0.000181 7.307292
-0.007042 -0.000309 7.307292
-0.006907 -0.000435 7.307292
-0.006778 -0.000568 7.307292
-0.006655 -0.000706 7.307292
-0.006546 -0.000855 7.307292
-0.006442 -0.001007 7.307292
-0.006334 -0.001157 7.307292
-0.006230 -0.001311 7.307292
-0.006126 -0.001463 7.307292
-0.006017 -0.001612 7.307292
-0.005907 -0.001761 7.307292
-0.005790 -0.001904 7.307292
-0.005682 -0.002054 7.307292
-0.005568 -0.002199 7.307292
-0.005458 -0.002347 7.307292
-0.005329 -0.002480 7.307292
-0.005228 -0.002635 7.307292
-0.005106 -0.002773 7.307292
-0.004999 -0.002923 7.307292
-0.004942 -0.003099 7.307292
-0.004860 -0.003265 7.307292
-0.004802 -0.003440 7.307292
-0.004730 -0.003610 7.307292
-0.004674 -0.003786 7.307292
-0.004593 -0.003953 7.307292
-0.004529 -0.004126 7.307292
-0.004463 -0.004298 7.307292
-0.004397 -0.004471 7.307292
-0.004330 -0.004643 7.307292
-0.004263 -0.004815 7.307292
-0.004200 -0.004989 7.307292
-0.004146 -0.005166 7.307292
-0.004088 -0.005341 7.307292
-0.004029 -0.005516 7.307292
-0.003976 -0.005693 7.307292
-0.003921 -0.005869 7.307292
-0.003871 -0.006047 7.307292
-0.003822 -0.006225 7.307292
-0.003678 -0.006342 7.307292
-0.003496 -0.006312 7.307292
-0.003313 -0.006282 7.307292
-0.003134 -0.006241 7.307292
-0.002955 -0.006194 7.307292
-0.002777 -0.006144 7.307292
-0.002596 -0.006105 7.307292
-0.002414 -0.006078 7.307292
-0.002231 -0.006053 7.307292
-0.002046 -0.006039 7.307292
-0.001862 -0.006029 7.307292
-0.001678 -0.006015 7.307292
-0.001494 -0.005998 7.307292
-0.001311 -0.005973 7.307292
-0.001127 -0.005950 7.307292
-0.000943 -0.005934 7.307292
-0.000761 -0.005904 7.307292
-0.000578 -0.005875 7.307292
-0.000396 -0.005843 7.307292
-0.000212 -0.005829 7.307292
-0.000031 -0.005792 7.307292
0.000153 -0.005810 7.307292
0.000334 -0.005844 7.307292
0.000518 -0.005860 7.307292
0.000699 -0.005899 7.307292
0.000881 -0.005928 7.307292
0.001065 -0.005949 7.307292
0.001248 -0.005974 7.307292
0.001430 -0.006005 7.307292
0.001613 -0.006034 7.307292
0.001795 -0.006063 7.307292
0.001978 -0.006091 7.307292
0.002160 -0.006123 7.307292
0.002339 -0.006166 7.307292
0.002520 -0.006207 7.307292
0.002700 -0.006246 7.307292
0.002879 -0.006292 7.307292
0.003059 -0.006334 7.307292
0.003238 -0.006379 7.307292
0.003417 -0.006425 7.307292
0.003588 -0.006355 7.307292
0.003647 -0.006180 7.307292
0.003715 -0.006008 7.307292
0.003781 -0.005836 7.307292
0.003845 -0.005662 7.307292
0.003901 -0.005486 7.307292
0.003965 -0.005313 7.307292
0.004038 -0.005143 7.307292
0.004111 -0.004974 7.307292
0.004194 -0.004808 7.307292
0.004279 -0.004644 7.307292
0.004360 -0.004479 7.307292
0.004437 -0.004311 7.307292
0.004510 -0.004141 7.307292
0.004578 -0.003969 7.307292
0.004661 -0.003804 7.307292
0.004720 -0.003629 7.307292
0.004794 -0.003459 7.307292
0.004849 -0.003283 7.307292
0.004935 -0.003120 7.307292
0.004985 -0.002942 7.307292
0.005087 -0.002788 7.307292
0.005215 -0.002655 7.307292
0.005313 -0.002498 7.307292
0.005442 -0.002366 7.307292
0.005554 -0.002219 7.307292
0.005668 -0.002074 7.307292
0.005777 -0.001925 7.307292
0.005896 -0.001783 7.307292
0.006010 -0.001638 7.307292
0.006125 -0.001493 7.307292
0.006239 -0.001348 7.307292
0.006354 -0.001203 7.307292
0.006478 -0.001067 7.307292
0.006602 -0.000930 7.307292
0.006726 -0.000792 7.307292
0.006855 -0.000660 7.307292
0.006982 -0.000526 7.307292
0.007110 -0.000393 7.307292
0.007239 -0.000260 7.307292
0.007264 -0.000077 7.307292

