0.005412 -0.000000 0.960069
0.005409 0.000138 0.960069
0.005398 0.000276 0.960069
0.005379 0.000412 0.960069
0.005351 0.000547 0.960069
0.005310 0.000679 0.960069
0.005258 0.000807 0.960069
0.005202 0.000933 0.960069
0.005143 0.001058 0.960069
0.005082 0.001181 0.960069
0.005018 0.001304 0.960069
0.004952 0.001425 0.960069
0.004885 0.001545 0.960069
0.004816 0.001665 0.960069
0.004747 0.001784 0.960069
0.004678 0.001904 0.960069
0.004608 0.002023 0.960069
0.004539 0.002143 0.960069
0.004470 0.002262 0.960069
0.004401 0.002382 0.960069
0.004332 0.002501 0.960069
0.004263 0.002621 0.960069
0.004194 0.002740 0.960069
0.004125 0.002860 0.960069
0.004057 0.002979 0.960069
0.003988 0.003099 0.960069
0.003919 0.003219 0.960069
0.003850 0.003338 0.960069
0.003781 0.003457 0.960069
0.003710 0.003576 0.960069
0.003638 0.003694 0.960069
0.003564 0.003810 0.960069
0.003487 0.003925 0.960069
0.003409 0.004038 0.960069
0.003328 0.004150 0.960069
0.003243 0.004259 0.960069
0.003149 0.004360 0.960069
0.003047 0.004453 0.960069
0.002938 0.004537 0.960069
0.002824 0.004615 0.960069
0.002706 0.004687 0.960069
0.002585 0.004753 0.960069
0.002460 0.004813 0.960069
0.002333 0.004865 0.960069
0.002201 0.004907 0.960069
0.002067 0.004938 0.960069
0.001930 0.004957 0.960069
0.001793 0.004971 0.960069
0.001655 0.004983 0.960069
0.001518 0.004991 0.960069
0.001380 0.004998 0.960069
0.001242 0.005001 0.960069
0.001104 0.005003 0.960069
0.000966 0.005003 0.960069
0.000828 0.005003 0.960069
0.000690 0.005003 0.960069
0.000552 0.005003 0.960069
0.000414 0.005003 0.960069
0.000276 0.005002 0.960069
0.000138 0.005002 0.960069
0.000000 0.005002 0.960069
-0.000138 0.005002 0.960069
-0.000276 0.005002 0.960069
-0.000414 0.005003 0.960069
-0.000552 0.005003 0.960069
-0.000690 0.005003 0.960069
-0.000828 0.005003 0.960069
-0.000966 0.005003 0.960069
-0.001104 0.005003 0.960069
-0.001242 0.005001 0.960069
-0.001380 0.004998 0.960069
-0.001518 0.004991 0.960069
-0.001655 0.004983 0.960069
-0.001793 0.004971 0.960069
-0.001930 0.004957 0.960069
-0.002067 0.004938 0.960069
-0.002201 0.004907 0.960069
-0.002333 0.004865 0.960069
-0.002460 0.004813 0.960069
-0.002585 0.004753 0.960069
-0.002706 0.004687 0.960069
-0.002824 0.004615 0.960069
-0.002938 0.004537 0.960069
-0.003047 0.004453 0.960069
-0.003149 0.004360 0.960069
-0.003243 0.004259 0.960069
-0.003328 0.004150 0.960069
-0.003409 0.004038 0.960069
-0.003487 0.003925 0.960069
-0.003564 0.003810 0.960069
-0.003638 0.003694 0.960069
-0.003710 0.003576 0.960069
-0.003781 0.003457 0.960069
-0.003850 0.003338 0.960069
-0.003919 0.003219 0.960069
-0.003988 0.003099 0.960069
-0.004057 0.002979 0.960069
-0.004125 0.002860 0.960069
-0.004194 0.002740 0.960069
-0.004263 0.002621 0.960069
-0.004332 0.002501 0.960069
-0.004401 0.002382 0.960069
-0.004470 0.002262 0.960069
-0.004539 0.002143 0.960069
-0.004608 0.002023 0.960069
-0.004678 0.001904 0.960069
-0.004747 0.001784 0.960069
-0.004816 0.001665 0.960069
-0.004885 0.001545 0.960069
-0.004952 0.001425 0.960069
-0.005018 0.001304 0.960069
-0.005082 0.001181 0.960069
-0.005143 0.001058 0.960069
-0.005202 0.000933 0.960069
-0.005258 0.000807 0.960069
-0.005310 0.000679 0.960069
-0.005351 0.000547 0.960069
-0.005379 0.000412 0.960069
-0.005398 0.000276 0.960069
-0.005409 0.000138 0.960069
-0.005412 -0.000000 0.960069
-0.005409 -0.000138 0.960069
-0.005398 -0.000276 0.960069
-0.005379 -0.000412 0.960069
-0.005351 -0.000547 0.960069
-0.005310 -0.000679 0.960069
-0.005258 -0.000807 0.960069
-0.005202 -0.000933 0.960069
-0.005143 -0.001058 0.960069
-0.005082 -0.001181 0.960069
-0.005018 -0.001304 0.960069
-0.004952 -0.001425 0.960069
-0.004885 -0.001545 0.960069
-0.004816 -0.001665 0.960069
-0.004747 -0.001784 0.960069
-0.004678 -0.001904 0.960069
-0.004608 -0.002023 0.960069
-0.004539 -0.002143 0.960069
-0.004470 -0.002262 0.960069
-0.004401 -0.002382 0.960069
-0.004332 -0.002501 0.960069
-0.004263 -0.002621 0.960069
-0.004194 -0.002740 0.960069
-0.004125 -0.002860 0.960069
-0.004057 -0.002979 0.960069
-0.003988 -0.003099 0.960069
-0.003919 -0.003219 0.960069
-0.003850 -0.003338 0.960069
-0.003781 -0.003457 0.960069
-0.003710 -0.003576 0.960069
-0.003638 -0.003694 0.960069
-0.003564 -0.003810 0.960069
-0.003487 -0.003925 0.960069
-0.003409 -0.004038 0.960069
-0.003328 -0.004150 0.960069
-0.003243 -0.004259 0.960069
-0.003149 -0.004360 0.960069
-0.003047 -0.004453 0.960069
-0.002938 -0.004537 0.960069
-0.002824 -0.004615 0.960069
-0.002706 -0.004687 0.960069
-0.002585 -0.004753 0.960069
-0.002460 -0.004813 0.960069
-0.002333 -0.004865 0.960069
-0.002201 -0.004907 0.960069
-0.002067 -0.004938 0.960069
-0.001930 -0.004957 0.960069
-0.001793 -0.004971 0.960069
-0.001655 -0.004983 0.960069
-0.001518 -0.004991 0.960069
-0.001380 -0.004998 0.960069
-0.001242 -0.005001 0.960069
-0.001104 -0.005003 0.960069
-0.000966 -0.005003 0.960069
-0.000828 -0.005003 0.960069
-0.000690 -0.005003 0.960069
-0.000552 -0.005003 0.960069
-0.000414 -0.005003 0.960069
-0.000276 -0.005002 0.960069
-0.000138 -0.005002 0.960069
-0.000000 -0.005002 0.960069
0.000138 -0.005002 0.960069
0.000276 -0.005002 0.960069
0.000414 -0.005003 0.960069
0.000552 -0.005003 0.960069
0.000690 -0.005003 0.960069
0.000828 -0.005003 0.960069
0.000966 -0.005003 0.960069
0.001104 -0.005003 0.960069
0.001242 -0.005001 0.960069
0.001380 -0.004998 0.960069
0.001518 -0.004991 0.960069
0.001655 -0.004983 0.960069
0.001793 -0.004971 0.960069
0.001930 -0.004957 0.960069
0.002067 -0.004938 0.960069
0.002201 -0.004907 0.960069
0.002333 -0.004865 0.960069
0.002460 -0.004813 0.960069
0.002585 -0.004753 0.960069
0.002706 -0.004687 0.960069
0.002824 -0.004615 0.960069
0.002938 -0.004537 0.960069
0.003047 -0.004453 0.960069
0.003149 -0.004360 0.960069
0.003243 -0.004259 0.960069
0.003328 -0.004150 0.960069
0.003409 -0.004038 0.960069
0.003487 -0.003925 0.960069
0.003564 -0.003810 0.960069
0.003638 -0.003694 0.960069
0.003710 -0.003576 0.960069
0.003781 -0.003457 0.960069
0.003850 -0.003338 0.960069
0.003919 -0.003219 0.960069
0.003988 -0.003099 0.960069
0.004057 -0.002979 0.960069
0.004125 -0.002860 0.960069
0.004194 -0.002740 0.960069
0.004263 -0.002621 0.960069
0.004332 -0.002501 0.960069
0.004401 -0.002382 0.960069
0.004470 -0.002262 0.960069
0.004539 -0.002143 0.960069
0.004608 -0.002023 0.960069
0.004678 -0.001904 0.960069
0.004747 -0.001784 0.960069
0.004816 -0.001665 0.960069
0.004885 -0.001545 0.960069
0.004952 -0.001425 0.960069
0.005018 -0.001304 0.960069
0.005082 -0.001181 0.960069
0.005143 -0.001058 0.960069
0.005202 -0.000933 0.960069
0.005258 -0.000807 0.960069
0.005310 -0.000679 0.960069
0.005351 -0.000547 0.960069
0.005379 -0.000412 0.960069
0.005398 -0.000276 0.960069
0.005409 -0.000138 0.960069
0.005412 -0.000000 0.960069

