0.007930 -0.000028 10.201389
0.007780 0.000111 10.201389
0.007635 0.000256 10.201389
0.007493 0.000403 10.201389
0.007347 0.000547 10.201389
0.007214 0.000703 10.201389
0.007069 0.000847 10.201389
0.006930 0.000999 10.201389
0.006782 0.001140 10.201389
0.006653 0.001299 10.201389
0.006502 0.001438 10.201389
0.006386 0.001606 10.201389
0.006228 0.001737 10.201389
0.006098 0.001895 10.201389
0.005960 0.002047 10.201389
0.005841 0.002213 10.201389
0.005712 0.002373 10.201389
0.005599 0.002543 10.201389
0.005487 0.002715 10.201389
0.005358 0.002874 10.201389
0.005261 0.003055 10.201389
0.005202 0.003251 10.201389
0.005112 0.003435 10.201389
0.005043 0.003628 10.201389
0.004969 0.003819 10.201389
0.004903 0.004013 10.201389
0.004852 0.004212 10.201389
0.004776 0.004402 10.201389
0.004727 0.004601 10.201389
0.004665 0.004796 10.201389
0.004626 0.004997 10.201389
0.004553 0.005189 10.201389
0.004511 0.005389 10.201389
0.004433 0.005579 10.201389
0.004384 0.005778 10.201389
0.004312 0.005970 10.201389
0.004255 0.006166 10.201389
0.004186 0.006359 10.201389
0.004126 0.006555 10.201389
0.004050 0.006745 10.201389
0.003877 0.006856 10.201389
0.003684 0.006787 10.201389
0.003486 0.006733 10.201389
0.003290 0.006674 10.201389
0.003091 0.006626 10.201389
0.002893 0.006572 10.201389
0.002693 0.006530 10.201389
0.002495 0.006477 10.201389
0.002294 0.006438 10.201389
0.002094 0.006394 10.201389
0.001897 0.006337 10.201389
0.001695 0.006299 10.201389
0.001498 0.006244 10.201389
0.001298 0.006289 10.201389
0.001142 0.006422 10.201389
0.000970 0.006310 10.201389
0.000772 0.006259 10.201389
0.000575 0.006202 10.201389
0.000375 0.006159 10.201389
0.000173 0.006122 10.201389
-0.000029 0.006086 10.201389
-0.000232 0.006111 10.201389
-0.000432 0.006157 10.201389
-0.000630 0.006208 10.201389
-0.000830 0.006255 10.201389
-0.001007 0.006358 10.201389
-0.001174 0.006240 10.201389
-0.001379 0.006229 10.201389
-0.001574 0.006291 10.201389
-0.001778 0.006309 10.201389
-0.001978 0.006356 10.201389
-0.002179 0.006395 10.201389
-0.002379 0.006436 10.201389
-0.002574 0.006500 10.201389
-0.002775 0.006541 10.201389
-0.002972 0.006596 10.201389
-0.003174 0.006631 10.201389
-0.003372 0.006685 10.201389
-0.003570 0.006737 10.201389
-0.003766 0.006794 10.201389
-0.003957 0.006869 10.201389
-0.004137 0.006770 10.201389
-0.004215 0.006581 10.201389
-0.004279 0.006386 10.201389
-0.004348 0.006194 10.201389
-0.004409 0.005998 10.201389
-0.004477 0.005805 10.201389
-0.004528 0.005606 10.201389
-0.004604 0.005416 10.201389
-0.004643 0.005215 10.201389
-0.004720 0.005025 10.201389
-0.004750 0.004822 10.201389
-0.004822 0.004631 10.201389
-0.004866 0.004431 10.201389
-0.004939 0.004239 10.201389
-0.004970 0.004037 10.201389
-0.005042 0.003845 10.201389
-0.005098 0.003648 10.201389
-0.005168 0.003455 10.201389
-0.005238 0.003263 10.201389
-0.005294 0.003066 10.201389
-0.005408 0.002895 10.201389
-0.005539 0.002738 10.201389
-0.005674 0.002584 10.201389
-0.005794 0.002418 10.201389
-0.005946 0.002280 10.201389
-0.006075 0.002121 10.201389
-0.006224 0.001981 10.201389
-0.006347 0.001817 10.201389
-0.006508 0.001690 10.201389
-0.006637 0.001531 10.201389
-0.006790 0.001394 10.201389
-0.006919 0.001235 10.201389
-0.007067 0.001094 10.201389
-0.007198 0.000936 10.201389
-0.007344 0.000793 10.201389
-0.007477 0.000637 10.201389
-0.007624 0.000494 10.201389
-0.007770 0.000350 10.201389
-0.007916 0.000207 10.201389
-0.007959 0.000006 10.201389
-0.007828 -0.000152 10.201389
-0.007704 -0.000315 10.201389
-0.007568 -0.000468 10.201389
-0.007438 -0.000627 10.201389
-0.007291 -0.000769 10.201389
-0.007153 -0.000920 10.201389
-0.007004 -0.001061 10.201389
-0.006879 -0.001223 10.201389
-0.006735 -0.001369 10.201389
-0.006605 -0.001528 10.201389
-0.006444 -0.001655 10.201389
-0.006310 -0.001809 10.201389
-0.006158 -0.001947 10.201389
-0.006025 -0.002102 10.201389
-0.005867 -0.002233 10.201389
-0.005749 -0.002400 10.201389
-0.005615 -0.002556 10.201389
-0.005510 -0.002732 10.201389
-0.005380 -0.002890 10.201389
-0.005295 -0.003077 10.201389
-0.005252 -0.003277 10.201389
-0.005164 -0.003462 10.201389
-0.005123 -0.003662 10.201389
-0.005037 -0.003849 10.201389
-0.005002 -0.004051 10.201389
-0.004932 -0.004243 10.201389
-0.004883 -0.004442 10.201389
-0.004808 -0.004633 10.201389
-0.004768 -0.004834 10.201389
-0.004701 -0.005027 10.201389
-0.004657 -0.005228 10.201389
-0.004586 -0.005419 10.201389
-0.004536 -0.005618 10.201389
-0.004462 -0.005809 10.201389
-0.004415 -0.006009 10.201389
-0.004345 -0.006201 10.201389
-0.004295 -0.006400 10.201389
-0.004238 -0.006597 10.201389
-0.004183 -0.006794 10.201389
-0.004020 -0.006917 10.201389
-0.003820 -0.006872 10.201389
-0.003619 -0.006831 10.201389
-0.003419 -0.006787 10.201389
-0.003219 -0.006743 10.201389
-0.003017 -0.006709 10.201389
-0.002819 -0.006654 10.201389
-0.002620 -0.006606 10.201389
-0.002425 -0.006543 10.201389
-0.002224 -0.006507 10.201389
-0.002024 -0.006462 10.201389
-0.001820 -0.006438 10.201389
-0.001622 -0.006386 10.201389
-0.001421 -0.006346 10.201389
-0.001221 -0.006301 10.201389
-0.001023 -0.006251 10.201389
-0.000824 -0.006201 10.201389
-0.000626 -0.006148 10.201389
-0.000423 -0.006121 10.201389
-0.000219 -0.006097 10.201389
-0.000018 -0.006136 10.201389
0.000180 -0.006190 10.201389
0.000383 -0.006211 10.201389
0.000579 -0.006272 10.201389
0.000782 -0.006301 10.201389
0.000978 -0.006361 10.201389
0.001175 -0.006415 10.201389
0.001376 -0.006457 10.201389
0.001575 -0.006506 10.201389
0.001775 -0.006549 10.201389
0.001971 -0.006609 10.201389
0.002173 -0.006645 10.201389
0.002369 -0.006704 10.201389
0.002571 -0.006738 10.201389
0.002770 -0.006788 10.201389
0.002970 -0.006830 10.201389
0.003170 -0.006875 10.201389
0.003370 -0.006919 10.201389
0.003569 -0.006969 10.201389
0.003770 -0.007010 10.201389
0.003954 -0.006920 10.201389
0.004005 -0.006721 10.201389
0.004062 -0.006524 10.201389
0.004123 -0.006329 10.201389
0.004174 -0.006131 10.201389
0.004246 -0.005939 10.201389
0.004295 -0.005740 10.201389
0.004364 -0.005547 10.201389
0.004395 -0.005344 10.201389
0.004471 -0.005154 10.201389
0.004511 -0.004953 10.201389
0.004591 -0.004764 10.201389
0.004653 -0.004569 10.201389
0.004731 -0.004380 10.201389
0.004794 -0.004185 10.201389
0.004845 -0.003986 10.201389
0.004932 -0.003801 10.201389
0.005079 -0.003659 10.201389
0.005130 -0.003460 10.201389
0.005186 -0.003263 10.201389
0.005276 -0.003079 10.201389
0.005419 -0.002932 10.201389
0.005548 -0.002773 10.201389
0.005683 -0.002619 10.201389
0.005821 -0.002467 10.201389
0.005952 -0.002310 10.201389
0.006110 -0.002179 10.201389
0.006242 -0.002022 10.201389
0.006391 -0.001882 10.201389
0.006520 -0.001722 10.201389
0.006680 -0.001595 10.201389
0.006805 -0.001433 10.201389
0.006962 -0.001300 10.201389
0.007087 -0.001139 10.201389
0.007236 -0.000998 10.201389
0.007367 -0.000840 10.201389
0.007509 -0.000693 10.201389
0.007641 -0.000536 10.201389
0.007785 -0.000390 10.201389
0.007916 -0.000233 10.201389
0.007930 -0.000028 10.201389

