0.008002 -0.000011 10.565972
0.007848 0.000128 10.565972
0.007698 0.000271 10.565972
0.007554 0.000420 10.565972
0.007403 0.000562 10.565972
0.007267 0.000718 10.565972
0.007122 0.000866 10.565972
0.006985 0.001021 10.565972
0.006830 0.001159 10.565972
0.006701 0.001321 10.565972
0.006543 0.001455 10.565972
0.006425 0.001625 10.565972
0.006274 0.001767 10.565972
0.006137 0.001922 10.565972
0.005992 0.002070 10.565972
0.005865 0.002234 10.565972
0.005733 0.002394 10.565972
0.005606 0.002558 10.565972
0.005499 0.002735 10.565972
0.005372 0.002899 10.565972
0.005285 0.003087 10.565972
0.005224 0.003285 10.565972
0.005131 0.003470 10.565972
0.005074 0.003669 10.565972
0.005000 0.003862 10.565972
0.004944 0.004062 10.565972
0.004884 0.004260 10.565972
0.004811 0.004454 10.565972
0.004770 0.004657 10.565972
0.004708 0.004855 10.565972
0.004661 0.005057 10.565972
0.004586 0.005250 10.565972
0.004540 0.005452 10.565972
0.004460 0.005643 10.565972
0.004413 0.005845 10.565972
0.004337 0.006038 10.565972
0.004281 0.006237 10.565972
0.004207 0.006431 10.565972
0.004140 0.006627 10.565972
0.004059 0.006817 10.565972
0.003886 0.006932 10.565972
0.003694 0.006856 10.565972
0.003495 0.006798 10.565972
0.003297 0.006735 10.565972
0.003096 0.006685 10.565972
0.002897 0.006628 10.565972
0.002695 0.006584 10.565972
0.002494 0.006530 10.565972
0.002292 0.006486 10.565972
0.002089 0.006448 10.565972
0.001890 0.006389 10.565972
0.001687 0.006348 10.565972
0.001484 0.006303 10.565972
0.001287 0.006367 10.565972
0.001138 0.006511 10.565972
0.000972 0.006387 10.565972
0.000775 0.006324 10.565972
0.000577 0.006263 10.565972
0.000377 0.006210 10.565972
0.000174 0.006168 10.565972
-0.000029 0.006125 10.565972
-0.000234 0.006157 10.565972
-0.000433 0.006216 10.565972
-0.000633 0.006268 10.565972
-0.000831 0.006329 10.565972
-0.001001 0.006447 10.565972
-0.001149 0.006302 10.565972
-0.001354 0.006271 10.565972
-0.001553 0.006329 10.565972
-0.001760 0.006344 10.565972
-0.001959 0.006402 10.565972
-0.002162 0.006439 10.565972
-0.002363 0.006491 10.565972
-0.002561 0.006553 10.565972
-0.002765 0.006590 10.565972
-0.002965 0.006644 10.565972
-0.003169 0.006680 10.565972
-0.003366 0.006743 10.565972
-0.003567 0.006796 10.565972
-0.003763 0.006863 10.565972
-0.003952 0.006948 10.565972
-0.004134 0.006849 10.565972
-0.004219 0.006660 10.565972
-0.004293 0.006466 10.565972
-0.004368 0.006273 10.565972
-0.004428 0.006075 10.565972
-0.004504 0.005882 10.565972
-0.004551 0.005680 10.565972
-0.004632 0.005490 10.565972
-0.004672 0.005287 10.565972
-0.004752 0.005096 10.565972
-0.004788 0.004892 10.565972
-0.004858 0.004696 10.565972
-0.004899 0.004493 10.565972
-0.004976 0.004301 10.565972
-0.005013 0.004097 10.565972
-0.005076 0.003900 10.565972
-0.005134 0.003701 10.565972
-0.005194 0.003503 10.565972
-0.005273 0.003311 10.565972
-0.005313 0.003108 10.565972
-0.005417 0.002928 10.565972
-0.005561 0.002780 10.565972
-0.005691 0.002619 10.565972
-0.005822 0.002458 10.565972
-0.005977 0.002320 10.565972
-0.006106 0.002158 10.565972
-0.006255 0.002014 10.565972
-0.006384 0.001852 10.565972
-0.006548 0.001725 10.565972
-0.006675 0.001562 10.565972
-0.006830 0.001424 10.565972
-0.006959 0.001262 10.565972
-0.007110 0.001120 10.565972
-0.007241 0.000960 10.565972
-0.007391 0.000816 10.565972
-0.007526 0.000660 10.565972
-0.007679 0.000520 10.565972
-0.007825 0.000373 10.565972
-0.007974 0.000229 10.565972
-0.008020 0.000027 10.565972
-0.007886 -0.000131 10.565972
-0.007762 -0.000298 10.565972
-0.007628 -0.000455 10.565972
-0.007503 -0.000620 10.565972
-0.007360 -0.000770 10.565972
-0.007224 -0.000927 10.565972
-0.007068 -0.001063 10.565972
-0.006937 -0.001224 10.565972
-0.006791 -0.001371 10.565972
-0.006667 -0.001537 10.565972
-0.006509 -0.001671 10.565972
-0.006371 -0.001826 10.565972
-0.006215 -0.001962 10.565972
-0.006084 -0.002122 10.565972
-0.005920 -0.002250 10.565972
-0.005790 -0.002411 10.565972
-0.005646 -0.002560 10.565972
-0.005533 -0.002734 10.565972
-0.005410 -0.002901 10.565972
-0.005338 -0.003095 10.565972
-0.005288 -0.003296 10.565972
-0.005201 -0.003484 10.565972
-0.005161 -0.003687 10.565972
-0.005078 -0.003877 10.565972
-0.005049 -0.004082 10.565972
-0.004973 -0.004275 10.565972
-0.004923 -0.004476 10.565972
-0.004852 -0.004670 10.565972
-0.004814 -0.004874 10.565972
-0.004744 -0.005069 10.565972
-0.004696 -0.005271 10.565972
-0.004622 -0.005464 10.565972
-0.004571 -0.005665 10.565972
-0.004497 -0.005859 10.565972
-0.004452 -0.006061 10.565972
-0.004381 -0.006255 10.565972
-0.004337 -0.006458 10.565972
-0.004275 -0.006656 10.565972
-0.004220 -0.006855 10.565972
-0.004052 -0.006977 10.565972
-0.003851 -0.006928 10.565972
-0.003649 -0.006884 10.565972
-0.003446 -0.006842 10.565972
-0.003245 -0.006792 10.565972
-0.003040 -0.006760 10.565972
-0.002838 -0.006712 10.565972
-0.002636 -0.006670 10.565972
-0.002439 -0.006604 10.565972
-0.002237 -0.006560 10.565972
-0.002037 -0.006505 10.565972
-0.001831 -0.006480 10.565972
-0.001629 -0.006437 10.565972
-0.001426 -0.006395 10.565972
-0.001223 -0.006354 10.565972
-0.001021 -0.006306 10.565972
-0.000819 -0.006259 10.565972
-0.000621 -0.006199 10.565972
-0.000419 -0.006153 10.565972
-0.000212 -0.006136 10.565972
-0.000013 -0.006192 10.565972
0.000190 -0.006232 10.565972
0.000396 -0.006261 10.565972
0.000592 -0.006325 10.565972
0.000797 -0.006356 10.565972
0.000992 -0.006427 10.565972
0.001194 -0.006471 10.565972
0.001397 -0.006514 10.565972
0.001598 -0.006565 10.565972
0.001800 -0.006612 10.565972
0.001999 -0.006667 10.565972
0.002203 -0.006704 10.565972
0.002403 -0.006761 10.565972
0.002607 -0.006793 10.565972
0.002807 -0.006848 10.565972
0.003010 -0.006887 10.565972
0.003212 -0.006935 10.565972
0.003414 -0.006981 10.565972
0.003616 -0.007027 10.565972
0.003820 -0.007063 10.565972
0.004005 -0.006970 10.565972
0.004051 -0.006768 10.565972
0.004102 -0.006567 10.565972
0.004167 -0.006370 10.565972
0.004213 -0.006168 10.565972
0.004285 -0.005974 10.565972
0.004336 -0.005773 10.565972
0.004411 -0.005580 10.565972
0.004441 -0.005375 10.565972
0.004515 -0.005182 10.565972
0.004556 -0.004979 10.565972
0.004628 -0.004784 10.565972
0.004691 -0.004587 10.565972
0.004765 -0.004394 10.565972
0.004843 -0.004202 10.565972
0.004884 -0.003998 10.565972
0.004976 -0.003813 10.565972
0.005140 -0.003687 10.565972
0.005187 -0.003485 10.565972
0.005222 -0.003281 10.565972
0.005312 -0.003094 10.565972
0.005463 -0.002952 10.565972
0.005589 -0.002788 10.565972
0.005732 -0.002638 10.565972
0.005870 -0.002483 10.565972
0.006011 -0.002332 10.565972
0.006168 -0.002196 10.565972
0.006298 -0.002035 10.565972
0.006449 -0.001893 10.565972
0.006583 -0.001735 10.565972
0.006742 -0.001602 10.565972
0.006867 -0.001437 10.565972
0.007025 -0.001303 10.565972
0.007150 -0.001137 10.565972
0.007303 -0.000998 10.565972
0.007431 -0.000835 10.565972
0.007577 -0.000688 10.565972
0.007710 -0.000529 10.565972
0.007853 -0.000379 10.565972
0.007983 -0.000217 10.565972
0.008002 -0.000011 10.565972

