0.007668 -0.000078 8.888889
0.007533 0.000065 8.888889
0.007397 0.000206 8.888889
0.007264 0.000351 8.888889
0.007129 0.000493 8.888889
0.006991 0.000633 8.888889
0.006859 0.000778 8.888889
0.006734 0.000929 8.888889
0.006600 0.001073 8.888889
0.006473 0.001223 8.888889
0.006339 0.001366 8.888889
0.006214 0.001518 8.888889
0.006086 0.001667 8.888889
0.005998 0.001842 8.888889
0.005873 0.001994 8.888889
0.005778 0.002165 8.888889
0.005654 0.002318 8.888889
0.005546 0.002482 8.888889
0.005424 0.002636 8.888889
0.005321 0.002803 8.888889
0.005198 0.002955 8.888889
0.005116 0.003134 8.888889
0.005048 0.003318 8.888889
0.004959 0.003493 8.888889
0.004896 0.003679 8.888889
0.004811 0.003856 8.888889
0.004740 0.004039 8.888889
0.004653 0.004215 8.888889
0.004605 0.004405 8.888889
0.004525 0.004585 8.888889
0.004472 0.004774 8.888889
0.004405 0.004958 8.888889
0.004358 0.005149 8.888889
0.004302 0.005337 8.888889
0.004254 0.005527 8.888889
0.004194 0.005714 8.888889
0.004139 0.005903 8.888889
0.004081 0.006090 8.888889
0.004019 0.006277 8.888889
0.003962 0.006464 8.888889
0.003810 0.006589 8.888889
0.003620 0.006541 8.888889
0.003430 0.006491 8.888889
0.003238 0.006448 8.888889
0.003047 0.006405 8.888889
0.002856 0.006359 8.888889
0.002664 0.006319 8.888889
0.002474 0.006270 8.888889
0.002282 0.006226 8.888889
0.002092 0.006179 8.888889
0.001897 0.006154 8.888889
0.001703 0.006126 8.888889
0.001507 0.006116 8.888889
0.001311 0.006102 8.888889
0.001117 0.006132 8.888889
0.000925 0.006089 8.888889
0.000729 0.006072 8.888889
0.000537 0.006033 8.888889
0.000341 0.006027 8.888889
0.000147 0.005992 8.888889
-0.000048 0.005978 8.888889
-0.000242 0.006012 8.888889
-0.000438 0.006015 8.888889
-0.000632 0.006046 8.888889
-0.000828 0.006059 8.888889
-0.001019 0.006101 8.888889
-0.001215 0.006078 8.888889
-0.001410 0.006099 8.888889
-0.001605 0.006122 8.888889
-0.001796 0.006166 8.888889
-0.001991 0.006189 8.888889
-0.002182 0.006234 8.888889
-0.002377 0.006258 8.888889
-0.002570 0.006295 8.888889
-0.002764 0.006326 8.888889
-0.002955 0.006371 8.888889
-0.003144 0.006423 8.888889
-0.003335 0.006470 8.888889
-0.003527 0.006512 8.888889
-0.003718 0.006558 8.888889
-0.003909 0.006601 8.888889
-0.004060 0.006475 8.888889
-0.004118 0.006288 8.888889
-0.004179 0.006101 8.888889
-0.004234 0.005913 8.888889
-0.004290 0.005724 8.888889
-0.004348 0.005537 8.888889
-0.004398 0.005347 8.888889
-0.004452 0.005158 8.888889
-0.004503 0.004969 8.888889
-0.004565 0.004782 8.888889
-0.004610 0.004591 8.888889
-0.004681 0.004408 8.888889
-0.004712 0.004214 8.888889
-0.004795 0.004036 8.888889
-0.004848 0.003847 8.888889
-0.004929 0.003668 8.888889
-0.004980 0.003479 8.888889
-0.005070 0.003304 8.888889
-0.005127 0.003116 8.888889
-0.005214 0.002940 8.888889
-0.005347 0.002795 8.888889
-0.005450 0.002628 8.888889
-0.005582 0.002483 8.888889
-0.005692 0.002320 8.888889
-0.005826 0.002177 8.888889
-0.005930 0.002010 8.888889
-0.006073 0.001876 8.888889
-0.006194 0.001721 8.888889
-0.006332 0.001582 8.888889
-0.006455 0.001429 8.888889
-0.006597 0.001293 8.888889
-0.006727 0.001146 8.888889
-0.006868 0.001009 8.888889
-0.007001 0.000865 8.888889
-0.007134 0.000721 8.888889
-0.007270 0.000579 8.888889
-0.007403 0.000435 8.888889
-0.007534 0.000289 8.888889
-0.007669 0.000146 8.888889
-0.007705 -0.000047 8.888889
-0.007570 -0.000190 8.888889
-0.007431 -0.000328 8.888889
-0.007295 -0.000470 8.888889
-0.007163 -0.000615 8.888889
-0.007033 -0.000762 8.888889
-0.006905 -0.000911 8.888889
-0.006763 -0.001046 8.888889
-0.006625 -0.001186 8.888889
-0.006478 -0.001316 8.888889
-0.006348 -0.001464 8.888889
-0.006209 -0.001602 8.888889
-0.006089 -0.001758 8.888889
-0.005957 -0.001903 8.888889
-0.005863 -0.002075 8.888889
-0.005743 -0.002231 8.888889
-0.005634 -0.002394 8.888889
-0.005504 -0.002541 8.888889
-0.005401 -0.002709 8.888889
-0.005275 -0.002858 8.888889
-0.005169 -0.003024 8.888889
-0.005114 -0.003213 8.888889
-0.005026 -0.003388 8.888889
-0.004970 -0.003576 8.888889
-0.004896 -0.003758 8.888889
-0.004841 -0.003946 8.888889
-0.004760 -0.004125 8.888889
-0.004713 -0.004316 8.888889
-0.004647 -0.004501 8.888889
-0.004601 -0.004692 8.888889
-0.004529 -0.004874 8.888889
-0.004485 -0.005066 8.888889
-0.004420 -0.005251 8.888889
-0.004376 -0.005442 8.888889
-0.004319 -0.005630 8.888889
-0.004262 -0.005818 8.888889
-0.004206 -0.006006 8.888889
-0.004148 -0.006194 8.888889
-0.004086 -0.006380 8.888889
-0.004031 -0.006568 8.888889
-0.003881 -0.006696 8.888889
-0.003689 -0.006655 8.888889
-0.003498 -0.006609 8.888889
-0.003307 -0.006563 8.888889
-0.003118 -0.006511 8.888889
-0.002929 -0.006459 8.888889
-0.002736 -0.006424 8.888889
-0.002541 -0.006394 8.888889
-0.002349 -0.006356 8.888889
-0.002157 -0.006316 8.888889
-0.001968 -0.006262 8.888889
-0.001776 -0.006223 8.888889
-0.001586 -0.006171 8.888889
-0.001393 -0.006137 8.888889
-0.001203 -0.006087 8.888889
-0.001007 -0.006077 8.888889
-0.000812 -0.006055 8.888889
-0.000616 -0.006040 8.888889
-0.000421 -0.006018 8.888889
-0.000225 -0.006004 8.888889
-0.000029 -0.005987 8.888889
0.000164 -0.006020 8.888889
0.000359 -0.006049 8.888889
0.000553 -0.006076 8.888889
0.000744 -0.006121 8.888889
0.000938 -0.006150 8.888889
0.001130 -0.006190 8.888889
0.001324 -0.006222 8.888889
0.001510 -0.006284 8.888889
0.001703 -0.006321 8.888889
0.001893 -0.006373 8.888889
0.002084 -0.006415 8.888889
0.002275 -0.006462 8.888889
0.002466 -0.006509 8.888889
0.002656 -0.006558 8.888889
0.002847 -0.006601 8.888889
0.003038 -0.006647 8.888889
0.003229 -0.006692 8.888889
0.003421 -0.006731 8.888889
0.003613 -0.006776 8.888889
0.003797 -0.006708 8.888889
0.003855 -0.006520 8.888889
0.003909 -0.006332 8.888889
0.003968 -0.006145 8.888889
0.004022 -0.005956 8.888889
0.004072 -0.005766 8.888889
0.004125 -0.005577 8.888889
0.004193 -0.005393 8.888889
0.004255 -0.005206 8.888889
0.004330 -0.005025 8.888889
0.004386 -0.004837 8.888889
0.004463 -0.004656 8.888889
0.004503 -0.004464 8.888889
0.004589 -0.004288 8.888889
0.004656 -0.004103 8.888889
0.004754 -0.003933 8.888889
0.004826 -0.003750 8.888889
0.004932 -0.003585 8.888889
0.004998 -0.003400 8.888889
0.005089 -0.003226 8.888889
0.005152 -0.003040 8.888889
0.005265 -0.002880 8.888889
0.005397 -0.002734 8.888889
0.005504 -0.002569 8.888889
0.005641 -0.002429 8.888889
0.005757 -0.002271 8.888889
0.005894 -0.002130 8.888889
0.006005 -0.001968 8.888889
0.006158 -0.001845 8.888889
0.006280 -0.001691 8.888889
0.006426 -0.001559 8.888889
0.006553 -0.001410 8.888889
0.006694 -0.001273 8.888889
0.006827 -0.001129 8.888889
0.006967 -0.000992 8.888889
0.007099 -0.000846 8.888889
0.007235 -0.000705 8.888889
0.007371 -0.000563 8.888889
0.007502 -0.000416 8.888889
0.007635 -0.000272 8.888889
0.007668 -0.000078 8.888889

