0.006693 -0.000000 4.541667
0.006636 0.000160 4.541667
0.006531 0.000292 4.541667
0.006425 0.000425 4.541667
0.006319 0.000556 4.541667
0.006211 0.000687 4.541667
0.006107 0.000821 4.541667
0.006003 0.000954 4.541667
0.005897 0.001087 4.541667
0.005786 0.001214 4.541667
0.005682 0.001348 4.541667
0.005578 0.001482 4.541667
0.005476 0.001618 4.541667
0.005367 0.001747 4.541667
0.005256 0.001875 4.541667
0.005152 0.002008 4.541667
0.005048 0.002143 4.541667
0.004949 0.002280 4.541667
0.004841 0.002410 4.541667
0.004728 0.002537 4.541667
0.004621 0.002668 4.541667
0.004561 0.002826 4.541667
0.004507 0.002987 4.541667
0.004449 0.003146 4.541667
0.004380 0.003301 4.541667
0.004315 0.003457 4.541667
0.004252 0.003614 4.541667
0.004196 0.003774 4.541667
0.004139 0.003934 4.541667
0.004072 0.004090 4.541667
0.004008 0.004247 4.541667
0.003945 0.004403 4.541667
0.003890 0.004564 4.541667
0.003828 0.004721 4.541667
0.003764 0.004878 4.541667
0.003700 0.005035 4.541667
0.003641 0.005194 4.541667
0.003581 0.005352 4.541667
0.003518 0.005510 4.541667
0.003456 0.005667 4.541667
0.003347 0.005796 4.541667
0.003180 0.005827 4.541667
0.003012 0.005802 4.541667
0.002845 0.005777 4.541667
0.002678 0.005750 4.541667
0.002511 0.005722 4.541667
0.002343 0.005699 4.541667
0.002175 0.005675 4.541667
0.002007 0.005651 4.541667
0.001841 0.005618 4.541667
0.001673 0.005595 4.541667
0.001506 0.005571 4.541667
0.001337 0.005551 4.541667
0.001171 0.005521 4.541667
0.001004 0.005489 4.541667
0.000837 0.005466 4.541667
0.000669 0.005443 4.541667
0.000500 0.005425 4.541667
0.000333 0.005397 4.541667
0.000167 0.005363 4.541667
-0.000000 0.005336 4.541667
-0.000167 0.005363 4.541667
-0.000333 0.005397 4.541667
-0.000500 0.005425 4.541667
-0.000669 0.005443 4.541667
-0.000837 0.005466 4.541667
-0.001004 0.005489 4.541667
-0.001171 0.005521 4.541667
-0.001337 0.005551 4.541667
-0.001506 0.005571 4.541667
-0.001673 0.005595 4.541667
-0.001841 0.005618 4.541667
-0.002007 0.005651 4.541667
-0.002175 0.005675 4.541667
-0.002343 0.005699 4.541667
-0.002511 0.005722 4.541667
-0.002678 0.005750 4.541667
-0.002845 0.005777 4.541667
-0.003012 0.005802 4.541667
-0.003180 0.005827 4.541667
-0.003347 0.005796 4.541667
-0.003457 0.005667 4.541667
-0.003518 0.005510 4.541667
-0.003581 0.005352 4.541667
-0.003641 0.005194 4.541667
-0.003700 0.005035 4.541667
-0.003764 0.004878 4.541667
-0.003828 0.004721 4.541667
-0.003890 0.004564 4.541667
-0.003945 0.004403 4.541667
-0.004008 0.004247 4.541667
-0.004072 0.004090 4.541667
-0.004139 0.003934 4.541667
-0.004196 0.003774 4.541667
-0.004252 0.003614 4.541667
-0.004315 0.003457 4.541667
-0.004380 0.003301 4.541667
-0.004449 0.003146 4.541667
-0.004507 0.002987 4.541667
-0.004561 0.002826 4.541667
-0.004621 0.002668 4.541667
-0.004728 0.002537 4.541667
-0.004841 0.002410 4.541667
-0.004949 0.002280 4.541667
-0.005048 0.002143 4.541667
-0.005152 0.002008 4.541667
-0.005256 0.001875 4.541667
-0.005367 0.001747 4.541667
-0.005476 0.001618 4.541667
-0.005578 0.001482 4.541667
-0.005682 0.001348 4.541667
-0.005786 0.001214 4.541667
-0.005897 0.001087 4.541667
-0.006003 0.000954 4.541667
-0.006107 0.000821 4.541667
-0.006211 0.000687 4.541667
-0.006319 0.000556 4.541667
-0.006425 0.000425 4.541667
-0.006531 0.000292 4.541667
-0.006636 0.000160 4.541667
-0.006693 0.000000 4.541667
-0.006636 -0.000160 4.541667
-0.006531 -0.000292 4.541667
-0.006425 -0.000425 4.541667
-0.006319 -0.000556 4.541667
-0.006211 -0.000687 4.541667
-0.006107 -0.000821 4.541667
-0.006003 -0.000954 4.541667
-0.005897 -0.001087 4.541667
-0.005786 -0.001214 4.541667
-0.005682 -0.001348 4.541667
-0.005578 -0.001482 4.541667
-0.005476 -0.001618 4.541667
-0.005367 -0.001747 4.541667
-0.005256 -0.001875 4.541667
-0.005152 -0.002008 4.541667
-0.005048 -0.002143 4.541667
-0.004949 -0.002280 4.541667
-0.004841 -0.002410 4.541667
-0.004728 -0.002537 4.541667
-0.004621 -0.002668 4.541667
-0.004561 -0.002826 4.541667
-0.004507 -0.002987 4.541667
-0.004449 -0.003146 4.541667
-0.004380 -0.003301 4.541667
-0.004315 -0.003457 4.541667
-0.004252 -0.003614 4.541667
-0.004196 -0.003774 4.541667
-0.004139 -0.003934 4.541667
-0.004072 -0.004090 4.541667
-0.004008 -0.004247 4.541667
-0.003945 -0.004403 4.541667
-0.003890 -0.004564 4.541667
-0.003828 -0.004721 4.541667
-0.003764 -0.004878 4.541667
-0.003700 -0.005035 4.541667
-0.003641 -0.005194 4.541667
-0.003581 -0.005352 4.541667
-0.003519 -0.005510 4.541667
-0.003457 -0.005668 4.541667
-0.003347 -0.005796 4.541667
-0.003180 -0.005827 4.541667
-0.003012 -0.005802 4.541667
-0.002845 -0.005777 4.541667
-0.002678 -0.005750 4.541667
-0.002511 -0.005722 4.541667
-0.002343 -0.005699 4.541667
-0.002175 -0.005675 4.541667
-0.002007 -0.005651 4.541667
-0.001841 -0.005618 4.541667
-0.001673 -0.005595 4.541667
-0.001506 -0.005571 4.541667
-0.001337 -0.005551 4.541667
-0.001171 -0.005521 4.541667
-0.001004 -0.005489 4.541667
-0.000837 -0.005466 4.541667
-0.000669 -0.005443 4.541667
-0.000500 -0.005425 4.541667
-0.000333 -0.005397 4.541667
-0.000167 -0.005363 4.541667
0.000000 -0.005336 4.541667
0.000167 -0.005363 4.541667
0.000333 -0.005397 4.541667
0.000500 -0.005425 4.541667
0.000669 -0.005443 4.541667
0.000837 -0.005466 4.541667
0.001004 -0.005489 4.541667
0.001171 -0.005521 4.541667
0.001337 -0.005551 4.541667
0.001506 -0.005571 4.541667
0.001673 -0.005595 4.541667
0.001841 -0.005618 4.541667
0.002007 -0.005651 4.541667
0.002175 -0.005675 4.541667
0.002343 -0.005699 4.541667
0.002511 -0.005722 4.541667
0.002678 -0.005750 4.541667
0.002845 -0.005777 4.541667
0.003012 -0.005802 4.541667
0.003180 -0.005827 4.541667
0.003346 -0.005796 4.541667
0.003456 -0.005667 4.541667
0.003518 -0.005510 4.541667
0.003581 -0.005352 4.541667
0.003641 -0.005194 4.541667
0.003700 -0.005035 4.541667
0.003764 -0.004878 4.541667
0.003828 -0.004721 4.541667
0.003890 -0.004564 4.541667
0.003945 -0.004403 4.541667
0.004008 -0.004247 4.541667
0.004072 -0.004090 4.541667
0.004139 -0.003934 4.541667
0.004196 -0.003774 4.541667
0.004252 -0.003614 4.541667
0.004315 -0.003457 4.541667
0.004380 -0.003301 4.541667
0.004449 -0.003146 4.541667
0.004507 -0.002987 4.541667
0.004561 -0.002826 4.541667
0.004621 -0.002668 4.541667
0.004728 -0.002537 4.541667
0.004841 -0.002410 4.541667
0.004949 -0.002280 4.541667
0.005048 -0.002143 4.541667
0.005152 -0.002008 4.541667
0.005256 -0.001875 4.541667
0.005367 -0.001747 4.541667
0.005476 -0.001618 4.541667
0.005578 -0.001482 4.541667
0.005682 -0.001348 4.541667
0.005786 -0.001214 4.541667
0.005897 -0.001087 4.541667
0.006003 -0.000954 4.541667
0.006107 -0.000821 4.541667
0.006211 -0.000687 4.541667
0.006319 -0.000556 4.541667
0.006425 -0.000425 4.541667
0.006531 -0.000292 4.541667
0.006636 -0.000160 4.541667
0.006693 -0.000000 4.541667

