0.007608 -0.000081 8.621528
0.007474 0.000061 8.621528
0.007339 0.000201 8.621528
0.007208 0.000345 8.621528
0.007072 0.000484 8.621528
0.006939 0.000626 8.621528
0.006813 0.000774 8.621528
0.006686 0.000922 8.621528
0.006553 0.001064 8.621528
0.006428 0.001213 8.621528
0.006297 0.001357 8.621528
0.006179 0.001512 8.621528
0.006060 0.001666 8.621528
0.005973 0.001840 8.621528
0.005852 0.001992 8.621528
0.005757 0.002162 8.621528
0.005632 0.002311 8.621528
0.005527 0.002475 8.621528
0.005407 0.002628 8.621528
0.005303 0.002792 8.621528
0.005175 0.002939 8.621528
0.005094 0.003116 8.621528
0.005031 0.003300 8.621528
0.004941 0.003473 8.621528
0.004876 0.003656 8.621528
0.004794 0.003833 8.621528
0.004727 0.004016 8.621528
0.004633 0.004186 8.621528
0.004579 0.004373 8.621528
0.004501 0.004551 8.621528
0.004442 0.004736 8.621528
0.004373 0.004918 8.621528
0.004320 0.005106 8.621528
0.004264 0.005292 8.621528
0.004217 0.005481 8.621528
0.004161 0.005667 8.621528
0.004106 0.005854 8.621528
0.004052 0.006041 8.621528
0.003992 0.006226 8.621528
0.003933 0.006411 8.621528
0.003782 0.006534 8.621528
0.003594 0.006485 8.621528
0.003405 0.006439 8.621528
0.003215 0.006399 8.621528
0.003025 0.006354 8.621528
0.002836 0.006309 8.621528
0.002646 0.006268 8.621528
0.002458 0.006218 8.621528
0.002267 0.006179 8.621528
0.002076 0.006145 8.621528
0.001882 0.006129 8.621528
0.001688 0.006108 8.621528
0.001494 0.006102 8.621528
0.001300 0.006082 8.621528
0.001106 0.006098 8.621528
0.000916 0.006058 8.621528
0.000722 0.006044 8.621528
0.000530 0.006010 8.621528
0.000336 0.006004 8.621528
0.000145 0.005965 8.621528
-0.000049 0.005950 8.621528
-0.000239 0.005990 8.621528
-0.000434 0.005997 8.621528
-0.000626 0.006025 8.621528
-0.000821 0.006032 8.621528
-0.001012 0.006071 8.621528
-0.001206 0.006059 8.621528
-0.001399 0.006079 8.621528
-0.001594 0.006090 8.621528
-0.001784 0.006129 8.621528
-0.001977 0.006151 8.621528
-0.002167 0.006194 8.621528
-0.002360 0.006222 8.621528
-0.002551 0.006257 8.621528
-0.002744 0.006286 8.621528
-0.002935 0.006320 8.621528
-0.003124 0.006367 8.621528
-0.003312 0.006417 8.621528
-0.003502 0.006460 8.621528
-0.003691 0.006506 8.621528
-0.003881 0.006549 8.621528
-0.004030 0.006424 8.621528
-0.004088 0.006239 8.621528
-0.004147 0.006053 8.621528
-0.004199 0.005866 8.621528
-0.004255 0.005679 8.621528
-0.004310 0.005493 8.621528
-0.004358 0.005304 8.621528
-0.004413 0.005118 8.621528
-0.004466 0.004930 8.621528
-0.004526 0.004745 8.621528
-0.004575 0.004557 8.621528
-0.004641 0.004374 8.621528
-0.004683 0.004184 8.621528
-0.004770 0.004010 8.621528
-0.004820 0.003822 8.621528
-0.004901 0.003645 8.621528
-0.004957 0.003458 8.621528
-0.005047 0.003286 8.621528
-0.005102 0.003099 8.621528
-0.005188 0.002925 8.621528
-0.005322 0.002783 8.621528
-0.005427 0.002619 8.621528
-0.005555 0.002473 8.621528
-0.005661 0.002310 8.621528
-0.005797 0.002171 8.621528
-0.005898 0.002005 8.621528
-0.006031 0.001863 8.621528
-0.006151 0.001709 8.621528
-0.006288 0.001571 8.621528
-0.006409 0.001418 8.621528
-0.006545 0.001280 8.621528
-0.006674 0.001134 8.621528
-0.006812 0.000997 8.621528
-0.006947 0.000856 8.621528
-0.007078 0.000713 8.621528
-0.007212 0.000572 8.621528
-0.007347 0.000432 8.621528
-0.007477 0.000287 8.621528
-0.007609 0.000144 8.621528
-0.007642 -0.000048 8.621528
-0.007505 -0.000186 8.621528
-0.007368 -0.000324 8.621528
-0.007237 -0.000468 8.621528
-0.007108 -0.000614 8.621528
-0.006979 -0.000760 8.621528
-0.006846 -0.000901 8.621528
-0.006701 -0.001031 8.621528
-0.006565 -0.001170 8.621528
-0.006423 -0.001304 8.621528
-0.006299 -0.001453 8.621528
-0.006166 -0.001596 8.621528
-0.006053 -0.001753 8.621528
-0.005929 -0.001904 8.621528
-0.005839 -0.002077 8.621528
-0.005717 -0.002228 8.621528
-0.005605 -0.002387 8.621528
-0.005481 -0.002537 8.621528
-0.005379 -0.002702 8.621528
-0.005251 -0.002849 8.621528
-0.005143 -0.003011 8.621528
-0.005088 -0.003197 8.621528
-0.005002 -0.003372 8.621528
-0.004940 -0.003556 8.621528
-0.004863 -0.003735 8.621528
-0.004812 -0.003923 8.621528
-0.004731 -0.004100 8.621528
-0.004677 -0.004287 8.621528
-0.004608 -0.004469 8.621528
-0.004566 -0.004659 8.621528
-0.004495 -0.004840 8.621528
-0.004447 -0.005029 8.621528
-0.004383 -0.005212 8.621528
-0.004334 -0.005401 8.621528
-0.004282 -0.005588 8.621528
-0.004227 -0.005775 8.621528
-0.004171 -0.005961 8.621528
-0.004116 -0.006148 8.621528
-0.004055 -0.006333 8.621528
-0.003998 -0.006519 8.621528
-0.003850 -0.006645 8.621528
-0.003660 -0.006601 8.621528
-0.003472 -0.006553 8.621528
-0.003283 -0.006505 8.621528
-0.003095 -0.006453 8.621528
-0.002905 -0.006413 8.621528
-0.002712 -0.006386 8.621528
-0.002521 -0.006351 8.621528
-0.002332 -0.006307 8.621528
-0.002142 -0.006263 8.621528
-0.001955 -0.006211 8.621528
-0.001764 -0.006173 8.621528
-0.001575 -0.006125 8.621528
-0.001383 -0.006095 8.621528
-0.001191 -0.006062 8.621528
-0.000997 -0.006061 8.621528
-0.000804 -0.006034 8.621528
-0.000610 -0.006020 8.621528
-0.000416 -0.005999 8.621528
-0.000222 -0.005986 8.621528
-0.000029 -0.005960 8.621528
0.000163 -0.005987 8.621528
0.000355 -0.006019 8.621528
0.000549 -0.006039 8.621528
0.000739 -0.006080 8.621528
0.000931 -0.006111 8.621528
0.001121 -0.006152 8.621528
0.001315 -0.006175 8.621528
0.001501 -0.006231 8.621528
0.001691 -0.006271 8.621528
0.001880 -0.006320 8.621528
0.002069 -0.006364 8.621528
0.002258 -0.006409 8.621528
0.002448 -0.006454 8.621528
0.002636 -0.006504 8.621528
0.002825 -0.006549 8.621528
0.003015 -0.006593 8.621528
0.003203 -0.006641 8.621528
0.003394 -0.006682 8.621528
0.003584 -0.006724 8.621528
0.003766 -0.006656 8.621528
0.003822 -0.006470 8.621528
0.003876 -0.006283 8.621528
0.003933 -0.006097 8.621528
0.003983 -0.005909 8.621528
0.004035 -0.005721 8.621528
0.004097 -0.005537 8.621528
0.004167 -0.005356 8.621528
0.004231 -0.005172 8.621528
0.004302 -0.004991 8.621528
0.004358 -0.004804 8.621528
0.004430 -0.004624 8.621528
0.004480 -0.004436 8.621528
0.004576 -0.004266 8.621528
0.004646 -0.004085 8.621528
0.004743 -0.003916 8.621528
0.004811 -0.003734 8.621528
0.004914 -0.003569 8.621528
0.004978 -0.003385 8.621528
0.005067 -0.003212 8.621528
0.005126 -0.003027 8.621528
0.005237 -0.002866 8.621528
0.005370 -0.002724 8.621528
0.005475 -0.002561 8.621528
0.005606 -0.002417 8.621528
0.005720 -0.002259 8.621528
0.005858 -0.002123 8.621528
0.005964 -0.001959 8.621528
0.006109 -0.001830 8.621528
0.006232 -0.001679 8.621528
0.006374 -0.001546 8.621528
0.006501 -0.001399 8.621528
0.006639 -0.001261 8.621528
0.006771 -0.001118 8.621528
0.006910 -0.000982 8.621528
0.007043 -0.000840 8.621528
0.007176 -0.000698 8.621528
0.007312 -0.000559 8.621528
0.007444 -0.000416 8.621528
0.007575 -0.000272 8.621528
0.007608 -0.000081 8.621528

