0.006781 -0.000000 4.986111
0.006724 0.000161 4.986111
0.006617 0.000296 4.986111
0.006509 0.000429 4.986111
0.006404 0.000565 4.986111
0.006296 0.000698 4.986111
0.006189 0.000832 4.986111
0.006078 0.000963 4.986111
0.005974 0.001100 4.986111
0.005869 0.001235 4.986111
0.005762 0.001369 4.986111
0.005651 0.001500 4.986111
0.005541 0.001632 4.986111
0.005440 0.001770 4.986111
0.005334 0.001905 4.986111
0.005226 0.002039 4.986111
0.005115 0.002169 4.986111
0.005004 0.002300 4.986111
0.004904 0.002439 4.986111
0.004800 0.002576 4.986111
0.004692 0.002709 4.986111
0.004631 0.002869 4.986111
0.004564 0.003027 4.986111
0.004494 0.003184 4.986111
0.004436 0.003345 4.986111
0.004379 0.003507 4.986111
0.004317 0.003667 4.986111
0.004253 0.003826 4.986111
0.004184 0.003983 4.986111
0.004124 0.004144 4.986111
0.004066 0.004305 4.986111
0.004004 0.004465 4.986111
0.003939 0.004624 4.986111
0.003873 0.004782 4.986111
0.003816 0.004944 4.986111
0.003753 0.005104 4.986111
0.003691 0.005264 4.986111
0.003626 0.005422 4.986111
0.003565 0.005583 4.986111
0.003502 0.005742 4.986111
0.003391 0.005873 4.986111
0.003222 0.005904 4.986111
0.003052 0.005879 4.986111
0.002883 0.005851 4.986111
0.002713 0.005828 4.986111
0.002543 0.005802 4.986111
0.002374 0.005777 4.986111
0.002205 0.005745 4.986111
0.002035 0.005724 4.986111
0.001865 0.005700 4.986111
0.001695 0.005674 4.986111
0.001527 0.005644 4.986111
0.001358 0.005615 4.986111
0.001187 0.005596 4.986111
0.001017 0.005572 4.986111
0.000848 0.005545 4.986111
0.000679 0.005514 4.986111
0.000510 0.005484 4.986111
0.000340 0.005466 4.986111
0.000169 0.005445 4.986111
-0.000000 0.005417 4.986111
-0.000169 0.005445 4.986111
-0.000340 0.005466 4.986111
-0.000510 0.005484 4.986111
-0.000679 0.005514 4.986111
-0.000848 0.005545 4.986111
-0.001017 0.005572 4.986111
-0.001187 0.005596 4.986111
-0.001358 0.005615 4.986111
-0.001527 0.005644 4.986111
-0.001695 0.005674 4.986111
-0.001865 0.005700 4.986111
-0.002035 0.005724 4.986111
-0.002205 0.005745 4.986111
-0.002374 0.005777 4.986111
-0.002543 0.005802 4.986111
-0.002713 0.005828 4.986111
-0.002883 0.005851 4.986111
-0.003052 0.005878 4.986111
-0.003222 0.005904 4.986111
-0.003391 0.005873 4.986111
-0.003502 0.005742 4.986111
-0.003565 0.005583 4.986111
-0.003626 0.005422 4.986111
-0.003691 0.005264 4.986111
-0.003753 0.005104 4.986111
-0.003816 0.004944 4.986111
-0.003873 0.004782 4.986111
-0.003939 0.004624 4.986111
-0.004004 0.004465 4.986111
-0.004066 0.004305 4.986111
-0.004124 0.004144 4.986111
-0.004184 0.003983 4.986111
-0.004253 0.003826 4.986111
-0.004317 0.003667 4.986111
-0.004379 0.003507 4.986111
-0.004436 0.003345 4.986111
-0.004494 0.003184 4.986111
-0.004564 0.003027 4.986111
-0.004631 0.002869 4.986111
-0.004692 0.002709 4.986111
-0.004800 0.002576 4.986111
-0.004904 0.002439 4.986111
-0.005004 0.002300 4.986111
-0.005115 0.002169 4.986111
-0.005226 0.002039 4.986111
-0.005334 0.001905 4.986111
-0.005440 0.001770 4.986111
-0.005541 0.001632 4.986111
-0.005651 0.001500 4.986111
-0.005762 0.001369 4.986111
-0.005869 0.001235 4.986111
-0.005974 0.001100 4.986111
-0.006078 0.000963 4.986111
-0.006190 0.000832 4.986111
-0.006296 0.000698 4.986111
-0.006404 0.000565 4.986111
-0.006509 0.000429 4.986111
-0.006617 0.000296 4.986111
-0.006724 0.000162 4.986111
-0.006781 0.000000 4.986111
-0.006724 -0.000162 4.986111
-0.006617 -0.000296 4.986111
-0.006509 -0.000429 4.986111
-0.006404 -0.000565 4.986111
-0.006296 -0.000698 4.986111
-0.006190 -0.000832 4.986111
-0.006078 -0.000963 4.986111
-0.005974 -0.001100 4.986111
-0.005869 -0.001235 4.986111
-0.005762 -0.001369 4.986111
-0.005651 -0.001500 4.986111
-0.005541 -0.001632 4.986111
-0.005440 -0.001770 4.986111
-0.005334 -0.001905 4.986111
-0.005226 -0.002039 4.986111
-0.005115 -0.002169 4.986111
-0.005004 -0.002300 4.986111
-0.004904 -0.002439 4.986111
-0.004800 -0.002576 4.986111
-0.004692 -0.002709 4.986111
-0.004631 -0.002869 4.986111
-0.004564 -0.003027 4.986111
-0.004494 -0.003184 4.986111
-0.004436 -0.003345 4.986111
-0.004379 -0.003507 4.986111
-0.004317 -0.003667 4.986111
-0.004253 -0.003826 4.986111
-0.004184 -0.003983 4.986111
-0.004124 -0.004144 4.986111
-0.004066 -0.004305 4.986111
-0.004004 -0.004465 4.986111
-0.003939 -0.004624 4.986111
-0.003873 -0.004782 4.986111
-0.003816 -0.004944 4.986111
-0.003753 -0.005104 4.986111
-0.003691 -0.005264 4.986111
-0.003626 -0.005422 4.986111
-0.003565 -0.005583 4.986111
-0.003502 -0.005742 4.986111
-0.003391 -0.005873 4.986111
-0.003222 -0.005903 4.986111
-0.003052 -0.005878 4.986111
-0.002883 -0.005851 4.986111
-0.002713 -0.005828 4.986111
-0.002543 -0.005802 4.986111
-0.002374 -0.005776 4.986111
-0.002205 -0.005745 4.986111
-0.002035 -0.005724 4.986111
-0.001865 -0.005700 4.986111
-0.001695 -0.005674 4.986111
-0.001527 -0.005644 4.986111
-0.001358 -0.005615 4.986111
-0.001187 -0.005596 4.986111
-0.001017 -0.005572 4.986111
-0.000848 -0.005545 4.986111
-0.000679 -0.005514 4.986111
-0.000510 -0.005484 4.986111
-0.000340 -0.005466 4.986111
-0.000169 -0.005445 4.986111
0.000000 -0.005417 4.986111
0.000169 -0.005445 4.986111
0.000340 -0.005466 4.986111
0.000510 -0.005484 4.986111
0.000679 -0.005514 4.986111
0.000848 -0.005545 4.986111
0.001017 -0.005572 4.986111
0.001187 -0.005596 4.986111
0.001358 -0.005615 4.986111
0.001527 -0.005644 4.986111
0.001695 -0.005674 4.986111
0.001865 -0.005700 4.986111
0.002035 -0.005724 4.986111
0.002205 -0.005745 4.986111
0.002374 -0.005777 4.986111
0.002543 -0.005802 4.986111
0.002713 -0.005828 4.986111
0.002883 -0.005851 4.986111
0.003052 -0.005879 4.986111
0.003222 -0.005904 4.986111
0.003391 -0.005873 4.986111
0.003501 -0.005742 4.986111
0.003564 -0.005583 4.986111
0.003625 -0.005422 4.986111
0.003691 -0.005264 4.986111
0.003753 -0.005104 4.986111
0.003816 -0.004944 4.986111
0.003873 -0.004782 4.986111
0.003939 -0.004624 4.986111
0.004004 -0.004465 4.986111
0.004066 -0.004305 4.986111
0.004124 -0.004144 4.986111
0.004184 -0.003983 4.986111
0.004253 -0.003826 4.986111
0.004317 -0.003667 4.986111
0.004379 -0.003507 4.986111
0.004436 -0.003345 4.986111
0.004494 -0.003184 4.986111
0.004564 -0.003027 4.986111
0.004631 -0.002869 4.986111
0.004692 -0.002709 4.986111
0.004800 -0.002576 4.986111
0.004904 -0.002439 4.986111
0.005004 -0.002300 4.986111
0.005115 -0.002169 4.986111
0.005226 -0.002039 4.986111
0.005334 -0.001905 4.986111
0.005440 -0.001770 4.986111
0.005541 -0.001632 4.986111
0.005651 -0.001500 4.986111
0.005762 -0.001369 4.986111
0.005869 -0.001235 4.986111
0.005974 -0.001100 4.986111
0.006078 -0.000963 4.986111
0.006190 -0.000833 4.986111
0.006296 -0.000698 4.986111
0.006404 -0.000565 4.986111
0.006509 -0.000429 4.986111
0.006617 -0.000296 4.986111
0.006724 -0.000162 4.986111
0.006781 -0.000000 4.986111

