0.007309 -0.000078 7.467014
0.007183 0.000059 7.467014
0.007062 0.000200 7.467014
0.006941 0.000341 7.467014
0.006821 0.000483 7.467014
0.006699 0.000623 7.467014
0.006583 0.000769 7.467014
0.006479 0.000923 7.467014
0.006374 0.001077 7.467014
0.006272 0.001233 7.467014
0.006173 0.001390 7.467014
0.006071 0.001546 7.467014
0.005966 0.001699 7.467014
0.005856 0.001850 7.467014
0.005738 0.001993 7.467014
0.005636 0.002149 7.467014
0.005517 0.002292 7.467014
0.005406 0.002441 7.467014
0.005279 0.002577 7.467014
0.005177 0.002733 7.467014
0.005052 0.002871 7.467014
0.004973 0.003039 7.467014
0.004914 0.003215 7.467014
0.004832 0.003382 7.467014
0.004783 0.003562 7.467014
0.004705 0.003731 7.467014
0.004634 0.003903 7.467014
0.004561 0.004074 7.467014
0.004496 0.004248 7.467014
0.004421 0.004418 7.467014
0.004347 0.004589 7.467014
0.004271 0.004759 7.467014
0.004199 0.004930 7.467014
0.004131 0.005104 7.467014
0.004060 0.005275 7.467014
0.003995 0.005450 7.467014
0.003940 0.005627 7.467014
0.003885 0.005805 7.467014
0.003836 0.005985 7.467014
0.003786 0.006164 7.467014
0.003639 0.006278 7.467014
0.003457 0.006238 7.467014
0.003276 0.006196 7.467014
0.003094 0.006156 7.467014
0.002910 0.006129 7.467014
0.002725 0.006110 7.467014
0.002539 0.006101 7.467014
0.002353 0.006095 7.467014
0.002168 0.006079 7.467014
0.001982 0.006064 7.467014
0.001797 0.006051 7.467014
0.001612 0.006033 7.467014
0.001427 0.006014 7.467014
0.001243 0.005985 7.467014
0.001058 0.005962 7.467014
0.000874 0.005939 7.467014
0.000688 0.005922 7.467014
0.000508 0.005875 7.467014
0.000323 0.005863 7.467014
0.000141 0.005824 7.467014
-0.000045 0.005811 7.467014
-0.000226 0.005851 7.467014
-0.000412 0.005860 7.467014
-0.000593 0.005904 7.467014
-0.000778 0.005925 7.467014
-0.000961 0.005955 7.467014
-0.001147 0.005967 7.467014
-0.001331 0.005997 7.467014
-0.001516 0.006016 7.467014
-0.001701 0.006030 7.467014
-0.001887 0.006041 7.467014
-0.002073 0.006050 7.467014
-0.002258 0.006064 7.467014
-0.002443 0.006083 7.467014
-0.002628 0.006102 7.467014
-0.002812 0.006135 7.467014
-0.002994 0.006170 7.467014
-0.003178 0.006196 7.467014
-0.003363 0.006222 7.467014
-0.003546 0.006251 7.467014
-0.003728 0.006291 7.467014
-0.003876 0.006178 7.467014
-0.003926 0.005999 7.467014
-0.003974 0.005820 7.467014
-0.004027 0.005641 7.467014
-0.004076 0.005462 7.467014
-0.004130 0.005284 7.467014
-0.004189 0.005107 7.467014
-0.004242 0.004929 7.467014
-0.004304 0.004753 7.467014
-0.004372 0.004580 7.467014
-0.004440 0.004407 7.467014
-0.004510 0.004235 7.467014
-0.004574 0.004060 7.467014
-0.004643 0.003888 7.467014
-0.004715 0.003716 7.467014
-0.004791 0.003546 7.467014
-0.004840 0.003367 7.467014
-0.004924 0.003200 7.467014
-0.004978 0.003022 7.467014
-0.005062 0.002856 7.467014
-0.005190 0.002722 7.467014
-0.005290 0.002565 7.467014
-0.005419 0.002431 7.467014
-0.005530 0.002282 7.467014
-0.005648 0.002137 7.467014
-0.005753 0.001984 7.467014
-0.005873 0.001842 7.467014
-0.005987 0.001695 7.467014
-0.006098 0.001545 7.467014
-0.006209 0.001396 7.467014
-0.006322 0.001249 7.467014
-0.006441 0.001105 7.467014
-0.006561 0.000963 7.467014
-0.006679 0.000819 7.467014
-0.006804 0.000681 7.467014
-0.006931 0.000546 7.467014
-0.007057 0.000409 7.467014
-0.007187 0.000276 7.467014
-0.007315 0.000141 7.467014
-0.007343 -0.000043 7.467014
-0.007220 -0.000183 7.467014
-0.007091 -0.000317 7.467014
-0.006954 -0.000443 7.467014
-0.006822 -0.000574 7.467014
-0.006692 -0.000707 7.467014
-0.006572 -0.000849 7.467014
-0.006464 -0.001000 7.467014
-0.006355 -0.001151 7.467014
-0.006248 -0.001304 7.467014
-0.006145 -0.001458 7.467014
-0.006038 -0.001610 7.467014
-0.005931 -0.001763 7.467014
-0.005813 -0.001907 7.467014
-0.005703 -0.002057 7.467014
-0.005588 -0.002203 7.467014
-0.005483 -0.002357 7.467014
-0.005352 -0.002488 7.467014
-0.005247 -0.002642 7.467014
-0.005126 -0.002783 7.467014
-0.005018 -0.002935 7.467014
-0.004960 -0.003111 7.467014
-0.004877 -0.003278 7.467014
-0.004824 -0.003456 7.467014
-0.004750 -0.003627 7.467014
-0.004689 -0.003803 7.467014
-0.004607 -0.003970 7.467014
-0.004549 -0.004147 7.467014
-0.004481 -0.004320 7.467014
-0.004414 -0.004493 7.467014
-0.004347 -0.004667 7.467014
-0.004282 -0.004841 7.467014
-0.004224 -0.005018 7.467014
-0.004170 -0.005196 7.467014
-0.004110 -0.005372 7.467014
-0.004053 -0.005549 7.467014
-0.004001 -0.005728 7.467014
-0.003947 -0.005906 7.467014
-0.003898 -0.006085 7.467014
-0.003848 -0.006265 7.467014
-0.003700 -0.006377 7.467014
-0.003517 -0.006341 7.467014
-0.003333 -0.006314 7.467014
-0.003151 -0.006279 7.467014
-0.002969 -0.006236 7.467014
-0.002791 -0.006185 7.467014
-0.002610 -0.006139 7.467014
-0.002428 -0.006105 7.467014
-0.002244 -0.006073 7.467014
-0.002059 -0.006051 7.467014
-0.001874 -0.006039 7.467014
-0.001688 -0.006027 7.467014
-0.001503 -0.006015 7.467014
-0.001318 -0.005994 7.467014
-0.001134 -0.005967 7.467014
-0.000948 -0.005953 7.467014
-0.000764 -0.005928 7.467014
-0.000580 -0.005902 7.467014
-0.000398 -0.005863 7.467014
-0.000212 -0.005849 7.467014
-0.000029 -0.005814 7.467014
0.000156 -0.005832 7.467014
0.000339 -0.005866 7.467014
0.000524 -0.005885 7.467014
0.000705 -0.005927 7.467014
0.000890 -0.005948 7.467014
0.001075 -0.005971 7.467014
0.001258 -0.006000 7.467014
0.001441 -0.006033 7.467014
0.001625 -0.006060 7.467014
0.001809 -0.006090 7.467014
0.001992 -0.006121 7.467014
0.002175 -0.006159 7.467014
0.002355 -0.006204 7.467014
0.002537 -0.006244 7.467014
0.002718 -0.006287 7.467014
0.002898 -0.006333 7.467014
0.003079 -0.006375 7.467014
0.003259 -0.006421 7.467014
0.003440 -0.006467 7.467014
0.003611 -0.006394 7.467014
0.003665 -0.006216 7.467014
0.003728 -0.006041 7.467014
0.003795 -0.005867 7.467014
0.003863 -0.005694 7.467014
0.003922 -0.005518 7.467014
0.003980 -0.005341 7.467014
0.004049 -0.005168 7.467014
0.004118 -0.004996 7.467014
0.004195 -0.004826 7.467014
0.004280 -0.004660 7.467014
0.004364 -0.004495 7.467014
0.004445 -0.004327 7.467014
0.004524 -0.004159 7.467014
0.004588 -0.003984 7.467014
0.004674 -0.003819 7.467014
0.004738 -0.003644 7.467014
0.004815 -0.003475 7.467014
0.004865 -0.003296 7.467014
0.004953 -0.003132 7.467014
0.005005 -0.002953 7.467014
0.005107 -0.002798 7.467014
0.005235 -0.002662 7.467014
0.005334 -0.002505 7.467014
0.005468 -0.002376 7.467014
0.005574 -0.002223 7.467014
0.005690 -0.002078 7.467014
0.005802 -0.001929 7.467014
0.005923 -0.001788 7.467014
0.006036 -0.001640 7.467014
0.006152 -0.001495 7.467014
0.006268 -0.001349 7.467014
0.006389 -0.001208 7.467014
0.006517 -0.001072 7.467014
0.006641 -0.000934 7.467014
0.006767 -0.000798 7.467014
0.006898 -0.000665 7.467014
0.007026 -0.000530 7.467014
0.007155 -0.000396 7.467014
0.007285 -0.000263 7.467014
0.007309 -0.000078 7.467014

