0.006225 -0.000000 2.298611
0.006173 0.000149 2.298611
0.006074 0.000271 2.298611
0.005974 0.000393 2.298611
0.005878 0.000517 2.298611
0.005783 0.000643 2.298611
0.005681 0.000763 2.298611
0.005577 0.000881 2.298611
0.005478 0.001003 2.298611
0.005386 0.001131 2.298611
0.005293 0.001258 2.298611
0.005194 0.001381 2.298611
0.005089 0.001498 2.298611
0.004982 0.001614 2.298611
0.004877 0.001731 2.298611
0.004775 0.001851 2.298611
0.004678 0.001975 2.298611
0.004587 0.002103 2.298611
0.004501 0.002235 2.298611
0.004418 0.002369 2.298611
0.004337 0.002504 2.298611
0.004260 0.002642 2.298611
0.004186 0.002780 2.298611
0.004115 0.002921 2.298611
0.004049 0.003064 2.298611
0.003990 0.003210 2.298611
0.003937 0.003358 2.298611
0.003889 0.003508 2.298611
0.003842 0.003658 2.298611
0.003793 0.003808 2.298611
0.003737 0.003955 2.298611
0.003672 0.004099 2.298611
0.003608 0.004242 2.298611
0.003552 0.004389 2.298611
0.003502 0.004539 2.298611
0.003448 0.004687 2.298611
0.003387 0.004832 2.298611
0.003327 0.004977 2.298611
0.003271 0.005125 2.298611
0.003215 0.005272 2.298611
0.003113 0.005391 2.298611
0.002958 0.005421 2.298611
0.002802 0.005395 2.298611
0.002647 0.005370 2.298611
0.002491 0.005349 2.298611
0.002335 0.005329 2.298611
0.002180 0.005302 2.298611
0.002025 0.005271 2.298611
0.001870 0.005246 2.298611
0.001713 0.005230 2.298611
0.001557 0.005213 2.298611
0.001401 0.005189 2.298611
0.001247 0.005156 2.298611
0.001094 0.005122 2.298611
0.000940 0.005089 2.298611
0.000785 0.005060 2.298611
0.000629 0.005039 2.298611
0.000472 0.005024 2.298611
0.000315 0.005016 2.298611
0.000157 0.005010 2.298611
-0.000000 0.005008 2.298611
-0.000157 0.005010 2.298611
-0.000315 0.005016 2.298611
-0.000472 0.005024 2.298611
-0.000629 0.005039 2.298611
-0.000785 0.005060 2.298611
-0.000940 0.005089 2.298611
-0.001094 0.005122 2.298611
-0.001247 0.005156 2.298611
-0.001401 0.005189 2.298611
-0.001557 0.005213 2.298611
-0.001713 0.005230 2.298611
-0.001870 0.005246 2.298611
-0.002025 0.005271 2.298611
-0.002180 0.005302 2.298611
-0.002335 0.005329 2.298611
-0.002491 0.005349 2.298611
-0.002647 0.005370 2.298611
-0.002802 0.005395 2.298611
-0.002958 0.005421 2.298611
-0.003113 0.005391 2.298611
-0.003215 0.005272 2.298611
-0.003271 0.005125 2.298611
-0.003327 0.004977 2.298611
-0.003387 0.004832 2.298611
-0.003448 0.004687 2.298611
-0.003502 0.004539 2.298611
-0.003552 0.004389 2.298611
-0.003608 0.004242 2.298611
-0.003672 0.004099 2.298611
-0.003737 0.003955 2.298611
-0.003793 0.003808 2.298611
-0.003842 0.003658 2.298611
-0.003889 0.003508 2.298611
-0.003937 0.003358 2.298611
-0.003990 0.003210 2.298611
-0.004049 0.003064 2.298611
-0.004115 0.002921 2.298611
-0.004186 0.002780 2.298611
-0.004260 0.002642 2.298611
-0.004337 0.002504 2.298611
-0.004418 0.002369 2.298611
-0.004501 0.002235 2.298611
-0.004587 0.002103 2.298611
-0.004678 0.001975 2.298611
-0.004775 0.001851 2.298611
-0.004877 0.001731 2.298611
-0.004982 0.001614 2.298611
-0.005089 0.001498 2.298611
-0.005194 0.001381 2.298611
-0.005293 0.001258 2.298611
-0.005386 0.001131 2.298611
-0.005478 0.001003 2.298611
-0.005577 0.000881 2.298611
-0.005681 0.000763 2.298611
-0.005783 0.000643 2.298611
-0.005878 0.000517 2.298611
-0.005974 0.000393 2.298611
-0.006074 0.000271 2.298611
-0.006173 0.000149 2.298611
-0.006225 0.000000 2.298611
-0.006173 -0.000149 2.298611
-0.006074 -0.000271 2.298611
-0.005974 -0.000393 2.298611
-0.005878 -0.000517 2.298611
-0.005783 -0.000643 2.298611
-0.005681 -0.000763 2.298611
-0.005577 -0.000881 2.298611
-0.005478 -0.001003 2.298611
-0.005386 -0.001131 2.298611
-0.005293 -0.001258 2.298611
-0.005194 -0.001381 2.298611
-0.005089 -0.001498 2.298611
-0.004982 -0.001614 2.298611
-0.004877 -0.001731 2.298611
-0.004775 -0.001851 2.298611
-0.004678 -0.001975 2.298611
-0.004587 -0.002103 2.298611
-0.004501 -0.002235 2.298611
-0.004418 -0.002369 2.298611
-0.004337 -0.002504 2.298611
-0.004260 -0.002642 2.298611
-0.004186 -0.002780 2.298611
-0.004115 -0.002921 2.298611
-0.004049 -0.003064 2.298611
-0.003990 -0.003210 2.298611
-0.003937 -0.003358 2.298611
-0.003889 -0.003508 2.298611
-0.003842 -0.003658 2.298611
-0.003793 -0.003808 2.298611
-0.003737 -0.003955 2.298611
-0.003672 -0.004099 2.298611
-0.003608 -0.004242 2.298611
-0.003552 -0.004389 2.298611
-0.003502 -0.004539 2.298611
-0.003448 -0.004687 2.298611
-0.003387 -0.004832 2.298611
-0.003327 -0.004977 2.298611
-0.003271 -0.005125 2.298611
-0.003215 -0.005272 2.298611
-0.003113 -0.005391 2.298611
-0.002958 -0.005421 2.298611
-0.002802 -0.005395 2.298611
-0.002647 -0.005370 2.298611
-0.002491 -0.005349 2.298611
-0.002335 -0.005329 2.298611
-0.002180 -0.005302 2.298611
-0.002025 -0.005271 2.298611
-0.001870 -0.005246 2.298611
-0.001713 -0.005230 2.298611
-0.001557 -0.005213 2.298611
-0.001401 -0.005189 2.298611
-0.001247 -0.005156 2.298611
-0.001094 -0.005122 2.298611
-0.000940 -0.005089 2.298611
-0.000785 -0.005060 2.298611
-0.000629 -0.005039 2.298611
-0.000472 -0.005024 2.298611
-0.000315 -0.005016 2.298611
-0.000157 -0.005010 2.298611
0.000000 -0.005008 2.298611
0.000157 -0.005010 2.298611
0.000315 -0.005016 2.298611
0.000472 -0.005024 2.298611
0.000629 -0.005039 2.298611
0.000785 -0.005060 2.298611
0.000940 -0.005089 2.298611
0.001094 -0.005122 2.298611
0.001247 -0.005156 2.298611
0.001401 -0.005189 2.298611
0.001557 -0.005213 2.298611
0.001713 -0.005230 2.298611
0.001870 -0.005246 2.298611
0.002025 -0.005271 2.298611
0.002180 -0.005302 2.298611
0.002335 -0.005329 2.298611
0.002491 -0.005349 2.298611
0.002647 -0.005370 2.298611
0.002802 -0.005395 2.298611
0.002958 -0.005421 2.298611
0.003113 -0.005391 2.298611
0.003215 -0.005272 2.298611
0.003271 -0.005125 2.298611
0.003327 -0.004977 2.298611
0.003387 -0.004832 2.298611
0.003448 -0.004687 2.298611
0.003502 -0.004539 2.298611
0.003552 -0.004389 2.298611
0.003608 -0.004242 2.298611
0.003672 -0.004099 2.298611
0.003737 -0.003955 2.298611
0.003793 -0.003808 2.298611
0.003842 -0.003658 2.298611
0.003889 -0.003508 2.298611
0.003937 -0.003358 2.298611
0.003990 -0.003210 2.298611
0.004049 -0.003064 2.298611
0.004115 -0.002921 2.298611
0.004186 -0.002780 2.298611
0.004260 -0.002642 2.298611
0.004337 -0.002504 2.298611
0.004418 -0.002369 2.298611
0.004501 -0.002235 2.298611
0.004587 -0.002103 2.298611
0.004678 -0.001975 2.298611
0.004775 -0.001851 2.298611
0.004877 -0.001731 2.298611
0.004982 -0.001614 2.298611
0.005089 -0.001498 2.298611
0.005194 -0.001381 2.298611
0.005293 -0.001258 2.298611
0.005386 -0.001131 2.298611
0.005478 -0.001003 2.298611
0.005577 -0.000881 2.298611
0.005681 -0.000763 2.298611
0.005783 -0.000643 2.298611
0.005878 -0.000517 2.298611
0.005974 -0.000393 2.298611
0.006074 -0.000271 2.298611
0.006173 -0.000149 2.298611
0.006225 -0.000000 2.298611

