0.005173 -0.000000 0.487847
0.005171 0.000134 0.487847
0.005165 0.000268 0.487847
0.005154 0.000401 0.487847
0.005138 0.000534 0.487847
0.005118 0.000666 0.487847
0.005093 0.000798 0.487847
0.005062 0.000928 0.487847
0.005027 0.001057 0.487847
0.004987 0.001185 0.487847
0.004942 0.001311 0.487847
0.004893 0.001436 0.487847
0.004840 0.001559 0.487847
0.004783 0.001680 0.487847
0.004724 0.001800 0.487847
0.004663 0.001919 0.487847
0.004599 0.002037 0.487847
0.004533 0.002153 0.487847
0.004466 0.002269 0.487847
0.004398 0.002385 0.487847
0.004331 0.002501 0.487847
0.004265 0.002617 0.487847
0.004198 0.002733 0.487847
0.004131 0.002849 0.487847
0.004063 0.002964 0.487847
0.003993 0.003079 0.487847
0.003921 0.003191 0.487847
0.003847 0.003303 0.487847
0.003770 0.003412 0.487847
0.003690 0.003519 0.487847
0.003606 0.003624 0.487847
0.003520 0.003726 0.487847
0.003429 0.003825 0.487847
0.003335 0.003920 0.487847
0.003237 0.004011 0.487847
0.003136 0.004099 0.487847
0.003031 0.004183 0.487847
0.002924 0.004263 0.487847
0.002814 0.004339 0.487847
0.002702 0.004411 0.487847
0.002587 0.004480 0.487847
0.002470 0.004545 0.487847
0.002351 0.004606 0.487847
0.002229 0.004664 0.487847
0.002107 0.004717 0.487847
0.001982 0.004765 0.487847
0.001855 0.004809 0.487847
0.001727 0.004848 0.487847
0.001598 0.004883 0.487847
0.001467 0.004911 0.487847
0.001335 0.004935 0.487847
0.001203 0.004955 0.487847
0.001070 0.004970 0.487847
0.000937 0.004983 0.487847
0.000803 0.004992 0.487847
0.000669 0.004998 0.487847
0.000536 0.005001 0.487847
0.000402 0.005002 0.487847
0.000268 0.005002 0.487847
0.000134 0.005002 0.487847
-0.000000 0.005001 0.487847
-0.000134 0.005002 0.487847
-0.000268 0.005002 0.487847
-0.000402 0.005002 0.487847
-0.000536 0.005001 0.487847
-0.000669 0.004998 0.487847
-0.000803 0.004992 0.487847
-0.000937 0.004983 0.487847
-0.001070 0.004970 0.487847
-0.001203 0.004955 0.487847
-0.001335 0.004935 0.487847
-0.001467 0.004911 0.487847
-0.001598 0.004883 0.487847
-0.001727 0.004848 0.487847
-0.001855 0.004809 0.487847
-0.001982 0.004765 0.487847
-0.002107 0.004717 0.487847
-0.002229 0.004664 0.487847
-0.002351 0.004606 0.487847
-0.002470 0.004545 0.487847
-0.002587 0.004480 0.487847
-0.002702 0.004411 0.487847
-0.002814 0.004339 0.487847
-0.002924 0.004263 0.487847
-0.003031 0.004183 0.487847
-0.003136 0.004099 0.487847
-0.003237 0.004011 0.487847
-0.003335 0.003920 0.487847
-0.003429 0.003825 0.487847
-0.003520 0.003726 0.487847
-0.003606 0.003624 0.487847
-0.003690 0.003519 0.487847
-0.003770 0.003412 0.487847
-0.003847 0.003303 0.487847
-0.003921 0.003191 0.487847
-0.003993 0.003079 0.487847
-0.004063 0.002964 0.487847
-0.004131 0.002849 0.487847
-0.004198 0.002733 0.487847
-0.004265 0.002617 0.487847
-0.004331 0.002501 0.487847
-0.004398 0.002385 0.487847
-0.004466 0.002269 0.487847
-0.004533 0.002153 0.487847
-0.004599 0.002037 0.487847
-0.004663 0.001919 0.487847
-0.004724 0.001800 0.487847
-0.004783 0.001680 0.487847
-0.004840 0.001559 0.487847
-0.004893 0.001436 0.487847
-0.004942 0.001311 0.487847
-0.004987 0.001185 0.487847
-0.005027 0.001057 0.487847
-0.005062 0.000928 0.487847
-0.005093 0.000798 0.487847
-0.005118 0.000666 0.487847
-0.005138 0.000534 0.487847
-0.005154 0.000401 0.487847
-0.005165 0.000268 0.487847
-0.005171 0.000134 0.487847
-0.005173 0.000000 0.487847
-0.005171 -0.000134 0.487847
-0.005165 -0.000268 0.487847
-0.005154 -0.000401 0.487847
-0.005138 -0.000534 0.487847
-0.005118 -0.000666 0.487847
-0.005093 -0.000798 0.487847
-0.005062 -0.000928 0.487847
-0.005027 -0.001057 0.487847
-0.004987 -0.001185 0.487847
-0.004942 -0.001311 0.487847
-0.004893 -0.001436 0.487847
-0.004840 -0.001559 0.487847
-0.004783 -0.001680 0.487847
-0.004724 -0.001800 0.487847
-0.004663 -0.001919 0.487847
-0.004599 -0.002037 0.487847
-0.004533 -0.002153 0.487847
-0.004466 -0.002269 0.487847
-0.004398 -0.002385 0.487847
-0.004331 -0.002501 0.487847
-0.004265 -0.002617 0.487847
-0.004198 -0.002733 0.487847
-0.004131 -0.002849 0.487847
-0.004063 -0.002964 0.487847
-0.003993 -0.003079 0.487847
-0.003921 -0.003191 0.487847
-0.003847 -0.003303 0.487847
-0.003770 -0.003412 0.487847
-0.003690 -0.003519 0.487847
-0.003606 -0.003624 0.487847
-0.003520 -0.003726 0.487847
-0.003429 -0.003825 0.487847
-0.003335 -0.003920 0.487847
-0.003237 -0.004011 0.487847
-0.003136 -0.004099 0.487847
-0.003031 -0.004183 0.487847
-0.002924 -0.004263 0.487847
-0.002814 -0.004339 0.487847
-0.002702 -0.004411 0.487847
-0.002587 -0.004480 0.487847
-0.002470 -0.004545 0.487847
-0.002351 -0.004606 0.487847
-0.002229 -0.004664 0.487847
-0.002107 -0.004717 0.487847
-0.001982 -0.004765 0.487847
-0.001855 -0.004809 0.487847
-0.001727 -0.004848 0.487847
-0.001598 -0.004883 0.487847
-0.001467 -0.004911 0.487847
-0.001335 -0.004935 0.487847
-0.001203 -0.004955 0.487847
-0.001070 -0.004970 0.487847
-0.000937 -0.004983 0.487847
-0.000803 -0.004992 0.487847
-0.000669 -0.004998 0.487847
-0.000536 -0.005001 0.487847
-0.000402 -0.005002 0.487847
-0.000268 -0.005002 0.487847
-0.000134 -0.005002 0.487847
0.000000 -0.005001 0.487847
0.000134 -0.005002 0.487847
0.000268 -0.005002 0.487847
0.000402 -0.005002 0.487847
0.000536 -0.005001 0.487847
0.000669 -0.004998 0.487847
0.000803 -0.004992 0.487847
0.000937 -0.004983 0.487847
0.001070 -0.004970 0.487847
0.001203 -0.004955 0.487847
0.001335 -0.004935 0.487847
0.001467 -0.004911 0.487847
0.001598 -0.004883 0.487847
0.001727 -0.004848 0.487847
0.001855 -0.004809 0.487847
0.001982 -0.004765 0.487847
0.002107 -0.004717 0.487847
0.002229 -0.004664 0.487847
0.002351 -0.004606 0.487847
0.002470 -0.004545 0.487847
0.002587 -0.004480 0.487847
0.002702 -0.004411 0.487847
0.002814 -0.004339 0.487847
0.002924 -0.004263 0.487847
0.003031 -0.004183 0.487847
0.003136 -0.004099 0.487847
0.003237 -0.004011 0.487847
0.003335 -0.003920 0.487847
0.003429 -0.003825 0.487847
0.003520 -0.003726 0.487847
0.003606 -0.003624 0.487847
0.003690 -0.003519 0.487847
0.003770 -0.003412 0.487847
0.003847 -0.003303 0.487847
0.003921 -0.003191 0.487847
0.003993 -0.003079 0.487847
0.004063 -0.002964 0.487847
0.004131 -0.002849 0.487847
0.004198 -0.002733 0.487847
0.004265 -0.002617 0.487847
0.004331 -0.002501 0.487847
0.004398 -0.002385 0.487847
0.004466 -0.002269 0.487847
0.004533 -0.002153 0.487847
0.004599 -0.002037 0.487847
0.004663 -0.001919 0.487847
0.004724 -0.001800 0.487847
0.004783 -0.001680 0.487847
0.004840 -0.001559 0.487847
0.004893 -0.001436 0.487847
0.004942 -0.001311 0.487847
0.004987 -0.001185 0.487847
0.005027 -0.001057 0.487847
0.005062 -0.000928 0.487847
0.005093 -0.000798 0.487847
0.005118 -0.000666 0.487847
0.005138 -0.000534 0.487847
0.005154 -0.000401 0.487847
0.005165 -0.000268 0.487847
0.005171 -0.000134 0.487847
0.005173 -0.000000 0.487847

