0.007507 -0.000082 8.201389
0.007374 0.000056 8.201389
0.007243 0.000196 8.201389
0.007112 0.000336 8.201389
0.006981 0.000476 8.201389
0.006859 0.000623 8.201389
0.006733 0.000769 8.201389
0.006604 0.000910 8.201389
0.006478 0.001054 8.201389
0.006359 0.001205 8.201389
0.006241 0.001356 8.201389
0.006135 0.001516 8.201389
0.006025 0.001672 8.201389
0.005936 0.001842 8.201389
0.005821 0.001996 8.201389
0.005719 0.002158 8.201389
0.005594 0.002303 8.201389
0.005496 0.002468 8.201389
0.005372 0.002614 8.201389
0.005262 0.002771 8.201389
0.005134 0.002913 8.201389
0.005052 0.003087 8.201389
0.004995 0.003270 8.201389
0.004913 0.003443 8.201389
0.004845 0.003622 8.201389
0.004759 0.003793 8.201389
0.004704 0.003977 8.201389
0.004614 0.004146 8.201389
0.004543 0.004325 8.201389
0.004465 0.004500 8.201389
0.004401 0.004680 8.201389
0.004330 0.004858 8.201389
0.004267 0.005039 8.201389
0.004204 0.005220 8.201389
0.004153 0.005405 8.201389
0.004103 0.005590 8.201389
0.004049 0.005774 8.201389
0.003997 0.005959 8.201389
0.003943 0.006143 8.201389
0.003886 0.006325 8.201389
0.003735 0.006444 8.201389
0.003549 0.006397 8.201389
0.003361 0.006357 8.201389
0.003174 0.006315 8.201389
0.002988 0.006268 8.201389
0.002801 0.006227 8.201389
0.002614 0.006184 8.201389
0.002426 0.006147 8.201389
0.002236 0.006127 8.201389
0.002045 0.006111 8.201389
0.001853 0.006102 8.201389
0.001662 0.006085 8.201389
0.001471 0.006075 8.201389
0.001280 0.006055 8.201389
0.001088 0.006055 8.201389
0.000902 0.006012 8.201389
0.000710 0.006005 8.201389
0.000521 0.005973 8.201389
0.000330 0.005959 8.201389
0.000143 0.005916 8.201389
-0.000048 0.005902 8.201389
-0.000235 0.005944 8.201389
-0.000426 0.005959 8.201389
-0.000615 0.005994 8.201389
-0.000806 0.005995 8.201389
-0.000994 0.006032 8.201389
-0.001186 0.006038 8.201389
-0.001377 0.006058 8.201389
-0.001568 0.006056 8.201389
-0.001759 0.006080 8.201389
-0.001949 0.006097 8.201389
-0.002139 0.006128 8.201389
-0.002328 0.006159 8.201389
-0.002516 0.006193 8.201389
-0.002705 0.006227 8.201389
-0.002895 0.006254 8.201389
-0.003084 0.006283 8.201389
-0.003271 0.006327 8.201389
-0.003457 0.006372 8.201389
-0.003643 0.006417 8.201389
-0.003830 0.006463 8.201389
-0.003979 0.006343 8.201389
-0.004036 0.006160 8.201389
-0.004088 0.005975 8.201389
-0.004140 0.005791 8.201389
-0.004195 0.005607 8.201389
-0.004244 0.005422 8.201389
-0.004295 0.005237 8.201389
-0.004353 0.005054 8.201389
-0.004406 0.004870 8.201389
-0.004463 0.004687 8.201389
-0.004518 0.004503 8.201389
-0.004583 0.004323 8.201389
-0.004645 0.004142 8.201389
-0.004728 0.003969 8.201389
-0.004774 0.003783 8.201389
-0.004861 0.003612 8.201389
-0.004921 0.003430 8.201389
-0.005006 0.003258 8.201389
-0.005058 0.003074 8.201389
-0.005143 0.002902 8.201389
-0.005276 0.002763 8.201389
-0.005383 0.002605 8.201389
-0.005513 0.002463 8.201389
-0.005610 0.002299 8.201389
-0.005744 0.002161 8.201389
-0.005852 0.002002 8.201389
-0.005973 0.001854 8.201389
-0.006083 0.001697 8.201389
-0.006213 0.001556 8.201389
-0.006334 0.001407 8.201389
-0.006462 0.001265 8.201389
-0.006588 0.001121 8.201389
-0.006717 0.000979 8.201389
-0.006852 0.000842 8.201389
-0.006984 0.000704 8.201389
-0.007114 0.000563 8.201389
-0.007248 0.000426 8.201389
-0.007379 0.000286 8.201389
-0.007509 0.000145 8.201389
-0.007535 -0.000045 8.201389
-0.007400 -0.000181 8.201389
-0.007272 -0.000324 8.201389
-0.007147 -0.000469 8.201389
-0.007016 -0.000609 8.201389
-0.006882 -0.000746 8.201389
-0.006742 -0.000877 8.201389
-0.006602 -0.001008 8.201389
-0.006473 -0.001150 8.201389
-0.006345 -0.001293 8.201389
-0.006230 -0.001446 8.201389
-0.006110 -0.001595 8.201389
-0.006005 -0.001756 8.201389
-0.005890 -0.001909 8.201389
-0.005796 -0.002076 8.201389
-0.005668 -0.002219 8.201389
-0.005563 -0.002379 8.201389
-0.005444 -0.002530 8.201389
-0.005335 -0.002688 8.201389
-0.005206 -0.002829 8.201389
-0.005097 -0.002987 8.201389
-0.005041 -0.003170 8.201389
-0.004963 -0.003345 8.201389
-0.004901 -0.003527 8.201389
-0.004816 -0.003698 8.201389
-0.004763 -0.003883 8.201389
-0.004688 -0.004059 8.201389
-0.004629 -0.004242 8.201389
-0.004552 -0.004417 8.201389
-0.004505 -0.004603 8.201389
-0.004440 -0.004783 8.201389
-0.004388 -0.004968 8.201389
-0.004327 -0.005149 8.201389
-0.004269 -0.005332 8.201389
-0.004217 -0.005517 8.201389
-0.004167 -0.005702 8.201389
-0.004112 -0.005885 8.201389
-0.004061 -0.006070 8.201389
-0.004005 -0.006253 8.201389
-0.003947 -0.006436 8.201389
-0.003797 -0.006555 8.201389
-0.003612 -0.006506 8.201389
-0.003426 -0.006458 8.201389
-0.003240 -0.006414 8.201389
-0.003051 -0.006378 8.201389
-0.002861 -0.006351 8.201389
-0.002674 -0.006314 8.201389
-0.002488 -0.006265 8.201389
-0.002302 -0.006219 8.201389
-0.002116 -0.006174 8.201389
-0.001929 -0.006131 8.201389
-0.001740 -0.006098 8.201389
-0.001551 -0.006065 8.201389
-0.001360 -0.006053 8.201389
-0.001169 -0.006038 8.201389
-0.000977 -0.006029 8.201389
-0.000789 -0.005996 8.201389
-0.000597 -0.005990 8.201389
-0.000407 -0.005963 8.201389
-0.000217 -0.005943 8.201389
-0.000028 -0.005909 8.201389
0.000162 -0.005933 8.201389
0.000350 -0.005970 8.201389
0.000541 -0.005990 8.201389
0.000730 -0.006021 8.201389
0.000920 -0.006044 8.201389
0.001106 -0.006092 8.201389
0.001297 -0.006113 8.201389
0.001485 -0.006150 8.201389
0.001672 -0.006189 8.201389
0.001859 -0.006234 8.201389
0.002045 -0.006279 8.201389
0.002231 -0.006325 8.201389
0.002418 -0.006366 8.201389
0.002604 -0.006413 8.201389
0.002790 -0.006461 8.201389
0.002976 -0.006504 8.201389
0.003162 -0.006551 8.201389
0.003348 -0.006597 8.201389
0.003536 -0.006638 8.201389
0.003714 -0.006568 8.201389
0.003767 -0.006384 8.201389
0.003820 -0.006200 8.201389
0.003873 -0.006016 8.201389
0.003925 -0.005831 8.201389
0.003992 -0.005652 8.201389
0.004062 -0.005473 8.201389
0.004126 -0.005292 8.201389
0.004189 -0.005111 8.201389
0.004254 -0.004931 8.201389
0.004313 -0.004749 8.201389
0.004388 -0.004572 8.201389
0.004457 -0.004394 8.201389
0.004560 -0.004232 8.201389
0.004630 -0.004053 8.201389
0.004722 -0.003885 8.201389
0.004785 -0.003704 8.201389
0.004885 -0.003540 8.201389
0.004943 -0.003358 8.201389
0.005027 -0.003185 8.201389
0.005083 -0.003002 8.201389
0.005190 -0.002843 8.201389
0.005323 -0.002705 8.201389
0.005430 -0.002546 8.201389
0.005558 -0.002403 8.201389
0.005661 -0.002241 8.201389
0.005800 -0.002110 8.201389
0.005906 -0.001951 8.201389
0.006035 -0.001809 8.201389
0.006155 -0.001659 8.201389
0.006290 -0.001523 8.201389
0.006417 -0.001380 8.201389
0.006552 -0.001243 8.201389
0.006680 -0.001101 8.201389
0.006814 -0.000964 8.201389
0.006950 -0.000828 8.201389
0.007080 -0.000687 8.201389
0.007214 -0.000550 8.201389
0.007347 -0.000413 8.201389
0.007478 -0.000272 8.201389
0.007507 -0.000082 8.201389

