0.006815 -0.000000 5.154514
0.006756 0.000162 5.154514
0.006650 0.000298 5.154514
0.006541 0.000431 5.154514
0.006434 0.000567 5.154514
0.006327 0.000701 5.154514
0.006222 0.000838 5.154514
0.006110 0.000969 5.154514
0.006002 0.001104 5.154514
0.005896 0.001240 5.154514
0.005791 0.001376 5.154514
0.005683 0.001511 5.154514
0.005569 0.001640 5.154514
0.005464 0.001776 5.154514
0.005359 0.001914 5.154514
0.005254 0.002050 5.154514
0.005145 0.002184 5.154514
0.005030 0.002312 5.154514
0.004923 0.002448 5.154514
0.004822 0.002587 5.154514
0.004715 0.002722 5.154514
0.004651 0.002882 5.154514
0.004581 0.003040 5.154514
0.004518 0.003200 5.154514
0.004464 0.003364 5.154514
0.004402 0.003525 5.154514
0.004337 0.003684 5.154514
0.004270 0.003843 5.154514
0.004205 0.004003 5.154514
0.004150 0.004166 5.154514
0.004087 0.004327 5.154514
0.004021 0.004486 5.154514
0.003957 0.004646 5.154514
0.003894 0.004807 5.154514
0.003837 0.004969 5.154514
0.003771 0.005128 5.154514
0.003708 0.005289 5.154514
0.003644 0.005449 5.154514
0.003583 0.005610 5.154514
0.003519 0.005770 5.154514
0.003407 0.005902 5.154514
0.003238 0.005932 5.154514
0.003067 0.005908 5.154514
0.002897 0.005880 5.154514
0.002726 0.005856 5.154514
0.002556 0.005830 5.154514
0.002385 0.005808 5.154514
0.002216 0.005776 5.154514
0.002045 0.005750 5.154514
0.001874 0.005726 5.154514
0.001704 0.005703 5.154514
0.001533 0.005677 5.154514
0.001364 0.005643 5.154514
0.001193 0.005620 5.154514
0.001022 0.005598 5.154514
0.000852 0.005575 5.154514
0.000681 0.005548 5.154514
0.000513 0.005513 5.154514
0.000342 0.005488 5.154514
0.000171 0.005469 5.154514
-0.000000 0.005445 5.154514
-0.000171 0.005469 5.154514
-0.000342 0.005488 5.154514
-0.000513 0.005513 5.154514
-0.000681 0.005548 5.154514
-0.000852 0.005575 5.154514
-0.001022 0.005598 5.154514
-0.001193 0.005620 5.154514
-0.001364 0.005643 5.154514
-0.001533 0.005677 5.154514
-0.001704 0.005703 5.154514
-0.001875 0.005726 5.154514
-0.002045 0.005750 5.154514
-0.002216 0.005776 5.154514
-0.002385 0.005808 5.154514
-0.002556 0.005830 5.154514
-0.002726 0.005856 5.154514
-0.002897 0.005880 5.154514
-0.003067 0.005908 5.154514
-0.003238 0.005932 5.154514
-0.003408 0.005902 5.154514
-0.003519 0.005770 5.154514
-0.003584 0.005610 5.154514
-0.003644 0.005449 5.154514
-0.003708 0.005289 5.154514
-0.003771 0.005128 5.154514
-0.003837 0.004969 5.154514
-0.003894 0.004807 5.154514
-0.003957 0.004646 5.154514
-0.004022 0.004486 5.154514
-0.004087 0.004327 5.154514
-0.004150 0.004166 5.154514
-0.004205 0.004003 5.154514
-0.004270 0.003843 5.154514
-0.004337 0.003684 5.154514
-0.004402 0.003525 5.154514
-0.004464 0.003364 5.154514
-0.004518 0.003200 5.154514
-0.004581 0.003040 5.154514
-0.004651 0.002882 5.154514
-0.004715 0.002722 5.154514
-0.004822 0.002587 5.154514
-0.004923 0.002448 5.154514
-0.005030 0.002312 5.154514
-0.005145 0.002184 5.154514
-0.005254 0.002050 5.154514
-0.005359 0.001913 5.154514
-0.005464 0.001776 5.154514
-0.005569 0.001640 5.154514
-0.005683 0.001511 5.154514
-0.005791 0.001376 5.154514
-0.005896 0.001240 5.154514
-0.006002 0.001104 5.154514
-0.006110 0.000969 5.154514
-0.006222 0.000838 5.154514
-0.006327 0.000701 5.154514
-0.006435 0.000567 5.154514
-0.006541 0.000431 5.154514
-0.006650 0.000298 5.154514
-0.006757 0.000162 5.154514
-0.006815 0.000000 5.154514
-0.006756 -0.000162 5.154514
-0.006650 -0.000298 5.154514
-0.006541 -0.000431 5.154514
-0.006434 -0.000567 5.154514
-0.006327 -0.000701 5.154514
-0.006222 -0.000838 5.154514
-0.006110 -0.000969 5.154514
-0.006002 -0.001104 5.154514
-0.005896 -0.001240 5.154514
-0.005791 -0.001376 5.154514
-0.005683 -0.001511 5.154514
-0.005569 -0.001640 5.154514
-0.005464 -0.001776 5.154514
-0.005359 -0.001914 5.154514
-0.005254 -0.002050 5.154514
-0.005145 -0.002184 5.154514
-0.005030 -0.002312 5.154514
-0.004923 -0.002448 5.154514
-0.004822 -0.002587 5.154514
-0.004715 -0.002722 5.154514
-0.004651 -0.002882 5.154514
-0.004581 -0.003040 5.154514
-0.004518 -0.003200 5.154514
-0.004464 -0.003364 5.154514
-0.004402 -0.003525 5.154514
-0.004337 -0.003684 5.154514
-0.004270 -0.003843 5.154514
-0.004205 -0.004003 5.154514
-0.004150 -0.004166 5.154514
-0.004087 -0.004327 5.154514
-0.004022 -0.004486 5.154514
-0.003957 -0.004646 5.154514
-0.003894 -0.004807 5.154514
-0.003837 -0.004969 5.154514
-0.003771 -0.005128 5.154514
-0.003708 -0.005289 5.154514
-0.003644 -0.005449 5.154514
-0.003584 -0.005611 5.154514
-0.003520 -0.005771 5.154514
-0.003408 -0.005902 5.154514
-0.003238 -0.005931 5.154514
-0.003067 -0.005908 5.154514
-0.002897 -0.005880 5.154514
-0.002726 -0.005856 5.154514
-0.002556 -0.005830 5.154514
-0.002385 -0.005808 5.154514
-0.002216 -0.005776 5.154514
-0.002045 -0.005750 5.154514
-0.001874 -0.005726 5.154514
-0.001704 -0.005703 5.154514
-0.001533 -0.005677 5.154514
-0.001364 -0.005643 5.154514
-0.001193 -0.005620 5.154514
-0.001022 -0.005598 5.154514
-0.000852 -0.005575 5.154514
-0.000681 -0.005548 5.154514
-0.000513 -0.005513 5.154514
-0.000342 -0.005488 5.154514
-0.000171 -0.005469 5.154514
0.000000 -0.005445 5.154514
0.000171 -0.005469 5.154514
0.000342 -0.005488 5.154514
0.000513 -0.005513 5.154514
0.000681 -0.005548 5.154514
0.000852 -0.005575 5.154514
0.001022 -0.005598 5.154514
0.001193 -0.005620 5.154514
0.001364 -0.005643 5.154514
0.001533 -0.005677 5.154514
0.001704 -0.005703 5.154514
0.001874 -0.005726 5.154514
0.002045 -0.005750 5.154514
0.002216 -0.005776 5.154514
0.002385 -0.005808 5.154514
0.002556 -0.005830 5.154514
0.002726 -0.005856 5.154514
0.002897 -0.005880 5.154514
0.003067 -0.005909 5.154514
0.003238 -0.005934 5.154514
0.003407 -0.005902 5.154514
0.003518 -0.005770 5.154514
0.003583 -0.005610 5.154514
0.003643 -0.005449 5.154514
0.003708 -0.005289 5.154514
0.003771 -0.005128 5.154514
0.003837 -0.004969 5.154514
0.003894 -0.004807 5.154514
0.003957 -0.004646 5.154514
0.004021 -0.004486 5.154514
0.004087 -0.004327 5.154514
0.004150 -0.004166 5.154514
0.004205 -0.004003 5.154514
0.004270 -0.003843 5.154514
0.004337 -0.003684 5.154514
0.004402 -0.003525 5.154514
0.004464 -0.003364 5.154514
0.004518 -0.003200 5.154514
0.004581 -0.003040 5.154514
0.004651 -0.002882 5.154514
0.004715 -0.002722 5.154514
0.004822 -0.002587 5.154514
0.004923 -0.002448 5.154514
0.005030 -0.002312 5.154514
0.005145 -0.002184 5.154514
0.005254 -0.002050 5.154514
0.005359 -0.001913 5.154514
0.005464 -0.001776 5.154514
0.005569 -0.001640 5.154514
0.005683 -0.001511 5.154514
0.005791 -0.001376 5.154514
0.005896 -0.001240 5.154514
0.006002 -0.001104 5.154514
0.006110 -0.000969 5.154514
0.006222 -0.000838 5.154514
0.006327 -0.000701 5.154514
0.006435 -0.000567 5.154514
0.006541 -0.000431 5.154514
0.006651 -0.000298 5.154514
0.006757 -0.000163 5.154514
0.006815 -0.000000 5.154514

