0.006071 -0.000000 1.753472
0.006021 0.000145 1.753472
0.005925 0.000264 1.753472
0.005826 0.000380 1.753472
0.005730 0.000500 1.753472
0.005641 0.000624 1.753472
0.005549 0.000747 1.753472
0.005449 0.000863 1.753472
0.005344 0.000974 1.753472
0.005239 0.001086 1.753472
0.005140 0.001202 1.753472
0.005047 0.001324 1.753472
0.004960 0.001450 1.753472
0.004878 0.001579 1.753472
0.004798 0.001709 1.753472
0.004719 0.001841 1.753472
0.004641 0.001973 1.753472
0.004564 0.002105 1.753472
0.004487 0.002237 1.753472
0.004411 0.002370 1.753472
0.004334 0.002502 1.753472
0.004257 0.002635 1.753472
0.004181 0.002768 1.753472
0.004105 0.002900 1.753472
0.004029 0.003033 1.753472
0.003954 0.003167 1.753472
0.003879 0.003300 1.753472
0.003806 0.003435 1.753472
0.003736 0.003571 1.753472
0.003670 0.003709 1.753472
0.003611 0.003850 1.753472
0.003560 0.003995 1.753472
0.003515 0.004141 1.753472
0.003471 0.004288 1.753472
0.003421 0.004432 1.753472
0.003361 0.004573 1.753472
0.003298 0.004712 1.753472
0.003242 0.004855 1.753472
0.003191 0.004999 1.753472
0.003136 0.005142 1.753472
0.003036 0.005258 1.753472
0.002885 0.005287 1.753472
0.002734 0.005263 1.753472
0.002583 0.005235 1.753472
0.002432 0.005212 1.753472
0.002280 0.005197 1.753472
0.002128 0.005179 1.753472
0.001977 0.005150 1.753472
0.001829 0.005115 1.753472
0.001679 0.005080 1.753472
0.001529 0.005052 1.753472
0.001377 0.005033 1.753472
0.001224 0.005020 1.753472
0.001072 0.005014 1.753472
0.000918 0.005010 1.753472
0.000765 0.005007 1.753472
0.000612 0.005006 1.753472
0.000459 0.005005 1.753472
0.000306 0.005005 1.753472
0.000153 0.005004 1.753472
-0.000000 0.005004 1.753472
-0.000153 0.005004 1.753472
-0.000306 0.005005 1.753472
-0.000459 0.005005 1.753472
-0.000612 0.005006 1.753472
-0.000765 0.005007 1.753472
-0.000918 0.005010 1.753472
-0.001072 0.005014 1.753472
-0.001224 0.005020 1.753472
-0.001377 0.005033 1.753472
-0.001529 0.005052 1.753472
-0.001679 0.005080 1.753472
-0.001829 0.005115 1.753472
-0.001977 0.005150 1.753472
-0.002128 0.005179 1.753472
-0.002280 0.005197 1.753472
-0.002432 0.005212 1.753472
-0.002583 0.005235 1.753472
-0.002734 0.005263 1.753472
-0.002885 0.005287 1.753472
-0.003036 0.005258 1.753472
-0.003136 0.005142 1.753472
-0.003191 0.004999 1.753472
-0.003242 0.004855 1.753472
-0.003298 0.004712 1.753472
-0.003361 0.004573 1.753472
-0.003421 0.004432 1.753472
-0.003471 0.004288 1.753472
-0.003515 0.004141 1.753472
-0.003560 0.003995 1.753472
-0.003611 0.003850 1.753472
-0.003670 0.003709 1.753472
-0.003736 0.003571 1.753472
-0.003806 0.003435 1.753472
-0.003879 0.003300 1.753472
-0.003954 0.003167 1.753472
-0.004029 0.003033 1.753472
-0.004105 0.002900 1.753472
-0.004181 0.002768 1.753472
-0.004257 0.002635 1.753472
-0.004334 0.002502 1.753472
-0.004411 0.002370 1.753472
-0.004487 0.002237 1.753472
-0.004564 0.002105 1.753472
-0.004641 0.001973 1.753472
-0.004719 0.001841 1.753472
-0.004798 0.001709 1.753472
-0.004878 0.001579 1.753472
-0.004960 0.001450 1.753472
-0.005047 0.001324 1.753472
-0.005140 0.001202 1.753472
-0.005239 0.001086 1.753472
-0.005344 0.000974 1.753472
-0.005449 0.000863 1.753472
-0.005549 0.000747 1.753472
-0.005641 0.000624 1.753472
-0.005730 0.000500 1.753472
-0.005826 0.000380 1.753472
-0.005925 0.000264 1.753472
-0.006021 0.000145 1.753472
-0.006071 0.000000 1.753472
-0.006021 -0.000145 1.753472
-0.005925 -0.000264 1.753472
-0.005826 -0.000380 1.753472
-0.005730 -0.000500 1.753472
-0.005641 -0.000624 1.753472
-0.005549 -0.000747 1.753472
-0.005449 -0.000863 1.753472
-0.005344 -0.000974 1.753472
-0.005239 -0.001086 1.753472
-0.005140 -0.001202 1.753472
-0.005047 -0.001324 1.753472
-0.004960 -0.001450 1.753472
-0.004878 -0.001579 1.753472
-0.004798 -0.001709 1.753472
-0.004719 -0.001841 1.753472
-0.004641 -0.001973 1.753472
-0.004564 -0.002105 1.753472
-0.004487 -0.002237 1.753472
-0.004411 -0.002370 1.753472
-0.004334 -0.002502 1.753472
-0.004257 -0.002635 1.753472
-0.004181 -0.002768 1.753472
-0.004105 -0.002900 1.753472
-0.004029 -0.003033 1.753472
-0.003954 -0.003167 1.753472
-0.003879 -0.003300 1.753472
-0.003806 -0.003435 1.753472
-0.003736 -0.003571 1.753472
-0.003670 -0.003709 1.753472
-0.003611 -0.003850 1.753472
-0.003560 -0.003995 1.753472
-0.003515 -0.004141 1.753472
-0.003471 -0.004288 1.753472
-0.003421 -0.004432 1.753472
-0.003361 -0.004573 1.753472
-0.003298 -0.004712 1.753472
-0.003242 -0.004855 1.753472
-0.003191 -0.004999 1.753472
-0.003136 -0.005142 1.753472
-0.003036 -0.005258 1.753472
-0.002885 -0.005287 1.753472
-0.002734 -0.005263 1.753472
-0.002583 -0.005235 1.753472
-0.002432 -0.005212 1.753472
-0.002280 -0.005197 1.753472
-0.002128 -0.005179 1.753472
-0.001977 -0.005150 1.753472
-0.001829 -0.005115 1.753472
-0.001679 -0.005080 1.753472
-0.001529 -0.005052 1.753472
-0.001377 -0.005033 1.753472
-0.001224 -0.005020 1.753472
-0.001072 -0.005014 1.753472
-0.000918 -0.005010 1.753472
-0.000765 -0.005007 1.753472
-0.000612 -0.005006 1.753472
-0.000459 -0.005005 1.753472
-0.000306 -0.005005 1.753472
-0.000153 -0.005004 1.753472
0.000000 -0.005004 1.753472
0.000153 -0.005004 1.753472
0.000306 -0.005005 1.753472
0.000459 -0.005005 1.753472
0.000612 -0.005006 1.753472
0.000765 -0.005007 1.753472
0.000918 -0.005010 1.753472
0.001072 -0.005014 1.753472
0.001224 -0.005020 1.753472
0.001377 -0.005033 1.753472
0.001529 -0.005052 1.753472
0.001679 -0.005080 1.753472
0.001829 -0.005115 1.753472
0.001977 -0.005150 1.753472
0.002128 -0.005179 1.753472
0.002280 -0.005197 1.753472
0.002432 -0.005212 1.753472
0.002583 -0.005235 1.753472
0.002734 -0.005263 1.753472
0.002885 -0.005287 1.753472
0.003036 -0.005258 1.753472
0.003136 -0.005142 1.753472
0.003191 -0.004999 1.753472
0.003242 -0.004855 1.753472
0.003298 -0.004712 1.753472
0.003361 -0.004573 1.753472
0.003421 -0.004432 1.753472
0.003471 -0.004288 1.753472
0.003515 -0.004141 1.753472
0.003560 -0.003995 1.753472
0.003611 -0.003850 1.753472
0.003670 -0.003709 1.753472
0.003736 -0.003571 1.753472
0.003806 -0.003435 1.753472
0.003879 -0.003300 1.753472
0.003954 -0.003167 1.753472
0.004029 -0.003033 1.753472
0.004105 -0.002900 1.753472
0.004181 -0.002768 1.753472
0.004257 -0.002635 1.753472
0.004334 -0.002502 1.753472
0.004411 -0.002370 1.753472
0.004487 -0.002237 1.753472
0.004564 -0.002105 1.753472
0.004641 -0.001973 1.753472
0.004719 -0.001841 1.753472
0.004798 -0.001709 1.753472
0.004878 -0.001579 1.753472
0.004960 -0.001450 1.753472
0.005047 -0.001324 1.753472
0.005140 -0.001202 1.753472
0.005239 -0.001086 1.753472
0.005344 -0.000974 1.753472
0.005449 -0.000863 1.753472
0.005549 -0.000747 1.753472
0.005641 -0.000624 1.753472
0.005730 -0.000500 1.753472
0.005826 -0.000380 1.753472
0.005925 -0.000264 1.753472
0.006021 -0.000145 1.753472
0.006071 -0.000000 1.753472

