0.007987 -0.000014 10.493056
0.007834 0.000125 10.493056
0.007685 0.000268 10.493056
0.007542 0.000417 10.493056
0.007392 0.000559 10.493056
0.007256 0.000715 10.493056
0.007111 0.000862 10.493056
0.006974 0.001017 10.493056
0.006820 0.001156 10.493056
0.006691 0.001317 10.493056
0.006534 0.001451 10.493056
0.006417 0.001622 10.493056
0.006264 0.001761 10.493056
0.006128 0.001917 10.493056
0.005984 0.002065 10.493056
0.005860 0.002230 10.493056
0.005728 0.002390 10.493056
0.005604 0.002555 10.493056
0.005497 0.002732 10.493056
0.005368 0.002894 10.493056
0.005279 0.003081 10.493056
0.005220 0.003279 10.493056
0.005127 0.003463 10.493056
0.005067 0.003661 10.493056
0.004993 0.003854 10.493056
0.004936 0.004053 10.493056
0.004877 0.004251 10.493056
0.004804 0.004444 10.493056
0.004761 0.004647 10.493056
0.004700 0.004844 10.493056
0.004654 0.005046 10.493056
0.004580 0.005238 10.493056
0.004534 0.005440 10.493056
0.004455 0.005631 10.493056
0.004408 0.005832 10.493056
0.004332 0.006025 10.493056
0.004275 0.006224 10.493056
0.004203 0.006417 10.493056
0.004137 0.006613 10.493056
0.004057 0.006804 10.493056
0.003884 0.006917 10.493056
0.003691 0.006842 10.493056
0.003493 0.006785 10.493056
0.003295 0.006723 10.493056
0.003095 0.006673 10.493056
0.002896 0.006617 10.493056
0.002694 0.006573 10.493056
0.002494 0.006520 10.493056
0.002292 0.006476 10.493056
0.002089 0.006437 10.493056
0.001891 0.006379 10.493056
0.001688 0.006339 10.493056
0.001487 0.006291 10.493056
0.001289 0.006352 10.493056
0.001138 0.006494 10.493056
0.000972 0.006371 10.493056
0.000774 0.006310 10.493056
0.000576 0.006250 10.493056
0.000376 0.006199 10.493056
0.000173 0.006159 10.493056
-0.000029 0.006117 10.493056
-0.000234 0.006147 10.493056
-0.000432 0.006204 10.493056
-0.000633 0.006256 10.493056
-0.000831 0.006314 10.493056
-0.001002 0.006430 10.493056
-0.001154 0.006289 10.493056
-0.001359 0.006262 10.493056
-0.001557 0.006321 10.493056
-0.001763 0.006337 10.493056
-0.001962 0.006393 10.493056
-0.002165 0.006430 10.493056
-0.002366 0.006480 10.493056
-0.002563 0.006542 10.493056
-0.002766 0.006580 10.493056
-0.002966 0.006635 10.493056
-0.003169 0.006670 10.493056
-0.003367 0.006731 10.493056
-0.003567 0.006784 10.493056
-0.003763 0.006849 10.493056
-0.003952 0.006932 10.493056
-0.004134 0.006834 10.493056
-0.004219 0.006646 10.493056
-0.004290 0.006452 10.493056
-0.004364 0.006258 10.493056
-0.004425 0.006061 10.493056
-0.004499 0.005868 10.493056
-0.004546 0.005666 10.493056
-0.004627 0.005476 10.493056
-0.004666 0.005273 10.493056
-0.004746 0.005082 10.493056
-0.004781 0.004879 10.493056
-0.004850 0.004684 10.493056
-0.004892 0.004482 10.493056
-0.004969 0.004290 10.493056
-0.005004 0.004086 10.493056
-0.005069 0.003890 10.493056
-0.005126 0.003691 10.493056
-0.005189 0.003494 10.493056
-0.005266 0.003302 10.493056
-0.005309 0.003100 10.493056
-0.005415 0.002922 10.493056
-0.005556 0.002772 10.493056
-0.005688 0.002612 10.493056
-0.005816 0.002450 10.493056
-0.005971 0.002313 10.493056
-0.006100 0.002151 10.493056
-0.006249 0.002008 10.493056
-0.006376 0.001845 10.493056
-0.006540 0.001719 10.493056
-0.006667 0.001556 10.493056
-0.006822 0.001419 10.493056
-0.006950 0.001257 10.493056
-0.007101 0.001115 10.493056
-0.007232 0.000955 10.493056
-0.007381 0.000812 10.493056
-0.007516 0.000655 10.493056
-0.007668 0.000515 10.493056
-0.007814 0.000369 10.493056
-0.007963 0.000225 10.493056
-0.008008 0.000023 10.493056
-0.007875 -0.000135 10.493056
-0.007751 -0.000301 10.493056
-0.007617 -0.000458 10.493056
-0.007491 -0.000622 10.493056
-0.007347 -0.000770 10.493056
-0.007210 -0.000925 10.493056
-0.007055 -0.001062 10.493056
-0.006926 -0.001224 10.493056
-0.006781 -0.001371 10.493056
-0.006655 -0.001535 10.493056
-0.006497 -0.001668 10.493056
-0.006359 -0.001822 10.493056
-0.006204 -0.001959 10.493056
-0.006072 -0.002118 10.493056
-0.005909 -0.002246 10.493056
-0.005781 -0.002408 10.493056
-0.005640 -0.002559 10.493056
-0.005529 -0.002733 10.493056
-0.005404 -0.002898 10.493056
-0.005330 -0.003091 10.493056
-0.005281 -0.003292 10.493056
-0.005194 -0.003479 10.493056
-0.005154 -0.003682 10.493056
-0.005069 -0.003871 10.493056
-0.005040 -0.004076 10.493056
-0.004965 -0.004268 10.493056
-0.004915 -0.004469 10.493056
-0.004843 -0.004662 10.493056
-0.004805 -0.004866 10.493056
-0.004736 -0.005060 10.493056
-0.004689 -0.005262 10.493056
-0.004615 -0.005455 10.493056
-0.004564 -0.005655 10.493056
-0.004490 -0.005848 10.493056
-0.004445 -0.006050 10.493056
-0.004374 -0.006244 10.493056
-0.004329 -0.006446 10.493056
-0.004268 -0.006644 10.493056
-0.004213 -0.006843 10.493056
-0.004046 -0.006965 10.493056
-0.003845 -0.006917 10.493056
-0.003643 -0.006874 10.493056
-0.003441 -0.006831 10.493056
-0.003240 -0.006782 10.493056
-0.003035 -0.006751 10.493056
-0.002835 -0.006702 10.493056
-0.002633 -0.006657 10.493056
-0.002437 -0.006591 10.493056
-0.002234 -0.006549 10.493056
-0.002034 -0.006496 10.493056
-0.001829 -0.006472 10.493056
-0.001627 -0.006427 10.493056
-0.001425 -0.006386 10.493056
-0.001222 -0.006344 10.493056
-0.001021 -0.006295 10.493056
-0.000820 -0.006247 10.493056
-0.000622 -0.006188 10.493056
-0.000420 -0.006146 10.493056
-0.000214 -0.006128 10.493056
-0.000014 -0.006181 10.493056
0.000188 -0.006224 10.493056
0.000393 -0.006250 10.493056
0.000590 -0.006315 10.493056
0.000794 -0.006345 10.493056
0.000989 -0.006414 10.493056
0.001191 -0.006461 10.493056
0.001393 -0.006503 10.493056
0.001593 -0.006553 10.493056
0.001795 -0.006600 10.493056
0.001994 -0.006656 10.493056
0.002197 -0.006692 10.493056
0.002396 -0.006750 10.493056
0.002600 -0.006782 10.493056
0.002800 -0.006836 10.493056
0.003003 -0.006876 10.493056
0.003204 -0.006923 10.493056
0.003405 -0.006969 10.493056
0.003607 -0.007016 10.493056
0.003810 -0.007053 10.493056
0.003995 -0.006960 10.493056
0.004041 -0.006759 10.493056
0.004094 -0.006559 10.493056
0.004158 -0.006362 10.493056
0.004205 -0.006161 10.493056
0.004278 -0.005967 10.493056
0.004328 -0.005767 10.493056
0.004402 -0.005574 10.493056
0.004432 -0.005369 10.493056
0.004507 -0.005176 10.493056
0.004547 -0.004973 10.493056
0.004620 -0.004780 10.493056
0.004683 -0.004583 10.493056
0.004759 -0.004391 10.493056
0.004834 -0.004198 10.493056
0.004876 -0.003996 10.493056
0.004967 -0.003810 10.493056
0.005128 -0.003681 10.493056
0.005175 -0.003479 10.493056
0.005214 -0.003276 10.493056
0.005305 -0.003090 10.493056
0.005454 -0.002948 10.493056
0.005581 -0.002784 10.493056
0.005722 -0.002633 10.493056
0.005860 -0.002479 10.493056
0.006000 -0.002327 10.493056
0.006157 -0.002193 10.493056
0.006288 -0.002032 10.493056
0.006438 -0.001891 10.493056
0.006571 -0.001732 10.493056
0.006730 -0.001601 10.493056
0.006856 -0.001436 10.493056
0.007013 -0.001302 10.493056
0.007138 -0.001137 10.493056
0.007290 -0.000997 10.493056
0.007419 -0.000836 10.493056
0.007564 -0.000688 10.493056
0.007697 -0.000530 10.493056
0.007840 -0.000381 10.493056
0.007970 -0.000220 10.493056
0.007987 -0.000014 10.493056

