0.007944 -0.000024 10.274306
0.007794 0.000115 10.274306
0.007648 0.000259 10.274306
0.007505 0.000407 10.274306
0.007358 0.000551 10.274306
0.007224 0.000706 10.274306
0.007079 0.000852 10.274306
0.006941 0.001004 10.274306
0.006791 0.001144 10.274306
0.006662 0.001304 10.274306
0.006510 0.001441 10.274306
0.006393 0.001610 10.274306
0.006237 0.001743 10.274306
0.006105 0.001901 10.274306
0.005966 0.002052 10.274306
0.005845 0.002218 10.274306
0.005715 0.002377 10.274306
0.005600 0.002547 10.274306
0.005490 0.002720 10.274306
0.005360 0.002879 10.274306
0.005265 0.003062 10.274306
0.005207 0.003258 10.274306
0.005115 0.003442 10.274306
0.005049 0.003637 10.274306
0.004974 0.003828 10.274306
0.004911 0.004023 10.274306
0.004859 0.004222 10.274306
0.004782 0.004413 10.274306
0.004735 0.004613 10.274306
0.004674 0.004808 10.274306
0.004633 0.005010 10.274306
0.004560 0.005202 10.274306
0.004517 0.005402 10.274306
0.004438 0.005592 10.274306
0.004390 0.005792 10.274306
0.004317 0.005984 10.274306
0.004260 0.006181 10.274306
0.004191 0.006374 10.274306
0.004129 0.006570 10.274306
0.004052 0.006761 10.274306
0.003879 0.006871 10.274306
0.003686 0.006801 10.274306
0.003488 0.006746 10.274306
0.003291 0.006686 10.274306
0.003092 0.006637 10.274306
0.002894 0.006583 10.274306
0.002693 0.006541 10.274306
0.002494 0.006488 10.274306
0.002293 0.006448 10.274306
0.002092 0.006405 10.274306
0.001895 0.006347 10.274306
0.001693 0.006309 10.274306
0.001495 0.006256 10.274306
0.001295 0.006305 10.274306
0.001141 0.006440 10.274306
0.000971 0.006325 10.274306
0.000772 0.006272 10.274306
0.000575 0.006214 10.274306
0.000375 0.006169 10.274306
0.000173 0.006131 10.274306
-0.000029 0.006094 10.274306
-0.000233 0.006119 10.274306
-0.000432 0.006168 10.274306
-0.000631 0.006220 10.274306
-0.000830 0.006269 10.274306
-0.001006 0.006376 10.274306
-0.001169 0.006251 10.274306
-0.001374 0.006236 10.274306
-0.001569 0.006299 10.274306
-0.001774 0.006316 10.274306
-0.001973 0.006365 10.274306
-0.002175 0.006403 10.274306
-0.002376 0.006447 10.274306
-0.002571 0.006511 10.274306
-0.002772 0.006551 10.274306
-0.002970 0.006606 10.274306
-0.003173 0.006640 10.274306
-0.003370 0.006696 10.274306
-0.003569 0.006748 10.274306
-0.003765 0.006808 10.274306
-0.003956 0.006885 10.274306
-0.004136 0.006787 10.274306
-0.004217 0.006598 10.274306
-0.004282 0.006403 10.274306
-0.004352 0.006210 10.274306
-0.004413 0.006014 10.274306
-0.004483 0.005821 10.274306
-0.004532 0.005622 10.274306
-0.004610 0.005432 10.274306
-0.004649 0.005230 10.274306
-0.004727 0.005040 10.274306
-0.004757 0.004837 10.274306
-0.004829 0.004645 10.274306
-0.004873 0.004444 10.274306
-0.004947 0.004252 10.274306
-0.004978 0.004049 10.274306
-0.005048 0.003857 10.274306
-0.005104 0.003659 10.274306
-0.005173 0.003465 10.274306
-0.005244 0.003273 10.274306
-0.005298 0.003075 10.274306
-0.005409 0.002902 10.274306
-0.005543 0.002746 10.274306
-0.005677 0.002591 10.274306
-0.005799 0.002426 10.274306
-0.005952 0.002289 10.274306
-0.006081 0.002129 10.274306
-0.006230 0.001988 10.274306
-0.006354 0.001824 10.274306
-0.006516 0.001698 10.274306
-0.006644 0.001537 10.274306
-0.006798 0.001401 10.274306
-0.006926 0.001241 10.274306
-0.007075 0.001099 10.274306
-0.007206 0.000941 10.274306
-0.007353 0.000798 10.274306
-0.007487 0.000642 10.274306
-0.007635 0.000499 10.274306
-0.007781 0.000355 10.274306
-0.007928 0.000212 10.274306
-0.007971 0.000011 10.274306
-0.007840 -0.000147 10.274306
-0.007716 -0.000311 10.274306
-0.007581 -0.000466 10.274306
-0.007452 -0.000626 10.274306
-0.007305 -0.000769 10.274306
-0.007167 -0.000921 10.274306
-0.007017 -0.001061 10.274306
-0.006891 -0.001223 10.274306
-0.006747 -0.001370 10.274306
-0.006618 -0.001530 10.274306
-0.006458 -0.001658 10.274306
-0.006322 -0.001812 10.274306
-0.006170 -0.001950 10.274306
-0.006037 -0.002106 10.274306
-0.005877 -0.002235 10.274306
-0.005756 -0.002401 10.274306
-0.005621 -0.002556 10.274306
-0.005515 -0.002732 10.274306
-0.005386 -0.002892 10.274306
-0.005304 -0.003080 10.274306
-0.005259 -0.003280 10.274306
-0.005171 -0.003466 10.274306
-0.005130 -0.003667 10.274306
-0.005045 -0.003854 10.274306
-0.005012 -0.004057 10.274306
-0.004941 -0.004249 10.274306
-0.004891 -0.004448 10.274306
-0.004817 -0.004640 10.274306
-0.004778 -0.004842 10.274306
-0.004710 -0.005036 10.274306
-0.004666 -0.005236 10.274306
-0.004593 -0.005428 10.274306
-0.004544 -0.005627 10.274306
-0.004469 -0.005819 10.274306
-0.004423 -0.006019 10.274306
-0.004352 -0.006212 10.274306
-0.004304 -0.006411 10.274306
-0.004246 -0.006608 10.274306
-0.004191 -0.006806 10.274306
-0.004027 -0.006929 10.274306
-0.003826 -0.006883 10.274306
-0.003625 -0.006842 10.274306
-0.003425 -0.006798 10.274306
-0.003224 -0.006753 10.274306
-0.003022 -0.006720 10.274306
-0.002823 -0.006666 10.274306
-0.002624 -0.006619 10.274306
-0.002428 -0.006555 10.274306
-0.002227 -0.006517 10.274306
-0.002027 -0.006470 10.274306
-0.001823 -0.006447 10.274306
-0.001623 -0.006396 10.274306
-0.001422 -0.006356 10.274306
-0.001222 -0.006312 10.274306
-0.001022 -0.006262 10.274306
-0.000823 -0.006213 10.274306
-0.000625 -0.006157 10.274306
-0.000422 -0.006127 10.274306
-0.000218 -0.006105 10.274306
-0.000017 -0.006147 10.274306
0.000182 -0.006199 10.274306
0.000386 -0.006221 10.274306
0.000582 -0.006283 10.274306
0.000785 -0.006312 10.274306
0.000981 -0.006374 10.274306
0.001179 -0.006427 10.274306
0.001380 -0.006469 10.274306
0.001580 -0.006518 10.274306
0.001780 -0.006562 10.274306
0.001977 -0.006621 10.274306
0.002179 -0.006657 10.274306
0.002376 -0.006716 10.274306
0.002578 -0.006749 10.274306
0.002777 -0.006800 10.274306
0.002979 -0.006842 10.274306
0.003179 -0.006887 10.274306
0.003379 -0.006932 10.274306
0.003578 -0.006981 10.274306
0.003780 -0.007021 10.274306
0.003964 -0.006930 10.274306
0.004014 -0.006731 10.274306
0.004070 -0.006533 10.274306
0.004132 -0.006337 10.274306
0.004182 -0.006138 10.274306
0.004254 -0.005946 10.274306
0.004304 -0.005747 10.274306
0.004374 -0.005554 10.274306
0.004404 -0.005350 10.274306
0.004480 -0.005160 10.274306
0.004520 -0.004958 10.274306
0.004598 -0.004768 10.274306
0.004661 -0.004573 10.274306
0.004738 -0.004383 10.274306
0.004804 -0.004188 10.274306
0.004853 -0.003989 10.274306
0.004940 -0.003803 10.274306
0.005091 -0.003664 10.274306
0.005141 -0.003464 10.274306
0.005193 -0.003266 10.274306
0.005283 -0.003081 10.274306
0.005428 -0.002935 10.274306
0.005556 -0.002775 10.274306
0.005693 -0.002622 10.274306
0.005831 -0.002470 10.274306
0.005964 -0.002314 10.274306
0.006122 -0.002183 10.274306
0.006254 -0.002025 10.274306
0.006403 -0.001884 10.274306
0.006533 -0.001725 10.274306
0.006693 -0.001596 10.274306
0.006818 -0.001433 10.274306
0.006975 -0.001301 10.274306
0.007100 -0.001138 10.274306
0.007250 -0.000998 10.274306
0.007380 -0.000839 10.274306
0.007523 -0.000691 10.274306
0.007656 -0.000534 10.274306
0.007799 -0.000387 10.274306
0.007930 -0.000229 10.274306
0.007944 -0.000024 10.274306

