0.006300 -0.000000 2.628472
0.006247 0.000150 2.628472
0.006148 0.000275 2.628472
0.006048 0.000400 2.628472
0.005945 0.000522 2.628472
0.005845 0.000646 2.628472
0.005749 0.000773 2.628472
0.005652 0.000900 2.628472
0.005549 0.001022 2.628472
0.005443 0.001141 2.628472
0.005342 0.001265 2.628472
0.005248 0.001394 2.628472
0.005155 0.001524 2.628472
0.005056 0.001648 2.628472
0.004951 0.001768 2.628472
0.004843 0.001886 2.628472
0.004736 0.002004 2.628472
0.004631 0.002125 2.628472
0.004531 0.002249 2.628472
0.004436 0.002377 2.628472
0.004348 0.002510 2.628472
0.004276 0.002653 2.628472
0.004213 0.002799 2.628472
0.004155 0.002948 2.628472
0.004104 0.003099 2.628472
0.004055 0.003251 2.628472
0.004007 0.003403 2.628472
0.003955 0.003554 2.628472
0.003897 0.003703 2.628472
0.003832 0.003848 2.628472
0.003767 0.003994 2.628472
0.003710 0.004143 2.628472
0.003659 0.004294 2.628472
0.003606 0.004445 2.628472
0.003544 0.004592 2.628472
0.003482 0.004739 2.628472
0.003425 0.004888 2.628472
0.003370 0.005038 2.628472
0.003313 0.005186 2.628472
0.003254 0.005335 2.628472
0.003150 0.005456 2.628472
0.002993 0.005485 2.628472
0.002835 0.005462 2.628472
0.002678 0.005438 2.628472
0.002521 0.005410 2.628472
0.002363 0.005385 2.628472
0.002205 0.005365 2.628472
0.002046 0.005345 2.628472
0.001889 0.005316 2.628472
0.001733 0.005285 2.628472
0.001575 0.005259 2.628472
0.001417 0.005242 2.628472
0.001258 0.005226 2.628472
0.001100 0.005203 2.628472
0.000944 0.005172 2.628472
0.000788 0.005137 2.628472
0.000632 0.005104 2.628472
0.000475 0.005073 2.628472
0.000318 0.005049 2.628472
0.000159 0.005030 2.628472
-0.000000 0.005020 2.628472
-0.000159 0.005030 2.628472
-0.000318 0.005049 2.628472
-0.000475 0.005073 2.628472
-0.000632 0.005104 2.628472
-0.000788 0.005137 2.628472
-0.000944 0.005172 2.628472
-0.001100 0.005203 2.628472
-0.001258 0.005226 2.628472
-0.001417 0.005242 2.628472
-0.001575 0.005259 2.628472
-0.001733 0.005285 2.628472
-0.001889 0.005316 2.628472
-0.002046 0.005345 2.628472
-0.002205 0.005365 2.628472
-0.002363 0.005385 2.628472
-0.002521 0.005410 2.628472
-0.002678 0.005438 2.628472
-0.002835 0.005462 2.628472
-0.002993 0.005485 2.628472
-0.003150 0.005456 2.628472
-0.003254 0.005335 2.628472
-0.003313 0.005186 2.628472
-0.003370 0.005038 2.628472
-0.003425 0.004888 2.628472
-0.003482 0.004739 2.628472
-0.003544 0.004592 2.628472
-0.003606 0.004445 2.628472
-0.003659 0.004294 2.628472
-0.003710 0.004143 2.628472
-0.003767 0.003994 2.628472
-0.003832 0.003848 2.628472
-0.003897 0.003703 2.628472
-0.003955 0.003554 2.628472
-0.004007 0.003403 2.628472
-0.004055 0.003251 2.628472
-0.004104 0.003099 2.628472
-0.004155 0.002948 2.628472
-0.004213 0.002799 2.628472
-0.004276 0.002653 2.628472
-0.004348 0.002510 2.628472
-0.004436 0.002377 2.628472
-0.004531 0.002249 2.628472
-0.004631 0.002125 2.628472
-0.004736 0.002004 2.628472
-0.004843 0.001886 2.628472
-0.004951 0.001768 2.628472
-0.005056 0.001648 2.628472
-0.005155 0.001524 2.628472
-0.005248 0.001394 2.628472
-0.005342 0.001265 2.628472
-0.005443 0.001141 2.628472
-0.005549 0.001022 2.628472
-0.005652 0.000900 2.628472
-0.005749 0.000773 2.628472
-0.005845 0.000646 2.628472
-0.005945 0.000522 2.628472
-0.006048 0.000400 2.628472
-0.006148 0.000275 2.628472
-0.006247 0.000150 2.628472
-0.006300 0.000000 2.628472
-0.006247 -0.000150 2.628472
-0.006148 -0.000275 2.628472
-0.006048 -0.000400 2.628472
-0.005945 -0.000522 2.628472
-0.005845 -0.000646 2.628472
-0.005749 -0.000773 2.628472
-0.005652 -0.000900 2.628472
-0.005549 -0.001022 2.628472
-0.005443 -0.001141 2.628472
-0.005342 -0.001265 2.628472
-0.005248 -0.001394 2.628472
-0.005155 -0.001524 2.628472
-0.005056 -0.001648 2.628472
-0.004951 -0.001768 2.628472
-0.004843 -0.001886 2.628472
-0.004736 -0.002004 2.628472
-0.004631 -0.002125 2.628472
-0.004531 -0.002249 2.628472
-0.004436 -0.002377 2.628472
-0.004348 -0.002510 2.628472
-0.004276 -0.002653 2.628472
-0.004213 -0.002799 2.628472
-0.004155 -0.002948 2.628472
-0.004104 -0.003099 2.628472
-0.004055 -0.003251 2.628472
-0.004007 -0.003403 2.628472
-0.003955 -0.003554 2.628472
-0.003897 -0.003703 2.628472
-0.003832 -0.003848 2.628472
-0.003767 -0.003994 2.628472
-0.003710 -0.004143 2.628472
-0.003659 -0.004294 2.628472
-0.003606 -0.004445 2.628472
-0.003544 -0.004592 2.628472
-0.003482 -0.004739 2.628472
-0.003425 -0.004888 2.628472
-0.003370 -0.005038 2.628472
-0.003313 -0.005186 2.628472
-0.003254 -0.005335 2.628472
-0.003150 -0.005456 2.628472
-0.002993 -0.005485 2.628472
-0.002835 -0.005462 2.628472
-0.002678 -0.005438 2.628472
-0.002521 -0.005410 2.628472
-0.002363 -0.005385 2.628472
-0.002205 -0.005365 2.628472
-0.002046 -0.005345 2.628472
-0.001889 -0.005316 2.628472
-0.001733 -0.005285 2.628472
-0.001575 -0.005259 2.628472
-0.001417 -0.005242 2.628472
-0.001258 -0.005226 2.628472
-0.001100 -0.005203 2.628472
-0.000944 -0.005172 2.628472
-0.000788 -0.005137 2.628472
-0.000632 -0.005104 2.628472
-0.000475 -0.005073 2.628472
-0.000318 -0.005049 2.628472
-0.000159 -0.005030 2.628472
0.000000 -0.005020 2.628472
0.000159 -0.005030 2.628472
0.000318 -0.005049 2.628472
0.000475 -0.005073 2.628472
0.000632 -0.005104 2.628472
0.000788 -0.005137 2.628472
0.000944 -0.005172 2.628472
0.001100 -0.005203 2.628472
0.001258 -0.005226 2.628472
0.001417 -0.005242 2.628472
0.001575 -0.005259 2.628472
0.001733 -0.005285 2.628472
0.001889 -0.005316 2.628472
0.002046 -0.005345 2.628472
0.002205 -0.005365 2.628472
0.002363 -0.005385 2.628472
0.002521 -0.005410 2.628472
0.002678 -0.005438 2.628472
0.002835 -0.005462 2.628472
0.002993 -0.005485 2.628472
0.003150 -0.005456 2.628472
0.003254 -0.005335 2.628472
0.003313 -0.005186 2.628472
0.003370 -0.005038 2.628472
0.003425 -0.004888 2.628472
0.003482 -0.004739 2.628472
0.003544 -0.004592 2.628472
0.003606 -0.004445 2.628472
0.003659 -0.004294 2.628472
0.003710 -0.004143 2.628472
0.003767 -0.003994 2.628472
0.003832 -0.003848 2.628472
0.003897 -0.003703 2.628472
0.003955 -0.003554 2.628472
0.004007 -0.003403 2.628472
0.004055 -0.003251 2.628472
0.004104 -0.003099 2.628472
0.004155 -0.002948 2.628472
0.004213 -0.002799 2.628472
0.004276 -0.002653 2.628472
0.004348 -0.002510 2.628472
0.004436 -0.002377 2.628472
0.004531 -0.002249 2.628472
0.004631 -0.002125 2.628472
0.004736 -0.002004 2.628472
0.004843 -0.001886 2.628472
0.004951 -0.001768 2.628472
0.005056 -0.001648 2.628472
0.005155 -0.001524 2.628472
0.005248 -0.001394 2.628472
0.005342 -0.001265 2.628472
0.005443 -0.001141 2.628472
0.005549 -0.001022 2.628472
0.005652 -0.000900 2.628472
0.005749 -0.000773 2.628472
0.005845 -0.000646 2.628472
0.005945 -0.000522 2.628472
0.006048 -0.000400 2.628472
0.006148 -0.000275 2.628472
0.006247 -0.000150 2.628472
0.006300 -0.000000 2.628472

