0.008081 -0.000001 10.968750
0.007928 0.000143 10.968750
0.007772 0.000283 10.968750
0.007627 0.000434 10.968750
0.007472 0.000575 10.968750
0.007330 0.000730 10.968750
0.007181 0.000878 10.968750
0.007048 0.001039 10.968750
0.006888 0.001175 10.968750
0.006760 0.001341 10.968750
0.006595 0.001471 10.968750
0.006469 0.001638 10.968750
0.006326 0.001791 10.968750
0.006188 0.001949 10.968750
0.006037 0.002095 10.968750
0.005901 0.002254 10.968750
0.005769 0.002417 10.968750
0.005628 0.002573 10.968750
0.005513 0.002748 10.968750
0.005393 0.002920 10.968750
0.005318 0.003116 10.968750
0.005250 0.003314 10.968750
0.005162 0.003504 10.968750
0.005116 0.003709 10.968750
0.005041 0.003904 10.968750
0.004990 0.004108 10.968750
0.004921 0.004306 10.968750
0.004860 0.004506 10.968750
0.004820 0.004712 10.968750
0.004752 0.004911 10.968750
0.004697 0.005113 10.968750
0.004623 0.005309 10.968750
0.004571 0.005512 10.968750
0.004492 0.005706 10.968750
0.004445 0.005910 10.968750
0.004362 0.006103 10.968750
0.004306 0.006305 10.968750
0.004224 0.006498 10.968750
0.004153 0.006695 10.968750
0.004072 0.006889 10.968750
0.003905 0.007016 10.968750
0.003711 0.006935 10.968750
0.003511 0.006872 10.968750
0.003313 0.006806 10.968750
0.003110 0.006752 10.968750
0.002909 0.006692 10.968750
0.002705 0.006645 10.968750
0.002502 0.006593 10.968750
0.002299 0.006539 10.968750
0.002092 0.006504 10.968750
0.001890 0.006450 10.968750
0.001686 0.006400 10.968750
0.001479 0.006367 10.968750
0.001287 0.006451 10.968750
0.001143 0.006604 10.968750
0.000977 0.006476 10.968750
0.000781 0.006401 10.968750
0.000582 0.006335 10.968750
0.000382 0.006273 10.968750
0.000178 0.006225 10.968750
-0.000026 0.006176 10.968750
-0.000232 0.006215 10.968750
-0.000430 0.006284 10.968750
-0.000633 0.006338 10.968750
-0.000828 0.006414 10.968750
-0.000998 0.006537 10.968750
-0.001131 0.006374 10.968750
-0.001335 0.006325 10.968750
-0.001540 0.006367 10.968750
-0.001749 0.006388 10.968750
-0.001946 0.006458 10.968750
-0.002153 0.006493 10.968750
-0.002353 0.006555 10.968750
-0.002556 0.006607 10.968750
-0.002763 0.006644 10.968750
-0.002965 0.006699 10.968750
-0.003171 0.006740 10.968750
-0.003368 0.006811 10.968750
-0.003570 0.006866 10.968750
-0.003765 0.006943 10.968750
-0.003954 0.007034 10.968750
-0.004134 0.006927 10.968750
-0.004220 0.006735 10.968750
-0.004298 0.006541 10.968750
-0.004385 0.006350 10.968750
-0.004447 0.006149 10.968750
-0.004532 0.005958 10.968750
-0.004577 0.005753 10.968750
-0.004661 0.005561 10.968750
-0.004703 0.005356 10.968750
-0.004784 0.005163 10.968750
-0.004830 0.004958 10.968750
-0.004901 0.004761 10.968750
-0.004937 0.004554 10.968750
-0.005014 0.004359 10.968750
-0.005063 0.004155 10.968750
-0.005120 0.003953 10.968750
-0.005181 0.003753 10.968750
-0.005226 0.003548 10.968750
-0.005313 0.003357 10.968750
-0.005343 0.003150 10.968750
-0.005437 0.002962 10.968750
-0.005591 0.002821 10.968750
-0.005717 0.002653 10.968750
-0.005862 0.002501 10.968750
-0.006014 0.002357 10.968750
-0.006143 0.002192 10.968750
-0.006296 0.002048 10.968750
-0.006430 0.001887 10.968750
-0.006594 0.001756 10.968750
-0.006720 0.001589 10.968750
-0.006877 0.001450 10.968750
-0.007006 0.001285 10.968750
-0.007161 0.001143 10.968750
-0.007293 0.000981 10.968750
-0.007447 0.000838 10.968750
-0.007586 0.000681 10.968750
-0.007745 0.000544 10.968750
-0.007889 0.000392 10.968750
-0.008039 0.000245 10.968750
-0.008086 0.000041 10.968750
-0.007946 -0.000115 10.968750
-0.007820 -0.000282 10.968750
-0.007684 -0.000442 10.968750
-0.007561 -0.000611 10.968750
-0.007422 -0.000769 10.968750
-0.007293 -0.000934 10.968750
-0.007136 -0.001073 10.968750
-0.007000 -0.001233 10.968750
-0.006847 -0.001376 10.968750
-0.006724 -0.001545 10.968750
-0.006573 -0.001691 10.968750
-0.006435 -0.001849 10.968750
-0.006274 -0.001983 10.968750
-0.006142 -0.002146 10.968750
-0.005978 -0.002277 10.968750
-0.005841 -0.002435 10.968750
-0.005689 -0.002580 10.968750
-0.005555 -0.002741 10.968750
-0.005442 -0.002918 10.968750
-0.005389 -0.003121 10.968750
-0.005325 -0.003320 10.968750
-0.005243 -0.003513 10.968750
-0.005204 -0.003719 10.968750
-0.005123 -0.003913 10.968750
-0.005096 -0.004121 10.968750
-0.005013 -0.004313 10.968750
-0.004969 -0.004518 10.968750
-0.004900 -0.004716 10.968750
-0.004860 -0.004922 10.968750
-0.004785 -0.005117 10.968750
-0.004734 -0.005321 10.968750
-0.004659 -0.005516 10.968750
-0.004609 -0.005720 10.968750
-0.004536 -0.005917 10.968750
-0.004492 -0.006122 10.968750
-0.004421 -0.006319 10.968750
-0.004380 -0.006525 10.968750
-0.004311 -0.006723 10.968750
-0.004257 -0.006925 10.968750
-0.004085 -0.007045 10.968750
-0.003882 -0.006992 10.968750
-0.003678 -0.006942 10.968750
-0.003472 -0.006903 10.968750
-0.003270 -0.006848 10.968750
-0.003063 -0.006812 10.968750
-0.002859 -0.006767 10.968750
-0.002652 -0.006733 10.968750
-0.002452 -0.006670 10.968750
-0.002247 -0.006624 10.968750
-0.002048 -0.006560 10.968750
-0.001841 -0.006523 10.968750
-0.001635 -0.006487 10.968750
-0.001429 -0.006446 10.968750
-0.001223 -0.006407 10.968750
-0.001019 -0.006361 10.968750
-0.000813 -0.006318 10.968750
-0.000611 -0.006263 10.968750
-0.000413 -0.006193 10.968750
-0.000204 -0.006181 10.968750
-0.000006 -0.006250 10.968750
0.000202 -0.006277 10.968750
0.000407 -0.006322 10.968750
0.000607 -0.006385 10.968750
0.000813 -0.006420 10.968750
0.001009 -0.006495 10.968750
0.001216 -0.006527 10.968750
0.001420 -0.006578 10.968750
0.001623 -0.006631 10.968750
0.001827 -0.006678 10.968750
0.002031 -0.006728 10.968750
0.002237 -0.006767 10.968750
0.002439 -0.006821 10.968750
0.002646 -0.006854 10.968750
0.002847 -0.006913 10.968750
0.003054 -0.006948 10.968750
0.003257 -0.007001 10.968750
0.003462 -0.007042 10.968750
0.003668 -0.007083 10.968750
0.003875 -0.007117 10.968750
0.004063 -0.007024 10.968750
0.004106 -0.006819 10.968750
0.004148 -0.006614 10.968750
0.004214 -0.006415 10.968750
0.004258 -0.006210 10.968750
0.004329 -0.006013 10.968750
0.004376 -0.005808 10.968750
0.004458 -0.005615 10.968750
0.004492 -0.005408 10.968750
0.004564 -0.005212 10.968750
0.004609 -0.005007 10.968750
0.004673 -0.004807 10.968750
0.004736 -0.004607 10.968750
0.004799 -0.004407 10.968750
0.004890 -0.004218 10.968750
0.004923 -0.004011 10.968750
0.005025 -0.003828 10.968750
0.005209 -0.003728 10.968750
0.005255 -0.003523 10.968750
0.005266 -0.003314 10.968750
0.005349 -0.003122 10.968750
0.005504 -0.002981 10.968750
0.005629 -0.002812 10.968750
0.005781 -0.002667 10.968750
0.005920 -0.002511 10.968750
0.006070 -0.002364 10.968750
0.006221 -0.002218 10.968750
0.006352 -0.002055 10.968750
0.006508 -0.001915 10.968750
0.006645 -0.001756 10.968750
0.006800 -0.001615 10.968750
0.006928 -0.001448 10.968750
0.007086 -0.001311 10.968750
0.007210 -0.001142 10.968750
0.007367 -0.001003 10.968750
0.007493 -0.000835 10.968750
0.007644 -0.000690 10.968750
0.007775 -0.000526 10.968750
0.007918 -0.000373 10.968750
0.008047 -0.000208 10.968750
0.008081 -0.000001 10.968750

