0.007867 -0.000047 9.871528
0.007722 0.000095 9.871528
0.007581 0.000240 9.871528
0.007440 0.000386 9.871528
0.007300 0.000532 9.871528
0.007166 0.000685 9.871528
0.007020 0.000826 9.871528
0.006884 0.000975 9.871528
0.006741 0.001119 9.871528
0.006613 0.001277 9.871528
0.006468 0.001419 9.871528
0.006349 0.001583 9.871528
0.006190 0.001708 9.871528
0.006070 0.001872 9.871528
0.005938 0.002026 9.871528
0.005825 0.002194 9.871528
0.005700 0.002354 9.871528
0.005595 0.002527 9.871528
0.005475 0.002691 9.871528
0.005352 0.002852 9.871528
0.005248 0.003025 9.871528
0.005182 0.003217 9.871528
0.005098 0.003402 9.871528
0.005023 0.003590 9.871528
0.004948 0.003778 9.871528
0.004870 0.003966 9.871528
0.004822 0.004163 9.871528
0.004748 0.004351 9.871528
0.004693 0.004546 9.871528
0.004625 0.004737 9.871528
0.004592 0.004937 9.871528
0.004521 0.005127 9.871528
0.004481 0.005326 9.871528
0.004409 0.005516 9.871528
0.004356 0.005711 9.871528
0.004289 0.005903 9.871528
0.004231 0.006097 9.871528
0.004164 0.006288 9.871528
0.004107 0.006483 9.871528
0.004039 0.006674 9.871528
0.003871 0.006787 9.871528
0.003677 0.006728 9.871528
0.003481 0.006676 9.871528
0.003286 0.006619 9.871528
0.003089 0.006574 9.871528
0.002892 0.006523 9.871528
0.002694 0.006481 9.871528
0.002498 0.006431 9.871528
0.002298 0.006393 9.871528
0.002102 0.006342 9.871528
0.001906 0.006290 9.871528
0.001707 0.006252 9.871528
0.001512 0.006196 9.871528
0.001311 0.006224 9.871528
0.001144 0.006339 9.871528
0.000965 0.006244 9.871528
0.000766 0.006205 9.871528
0.000571 0.006152 9.871528
0.000371 0.006118 9.871528
0.000171 0.006085 9.871528
-0.000030 0.006057 9.871528
-0.000232 0.006078 9.871528
-0.000432 0.006109 9.871528
-0.000629 0.006159 9.871528
-0.000828 0.006194 9.871528
-0.001013 0.006278 9.871528
-0.001197 0.006193 9.871528
-0.001400 0.006200 9.871528
-0.001595 0.006254 9.871528
-0.001796 0.006278 9.871528
-0.001996 0.006315 9.871528
-0.002194 0.006356 9.871528
-0.002394 0.006389 9.871528
-0.002587 0.006451 9.871528
-0.002786 0.006492 9.871528
-0.002980 0.006550 9.871528
-0.003179 0.006587 9.871528
-0.003377 0.006634 9.871528
-0.003573 0.006683 9.871528
-0.003769 0.006736 9.871528
-0.003962 0.006798 9.871528
-0.004134 0.006691 9.871528
-0.004202 0.006500 9.871528
-0.004262 0.006306 9.871528
-0.004329 0.006115 9.871528
-0.004387 0.005921 9.871528
-0.004451 0.005728 9.871528
-0.004506 0.005533 9.871528
-0.004576 0.005343 9.871528
-0.004615 0.005144 9.871528
-0.004688 0.004955 9.871528
-0.004717 0.004754 9.871528
-0.004793 0.004566 9.871528
-0.004834 0.004368 9.871528
-0.004903 0.004177 9.871528
-0.004937 0.003977 9.871528
-0.005017 0.003791 9.871528
-0.005069 0.003595 9.871528
-0.005145 0.003407 9.871528
-0.005208 0.003215 9.871528
-0.005278 0.003024 9.871528
-0.005400 0.002862 9.871528
-0.005521 0.002700 9.871528
-0.005659 0.002551 9.871528
-0.005773 0.002383 9.871528
-0.005918 0.002242 9.871528
-0.006046 0.002084 9.871528
-0.006197 0.001949 9.871528
-0.006316 0.001785 9.871528
-0.006472 0.001656 9.871528
-0.006601 0.001499 9.871528
-0.006753 0.001365 9.871528
-0.006882 0.001208 9.871528
-0.007028 0.001068 9.871528
-0.007158 0.000913 9.871528
-0.007302 0.000770 9.871528
-0.007435 0.000617 9.871528
-0.007575 0.000470 9.871528
-0.007718 0.000327 9.871528
-0.007863 0.000184 9.871528
-0.007900 -0.000015 9.871528
-0.007772 -0.000171 9.871528
-0.007644 -0.000329 9.871528
-0.007506 -0.000477 9.871528
-0.007371 -0.000629 9.871528
-0.007223 -0.000767 9.871528
-0.007088 -0.000918 9.871528
-0.006947 -0.001064 9.871528
-0.006823 -0.001225 9.871528
-0.006676 -0.001364 9.871528
-0.006541 -0.001516 9.871528
-0.006382 -0.001641 9.871528
-0.006252 -0.001797 9.871528
-0.006102 -0.001932 9.871528
-0.005970 -0.002086 9.871528
-0.005824 -0.002227 9.871528
-0.005718 -0.002400 9.871528
-0.005590 -0.002557 9.871528
-0.005485 -0.002730 9.871528
-0.005351 -0.002883 9.871528
-0.005260 -0.003064 9.871528
-0.005217 -0.003262 9.871528
-0.005129 -0.003444 9.871528
-0.005087 -0.003643 9.871528
-0.005002 -0.003827 9.871528
-0.004957 -0.004025 9.871528
-0.004890 -0.004216 9.871528
-0.004845 -0.004414 9.871528
-0.004770 -0.004602 9.871528
-0.004725 -0.004800 9.871528
-0.004659 -0.004991 9.871528
-0.004618 -0.005190 9.871528
-0.004549 -0.005380 9.871528
-0.004503 -0.005578 9.871528
-0.004429 -0.005767 9.871528
-0.004380 -0.005963 9.871528
-0.004313 -0.006154 9.871528
-0.004257 -0.006349 9.871528
-0.004202 -0.006544 9.871528
-0.004148 -0.006740 9.871528
-0.003987 -0.006864 9.871528
-0.003789 -0.006821 9.871528
-0.003590 -0.006780 9.871528
-0.003392 -0.006736 9.871528
-0.003194 -0.006696 9.871528
-0.002995 -0.006655 9.871528
-0.002802 -0.006595 9.871528
-0.002605 -0.006547 9.871528
-0.002409 -0.006493 9.871528
-0.002209 -0.006463 9.871528
-0.002010 -0.006422 9.871528
-0.001809 -0.006393 9.871528
-0.001615 -0.006335 9.871528
-0.001416 -0.006299 9.871528
-0.001219 -0.006248 9.871528
-0.001023 -0.006198 9.871528
-0.000826 -0.006151 9.871528
-0.000627 -0.006112 9.871528
-0.000425 -0.006095 9.871528
-0.000224 -0.006065 9.871528
-0.000023 -0.006089 9.871528
0.000171 -0.006148 9.871528
0.000373 -0.006169 9.871528
0.000568 -0.006224 9.871528
0.000768 -0.006255 9.871528
0.000966 -0.006300 9.871528
0.001160 -0.006358 9.871528
0.001358 -0.006404 9.871528
0.001554 -0.006454 9.871528
0.001753 -0.006491 9.871528
0.001946 -0.006553 9.871528
0.002146 -0.006589 9.871528
0.002340 -0.006647 9.871528
0.002539 -0.006687 9.871528
0.002736 -0.006733 9.871528
0.002934 -0.006776 9.871528
0.003132 -0.006821 9.871528
0.003331 -0.006862 9.871528
0.003527 -0.006911 9.871528
0.003725 -0.006957 9.871528
0.003909 -0.006873 9.871528
0.003966 -0.006678 9.871528
0.004025 -0.006484 9.871528
0.004083 -0.006290 9.871528
0.004139 -0.006095 9.871528
0.004208 -0.005905 9.871528
0.004254 -0.005707 9.871528
0.004318 -0.005515 9.871528
0.004355 -0.005315 9.871528
0.004432 -0.005128 9.871528
0.004475 -0.004930 9.871528
0.004561 -0.004746 9.871528
0.004619 -0.004552 9.871528
0.004694 -0.004364 9.871528
0.004747 -0.004168 9.871528
0.004812 -0.003976 9.871528
0.004895 -0.003791 9.871528
0.005029 -0.003639 9.871528
0.005085 -0.003444 9.871528
0.005158 -0.003255 9.871528
0.005243 -0.003071 9.871528
0.005376 -0.002918 9.871528
0.005506 -0.002763 9.871528
0.005636 -0.002606 9.871528
0.005775 -0.002460 9.871528
0.005898 -0.002298 9.871528
0.006051 -0.002165 9.871528
0.006184 -0.002012 9.871528
0.006335 -0.001877 9.871528
0.006458 -0.001716 9.871528
0.006617 -0.001591 9.871528
0.006743 -0.001431 9.871528
0.006897 -0.001300 9.871528
0.007025 -0.001142 9.871528
0.007170 -0.001001 9.871528
0.007302 -0.000847 9.871528
0.007443 -0.000701 9.871528
0.007574 -0.000546 9.871528
0.007714 -0.000400 9.871528
0.007850 -0.000249 9.871528
0.007867 -0.000047 9.871528

