0.007960 -0.000021 10.352431
0.007808 0.000118 10.352431
0.007661 0.000263 10.352431
0.007518 0.000411 10.352431
0.007370 0.000554 10.352431
0.007235 0.000710 10.352431
0.007090 0.000856 10.352431
0.006953 0.001009 10.352431
0.006801 0.001148 10.352431
0.006673 0.001309 10.352431
0.006518 0.001445 10.352431
0.006402 0.001615 10.352431
0.006246 0.001750 10.352431
0.006113 0.001906 10.352431
0.005972 0.002057 10.352431
0.005850 0.002222 10.352431
0.005719 0.002382 10.352431
0.005601 0.002550 10.352431
0.005492 0.002725 10.352431
0.005363 0.002885 10.352431
0.005270 0.003069 10.352431
0.005212 0.003266 10.352431
0.005119 0.003450 10.352431
0.005055 0.003645 10.352431
0.004981 0.003837 10.352431
0.004920 0.004034 10.352431
0.004865 0.004233 10.352431
0.004790 0.004424 10.352431
0.004744 0.004625 10.352431
0.004683 0.004822 10.352431
0.004641 0.005023 10.352431
0.004567 0.005215 10.352431
0.004523 0.005416 10.352431
0.004444 0.005606 10.352431
0.004396 0.005807 10.352431
0.004323 0.005999 10.352431
0.004266 0.006197 10.352431
0.004195 0.006390 10.352431
0.004132 0.006586 10.352431
0.004054 0.006776 10.352431
0.003880 0.006887 10.352431
0.003687 0.006815 10.352431
0.003489 0.006760 10.352431
0.003292 0.006699 10.352431
0.003093 0.006650 10.352431
0.002894 0.006595 10.352431
0.002693 0.006552 10.352431
0.002494 0.006499 10.352431
0.002292 0.006458 10.352431
0.002091 0.006416 10.352431
0.001893 0.006358 10.352431
0.001691 0.006320 10.352431
0.001492 0.006268 10.352431
0.001293 0.006321 10.352431
0.001140 0.006459 10.352431
0.000971 0.006342 10.352431
0.000773 0.006285 10.352431
0.000576 0.006227 10.352431
0.000375 0.006179 10.352431
0.000173 0.006141 10.352431
-0.000029 0.006102 10.352431
-0.000233 0.006129 10.352431
-0.000432 0.006181 10.352431
-0.000631 0.006233 10.352431
-0.000831 0.006285 10.352431
-0.001004 0.006395 10.352431
-0.001163 0.006264 10.352431
-0.001368 0.006245 10.352431
-0.001564 0.006307 10.352431
-0.001770 0.006323 10.352431
-0.001969 0.006375 10.352431
-0.002171 0.006413 10.352431
-0.002372 0.006458 10.352431
-0.002568 0.006522 10.352431
-0.002770 0.006561 10.352431
-0.002968 0.006616 10.352431
-0.003171 0.006651 10.352431
-0.003369 0.006708 10.352431
-0.003568 0.006761 10.352431
-0.003764 0.006822 10.352431
-0.003954 0.006902 10.352431
-0.004135 0.006804 10.352431
-0.004218 0.006616 10.352431
-0.004285 0.006421 10.352431
-0.004356 0.006228 10.352431
-0.004417 0.006031 10.352431
-0.004488 0.005838 10.352431
-0.004537 0.005638 10.352431
-0.004616 0.005448 10.352431
-0.004655 0.005246 10.352431
-0.004734 0.005056 10.352431
-0.004766 0.004852 10.352431
-0.004836 0.004659 10.352431
-0.004880 0.004458 10.352431
-0.004955 0.004266 10.352431
-0.004987 0.004063 10.352431
-0.005056 0.003869 10.352431
-0.005112 0.003671 10.352431
-0.005178 0.003476 10.352431
-0.005252 0.003284 10.352431
-0.005302 0.003084 10.352431
-0.005411 0.002910 10.352431
-0.005548 0.002755 10.352431
-0.005681 0.002598 10.352431
-0.005805 0.002434 10.352431
-0.005959 0.002297 10.352431
-0.006088 0.002137 10.352431
-0.006237 0.001995 10.352431
-0.006362 0.001831 10.352431
-0.006525 0.001705 10.352431
-0.006653 0.001544 10.352431
-0.006806 0.001407 10.352431
-0.006935 0.001247 10.352431
-0.007084 0.001105 10.352431
-0.007216 0.000946 10.352431
-0.007363 0.000803 10.352431
-0.007497 0.000647 10.352431
-0.007647 0.000505 10.352431
-0.007793 0.000360 10.352431
-0.007940 0.000217 10.352431
-0.007984 0.000015 10.352431
-0.007853 -0.000143 10.352431
-0.007729 -0.000308 10.352431
-0.007594 -0.000463 10.352431
-0.007466 -0.000624 10.352431
-0.007321 -0.000770 10.352431
-0.007183 -0.000923 10.352431
-0.007030 -0.001061 10.352431
-0.006903 -0.001223 10.352431
-0.006759 -0.001370 10.352431
-0.006632 -0.001532 10.352431
-0.006472 -0.001661 10.352431
-0.006335 -0.001816 10.352431
-0.006182 -0.001953 10.352431
-0.006050 -0.002110 10.352431
-0.005889 -0.002239 10.352431
-0.005765 -0.002403 10.352431
-0.005627 -0.002556 10.352431
-0.005520 -0.002732 10.352431
-0.005393 -0.002894 10.352431
-0.005313 -0.003084 10.352431
-0.005267 -0.003284 10.352431
-0.005179 -0.003470 10.352431
-0.005139 -0.003672 10.352431
-0.005054 -0.003860 10.352431
-0.005022 -0.004063 10.352431
-0.004950 -0.004256 10.352431
-0.004900 -0.004456 10.352431
-0.004826 -0.004648 10.352431
-0.004787 -0.004850 10.352431
-0.004719 -0.005044 10.352431
-0.004674 -0.005245 10.352431
-0.004601 -0.005438 10.352431
-0.004551 -0.005637 10.352431
-0.004477 -0.005829 10.352431
-0.004431 -0.006030 10.352431
-0.004360 -0.006223 10.352431
-0.004313 -0.006424 10.352431
-0.004254 -0.006621 10.352431
-0.004199 -0.006819 10.352431
-0.004034 -0.006942 10.352431
-0.003833 -0.006895 10.352431
-0.003632 -0.006853 10.352431
-0.003430 -0.006810 10.352431
-0.003230 -0.006764 10.352431
-0.003027 -0.006731 10.352431
-0.002827 -0.006679 10.352431
-0.002627 -0.006633 10.352431
-0.002431 -0.006568 10.352431
-0.002229 -0.006528 10.352431
-0.002030 -0.006479 10.352431
-0.001825 -0.006456 10.352431
-0.001625 -0.006408 10.352431
-0.001423 -0.006367 10.352431
-0.001222 -0.006323 10.352431
-0.001022 -0.006274 10.352431
-0.000822 -0.006225 10.352431
-0.000624 -0.006168 10.352431
-0.000421 -0.006134 10.352431
-0.000217 -0.006113 10.352431
-0.000016 -0.006159 10.352431
0.000184 -0.006208 10.352431
0.000389 -0.006231 10.352431
0.000585 -0.006294 10.352431
0.000788 -0.006324 10.352431
0.000984 -0.006389 10.352431
0.001183 -0.006439 10.352431
0.001385 -0.006481 10.352431
0.001585 -0.006530 10.352431
0.001785 -0.006576 10.352431
0.001983 -0.006634 10.352431
0.002186 -0.006669 10.352431
0.002383 -0.006728 10.352431
0.002586 -0.006761 10.352431
0.002785 -0.006813 10.352431
0.002987 -0.006854 10.352431
0.003188 -0.006900 10.352431
0.003389 -0.006945 10.352431
0.003589 -0.006994 10.352431
0.003791 -0.007033 10.352431
0.003975 -0.006941 10.352431
0.004023 -0.006741 10.352431
0.004078 -0.006542 10.352431
0.004141 -0.006346 10.352431
0.004190 -0.006146 10.352431
0.004262 -0.005953 10.352431
0.004313 -0.005754 10.352431
0.004384 -0.005561 10.352431
0.004414 -0.005357 10.352431
0.004489 -0.005166 10.352431
0.004529 -0.004964 10.352431
0.004606 -0.004773 10.352431
0.004669 -0.004577 10.352431
0.004746 -0.004386 10.352431
0.004815 -0.004192 10.352431
0.004861 -0.003991 10.352431
0.004950 -0.003805 10.352431
0.005104 -0.003669 10.352431
0.005153 -0.003469 10.352431
0.005200 -0.003269 10.352431
0.005291 -0.003084 10.352431
0.005438 -0.002940 10.352431
0.005565 -0.002778 10.352431
0.005704 -0.002626 10.352431
0.005842 -0.002473 10.352431
0.005977 -0.002318 10.352431
0.006135 -0.002186 10.352431
0.006266 -0.002027 10.352431
0.006416 -0.001886 10.352431
0.006547 -0.001727 10.352431
0.006707 -0.001598 10.352431
0.006832 -0.001434 10.352431
0.006989 -0.001301 10.352431
0.007114 -0.001137 10.352431
0.007265 -0.000997 10.352431
0.007394 -0.000837 10.352431
0.007538 -0.000690 10.352431
0.007671 -0.000533 10.352431
0.007814 -0.000385 10.352431
0.007945 -0.000226 10.352431
0.007960 -0.000021 10.352431

