0.006413 -0.000000 3.184028
0.006360 0.000153 3.184028
0.006257 0.000280 3.184028
0.006155 0.000406 3.184028
0.006054 0.000534 3.184028
0.005955 0.000662 3.184028
0.005852 0.000788 3.184028
0.005747 0.000911 3.184028
0.005645 0.001038 3.184028
0.005548 0.001169 3.184028
0.005450 0.001298 3.184028
0.005344 0.001422 3.184028
0.005237 0.001544 3.184028
0.005133 0.001669 3.184028
0.005037 0.001800 3.184028
0.004941 0.001931 3.184028
0.004843 0.002061 3.184028
0.004737 0.002183 3.184028
0.004631 0.002307 3.184028
0.004519 0.002424 3.184028
0.004413 0.002548 3.184028
0.004359 0.002701 3.184028
0.004313 0.002857 3.184028
0.004259 0.003010 3.184028
0.004206 0.003164 3.184028
0.004143 0.003314 3.184028
0.004077 0.003462 3.184028
0.004012 0.003611 3.184028
0.003956 0.003764 3.184028
0.003904 0.003917 3.184028
0.003849 0.004071 3.184028
0.003786 0.004221 3.184028
0.003722 0.004370 3.184028
0.003663 0.004521 3.184028
0.003608 0.004674 3.184028
0.003551 0.004826 3.184028
0.003489 0.004977 3.184028
0.003429 0.005127 3.184028
0.003371 0.005279 3.184028
0.003313 0.005431 3.184028
0.003207 0.005554 3.184028
0.003047 0.005584 3.184028
0.002886 0.005559 3.184028
0.002726 0.005533 3.184028
0.002565 0.005510 3.184028
0.002404 0.005489 3.184028
0.002244 0.005462 3.184028
0.002084 0.005432 3.184028
0.001923 0.005408 3.184028
0.001762 0.005389 3.184028
0.001601 0.005368 3.184028
0.001441 0.005339 3.184028
0.001282 0.005307 3.184028
0.001121 0.005280 3.184028
0.000960 0.005262 3.184028
0.000798 0.005245 3.184028
0.000637 0.005225 3.184028
0.000477 0.005194 3.184028
0.000318 0.005163 3.184028
0.000160 0.005125 3.184028
-0.000000 0.005096 3.184028
-0.000160 0.005125 3.184028
-0.000318 0.005163 3.184028
-0.000477 0.005194 3.184028
-0.000637 0.005225 3.184028
-0.000798 0.005245 3.184028
-0.000960 0.005262 3.184028
-0.001121 0.005280 3.184028
-0.001282 0.005307 3.184028
-0.001441 0.005339 3.184028
-0.001601 0.005368 3.184028
-0.001762 0.005389 3.184028
-0.001923 0.005408 3.184028
-0.002084 0.005432 3.184028
-0.002244 0.005462 3.184028
-0.002404 0.005489 3.184028
-0.002565 0.005510 3.184028
-0.002726 0.005533 3.184028
-0.002886 0.005559 3.184028
-0.003047 0.005584 3.184028
-0.003207 0.005554 3.184028
-0.003313 0.005431 3.184028
-0.003371 0.005279 3.184028
-0.003429 0.005127 3.184028
-0.003489 0.004977 3.184028
-0.003551 0.004826 3.184028
-0.003608 0.004674 3.184028
-0.003663 0.004521 3.184028
-0.003722 0.004370 3.184028
-0.003786 0.004221 3.184028
-0.003849 0.004071 3.184028
-0.003904 0.003917 3.184028
-0.003956 0.003764 3.184028
-0.004012 0.003611 3.184028
-0.004077 0.003462 3.184028
-0.004143 0.003314 3.184028
-0.004206 0.003164 3.184028
-0.004259 0.003010 3.184028
-0.004313 0.002857 3.184028
-0.004359 0.002701 3.184028
-0.004413 0.002548 3.184028
-0.004519 0.002424 3.184028
-0.004631 0.002307 3.184028
-0.004737 0.002183 3.184028
-0.004843 0.002061 3.184028
-0.004941 0.001931 3.184028
-0.005037 0.001800 3.184028
-0.005133 0.001669 3.184028
-0.005237 0.001544 3.184028
-0.005344 0.001422 3.184028
-0.005450 0.001298 3.184028
-0.005548 0.001169 3.184028
-0.005645 0.001038 3.184028
-0.005747 0.000911 3.184028
-0.005852 0.000788 3.184028
-0.005955 0.000662 3.184028
-0.006054 0.000534 3.184028
-0.006155 0.000406 3.184028
-0.006257 0.000280 3.184028
-0.006360 0.000153 3.184028
-0.006413 0.000000 3.184028
-0.006360 -0.000153 3.184028
-0.006257 -0.000280 3.184028
-0.006155 -0.000406 3.184028
-0.006054 -0.000534 3.184028
-0.005955 -0.000662 3.184028
-0.005852 -0.000788 3.184028
-0.005747 -0.000911 3.184028
-0.005645 -0.001038 3.184028
-0.005548 -0.001169 3.184028
-0.005450 -0.001298 3.184028
-0.005344 -0.001422 3.184028
-0.005237 -0.001544 3.184028
-0.005133 -0.001669 3.184028
-0.005037 -0.001800 3.184028
-0.004941 -0.001931 3.184028
-0.004843 -0.002061 3.184028
-0.004737 -0.002183 3.184028
-0.004631 -0.002307 3.184028
-0.004519 -0.002424 3.184028
-0.004413 -0.002548 3.184028
-0.004359 -0.002701 3.184028
-0.004313 -0.002857 3.184028
-0.004259 -0.003010 3.184028
-0.004206 -0.003164 3.184028
-0.004143 -0.003314 3.184028
-0.004077 -0.003462 3.184028
-0.004012 -0.003611 3.184028
-0.003956 -0.003764 3.184028
-0.003904 -0.003917 3.184028
-0.003849 -0.004071 3.184028
-0.003786 -0.004221 3.184028
-0.003722 -0.004370 3.184028
-0.003663 -0.004521 3.184028
-0.003608 -0.004674 3.184028
-0.003551 -0.004826 3.184028
-0.003489 -0.004977 3.184028
-0.003429 -0.005127 3.184028
-0.003371 -0.005279 3.184028
-0.003313 -0.005431 3.184028
-0.003207 -0.005554 3.184028
-0.003047 -0.005584 3.184028
-0.002886 -0.005559 3.184028
-0.002726 -0.005533 3.184028
-0.002565 -0.005510 3.184028
-0.002404 -0.005489 3.184028
-0.002244 -0.005462 3.184028
-0.002084 -0.005432 3.184028
-0.001923 -0.005408 3.184028
-0.001762 -0.005389 3.184028
-0.001601 -0.005368 3.184028
-0.001441 -0.005339 3.184028
-0.001282 -0.005307 3.184028
-0.001121 -0.005280 3.184028
-0.000960 -0.005262 3.184028
-0.000798 -0.005245 3.184028
-0.000637 -0.005225 3.184028
-0.000477 -0.005194 3.184028
-0.000318 -0.005163 3.184028
-0.000160 -0.005125 3.184028
0.000000 -0.005096 3.184028
0.000160 -0.005125 3.184028
0.000318 -0.005163 3.184028
0.000477 -0.005194 3.184028
0.000637 -0.005225 3.184028
0.000798 -0.005245 3.184028
0.000960 -0.005262 3.184028
0.001121 -0.005280 3.184028
0.001282 -0.005307 3.184028
0.001441 -0.005339 3.184028
0.001601 -0.005368 3.184028
0.001762 -0.005389 3.184028
0.001923 -0.005408 3.184028
0.002084 -0.005432 3.184028
0.002244 -0.005462 3.184028
0.002404 -0.005489 3.184028
0.002565 -0.005510 3.184028
0.002726 -0.005533 3.184028
0.002886 -0.005559 3.184028
0.003047 -0.005584 3.184028
0.003207 -0.005554 3.184028
0.003313 -0.005431 3.184028
0.003371 -0.005279 3.184028
0.003429 -0.005127 3.184028
0.003489 -0.004977 3.184028
0.003551 -0.004826 3.184028
0.003608 -0.004674 3.184028
0.003663 -0.004521 3.184028
0.003722 -0.004370 3.184028
0.003786 -0.004221 3.184028
0.003849 -0.004071 3.184028
0.003904 -0.003917 3.184028
0.003956 -0.003764 3.184028
0.004012 -0.003611 3.184028
0.004077 -0.003462 3.184028
0.004143 -0.003314 3.184028
0.004206 -0.003164 3.184028
0.004259 -0.003010 3.184028
0.004313 -0.002857 3.184028
0.004359 -0.002701 3.184028
0.004413 -0.002548 3.184028
0.004519 -0.002424 3.184028
0.004631 -0.002307 3.184028
0.004737 -0.002183 3.184028
0.004843 -0.002061 3.184028
0.004941 -0.001931 3.184028
0.005037 -0.001800 3.184028
0.005133 -0.001669 3.184028
0.005237 -0.001544 3.184028
0.005344 -0.001422 3.184028
0.005450 -0.001298 3.184028
0.005548 -0.001169 3.184028
0.005645 -0.001038 3.184028
0.005747 -0.000911 3.184028
0.005852 -0.000788 3.184028
0.005955 -0.000662 3.184028
0.006054 -0.000534 3.184028
0.006155 -0.000406 3.184028
0.006257 -0.000280 3.184028
0.006360 -0.000153 3.184028
0.006413 -0.000000 3.184028

