0.005019 -0.000000 0.060764
0.005018 0.000131 0.060764
0.005012 0.000262 0.060764
0.005004 0.000393 0.060764
0.004991 0.000524 0.060764
0.004976 0.000654 0.060764
0.004956 0.000784 0.060764
0.004933 0.000913 0.060764
0.004907 0.001042 0.060764
0.004877 0.001170 0.060764
0.004844 0.001297 0.060764
0.004807 0.001423 0.060764
0.004767 0.001547 0.060764
0.004724 0.001671 0.060764
0.004677 0.001794 0.060764
0.004627 0.001915 0.060764
0.004573 0.002035 0.060764
0.004517 0.002154 0.060764
0.004458 0.002271 0.060764
0.004395 0.002386 0.060764
0.004331 0.002500 0.060764
0.004264 0.002613 0.060764
0.004195 0.002725 0.060764
0.004124 0.002835 0.060764
0.004049 0.002943 0.060764
0.003972 0.003049 0.060764
0.003892 0.003153 0.060764
0.003809 0.003255 0.060764
0.003724 0.003355 0.060764
0.003636 0.003452 0.060764
0.003545 0.003547 0.060764
0.003452 0.003639 0.060764
0.003356 0.003729 0.060764
0.003258 0.003816 0.060764
0.003157 0.003900 0.060764
0.003054 0.003982 0.060764
0.002949 0.004061 0.060764
0.002842 0.004137 0.060764
0.002733 0.004210 0.060764
0.002622 0.004280 0.060764
0.002510 0.004347 0.060764
0.002395 0.004411 0.060764
0.002279 0.004472 0.060764
0.002161 0.004530 0.060764
0.002042 0.004585 0.060764
0.001921 0.004636 0.060764
0.001799 0.004684 0.060764
0.001676 0.004729 0.060764
0.001551 0.004771 0.060764
0.001426 0.004809 0.060764
0.001299 0.004843 0.060764
0.001172 0.004874 0.060764
0.001043 0.004902 0.060764
0.000914 0.004926 0.060764
0.000785 0.004947 0.060764
0.000655 0.004964 0.060764
0.000524 0.004978 0.060764
0.000393 0.004989 0.060764
0.000262 0.004996 0.060764
0.000131 0.005000 0.060764
-0.000000 0.005001 0.060764
-0.000131 0.005000 0.060764
-0.000262 0.004996 0.060764
-0.000393 0.004989 0.060764
-0.000524 0.004978 0.060764
-0.000655 0.004964 0.060764
-0.000785 0.004947 0.060764
-0.000914 0.004926 0.060764
-0.001043 0.004902 0.060764
-0.001172 0.004874 0.060764
-0.001299 0.004843 0.060764
-0.001426 0.004809 0.060764
-0.001551 0.004771 0.060764
-0.001676 0.004729 0.060764
-0.001799 0.004684 0.060764
-0.001921 0.004636 0.060764
-0.002042 0.004585 0.060764
-0.002161 0.004530 0.060764
-0.002279 0.004472 0.060764
-0.002395 0.004411 0.060764
-0.002510 0.004347 0.060764
-0.002622 0.004280 0.060764
-0.002733 0.004210 0.060764
-0.002842 0.004137 0.060764
-0.002949 0.004061 0.060764
-0.003054 0.003982 0.060764
-0.003157 0.003900 0.060764
-0.003258 0.003816 0.060764
-0.003356 0.003729 0.060764
-0.003452 0.003639 0.060764
-0.003545 0.003547 0.060764
-0.003636 0.003452 0.060764
-0.003724 0.003355 0.060764
-0.003809 0.003255 0.060764
-0.003892 0.003153 0.060764
-0.003972 0.003049 0.060764
-0.004049 0.002943 0.060764
-0.004124 0.002835 0.060764
-0.004195 0.002725 0.060764
-0.004264 0.002613 0.060764
-0.004331 0.002500 0.060764
-0.004395 0.002386 0.060764
-0.004458 0.002271 0.060764
-0.004517 0.002154 0.060764
-0.004573 0.002035 0.060764
-0.004627 0.001915 0.060764
-0.004677 0.001794 0.060764
-0.004724 0.001671 0.060764
-0.004767 0.001547 0.060764
-0.004807 0.001423 0.060764
-0.004844 0.001297 0.060764
-0.004877 0.001170 0.060764
-0.004907 0.001042 0.060764
-0.004933 0.000913 0.060764
-0.004956 0.000784 0.060764
-0.004976 0.000654 0.060764
-0.004991 0.000524 0.060764
-0.005004 0.000393 0.060764
-0.005012 0.000262 0.060764
-0.005018 0.000131 0.060764
-0.005019 0.000000 0.060764
-0.005018 -0.000131 0.060764
-0.005012 -0.000262 0.060764
-0.005004 -0.000393 0.060764
-0.004991 -0.000524 0.060764
-0.004976 -0.000654 0.060764
-0.004956 -0.000784 0.060764
-0.004933 -0.000913 0.060764
-0.004907 -0.001042 0.060764
-0.004877 -0.001170 0.060764
-0.004844 -0.001297 0.060764
-0.004807 -0.001423 0.060764
-0.004767 -0.001547 0.060764
-0.004724 -0.001671 0.060764
-0.004677 -0.001794 0.060764
-0.004627 -0.001915 0.060764
-0.004573 -0.002035 0.060764
-0.004517 -0.002154 0.060764
-0.004458 -0.002271 0.060764
-0.004395 -0.002386 0.060764
-0.004331 -0.002500 0.060764
-0.004264 -0.002613 0.060764
-0.004195 -0.002725 0.060764
-0.004124 -0.002835 0.060764
-0.004049 -0.002943 0.060764
-0.003972 -0.003049 0.060764
-0.003892 -0.003153 0.060764
-0.003809 -0.003255 0.060764
-0.003724 -0.003355 0.060764
-0.003636 -0.003452 0.060764
-0.003545 -0.003547 0.060764
-0.003452 -0.003639 0.060764
-0.003356 -0.003729 0.060764
-0.003258 -0.003816 0.060764
-0.003157 -0.003900 0.060764
-0.003054 -0.003982 0.060764
-0.002949 -0.004061 0.060764
-0.002842 -0.004137 0.060764
-0.002733 -0.004210 0.060764
-0.002622 -0.004280 0.060764
-0.002510 -0.004347 0.060764
-0.002395 -0.004411 0.060764
-0.002279 -0.004472 0.060764
-0.002161 -0.004530 0.060764
-0.002042 -0.004585 0.060764
-0.001921 -0.004636 0.060764
-0.001799 -0.004684 0.060764
-0.001676 -0.004729 0.060764
-0.001551 -0.004771 0.060764
-0.001426 -0.004809 0.060764
-0.001299 -0.004843 0.060764
-0.001172 -0.004874 0.060764
-0.001043 -0.004902 0.060764
-0.000914 -0.004926 0.060764
-0.000785 -0.004947 0.060764
-0.000655 -0.004964 0.060764
-0.000524 -0.004978 0.060764
-0.000393 -0.004989 0.060764
-0.000262 -0.004996 0.060764
-0.000131 -0.005000 0.060764
-0.000000 -0.005001 0.060764
0.000131 -0.005000 0.060764
0.000262 -0.004996 0.060764
0.000393 -0.004989 0.060764
0.000524 -0.004978 0.060764
0.000655 -0.004964 0.060764
0.000785 -0.004947 0.060764
0.000914 -0.004926 0.060764
0.001043 -0.004902 0.060764
0.001172 -0.004874 0.060764
0.001299 -0.004843 0.060764
0.001426 -0.004809 0.060764
0.001551 -0.004771 0.060764
0.001676 -0.004729 0.060764
0.001799 -0.004684 0.060764
0.001921 -0.004636 0.060764
0.002042 -0.004585 0.060764
0.002161 -0.004530 0.060764
0.002279 -0.004472 0.060764
0.002395 -0.004411 0.060764
0.002510 -0.004347 0.060764
0.002622 -0.004280 0.060764
0.002733 -0.004210 0.060764
0.002842 -0.004137 0.060764
0.002949 -0.004061 0.060764
0.003054 -0.003982 0.060764
0.003157 -0.003900 0.060764
0.003258 -0.003816 0.060764
0.003356 -0.003729 0.060764
0.003452 -0.003639 0.060764
0.003545 -0.003547 0.060764
0.003636 -0.003452 0.060764
0.003724 -0.003355 0.060764
0.003809 -0.003255 0.060764
0.003892 -0.003153 0.060764
0.003972 -0.003049 0.060764
0.004049 -0.002943 0.060764
0.004124 -0.002835 0.060764
0.004195 -0.002725 0.060764
0.004264 -0.002613 0.060764
0.004331 -0.002500 0.060764
0.004395 -0.002386 0.060764
0.004458 -0.002271 0.060764
0.004517 -0.002154 0.060764
0.004573 -0.002035 0.060764
0.004627 -0.001915 0.060764
0.004677 -0.001794 0.060764
0.004724 -0.001671 0.060764
0.004767 -0.001547 0.060764
0.004807 -0.001423 0.060764
0.004844 -0.001297 0.060764
0.004877 -0.001170 0.060764
0.004907 -0.001042 0.060764
0.004933 -0.000913 0.060764
0.004956 -0.000784 0.060764
0.004976 -0.000654 0.060764
0.004991 -0.000524 0.060764
0.005004 -0.000393 0.060764
0.005012 -0.000262 0.060764
0.005018 -0.000131 0.060764
0.005019 -0.000000 0.060764

