0.006674 -0.000000 4.446181
0.006618 0.000159 4.446181
0.006513 0.000291 4.446181
0.006407 0.000423 4.446181
0.006300 0.000554 4.446181
0.006193 0.000685 4.446181
0.006091 0.000819 4.446181
0.005986 0.000952 4.446181
0.005879 0.001082 4.446181
0.005769 0.001210 4.446181
0.005667 0.001345 4.446181
0.005563 0.001479 4.446181
0.005460 0.001613 4.446181
0.005349 0.001739 4.446181
0.005240 0.001869 4.446181
0.005139 0.002004 4.446181
0.005036 0.002138 4.446181
0.004935 0.002273 4.446181
0.004823 0.002401 4.446181
0.004712 0.002528 4.446181
0.004607 0.002660 4.446181
0.004545 0.002817 4.446181
0.004491 0.002977 4.446181
0.004436 0.003137 4.446181
0.004370 0.003292 4.446181
0.004305 0.003448 4.446181
0.004239 0.003604 4.446181
0.004181 0.003762 4.446181
0.004127 0.003922 4.446181
0.004062 0.004079 4.446181
0.003999 0.004235 4.446181
0.003933 0.004391 4.446181
0.003877 0.004550 4.446181
0.003817 0.004708 4.446181
0.003755 0.004865 4.446181
0.003690 0.005021 4.446181
0.003630 0.005179 4.446181
0.003570 0.005337 4.446181
0.003509 0.005494 4.446181
0.003447 0.005651 4.446181
0.003337 0.005780 4.446181
0.003171 0.005811 4.446181
0.003004 0.005786 4.446181
0.002837 0.005760 4.446181
0.002670 0.005733 4.446181
0.002503 0.005706 4.446181
0.002336 0.005684 4.446181
0.002169 0.005660 4.446181
0.002002 0.005632 4.446181
0.001836 0.005601 4.446181
0.001668 0.005581 4.446181
0.001501 0.005558 4.446181
0.001334 0.005535 4.446181
0.001168 0.005502 4.446181
0.001001 0.005473 4.446181
0.000834 0.005452 4.446181
0.000666 0.005431 4.446181
0.000499 0.005410 4.446181
0.000333 0.005378 4.446181
0.000167 0.005345 4.446181
-0.000000 0.005320 4.446181
-0.000167 0.005345 4.446181
-0.000333 0.005378 4.446181
-0.000499 0.005410 4.446181
-0.000666 0.005431 4.446181
-0.000834 0.005452 4.446181
-0.001001 0.005473 4.446181
-0.001168 0.005502 4.446181
-0.001334 0.005535 4.446181
-0.001501 0.005558 4.446181
-0.001668 0.005581 4.446181
-0.001836 0.005601 4.446181
-0.002002 0.005632 4.446181
-0.002169 0.005660 4.446181
-0.002336 0.005684 4.446181
-0.002503 0.005706 4.446181
-0.002670 0.005733 4.446181
-0.002837 0.005760 4.446181
-0.003004 0.005786 4.446181
-0.003171 0.005811 4.446181
-0.003337 0.005780 4.446181
-0.003447 0.005651 4.446181
-0.003509 0.005494 4.446181
-0.003570 0.005337 4.446181
-0.003630 0.005179 4.446181
-0.003690 0.005021 4.446181
-0.003755 0.004865 4.446181
-0.003817 0.004708 4.446181
-0.003877 0.004550 4.446181
-0.003933 0.004391 4.446181
-0.003999 0.004235 4.446181
-0.004062 0.004079 4.446181
-0.004127 0.003922 4.446181
-0.004181 0.003762 4.446181
-0.004239 0.003604 4.446181
-0.004305 0.003448 4.446181
-0.004370 0.003292 4.446181
-0.004436 0.003137 4.446181
-0.004491 0.002977 4.446181
-0.004545 0.002817 4.446181
-0.004607 0.002660 4.446181
-0.004712 0.002528 4.446181
-0.004823 0.002401 4.446181
-0.004935 0.002273 4.446181
-0.005036 0.002138 4.446181
-0.005139 0.002004 4.446181
-0.005240 0.001869 4.446181
-0.005349 0.001739 4.446181
-0.005460 0.001613 4.446181
-0.005563 0.001479 4.446181
-0.005667 0.001345 4.446181
-0.005769 0.001210 4.446181
-0.005879 0.001082 4.446181
-0.005986 0.000952 4.446181
-0.006091 0.000819 4.446181
-0.006193 0.000685 4.446181
-0.006300 0.000554 4.446181
-0.006407 0.000423 4.446181
-0.006513 0.000291 4.446181
-0.006618 0.000159 4.446181
-0.006674 0.000000 4.446181
-0.006618 -0.000159 4.446181
-0.006513 -0.000291 4.446181
-0.006407 -0.000423 4.446181
-0.006300 -0.000554 4.446181
-0.006193 -0.000685 4.446181
-0.006091 -0.000819 4.446181
-0.005986 -0.000952 4.446181
-0.005879 -0.001082 4.446181
-0.005769 -0.001210 4.446181
-0.005667 -0.001345 4.446181
-0.005563 -0.001479 4.446181
-0.005460 -0.001613 4.446181
-0.005349 -0.001739 4.446181
-0.005240 -0.001869 4.446181
-0.005139 -0.002004 4.446181
-0.005036 -0.002138 4.446181
-0.004935 -0.002273 4.446181
-0.004823 -0.002401 4.446181
-0.004712 -0.002528 4.446181
-0.004607 -0.002660 4.446181
-0.004545 -0.002817 4.446181
-0.004491 -0.002977 4.446181
-0.004436 -0.003137 4.446181
-0.004370 -0.003292 4.446181
-0.004305 -0.003448 4.446181
-0.004239 -0.003604 4.446181
-0.004181 -0.003762 4.446181
-0.004127 -0.003922 4.446181
-0.004062 -0.004079 4.446181
-0.003999 -0.004235 4.446181
-0.003933 -0.004391 4.446181
-0.003877 -0.004550 4.446181
-0.003817 -0.004708 4.446181
-0.003755 -0.004865 4.446181
-0.003690 -0.005021 4.446181
-0.003630 -0.005179 4.446181
-0.003570 -0.005337 4.446181
-0.003509 -0.005494 4.446181
-0.003447 -0.005652 4.446181
-0.003337 -0.005780 4.446181
-0.003171 -0.005811 4.446181
-0.003004 -0.005786 4.446181
-0.002837 -0.005760 4.446181
-0.002670 -0.005733 4.446181
-0.002503 -0.005706 4.446181
-0.002336 -0.005684 4.446181
-0.002169 -0.005660 4.446181
-0.002002 -0.005632 4.446181
-0.001836 -0.005601 4.446181
-0.001668 -0.005581 4.446181
-0.001501 -0.005558 4.446181
-0.001334 -0.005535 4.446181
-0.001168 -0.005502 4.446181
-0.001001 -0.005473 4.446181
-0.000834 -0.005452 4.446181
-0.000666 -0.005431 4.446181
-0.000499 -0.005410 4.446181
-0.000333 -0.005378 4.446181
-0.000167 -0.005345 4.446181
0.000000 -0.005320 4.446181
0.000167 -0.005345 4.446181
0.000333 -0.005378 4.446181
0.000499 -0.005410 4.446181
0.000666 -0.005431 4.446181
0.000834 -0.005452 4.446181
0.001001 -0.005473 4.446181
0.001168 -0.005502 4.446181
0.001334 -0.005535 4.446181
0.001501 -0.005558 4.446181
0.001668 -0.005581 4.446181
0.001836 -0.005601 4.446181
0.002002 -0.005632 4.446181
0.002169 -0.005660 4.446181
0.002336 -0.005684 4.446181
0.002503 -0.005706 4.446181
0.002670 -0.005733 4.446181
0.002837 -0.005760 4.446181
0.003004 -0.005786 4.446181
0.003171 -0.005811 4.446181
0.003337 -0.005780 4.446181
0.003447 -0.005651 4.446181
0.003509 -0.005494 4.446181
0.003570 -0.005337 4.446181
0.003630 -0.005179 4.446181
0.003690 -0.005021 4.446181
0.003755 -0.004865 4.446181
0.003817 -0.004708 4.446181
0.003877 -0.004550 4.446181
0.003933 -0.004391 4.446181
0.003999 -0.004235 4.446181
0.004062 -0.004079 4.446181
0.004127 -0.003922 4.446181
0.004181 -0.003762 4.446181
0.004239 -0.003604 4.446181
0.004305 -0.003448 4.446181
0.004370 -0.003292 4.446181
0.004436 -0.003137 4.446181
0.004491 -0.002977 4.446181
0.004545 -0.002817 4.446181
0.004607 -0.002660 4.446181
0.004712 -0.002528 4.446181
0.004823 -0.002401 4.446181
0.004935 -0.002273 4.446181
0.005036 -0.002138 4.446181
0.005139 -0.002004 4.446181
0.005240 -0.001869 4.446181
0.005349 -0.001739 4.446181
0.005460 -0.001613 4.446181
0.005563 -0.001479 4.446181
0.005667 -0.001345 4.446181
0.005769 -0.001210 4.446181
0.005879 -0.001082 4.446181
0.005986 -0.000952 4.446181
0.006091 -0.000819 4.446181
0.006193 -0.000685 4.446181
0.006300 -0.000554 4.446181
0.006407 -0.000423 4.446181
0.006513 -0.000291 4.446181
0.006618 -0.000159 4.446181
0.006674 -0.000000 4.446181

