0.007731 -0.000074 9.185764
0.007596 0.000071 9.185764
0.007457 0.000213 9.185764
0.007322 0.000358 9.185764
0.007188 0.000504 9.185764
0.007050 0.000646 9.185764
0.006910 0.000787 9.185764
0.006782 0.000938 9.185764
0.006648 0.001084 9.185764
0.006521 0.001236 9.185764
0.006384 0.001380 9.185764
0.006258 0.001533 9.185764
0.006117 0.001673 9.185764
0.006023 0.001847 9.185764
0.005895 0.001998 9.185764
0.005795 0.002169 9.185764
0.005675 0.002327 9.185764
0.005567 0.002493 9.185764
0.005441 0.002647 9.185764
0.005336 0.002814 9.185764
0.005218 0.002974 9.185764
0.005138 0.003155 9.185764
0.005065 0.003339 9.185764
0.004979 0.003518 9.185764
0.004916 0.003706 9.185764
0.004826 0.003883 9.185764
0.004758 0.004069 9.185764
0.004682 0.004252 9.185764
0.004633 0.004444 9.185764
0.004552 0.004625 9.185764
0.004509 0.004819 9.185764
0.004442 0.005005 9.185764
0.004400 0.005199 9.185764
0.004342 0.005388 9.185764
0.004290 0.005580 9.185764
0.004227 0.005768 9.185764
0.004173 0.005959 9.185764
0.004110 0.006147 9.185764
0.004049 0.006335 9.185764
0.003991 0.006525 9.185764
0.003836 0.006648 9.185764
0.003644 0.006601 9.185764
0.003452 0.006549 9.185764
0.003260 0.006501 9.185764
0.003066 0.006459 9.185764
0.002874 0.006412 9.185764
0.002679 0.006372 9.185764
0.002487 0.006324 9.185764
0.002293 0.006281 9.185764
0.002103 0.006227 9.185764
0.001908 0.006191 9.185764
0.001713 0.006155 9.185764
0.001516 0.006130 9.185764
0.001318 0.006128 9.185764
0.001127 0.006181 9.185764
0.000936 0.006127 9.185764
0.000739 0.006107 9.185764
0.000546 0.006062 9.185764
0.000348 0.006051 9.185764
0.000152 0.006020 9.185764
-0.000046 0.006004 9.185764
-0.000242 0.006031 9.185764
-0.000440 0.006037 9.185764
-0.000635 0.006075 9.185764
-0.000832 0.006093 9.185764
-0.001024 0.006143 9.185764
-0.001219 0.006107 9.185764
-0.001416 0.006129 9.185764
-0.001611 0.006164 9.185764
-0.001805 0.006204 9.185764
-0.002002 0.006229 9.185764
-0.002195 0.006274 9.185764
-0.002392 0.006296 9.185764
-0.002585 0.006339 9.185764
-0.002780 0.006376 9.185764
-0.002971 0.006431 9.185764
-0.003163 0.006481 9.185764
-0.003356 0.006523 9.185764
-0.003550 0.006567 9.185764
-0.003742 0.006613 9.185764
-0.003936 0.006658 9.185764
-0.004090 0.006534 9.185764
-0.004148 0.006344 9.185764
-0.004210 0.006156 9.185764
-0.004270 0.005967 9.185764
-0.004324 0.005776 9.185764
-0.004386 0.005588 9.185764
-0.004438 0.005397 9.185764
-0.004494 0.005207 9.185764
-0.004541 0.005014 9.185764
-0.004606 0.004827 9.185764
-0.004646 0.004632 9.185764
-0.004721 0.004449 9.185764
-0.004749 0.004253 9.185764
-0.004825 0.004069 9.185764
-0.004877 0.003878 9.185764
-0.004960 0.003698 9.185764
-0.005007 0.003506 9.185764
-0.005093 0.003327 9.185764
-0.005153 0.003138 9.185764
-0.005238 0.002959 9.185764
-0.005369 0.002810 9.185764
-0.005475 0.002642 9.185764
-0.005611 0.002498 9.185764
-0.005722 0.002334 9.185764
-0.005855 0.002187 9.185764
-0.005967 0.002023 9.185764
-0.006118 0.001895 9.185764
-0.006237 0.001736 9.185764
-0.006379 0.001598 9.185764
-0.006505 0.001445 9.185764
-0.006651 0.001311 9.185764
-0.006782 0.001162 9.185764
-0.006924 0.001024 9.185764
-0.007055 0.000875 9.185764
-0.007192 0.000732 9.185764
-0.007328 0.000588 9.185764
-0.007460 0.000440 9.185764
-0.007595 0.000294 9.185764
-0.007733 0.000152 9.185764
-0.007769 -0.000043 9.185764
-0.007637 -0.000191 9.185764
-0.007499 -0.000334 9.185764
-0.007360 -0.000474 9.185764
-0.007224 -0.000619 9.185764
-0.007087 -0.000763 9.185764
-0.006963 -0.000917 9.185764
-0.006825 -0.001059 9.185764
-0.006690 -0.001204 9.185764
-0.006539 -0.001333 9.185764
-0.006405 -0.001479 9.185764
-0.006259 -0.001613 9.185764
-0.006136 -0.001768 9.185764
-0.005992 -0.001905 9.185764
-0.005884 -0.002071 9.185764
-0.005766 -0.002230 9.185764
-0.005663 -0.002400 9.185764
-0.005532 -0.002548 9.185764
-0.005426 -0.002716 9.185764
-0.005297 -0.002867 9.185764
-0.005196 -0.003037 9.185764
-0.005144 -0.003228 9.185764
-0.005056 -0.003406 9.185764
-0.005007 -0.003598 9.185764
-0.004930 -0.003781 9.185764
-0.004872 -0.003970 9.185764
-0.004796 -0.004154 9.185764
-0.004756 -0.004348 9.185764
-0.004687 -0.004534 9.185764
-0.004639 -0.004726 9.185764
-0.004568 -0.004911 9.185764
-0.004527 -0.005105 9.185764
-0.004461 -0.005292 9.185764
-0.004419 -0.005486 9.185764
-0.004356 -0.005674 9.185764
-0.004300 -0.005864 9.185764
-0.004241 -0.006053 9.185764
-0.004181 -0.006242 9.185764
-0.004121 -0.006431 9.185764
-0.004067 -0.006622 9.185764
-0.003915 -0.006749 9.185764
-0.003721 -0.006709 9.185764
-0.003527 -0.006665 9.185764
-0.003334 -0.006622 9.185764
-0.003141 -0.006575 9.185764
-0.002951 -0.006518 9.185764
-0.002759 -0.006469 9.185764
-0.002564 -0.006437 9.185764
-0.002369 -0.006401 9.185764
-0.002173 -0.006369 9.185764
-0.001981 -0.006318 9.185764
-0.001787 -0.006278 9.185764
-0.001597 -0.006223 9.185764
-0.001401 -0.006189 9.185764
-0.001212 -0.006130 9.185764
-0.001016 -0.006101 9.185764
-0.000819 -0.006077 9.185764
-0.000622 -0.006062 9.185764
-0.000425 -0.006040 9.185764
-0.000227 -0.006020 9.185764
-0.000029 -0.006015 9.185764
0.000165 -0.006057 9.185764
0.000361 -0.006083 9.185764
0.000556 -0.006120 9.185764
0.000749 -0.006164 9.185764
0.000945 -0.006192 9.185764
0.001139 -0.006237 9.185764
0.001333 -0.006278 9.185764
0.001521 -0.006340 9.185764
0.001716 -0.006373 9.185764
0.001906 -0.006429 9.185764
0.002101 -0.006469 9.185764
0.002292 -0.006519 9.185764
0.002485 -0.006567 9.185764
0.002677 -0.006614 9.185764
0.002871 -0.006656 9.185764
0.003064 -0.006703 9.185764
0.003258 -0.006745 9.185764
0.003452 -0.006786 9.185764
0.003644 -0.006832 9.185764
0.003830 -0.006763 9.185764
0.003890 -0.006574 9.185764
0.003945 -0.006383 9.185764
0.004004 -0.006194 9.185764
0.004062 -0.006004 9.185764
0.004116 -0.005814 9.185764
0.004162 -0.005621 9.185764
0.004226 -0.005433 9.185764
0.004281 -0.005243 9.185764
0.004359 -0.005060 9.185764
0.004413 -0.004870 9.185764
0.004497 -0.004690 9.185764
0.004537 -0.004496 9.185764
0.004614 -0.004313 9.185764
0.004673 -0.004124 9.185764
0.004766 -0.003949 9.185764
0.004842 -0.003766 9.185764
0.004954 -0.003602 9.185764
0.005019 -0.003415 9.185764
0.005110 -0.003239 9.185764
0.005180 -0.003053 9.185764
0.005296 -0.002893 9.185764
0.005426 -0.002743 9.185764
0.005540 -0.002581 9.185764
0.005681 -0.002442 9.185764
0.005797 -0.002281 9.185764
0.005935 -0.002138 9.185764
0.006056 -0.001981 9.185764
0.006213 -0.001860 9.185764
0.006333 -0.001703 9.185764
0.006483 -0.001573 9.185764
0.006610 -0.001420 9.185764
0.006755 -0.001286 9.185764
0.006888 -0.001139 9.185764
0.007029 -0.000999 9.185764
0.007160 -0.000851 9.185764
0.007299 -0.000710 9.185764
0.007433 -0.000563 9.185764
0.007564 -0.000415 9.185764
0.007700 -0.000270 9.185764
0.007731 -0.000074 9.185764

