0.006369 -0.000000 2.965278
0.006315 0.000152 2.965278
0.006214 0.000278 2.965278
0.006114 0.000404 2.965278
0.006015 0.000532 2.965278
0.005912 0.000656 2.965278
0.005808 0.000779 2.965278
0.005707 0.000906 2.965278
0.005611 0.001036 2.965278
0.005512 0.001163 2.965278
0.005407 0.001285 2.965278
0.005300 0.001407 2.965278
0.005199 0.001532 2.965278
0.005104 0.001663 2.965278
0.005009 0.001794 2.965278
0.004909 0.001920 2.965278
0.004804 0.002042 2.965278
0.004694 0.002161 2.965278
0.004588 0.002282 2.965278
0.004479 0.002401 2.965278
0.004379 0.002528 2.965278
0.004319 0.002678 2.965278
0.004270 0.002832 2.965278
0.004219 0.002985 2.965278
0.004170 0.003139 2.965278
0.004117 0.003291 2.965278
0.004058 0.003442 2.965278
0.003992 0.003589 2.965278
0.003927 0.003736 2.965278
0.003868 0.003887 2.965278
0.003817 0.004040 2.965278
0.003763 0.004192 2.965278
0.003703 0.004342 2.965278
0.003638 0.004490 2.965278
0.003579 0.004640 2.965278
0.003525 0.004792 2.965278
0.003468 0.004943 2.965278
0.003407 0.005092 2.965278
0.003347 0.005242 2.965278
0.003289 0.005393 2.965278
0.003184 0.005516 2.965278
0.003026 0.005545 2.965278
0.002866 0.005520 2.965278
0.002707 0.005497 2.965278
0.002547 0.005475 2.965278
0.002388 0.005448 2.965278
0.002229 0.005419 2.965278
0.002069 0.005396 2.965278
0.001909 0.005377 2.965278
0.001749 0.005355 2.965278
0.001590 0.005325 2.965278
0.001432 0.005294 2.965278
0.001272 0.005269 2.965278
0.001112 0.005252 2.965278
0.000951 0.005235 2.965278
0.000792 0.005211 2.965278
0.000633 0.005181 2.965278
0.000476 0.005146 2.965278
0.000318 0.005114 2.965278
0.000160 0.005080 2.965278
-0.000000 0.005057 2.965278
-0.000160 0.005080 2.965278
-0.000318 0.005114 2.965278
-0.000476 0.005146 2.965278
-0.000633 0.005181 2.965278
-0.000792 0.005211 2.965278
-0.000951 0.005235 2.965278
-0.001112 0.005252 2.965278
-0.001272 0.005269 2.965278
-0.001432 0.005294 2.965278
-0.001590 0.005325 2.965278
-0.001749 0.005355 2.965278
-0.001909 0.005377 2.965278
-0.002069 0.005396 2.965278
-0.002229 0.005419 2.965278
-0.002388 0.005448 2.965278
-0.002547 0.005475 2.965278
-0.002707 0.005497 2.965278
-0.002866 0.005520 2.965278
-0.003026 0.005545 2.965278
-0.003184 0.005516 2.965278
-0.003289 0.005393 2.965278
-0.003347 0.005242 2.965278
-0.003407 0.005092 2.965278
-0.003468 0.004943 2.965278
-0.003525 0.004792 2.965278
-0.003579 0.004640 2.965278
-0.003638 0.004490 2.965278
-0.003703 0.004342 2.965278
-0.003763 0.004192 2.965278
-0.003817 0.004040 2.965278
-0.003868 0.003887 2.965278
-0.003927 0.003736 2.965278
-0.003992 0.003589 2.965278
-0.004058 0.003442 2.965278
-0.004117 0.003291 2.965278
-0.004170 0.003139 2.965278
-0.004219 0.002985 2.965278
-0.004270 0.002832 2.965278
-0.004319 0.002678 2.965278
-0.004379 0.002528 2.965278
-0.004479 0.002401 2.965278
-0.004588 0.002282 2.965278
-0.004694 0.002161 2.965278
-0.004804 0.002042 2.965278
-0.004909 0.001920 2.965278
-0.005009 0.001794 2.965278
-0.005104 0.001663 2.965278
-0.005199 0.001532 2.965278
-0.005300 0.001407 2.965278
-0.005407 0.001285 2.965278
-0.005512 0.001163 2.965278
-0.005611 0.001036 2.965278
-0.005707 0.000906 2.965278
-0.005808 0.000779 2.965278
-0.005912 0.000656 2.965278
-0.006015 0.000532 2.965278
-0.006114 0.000404 2.965278
-0.006214 0.000278 2.965278
-0.006315 0.000152 2.965278
-0.006369 0.000000 2.965278
-0.006315 -0.000152 2.965278
-0.006214 -0.000278 2.965278
-0.006114 -0.000404 2.965278
-0.006015 -0.000532 2.965278
-0.005912 -0.000656 2.965278
-0.005808 -0.000779 2.965278
-0.005707 -0.000906 2.965278
-0.005611 -0.001036 2.965278
-0.005512 -0.001163 2.965278
-0.005407 -0.001285 2.965278
-0.005300 -0.001407 2.965278
-0.005199 -0.001532 2.965278
-0.005104 -0.001663 2.965278
-0.005009 -0.001794 2.965278
-0.004909 -0.001920 2.965278
-0.004804 -0.002042 2.965278
-0.004694 -0.002161 2.965278
-0.004588 -0.002282 2.965278
-0.004479 -0.002401 2.965278
-0.004379 -0.002528 2.965278
-0.004319 -0.002678 2.965278
-0.004270 -0.002832 2.965278
-0.004219 -0.002985 2.965278
-0.004170 -0.003139 2.965278
-0.004117 -0.003291 2.965278
-0.004058 -0.003442 2.965278
-0.003992 -0.003589 2.965278
-0.003927 -0.003736 2.965278
-0.003868 -0.003887 2.965278
-0.003817 -0.004040 2.965278
-0.003763 -0.004192 2.965278
-0.003703 -0.004342 2.965278
-0.003638 -0.004490 2.965278
-0.003579 -0.004640 2.965278
-0.003525 -0.004792 2.965278
-0.003468 -0.004943 2.965278
-0.003407 -0.005092 2.965278
-0.003347 -0.005242 2.965278
-0.003289 -0.005393 2.965278
-0.003184 -0.005516 2.965278
-0.003026 -0.005545 2.965278
-0.002866 -0.005520 2.965278
-0.002707 -0.005497 2.965278
-0.002547 -0.005475 2.965278
-0.002388 -0.005448 2.965278
-0.002229 -0.005419 2.965278
-0.002069 -0.005396 2.965278
-0.001909 -0.005377 2.965278
-0.001749 -0.005355 2.965278
-0.001590 -0.005325 2.965278
-0.001432 -0.005294 2.965278
-0.001272 -0.005269 2.965278
-0.001112 -0.005252 2.965278
-0.000951 -0.005235 2.965278
-0.000792 -0.005211 2.965278
-0.000633 -0.005181 2.965278
-0.000476 -0.005146 2.965278
-0.000318 -0.005114 2.965278
-0.000160 -0.005080 2.965278
0.000000 -0.005057 2.965278
0.000160 -0.005080 2.965278
0.000318 -0.005114 2.965278
0.000476 -0.005146 2.965278
0.000633 -0.005181 2.965278
0.000792 -0.005211 2.965278
0.000951 -0.005235 2.965278
0.001112 -0.005252 2.965278
0.001272 -0.005269 2.965278
0.001432 -0.005294 2.965278
0.001590 -0.005325 2.965278
0.001749 -0.005355 2.965278
0.001909 -0.005377 2.965278
0.002069 -0.005396 2.965278
0.002229 -0.005419 2.965278
0.002388 -0.005448 2.965278
0.002547 -0.005475 2.965278
0.002707 -0.005497 2.965278
0.002866 -0.005520 2.965278
0.003026 -0.005545 2.965278
0.003184 -0.005516 2.965278
0.003289 -0.005393 2.965278
0.003347 -0.005242 2.965278
0.003407 -0.005092 2.965278
0.003468 -0.004943 2.965278
0.003525 -0.004792 2.965278
0.003579 -0.004640 2.965278
0.003638 -0.004490 2.965278
0.003703 -0.004342 2.965278
0.003763 -0.004192 2.965278
0.003817 -0.004040 2.965278
0.003868 -0.003887 2.965278
0.003927 -0.003736 2.965278
0.003992 -0.003589 2.965278
0.004058 -0.003442 2.965278
0.004117 -0.003291 2.965278
0.004170 -0.003139 2.965278
0.004219 -0.002985 2.965278
0.004270 -0.002832 2.965278
0.004319 -0.002678 2.965278
0.004379 -0.002528 2.965278
0.004479 -0.002401 2.965278
0.004588 -0.002282 2.965278
0.004694 -0.002161 2.965278
0.004804 -0.002042 2.965278
0.004909 -0.001920 2.965278
0.005009 -0.001794 2.965278
0.005104 -0.001663 2.965278
0.005199 -0.001532 2.965278
0.005300 -0.001407 2.965278
0.005407 -0.001285 2.965278
0.005512 -0.001163 2.965278
0.005611 -0.001036 2.965278
0.005707 -0.000906 2.965278
0.005808 -0.000779 2.965278
0.005912 -0.000656 2.965278
0.006015 -0.000532 2.965278
0.006114 -0.000404 2.965278
0.006214 -0.000278 2.965278
0.006315 -0.000152 2.965278
0.006369 -0.000000 2.965278

