0.006374 -0.000000 2.989583
0.006320 0.000152 2.989583
0.006218 0.000278 2.989583
0.006118 0.000404 2.989583
0.006019 0.000532 2.989583
0.005917 0.000657 2.989583
0.005812 0.000780 2.989583
0.005711 0.000906 2.989583
0.005615 0.001036 2.989583
0.005517 0.001164 2.989583
0.005412 0.001287 2.989583
0.005305 0.001408 2.989583
0.005203 0.001533 2.989583
0.005107 0.001663 2.989583
0.005013 0.001795 2.989583
0.004913 0.001922 2.989583
0.004808 0.002045 2.989583
0.004699 0.002164 2.989583
0.004592 0.002285 2.989583
0.004483 0.002404 2.989583
0.004383 0.002530 2.989583
0.004323 0.002681 2.989583
0.004275 0.002835 2.989583
0.004223 0.002988 2.989583
0.004175 0.003142 2.989583
0.004121 0.003294 2.989583
0.004060 0.003444 2.989583
0.003994 0.003591 2.989583
0.003929 0.003739 2.989583
0.003872 0.003890 2.989583
0.003821 0.004043 2.989583
0.003766 0.004195 2.989583
0.003705 0.004345 2.989583
0.003640 0.004493 2.989583
0.003582 0.004643 2.989583
0.003528 0.004796 2.989583
0.003470 0.004947 2.989583
0.003409 0.005096 2.989583
0.003350 0.005246 2.989583
0.003292 0.005397 2.989583
0.003187 0.005520 2.989583
0.003028 0.005549 2.989583
0.002869 0.005524 2.989583
0.002709 0.005501 2.989583
0.002549 0.005479 2.989583
0.002389 0.005453 2.989583
0.002230 0.005424 2.989583
0.002071 0.005399 2.989583
0.001910 0.005381 2.989583
0.001750 0.005360 2.989583
0.001591 0.005330 2.989583
0.001433 0.005298 2.989583
0.001274 0.005273 2.989583
0.001113 0.005254 2.989583
0.000952 0.005238 2.989583
0.000792 0.005216 2.989583
0.000633 0.005187 2.989583
0.000476 0.005151 2.989583
0.000317 0.005119 2.989583
0.000160 0.005084 2.989583
-0.000000 0.005061 2.989583
-0.000160 0.005084 2.989583
-0.000317 0.005119 2.989583
-0.000476 0.005151 2.989583
-0.000633 0.005187 2.989583
-0.000792 0.005216 2.989583
-0.000952 0.005238 2.989583
-0.001113 0.005254 2.989583
-0.001274 0.005273 2.989583
-0.001433 0.005298 2.989583
-0.001591 0.005330 2.989583
-0.001750 0.005360 2.989583
-0.001910 0.005381 2.989583
-0.002071 0.005399 2.989583
-0.002230 0.005424 2.989583
-0.002389 0.005453 2.989583
-0.002549 0.005479 2.989583
-0.002709 0.005501 2.989583
-0.002869 0.005524 2.989583
-0.003028 0.005549 2.989583
-0.003187 0.005520 2.989583
-0.003292 0.005397 2.989583
-0.003350 0.005246 2.989583
-0.003409 0.005096 2.989583
-0.003470 0.004947 2.989583
-0.003528 0.004796 2.989583
-0.003582 0.004643 2.989583
-0.003640 0.004493 2.989583
-0.003705 0.004345 2.989583
-0.003766 0.004195 2.989583
-0.003821 0.004043 2.989583
-0.003872 0.003890 2.989583
-0.003929 0.003739 2.989583
-0.003994 0.003591 2.989583
-0.004060 0.003444 2.989583
-0.004121 0.003294 2.989583
-0.004175 0.003142 2.989583
-0.004223 0.002988 2.989583
-0.004275 0.002835 2.989583
-0.004323 0.002681 2.989583
-0.004383 0.002530 2.989583
-0.004483 0.002404 2.989583
-0.004592 0.002285 2.989583
-0.004699 0.002164 2.989583
-0.004808 0.002045 2.989583
-0.004913 0.001922 2.989583
-0.005013 0.001795 2.989583
-0.005107 0.001663 2.989583
-0.005203 0.001533 2.989583
-0.005305 0.001408 2.989583
-0.005412 0.001287 2.989583
-0.005517 0.001164 2.989583
-0.005615 0.001036 2.989583
-0.005711 0.000906 2.989583
-0.005812 0.000780 2.989583
-0.005917 0.000657 2.989583
-0.006019 0.000532 2.989583
-0.006118 0.000404 2.989583
-0.006218 0.000278 2.989583
-0.006320 0.000152 2.989583
-0.006374 0.000000 2.989583
-0.006320 -0.000152 2.989583
-0.006218 -0.000278 2.989583
-0.006118 -0.000404 2.989583
-0.006019 -0.000532 2.989583
-0.005917 -0.000657 2.989583
-0.005812 -0.000780 2.989583
-0.005711 -0.000906 2.989583
-0.005615 -0.001036 2.989583
-0.005517 -0.001164 2.989583
-0.005412 -0.001287 2.989583
-0.005305 -0.001408 2.989583
-0.005203 -0.001533 2.989583
-0.005107 -0.001663 2.989583
-0.005013 -0.001795 2.989583
-0.004913 -0.001922 2.989583
-0.004808 -0.002045 2.989583
-0.004699 -0.002164 2.989583
-0.004592 -0.002285 2.989583
-0.004483 -0.002404 2.989583
-0.004383 -0.002530 2.989583
-0.004323 -0.002681 2.989583
-0.004275 -0.002835 2.989583
-0.004223 -0.002988 2.989583
-0.004175 -0.003142 2.989583
-0.004121 -0.003294 2.989583
-0.004060 -0.003444 2.989583
-0.003994 -0.003591 2.989583
-0.003929 -0.003739 2.989583
-0.003872 -0.003890 2.989583
-0.003821 -0.004043 2.989583
-0.003766 -0.004195 2.989583
-0.003705 -0.004345 2.989583
-0.003640 -0.004493 2.989583
-0.003582 -0.004643 2.989583
-0.003528 -0.004796 2.989583
-0.003470 -0.004947 2.989583
-0.003409 -0.005096 2.989583
-0.003350 -0.005246 2.989583
-0.003292 -0.005397 2.989583
-0.003187 -0.005520 2.989583
-0.003028 -0.005549 2.989583
-0.002869 -0.005524 2.989583
-0.002709 -0.005501 2.989583
-0.002549 -0.005479 2.989583
-0.002389 -0.005453 2.989583
-0.002230 -0.005424 2.989583
-0.002071 -0.005399 2.989583
-0.001910 -0.005381 2.989583
-0.001750 -0.005360 2.989583
-0.001591 -0.005330 2.989583
-0.001433 -0.005298 2.989583
-0.001274 -0.005273 2.989583
-0.001113 -0.005254 2.989583
-0.000952 -0.005238 2.989583
-0.000792 -0.005216 2.989583
-0.000633 -0.005187 2.989583
-0.000476 -0.005151 2.989583
-0.000317 -0.005119 2.989583
-0.000160 -0.005084 2.989583
0.000000 -0.005061 2.989583
0.000160 -0.005084 2.989583
0.000317 -0.005119 2.989583
0.000476 -0.005151 2.989583
0.000633 -0.005187 2.989583
0.000792 -0.005216 2.989583
0.000952 -0.005238 2.989583
0.001113 -0.005254 2.989583
0.001274 -0.005273 2.989583
0.001433 -0.005298 2.989583
0.001591 -0.005330 2.989583
0.001750 -0.005360 2.989583
0.001910 -0.005381 2.989583
0.002071 -0.005399 2.989583
0.002230 -0.005424 2.989583
0.002389 -0.005453 2.989583
0.002549 -0.005479 2.989583
0.002709 -0.005501 2.989583
0.002869 -0.005524 2.989583
0.003028 -0.005549 2.989583
0.003187 -0.005520 2.989583
0.003292 -0.005397 2.989583
0.003350 -0.005246 2.989583
0.003409 -0.005096 2.989583
0.003470 -0.004947 2.989583
0.003528 -0.004796 2.989583
0.003582 -0.004643 2.989583
0.003640 -0.004493 2.989583
0.003705 -0.004345 2.989583
0.003766 -0.004195 2.989583
0.003821 -0.004043 2.989583
0.003872 -0.003890 2.989583
0.003929 -0.003739 2.989583
0.003994 -0.003591 2.989583
0.004060 -0.003444 2.989583
0.004121 -0.003294 2.989583
0.004175 -0.003142 2.989583
0.004223 -0.002988 2.989583
0.004275 -0.002835 2.989583
0.004323 -0.002681 2.989583
0.004383 -0.002530 2.989583
0.004483 -0.002404 2.989583
0.004592 -0.002285 2.989583
0.004699 -0.002164 2.989583
0.004808 -0.002045 2.989583
0.004913 -0.001922 2.989583
0.005013 -0.001795 2.989583
0.005107 -0.001663 2.989583
0.005203 -0.001533 2.989583
0.005305 -0.001408 2.989583
0.005412 -0.001287 2.989583
0.005517 -0.001164 2.989583
0.005615 -0.001036 2.989583
0.005711 -0.000906 2.989583
0.005812 -0.000780 2.989583
0.005917 -0.000657 2.989583
0.006019 -0.000532 2.989583
0.006118 -0.000404 2.989583
0.006218 -0.000278 2.989583
0.006320 -0.000152 2.989583
0.006374 -0.000000 2.989583

