0.007616 -0.000080 8.657986
0.007482 0.000061 8.657986
0.007347 0.000202 8.657986
0.007215 0.000345 8.657986
0.007080 0.000485 8.657986
0.006946 0.000627 8.657986
0.006819 0.000775 8.657986
0.006693 0.000923 8.657986
0.006560 0.001066 8.657986
0.006434 0.001214 8.657986
0.006303 0.001358 8.657986
0.006184 0.001512 8.657986
0.006063 0.001666 8.657986
0.005976 0.001840 8.657986
0.005855 0.001992 8.657986
0.005760 0.002162 8.657986
0.005635 0.002312 8.657986
0.005530 0.002476 8.657986
0.005410 0.002629 8.657986
0.005306 0.002794 8.657986
0.005178 0.002941 8.657986
0.005097 0.003118 8.657986
0.005033 0.003303 8.657986
0.004943 0.003475 8.657986
0.004878 0.003659 8.657986
0.004797 0.003836 8.657986
0.004729 0.004019 8.657986
0.004636 0.004190 8.657986
0.004582 0.004377 8.657986
0.004504 0.004555 8.657986
0.004446 0.004741 8.657986
0.004378 0.004924 8.657986
0.004325 0.005111 8.657986
0.004269 0.005298 8.657986
0.004222 0.005487 8.657986
0.004165 0.005673 8.657986
0.004110 0.005860 8.657986
0.004056 0.006047 8.657986
0.003995 0.006233 8.657986
0.003937 0.006418 8.657986
0.003786 0.006542 8.657986
0.003598 0.006493 8.657986
0.003409 0.006446 8.657986
0.003218 0.006406 8.657986
0.003029 0.006361 8.657986
0.002839 0.006316 8.657986
0.002649 0.006275 8.657986
0.002460 0.006225 8.657986
0.002270 0.006185 8.657986
0.002078 0.006149 8.657986
0.001884 0.006132 8.657986
0.001690 0.006111 8.657986
0.001496 0.006104 8.657986
0.001302 0.006084 8.657986
0.001108 0.006102 8.657986
0.000917 0.006062 8.657986
0.000723 0.006048 8.657986
0.000531 0.006013 8.657986
0.000336 0.006007 8.657986
0.000145 0.005969 8.657986
-0.000049 0.005954 8.657986
-0.000240 0.005993 8.657986
-0.000435 0.005999 8.657986
-0.000627 0.006028 8.657986
-0.000822 0.006035 8.657986
-0.001013 0.006074 8.657986
-0.001207 0.006062 8.657986
-0.001401 0.006081 8.657986
-0.001595 0.006094 8.657986
-0.001786 0.006134 8.657986
-0.001980 0.006157 8.657986
-0.002170 0.006199 8.657986
-0.002362 0.006228 8.657986
-0.002554 0.006262 8.657986
-0.002747 0.006291 8.657986
-0.002938 0.006326 8.657986
-0.003127 0.006375 8.657986
-0.003315 0.006425 8.657986
-0.003505 0.006468 8.657986
-0.003695 0.006513 8.657986
-0.003885 0.006556 8.657986
-0.004034 0.006431 8.657986
-0.004092 0.006245 8.657986
-0.004151 0.006060 8.657986
-0.004204 0.005872 8.657986
-0.004260 0.005686 8.657986
-0.004316 0.005499 8.657986
-0.004363 0.005310 8.657986
-0.004419 0.005123 8.657986
-0.004471 0.004936 8.657986
-0.004531 0.004750 8.657986
-0.004580 0.004561 8.657986
-0.004647 0.004378 8.657986
-0.004687 0.004188 8.657986
-0.004774 0.004013 8.657986
-0.004824 0.003825 8.657986
-0.004904 0.003648 8.657986
-0.004960 0.003461 8.657986
-0.005050 0.003288 8.657986
-0.005106 0.003102 8.657986
-0.005192 0.002927 8.657986
-0.005326 0.002785 8.657986
-0.005430 0.002620 8.657986
-0.005558 0.002474 8.657986
-0.005665 0.002311 8.657986
-0.005802 0.002172 8.657986
-0.005902 0.002005 8.657986
-0.006037 0.001864 8.657986
-0.006157 0.001711 8.657986
-0.006294 0.001572 8.657986
-0.006415 0.001420 8.657986
-0.006552 0.001282 8.657986
-0.006682 0.001136 8.657986
-0.006820 0.000998 8.657986
-0.006954 0.000857 8.657986
-0.007086 0.000714 8.657986
-0.007221 0.000573 8.657986
-0.007355 0.000432 8.657986
-0.007485 0.000287 8.657986
-0.007618 0.000144 8.657986
-0.007651 -0.000048 8.657986
-0.007514 -0.000187 8.657986
-0.007377 -0.000324 8.657986
-0.007245 -0.000468 8.657986
-0.007116 -0.000614 8.657986
-0.006987 -0.000760 8.657986
-0.006855 -0.000903 8.657986
-0.006710 -0.001033 8.657986
-0.006573 -0.001172 8.657986
-0.006431 -0.001305 8.657986
-0.006305 -0.001454 8.657986
-0.006172 -0.001596 8.657986
-0.006057 -0.001754 8.657986
-0.005933 -0.001904 8.657986
-0.005843 -0.002076 8.657986
-0.005721 -0.002228 8.657986
-0.005609 -0.002388 8.657986
-0.005484 -0.002537 8.657986
-0.005382 -0.002703 8.657986
-0.005254 -0.002850 8.657986
-0.005147 -0.003013 8.657986
-0.005091 -0.003199 8.657986
-0.005006 -0.003374 8.657986
-0.004943 -0.003559 8.657986
-0.004868 -0.003738 8.657986
-0.004816 -0.003926 8.657986
-0.004735 -0.004104 8.657986
-0.004681 -0.004291 8.657986
-0.004613 -0.004473 8.657986
-0.004571 -0.004663 8.657986
-0.004500 -0.004845 8.657986
-0.004452 -0.005034 8.657986
-0.004388 -0.005218 8.657986
-0.004340 -0.005407 8.657986
-0.004287 -0.005594 8.657986
-0.004232 -0.005781 8.657986
-0.004176 -0.005968 8.657986
-0.004121 -0.006154 8.657986
-0.004060 -0.006339 8.657986
-0.004003 -0.006526 8.657986
-0.003854 -0.006652 8.657986
-0.003664 -0.006609 8.657986
-0.003475 -0.006561 8.657986
-0.003286 -0.006513 8.657986
-0.003099 -0.006461 8.657986
-0.002909 -0.006419 8.657986
-0.002716 -0.006392 8.657986
-0.002524 -0.006358 8.657986
-0.002334 -0.006314 8.657986
-0.002144 -0.006270 8.657986
-0.001956 -0.006218 8.657986
-0.001765 -0.006180 8.657986
-0.001577 -0.006131 8.657986
-0.001384 -0.006100 8.657986
-0.001193 -0.006064 8.657986
-0.000998 -0.006063 8.657986
-0.000805 -0.006037 8.657986
-0.000611 -0.006023 8.657986
-0.000417 -0.006002 8.657986
-0.000223 -0.005989 8.657986
-0.000029 -0.005964 8.657986
0.000163 -0.005992 8.657986
0.000356 -0.006023 8.657986
0.000549 -0.006044 8.657986
0.000740 -0.006086 8.657986
0.000932 -0.006117 8.657986
0.001123 -0.006157 8.657986
0.001316 -0.006181 8.657986
0.001502 -0.006239 8.657986
0.001693 -0.006278 8.657986
0.001881 -0.006327 8.657986
0.002071 -0.006371 8.657986
0.002261 -0.006416 8.657986
0.002450 -0.006461 8.657986
0.002638 -0.006512 8.657986
0.002828 -0.006556 8.657986
0.003018 -0.006600 8.657986
0.003207 -0.006648 8.657986
0.003397 -0.006689 8.657986
0.003588 -0.006731 8.657986
0.003770 -0.006664 8.657986
0.003827 -0.006477 8.657986
0.003881 -0.006290 8.657986
0.003938 -0.006104 8.657986
0.003988 -0.005916 8.657986
0.004040 -0.005728 8.657986
0.004101 -0.005543 8.657986
0.004171 -0.005361 8.657986
0.004234 -0.005177 8.657986
0.004306 -0.004996 8.657986
0.004362 -0.004809 8.657986
0.004435 -0.004628 8.657986
0.004483 -0.004439 8.657986
0.004578 -0.004269 8.657986
0.004647 -0.004087 8.657986
0.004745 -0.003919 8.657986
0.004813 -0.003736 8.657986
0.004917 -0.003571 8.657986
0.004981 -0.003387 8.657986
0.005070 -0.003214 8.657986
0.005130 -0.003029 8.657986
0.005240 -0.002868 8.657986
0.005373 -0.002726 8.657986
0.005479 -0.002562 8.657986
0.005611 -0.002419 8.657986
0.005725 -0.002261 8.657986
0.005863 -0.002124 8.657986
0.005969 -0.001960 8.657986
0.006116 -0.001832 8.657986
0.006239 -0.001681 8.657986
0.006381 -0.001548 8.657986
0.006509 -0.001400 8.657986
0.006647 -0.001263 8.657986
0.006778 -0.001119 8.657986
0.006918 -0.000984 8.657986
0.007051 -0.000841 8.657986
0.007184 -0.000699 8.657986
0.007321 -0.000560 8.657986
0.007452 -0.000416 8.657986
0.007584 -0.000272 8.657986
0.007616 -0.000080 8.657986

