0.007231 -0.000077 7.180556
0.007112 0.000064 7.180556
0.006994 0.000204 7.180556
0.006874 0.000344 7.180556
0.006758 0.000486 7.180556
0.006647 0.000632 7.180556
0.006547 0.000787 7.180556
0.006448 0.000941 7.180556
0.006345 0.001094 7.180556
0.006247 0.001249 7.180556
0.006145 0.001402 7.180556
0.006038 0.001552 7.180556
0.005928 0.001698 7.180556
0.005815 0.001843 7.180556
0.005704 0.001990 7.180556
0.005598 0.002140 7.180556
0.005474 0.002276 7.180556
0.005364 0.002423 7.180556
0.005245 0.002563 7.180556
0.005143 0.002716 7.180556
0.005017 0.002849 7.180556
0.004939 0.003016 7.180556
0.004885 0.003192 7.180556
0.004801 0.003355 7.180556
0.004743 0.003529 7.180556
0.004678 0.003701 7.180556
0.004611 0.003872 7.180556
0.004535 0.004040 7.180556
0.004468 0.004211 7.180556
0.004400 0.004381 7.180556
0.004330 0.004552 7.180556
0.004257 0.004720 7.180556
0.004180 0.004887 7.180556
0.004110 0.005057 7.180556
0.004040 0.005227 7.180556
0.003967 0.005396 7.180556
0.003903 0.005568 7.180556
0.003842 0.005741 7.180556
0.003789 0.005917 7.180556
0.003740 0.006094 7.180556
0.003597 0.006209 7.180556
0.003417 0.006171 7.180556
0.003237 0.006136 7.180556
0.003055 0.006114 7.180556
0.002871 0.006103 7.180556
0.002688 0.006094 7.180556
0.002504 0.006087 7.180556
0.002321 0.006072 7.180556
0.002138 0.006053 7.180556
0.001955 0.006041 7.180556
0.001772 0.006022 7.180556
0.001590 0.005998 7.180556
0.001408 0.005973 7.180556
0.001226 0.005947 7.180556
0.001043 0.005928 7.180556
0.000861 0.005901 7.180556
0.000680 0.005870 7.180556
0.000500 0.005835 7.180556
0.000316 0.005825 7.180556
0.000137 0.005784 7.180556
-0.000046 0.005769 7.180556
-0.000225 0.005813 7.180556
-0.000408 0.005825 7.180556
-0.000589 0.005857 7.180556
-0.000771 0.005881 7.180556
-0.000951 0.005918 7.180556
-0.001134 0.005936 7.180556
-0.001316 0.005958 7.180556
-0.001498 0.005983 7.180556
-0.001681 0.006005 7.180556
-0.001864 0.006023 7.180556
-0.002047 0.006035 7.180556
-0.002231 0.006042 7.180556
-0.002414 0.006057 7.180556
-0.002597 0.006070 7.180556
-0.002780 0.006086 7.180556
-0.002961 0.006116 7.180556
-0.003142 0.006148 7.180556
-0.003324 0.006178 7.180556
-0.003506 0.006202 7.180556
-0.003688 0.006228 7.180556
-0.003829 0.006110 7.180556
-0.003876 0.005932 7.180556
-0.003926 0.005755 7.180556
-0.003978 0.005579 7.180556
-0.004030 0.005403 7.180556
-0.004089 0.005229 7.180556
-0.004146 0.005054 7.180556
-0.004206 0.004880 7.180556
-0.004276 0.004711 7.180556
-0.004345 0.004540 7.180556
-0.004411 0.004369 7.180556
-0.004478 0.004198 7.180556
-0.004544 0.004026 7.180556
-0.004618 0.003858 7.180556
-0.004686 0.003687 7.180556
-0.004749 0.003515 7.180556
-0.004810 0.003341 7.180556
-0.004892 0.003177 7.180556
-0.004945 0.003001 7.180556
-0.005026 0.002836 7.180556
-0.005154 0.002704 7.180556
-0.005256 0.002551 7.180556
-0.005374 0.002411 7.180556
-0.005487 0.002266 7.180556
-0.005609 0.002128 7.180556
-0.005716 0.001979 7.180556
-0.005827 0.001833 7.180556
-0.005943 0.001689 7.180556
-0.006056 0.001544 7.180556
-0.006167 0.001398 7.180556
-0.006276 0.001250 7.180556
-0.006386 0.001103 7.180556
-0.006503 0.000961 7.180556
-0.006618 0.000818 7.180556
-0.006734 0.000676 7.180556
-0.006857 0.000539 7.180556
-0.006980 0.000403 7.180556
-0.007106 0.000269 7.180556
-0.007233 0.000136 7.180556
-0.007262 -0.000045 7.180556
-0.007136 -0.000179 7.180556
-0.007001 -0.000303 7.180556
-0.006869 -0.000431 7.180556
-0.006746 -0.000568 7.180556
-0.006631 -0.000711 7.180556
-0.006528 -0.000863 7.180556
-0.006423 -0.001015 7.180556
-0.006317 -0.001164 7.180556
-0.006215 -0.001317 7.180556
-0.006109 -0.001467 7.180556
-0.005998 -0.001614 7.180556
-0.005886 -0.001759 7.180556
-0.005771 -0.001903 7.180556
-0.005664 -0.002052 7.180556
-0.005549 -0.002196 7.180556
-0.005435 -0.002339 7.180556
-0.005311 -0.002475 7.180556
-0.005212 -0.002630 7.180556
-0.005088 -0.002765 7.180556
-0.004981 -0.002915 7.180556
-0.004927 -0.003091 7.180556
-0.004846 -0.003256 7.180556
-0.004786 -0.003429 7.180556
-0.004713 -0.003598 7.180556
-0.004659 -0.003773 7.180556
-0.004583 -0.003941 7.180556
-0.004513 -0.004111 7.180556
-0.004448 -0.004283 7.180556
-0.004382 -0.004454 7.180556
-0.004316 -0.004626 7.180556
-0.004249 -0.004797 7.180556
-0.004182 -0.004968 7.180556
-0.004126 -0.005143 7.180556
-0.004069 -0.005318 7.180556
-0.004010 -0.005491 7.180556
-0.003956 -0.005667 7.180556
-0.003900 -0.005842 7.180556
-0.003848 -0.006019 7.180556
-0.003800 -0.006196 7.180556
-0.003660 -0.006315 7.180556
-0.003479 -0.006289 7.180556
-0.003298 -0.006253 7.180556
-0.003121 -0.006207 7.180556
-0.002943 -0.006159 7.180556
-0.002765 -0.006113 7.180556
-0.002584 -0.006083 7.180556
-0.002402 -0.006060 7.180556
-0.002219 -0.006040 7.180556
-0.002035 -0.006031 7.180556
-0.001852 -0.006020 7.180556
-0.001669 -0.006003 7.180556
-0.001486 -0.005982 7.180556
-0.001304 -0.005956 7.180556
-0.001122 -0.005936 7.180556
-0.000939 -0.005917 7.180556
-0.000758 -0.005883 7.180556
-0.000577 -0.005855 7.180556
-0.000395 -0.005827 7.180556
-0.000212 -0.005811 7.180556
-0.000032 -0.005773 7.180556
0.000150 -0.005792 7.180556
0.000331 -0.005827 7.180556
0.000514 -0.005842 7.180556
0.000695 -0.005875 7.180556
0.000875 -0.005908 7.180556
0.001058 -0.005933 7.180556
0.001240 -0.005954 7.180556
0.001421 -0.005983 7.180556
0.001603 -0.006012 7.180556
0.001784 -0.006042 7.180556
0.001966 -0.006070 7.180556
0.002148 -0.006097 7.180556
0.002327 -0.006135 7.180556
0.002506 -0.006177 7.180556
0.002686 -0.006215 7.180556
0.002864 -0.006259 7.180556
0.003043 -0.006302 7.180556
0.003222 -0.006345 7.180556
0.003400 -0.006391 7.180556
0.003571 -0.006326 7.180556
0.003636 -0.006154 7.180556
0.003704 -0.005983 7.180556
0.003768 -0.005811 7.180556
0.003828 -0.005637 7.180556
0.003886 -0.005463 7.180556
0.003956 -0.005293 7.180556
0.004031 -0.005125 7.180556
0.004108 -0.004958 7.180556
0.004194 -0.004796 7.180556
0.004277 -0.004632 7.180556
0.004355 -0.004465 7.180556
0.004428 -0.004297 7.180556
0.004498 -0.004127 7.180556
0.004570 -0.003958 7.180556
0.004648 -0.003792 7.180556
0.004703 -0.003616 7.180556
0.004777 -0.003448 7.180556
0.004836 -0.003274 7.180556
0.004920 -0.003111 7.180556
0.004968 -0.002933 7.180556
0.005070 -0.002780 7.180556
0.005199 -0.002649 7.180556
0.005296 -0.002493 7.180556
0.005419 -0.002357 7.180556
0.005534 -0.002214 7.180556
0.005650 -0.002071 7.180556
0.005758 -0.001922 7.180556
0.005874 -0.001780 7.180556
0.005988 -0.001636 7.180556
0.006103 -0.001493 7.180556
0.006217 -0.001348 7.180556
0.006328 -0.001202 7.180556
0.006448 -0.001063 7.180556
0.006571 -0.000926 7.180556
0.006693 -0.000789 7.180556
0.006820 -0.000656 7.180556
0.006946 -0.000522 7.180556
0.007073 -0.000390 7.180556
0.007202 -0.000258 7.180556
0.007231 -0.000077 7.180556

