0.007642 -0.000079 8.772569
0.007508 0.000063 8.772569
0.007372 0.000204 8.772569
0.007240 0.000348 8.772569
0.007104 0.000489 8.772569
0.006968 0.000630 8.772569
0.006839 0.000776 8.772569
0.006714 0.000926 8.772569
0.006580 0.001069 8.772569
0.006453 0.001218 8.772569
0.006320 0.001362 8.772569
0.006198 0.001514 8.772569
0.006074 0.001666 8.772569
0.005987 0.001841 8.772569
0.005864 0.001993 8.772569
0.005769 0.002164 8.772569
0.005645 0.002315 8.772569
0.005538 0.002479 8.772569
0.005417 0.002632 8.772569
0.005314 0.002799 8.772569
0.005188 0.002948 8.772569
0.005107 0.003126 8.772569
0.005041 0.003310 8.772569
0.004951 0.003484 8.772569
0.004888 0.003669 8.772569
0.004804 0.003846 8.772569
0.004734 0.004028 8.772569
0.004644 0.004202 8.772569
0.004594 0.004391 8.772569
0.004514 0.004570 8.772569
0.004459 0.004757 8.772569
0.004391 0.004941 8.772569
0.004341 0.005130 8.772569
0.004286 0.005317 8.772569
0.004238 0.005507 8.772569
0.004180 0.005694 8.772569
0.004125 0.005881 8.772569
0.004069 0.006069 8.772569
0.004007 0.006254 8.772569
0.003949 0.006441 8.772569
0.003798 0.006566 8.772569
0.003609 0.006517 8.772569
0.003420 0.006468 8.772569
0.003228 0.006427 8.772569
0.003038 0.006383 8.772569
0.002848 0.006338 8.772569
0.002656 0.006297 8.772569
0.002467 0.006247 8.772569
0.002276 0.006205 8.772569
0.002085 0.006163 8.772569
0.001891 0.006142 8.772569
0.001697 0.006118 8.772569
0.001501 0.006110 8.772569
0.001306 0.006093 8.772569
0.001112 0.006116 8.772569
0.000921 0.006075 8.772569
0.000726 0.006060 8.772569
0.000534 0.006023 8.772569
0.000338 0.006017 8.772569
0.000146 0.005981 8.772569
-0.000049 0.005966 8.772569
-0.000241 0.006003 8.772569
-0.000436 0.006007 8.772569
-0.000630 0.006037 8.772569
-0.000825 0.006047 8.772569
-0.001016 0.006087 8.772569
-0.001211 0.006069 8.772569
-0.001406 0.006089 8.772569
-0.001601 0.006107 8.772569
-0.001791 0.006150 8.772569
-0.001986 0.006173 8.772569
-0.002176 0.006217 8.772569
-0.002370 0.006243 8.772569
-0.002562 0.006278 8.772569
-0.002756 0.006308 8.772569
-0.002947 0.006348 8.772569
-0.003136 0.006399 8.772569
-0.003325 0.006448 8.772569
-0.003516 0.006490 8.772569
-0.003706 0.006536 8.772569
-0.003897 0.006579 8.772569
-0.004047 0.006453 8.772569
-0.004105 0.006266 8.772569
-0.004165 0.006080 8.772569
-0.004219 0.005892 8.772569
-0.004275 0.005705 8.772569
-0.004332 0.005518 8.772569
-0.004380 0.005328 8.772569
-0.004435 0.005140 8.772569
-0.004487 0.004952 8.772569
-0.004548 0.004766 8.772569
-0.004595 0.004576 8.772569
-0.004664 0.004393 8.772569
-0.004699 0.004201 8.772569
-0.004784 0.004025 8.772569
-0.004836 0.003836 8.772569
-0.004917 0.003658 8.772569
-0.004970 0.003469 8.772569
-0.005060 0.003296 8.772569
-0.005117 0.003109 8.772569
-0.005203 0.002933 8.772569
-0.005336 0.002790 8.772569
-0.005440 0.002624 8.772569
-0.005570 0.002478 8.772569
-0.005679 0.002316 8.772569
-0.005814 0.002174 8.772569
-0.005915 0.002007 8.772569
-0.006055 0.001870 8.772569
-0.006175 0.001716 8.772569
-0.006313 0.001577 8.772569
-0.006435 0.001424 8.772569
-0.006575 0.001287 8.772569
-0.006704 0.001141 8.772569
-0.006844 0.001004 8.772569
-0.006978 0.000861 8.772569
-0.007110 0.000717 8.772569
-0.007246 0.000576 8.772569
-0.007379 0.000433 8.772569
-0.007509 0.000287 8.772569
-0.007644 0.000145 8.772569
-0.007678 -0.000047 8.772569
-0.007543 -0.000188 8.772569
-0.007403 -0.000326 8.772569
-0.007270 -0.000469 8.772569
-0.007139 -0.000614 8.772569
-0.007010 -0.000761 8.772569
-0.006881 -0.000908 8.772569
-0.006736 -0.001040 8.772569
-0.006599 -0.001179 8.772569
-0.006454 -0.001310 8.772569
-0.006326 -0.001458 8.772569
-0.006190 -0.001599 8.772569
-0.006073 -0.001755 8.772569
-0.005945 -0.001903 8.772569
-0.005853 -0.002076 8.772569
-0.005732 -0.002230 8.772569
-0.005622 -0.002391 8.772569
-0.005494 -0.002539 8.772569
-0.005392 -0.002706 8.772569
-0.005265 -0.002854 8.772569
-0.005158 -0.003018 8.772569
-0.005103 -0.003206 8.772569
-0.005016 -0.003381 8.772569
-0.004956 -0.003567 8.772569
-0.004882 -0.003748 8.772569
-0.004828 -0.003936 8.772569
-0.004747 -0.004114 8.772569
-0.004697 -0.004303 8.772569
-0.004630 -0.004487 8.772569
-0.004586 -0.004678 8.772569
-0.004514 -0.004860 8.772569
-0.004468 -0.005050 8.772569
-0.004404 -0.005234 8.772569
-0.004358 -0.005424 8.772569
-0.004303 -0.005612 8.772569
-0.004247 -0.005800 8.772569
-0.004191 -0.005987 8.772569
-0.004135 -0.006174 8.772569
-0.004073 -0.006360 8.772569
-0.004017 -0.006547 8.772569
-0.003868 -0.006674 8.772569
-0.003677 -0.006632 8.772569
-0.003487 -0.006585 8.772569
-0.003297 -0.006538 8.772569
-0.003109 -0.006485 8.772569
-0.002919 -0.006438 8.772569
-0.002726 -0.006407 8.772569
-0.002533 -0.006377 8.772569
-0.002341 -0.006335 8.772569
-0.002150 -0.006293 8.772569
-0.001962 -0.006240 8.772569
-0.001771 -0.006201 8.772569
-0.001582 -0.006151 8.772569
-0.001389 -0.006117 8.772569
-0.001198 -0.006075 8.772569
-0.001003 -0.006070 8.772569
-0.000808 -0.006046 8.772569
-0.000613 -0.006031 8.772569
-0.000419 -0.006010 8.772569
-0.000224 -0.005997 8.772569
-0.000029 -0.005976 8.772569
0.000164 -0.006006 8.772569
0.000357 -0.006036 8.772569
0.000551 -0.006059 8.772569
0.000742 -0.006103 8.772569
0.000935 -0.006134 8.772569
0.001127 -0.006173 8.772569
0.001320 -0.006201 8.772569
0.001506 -0.006262 8.772569
0.001698 -0.006299 8.772569
0.001887 -0.006350 8.772569
0.002078 -0.006393 8.772569
0.002268 -0.006439 8.772569
0.002458 -0.006485 8.772569
0.002647 -0.006535 8.772569
0.002838 -0.006579 8.772569
0.003028 -0.006624 8.772569
0.003218 -0.006670 8.772569
0.003409 -0.006710 8.772569
0.003600 -0.006753 8.772569
0.003784 -0.006686 8.772569
0.003841 -0.006499 8.772569
0.003895 -0.006311 8.772569
0.003954 -0.006124 8.772569
0.004006 -0.005936 8.772569
0.004055 -0.005747 8.772569
0.004112 -0.005560 8.772569
0.004182 -0.005377 8.772569
0.004245 -0.005191 8.772569
0.004318 -0.005010 8.772569
0.004374 -0.004823 8.772569
0.004449 -0.004642 8.772569
0.004492 -0.004451 8.772569
0.004583 -0.004278 8.772569
0.004652 -0.004095 8.772569
0.004750 -0.003926 8.772569
0.004819 -0.003743 8.772569
0.004924 -0.003578 8.772569
0.004989 -0.003394 8.772569
0.005080 -0.003220 8.772569
0.005141 -0.003035 8.772569
0.005253 -0.002874 8.772569
0.005385 -0.002730 8.772569
0.005491 -0.002566 8.772569
0.005626 -0.002424 8.772569
0.005741 -0.002266 8.772569
0.005878 -0.002127 8.772569
0.005987 -0.001964 8.772569
0.006137 -0.001839 8.772569
0.006259 -0.001686 8.772569
0.006403 -0.001554 8.772569
0.006531 -0.001405 8.772569
0.006670 -0.001268 8.772569
0.006803 -0.001124 8.772569
0.006943 -0.000988 8.772569
0.007075 -0.000844 8.772569
0.007210 -0.000702 8.772569
0.007346 -0.000562 8.772569
0.007477 -0.000416 8.772569
0.007609 -0.000272 8.772569
0.007642 -0.000079 8.772569

