0.006850 -0.000000 5.335069
0.006789 0.000162 5.335069
0.006684 0.000300 5.335069
0.006575 0.000434 5.335069
0.006468 0.000570 5.335069
0.006358 0.000704 5.335069
0.006254 0.000843 5.335069
0.006144 0.000977 5.335069
0.006034 0.001111 5.335069
0.005925 0.001246 5.335069
0.005819 0.001382 5.335069
0.005715 0.001521 5.335069
0.005602 0.001653 5.335069
0.005491 0.001786 5.335069
0.005384 0.001922 5.335069
0.005279 0.002059 5.335069
0.005175 0.002198 5.335069
0.005062 0.002329 5.335069
0.004948 0.002460 5.335069
0.004843 0.002598 5.335069
0.004738 0.002735 5.335069
0.004671 0.002895 5.335069
0.004605 0.003055 5.335069
0.004548 0.003219 5.335069
0.004491 0.003383 5.335069
0.004423 0.003542 5.335069
0.004357 0.003702 5.335069
0.004292 0.003863 5.335069
0.004232 0.004025 5.335069
0.004175 0.004189 5.335069
0.004106 0.004348 5.335069
0.004041 0.004509 5.335069
0.003979 0.004670 5.335069
0.003918 0.004833 5.335069
0.003857 0.004995 5.335069
0.003789 0.005154 5.335069
0.003728 0.005316 5.335069
0.003664 0.005477 5.335069
0.003602 0.005639 5.335069
0.003536 0.005799 5.335069
0.003425 0.005932 5.335069
0.003254 0.005961 5.335069
0.003082 0.005939 5.335069
0.002911 0.005911 5.335069
0.002740 0.005886 5.335069
0.002569 0.005858 5.335069
0.002397 0.005838 5.335069
0.002226 0.005810 5.335069
0.002055 0.005781 5.335069
0.001884 0.005754 5.335069
0.001712 0.005730 5.335069
0.001540 0.005710 5.335069
0.001370 0.005678 5.335069
0.001199 0.005648 5.335069
0.001028 0.005624 5.335069
0.000856 0.005601 5.335069
0.000684 0.005581 5.335069
0.000514 0.005549 5.335069
0.000344 0.005516 5.335069
0.000172 0.005493 5.335069
-0.000000 0.005471 5.335069
-0.000172 0.005493 5.335069
-0.000344 0.005516 5.335069
-0.000514 0.005549 5.335069
-0.000684 0.005581 5.335069
-0.000856 0.005601 5.335069
-0.001028 0.005624 5.335069
-0.001199 0.005648 5.335069
-0.001370 0.005678 5.335069
-0.001540 0.005710 5.335069
-0.001712 0.005730 5.335069
-0.001884 0.005754 5.335069
-0.002055 0.005781 5.335069
-0.002226 0.005810 5.335069
-0.002397 0.005838 5.335069
-0.002569 0.005858 5.335069
-0.002740 0.005886 5.335069
-0.002911 0.005911 5.335069
-0.003082 0.005938 5.335069
-0.003254 0.005960 5.335069
-0.003425 0.005932 5.335069
-0.003537 0.005799 5.335069
-0.003603 0.005639 5.335069
-0.003664 0.005477 5.335069
-0.003728 0.005316 5.335069
-0.003789 0.005154 5.335069
-0.003857 0.004995 5.335069
-0.003919 0.004833 5.335069
-0.003979 0.004670 5.335069
-0.004041 0.004509 5.335069
-0.004106 0.004348 5.335069
-0.004175 0.004189 5.335069
-0.004232 0.004025 5.335069
-0.004292 0.003863 5.335069
-0.004357 0.003702 5.335069
-0.004423 0.003542 5.335069
-0.004491 0.003383 5.335069
-0.004548 0.003219 5.335069
-0.004605 0.003055 5.335069
-0.004671 0.002895 5.335069
-0.004738 0.002735 5.335069
-0.004843 0.002598 5.335069
-0.004948 0.002460 5.335069
-0.005062 0.002329 5.335069
-0.005175 0.002198 5.335069
-0.005279 0.002059 5.335069
-0.005384 0.001922 5.335069
-0.005491 0.001786 5.335069
-0.005602 0.001652 5.335069
-0.005715 0.001521 5.335069
-0.005819 0.001382 5.335069
-0.005925 0.001246 5.335069
-0.006034 0.001111 5.335069
-0.006144 0.000977 5.335069
-0.006254 0.000843 5.335069
-0.006358 0.000704 5.335069
-0.006468 0.000571 5.335069
-0.006575 0.000434 5.335069
-0.006685 0.000300 5.335069
-0.006790 0.000163 5.335069
-0.006850 0.000000 5.335069
-0.006790 -0.000162 5.335069
-0.006684 -0.000300 5.335069
-0.006575 -0.000434 5.335069
-0.006468 -0.000570 5.335069
-0.006358 -0.000704 5.335069
-0.006254 -0.000843 5.335069
-0.006144 -0.000977 5.335069
-0.006034 -0.001111 5.335069
-0.005925 -0.001246 5.335069
-0.005819 -0.001382 5.335069
-0.005715 -0.001521 5.335069
-0.005602 -0.001653 5.335069
-0.005491 -0.001786 5.335069
-0.005384 -0.001922 5.335069
-0.005279 -0.002059 5.335069
-0.005175 -0.002198 5.335069
-0.005062 -0.002329 5.335069
-0.004948 -0.002460 5.335069
-0.004843 -0.002598 5.335069
-0.004738 -0.002735 5.335069
-0.004671 -0.002895 5.335069
-0.004605 -0.003055 5.335069
-0.004548 -0.003219 5.335069
-0.004491 -0.003383 5.335069
-0.004423 -0.003542 5.335069
-0.004357 -0.003702 5.335069
-0.004292 -0.003863 5.335069
-0.004232 -0.004025 5.335069
-0.004175 -0.004189 5.335069
-0.004106 -0.004348 5.335069
-0.004041 -0.004509 5.335069
-0.003979 -0.004670 5.335069
-0.003919 -0.004833 5.335069
-0.003857 -0.004995 5.335069
-0.003789 -0.005154 5.335069
-0.003728 -0.005316 5.335069
-0.003664 -0.005477 5.335069
-0.003603 -0.005639 5.335069
-0.003538 -0.005800 5.335069
-0.003425 -0.005932 5.335069
-0.003254 -0.005960 5.335069
-0.003082 -0.005938 5.335069
-0.002911 -0.005911 5.335069
-0.002740 -0.005886 5.335069
-0.002569 -0.005858 5.335069
-0.002397 -0.005838 5.335069
-0.002226 -0.005810 5.335069
-0.002055 -0.005781 5.335069
-0.001884 -0.005754 5.335069
-0.001712 -0.005730 5.335069
-0.001540 -0.005710 5.335069
-0.001370 -0.005678 5.335069
-0.001199 -0.005648 5.335069
-0.001028 -0.005624 5.335069
-0.000856 -0.005601 5.335069
-0.000684 -0.005581 5.335069
-0.000514 -0.005549 5.335069
-0.000344 -0.005516 5.335069
-0.000172 -0.005493 5.335069
0.000000 -0.005471 5.335069
0.000172 -0.005493 5.335069
0.000344 -0.005516 5.335069
0.000514 -0.005549 5.335069
0.000684 -0.005581 5.335069
0.000856 -0.005601 5.335069
0.001028 -0.005624 5.335069
0.001199 -0.005648 5.335069
0.001370 -0.005678 5.335069
0.001540 -0.005710 5.335069
0.001712 -0.005730 5.335069
0.001884 -0.005754 5.335069
0.002055 -0.005781 5.335069
0.002226 -0.005810 5.335069
0.002397 -0.005838 5.335069
0.002569 -0.005858 5.335069
0.002740 -0.005887 5.335069
0.002911 -0.005912 5.335069
0.003082 -0.005940 5.335069
0.003254 -0.005964 5.335069
0.003424 -0.005932 5.335069
0.003534 -0.005798 5.335069
0.003601 -0.005638 5.335069
0.003663 -0.005477 5.335069
0.003728 -0.005316 5.335069
0.003789 -0.005154 5.335069
0.003857 -0.004995 5.335069
0.003918 -0.004833 5.335069
0.003979 -0.004670 5.335069
0.004041 -0.004509 5.335069
0.004106 -0.004348 5.335069
0.004175 -0.004189 5.335069
0.004232 -0.004025 5.335069
0.004292 -0.003863 5.335069
0.004357 -0.003702 5.335069
0.004423 -0.003542 5.335069
0.004491 -0.003383 5.335069
0.004548 -0.003219 5.335069
0.004605 -0.003055 5.335069
0.004671 -0.002895 5.335069
0.004738 -0.002735 5.335069
0.004843 -0.002598 5.335069
0.004948 -0.002460 5.335069
0.005062 -0.002329 5.335069
0.005175 -0.002198 5.335069
0.005279 -0.002059 5.335069
0.005384 -0.001922 5.335069
0.005491 -0.001786 5.335069
0.005602 -0.001652 5.335069
0.005715 -0.001521 5.335069
0.005819 -0.001382 5.335069
0.005925 -0.001246 5.335069
0.006034 -0.001111 5.335069
0.006144 -0.000977 5.335069
0.006254 -0.000843 5.335069
0.006358 -0.000704 5.335069
0.006468 -0.000571 5.335069
0.006575 -0.000435 5.335069
0.006685 -0.000301 5.335069
0.006791 -0.000163 5.335069
0.006850 -0.000000 5.335069

