0.005135 -0.000000 0.390625
0.005133 0.000133 0.390625
0.005127 0.000266 0.390625
0.005116 0.000399 0.390625
0.005102 0.000532 0.390625
0.005083 0.000663 0.390625
0.005060 0.000795 0.390625
0.005032 0.000925 0.390625
0.004999 0.001054 0.390625
0.004962 0.001182 0.390625
0.004921 0.001309 0.390625
0.004875 0.001434 0.390625
0.004825 0.001557 0.390625
0.004772 0.001680 0.390625
0.004716 0.001800 0.390625
0.004657 0.001920 0.390625
0.004595 0.002038 0.390625
0.004531 0.002154 0.390625
0.004465 0.002270 0.390625
0.004398 0.002385 0.390625
0.004331 0.002501 0.390625
0.004265 0.002616 0.390625
0.004198 0.002732 0.390625
0.004131 0.002847 0.390625
0.004062 0.002961 0.390625
0.003991 0.003073 0.390625
0.003917 0.003184 0.390625
0.003841 0.003293 0.390625
0.003761 0.003400 0.390625
0.003679 0.003505 0.390625
0.003594 0.003607 0.390625
0.003505 0.003707 0.390625
0.003413 0.003803 0.390625
0.003317 0.003895 0.390625
0.003218 0.003984 0.390625
0.003116 0.004070 0.390625
0.003011 0.004153 0.390625
0.002904 0.004231 0.390625
0.002794 0.004307 0.390625
0.002682 0.004379 0.390625
0.002568 0.004447 0.390625
0.002451 0.004512 0.390625
0.002333 0.004573 0.390625
0.002213 0.004630 0.390625
0.002091 0.004684 0.390625
0.001967 0.004734 0.390625
0.001842 0.004779 0.390625
0.001715 0.004820 0.390625
0.001587 0.004857 0.390625
0.001458 0.004889 0.390625
0.001327 0.004916 0.390625
0.001196 0.004939 0.390625
0.001064 0.004958 0.390625
0.000932 0.004973 0.390625
0.000799 0.004984 0.390625
0.000666 0.004993 0.390625
0.000533 0.004998 0.390625
0.000400 0.005001 0.390625
0.000266 0.005002 0.390625
0.000133 0.005001 0.390625
-0.000000 0.005001 0.390625
-0.000133 0.005001 0.390625
-0.000266 0.005002 0.390625
-0.000400 0.005001 0.390625
-0.000533 0.004998 0.390625
-0.000666 0.004993 0.390625
-0.000799 0.004984 0.390625
-0.000932 0.004973 0.390625
-0.001064 0.004958 0.390625
-0.001196 0.004939 0.390625
-0.001327 0.004916 0.390625
-0.001458 0.004889 0.390625
-0.001587 0.004857 0.390625
-0.001715 0.004820 0.390625
-0.001842 0.004779 0.390625
-0.001967 0.004734 0.390625
-0.002091 0.004684 0.390625
-0.002213 0.004630 0.390625
-0.002333 0.004573 0.390625
-0.002451 0.004512 0.390625
-0.002568 0.004447 0.390625
-0.002682 0.004379 0.390625
-0.002794 0.004307 0.390625
-0.002904 0.004231 0.390625
-0.003011 0.004153 0.390625
-0.003116 0.004070 0.390625
-0.003218 0.003984 0.390625
-0.003317 0.003895 0.390625
-0.003413 0.003803 0.390625
-0.003505 0.003707 0.390625
-0.003594 0.003607 0.390625
-0.003679 0.003505 0.390625
-0.003761 0.003400 0.390625
-0.003841 0.003293 0.390625
-0.003917 0.003184 0.390625
-0.003991 0.003073 0.390625
-0.004062 0.002961 0.390625
-0.004131 0.002847 0.390625
-0.004198 0.002732 0.390625
-0.004265 0.002616 0.390625
-0.004331 0.002501 0.390625
-0.004398 0.002385 0.390625
-0.004465 0.002270 0.390625
-0.004531 0.002154 0.390625
-0.004595 0.002038 0.390625
-0.004657 0.001920 0.390625
-0.004716 0.001800 0.390625
-0.004772 0.001680 0.390625
-0.004825 0.001557 0.390625
-0.004875 0.001434 0.390625
-0.004921 0.001309 0.390625
-0.004962 0.001182 0.390625
-0.004999 0.001054 0.390625
-0.005032 0.000925 0.390625
-0.005060 0.000795 0.390625
-0.005083 0.000663 0.390625
-0.005102 0.000532 0.390625
-0.005116 0.000399 0.390625
-0.005127 0.000266 0.390625
-0.005133 0.000133 0.390625
-0.005135 0.000000 0.390625
-0.005133 -0.000133 0.390625
-0.005127 -0.000266 0.390625
-0.005116 -0.000399 0.390625
-0.005102 -0.000532 0.390625
-0.005083 -0.000663 0.390625
-0.005060 -0.000795 0.390625
-0.005032 -0.000925 0.390625
-0.004999 -0.001054 0.390625
-0.004962 -0.001182 0.390625
-0.004921 -0.001309 0.390625
-0.004875 -0.001434 0.390625
-0.004825 -0.001557 0.390625
-0.004772 -0.001680 0.390625
-0.004716 -0.001800 0.390625
-0.004657 -0.001920 0.390625
-0.004595 -0.002038 0.390625
-0.004531 -0.002154 0.390625
-0.004465 -0.002270 0.390625
-0.004398 -0.002385 0.390625
-0.004331 -0.002501 0.390625
-0.004265 -0.002616 0.390625
-0.004198 -0.002732 0.390625
-0.004131 -0.002847 0.390625
-0.004062 -0.002961 0.390625
-0.003991 -0.003073 0.390625
-0.003917 -0.003184 0.390625
-0.003841 -0.003293 0.390625
-0.003761 -0.003400 0.390625
-0.003679 -0.003505 0.390625
-0.003594 -0.003607 0.390625
-0.003505 -0.003707 0.390625
-0.003413 -0.003803 0.390625
-0.003317 -0.003895 0.390625
-0.003218 -0.003984 0.390625
-0.003116 -0.004070 0.390625
-0.003011 -0.004153 0.390625
-0.002904 -0.004231 0.390625
-0.002794 -0.004307 0.390625
-0.002682 -0.004379 0.390625
-0.002568 -0.004447 0.390625
-0.002451 -0.004512 0.390625
-0.002333 -0.004573 0.390625
-0.002213 -0.004630 0.390625
-0.002091 -0.004684 0.390625
-0.001967 -0.004734 0.390625
-0.001842 -0.004779 0.390625
-0.001715 -0.004820 0.390625
-0.001587 -0.004857 0.390625
-0.001458 -0.004889 0.390625
-0.001327 -0.004916 0.390625
-0.001196 -0.004939 0.390625
-0.001064 -0.004958 0.390625
-0.000932 -0.004973 0.390625
-0.000799 -0.004984 0.390625
-0.000666 -0.004993 0.390625
-0.000533 -0.004998 0.390625
-0.000400 -0.005001 0.390625
-0.000266 -0.005002 0.390625
-0.000133 -0.005001 0.390625
0.000000 -0.005001 0.390625
0.000133 -0.005001 0.390625
0.000266 -0.005002 0.390625
0.000400 -0.005001 0.390625
0.000533 -0.004998 0.390625
0.000666 -0.004993 0.390625
0.000799 -0.004984 0.390625
0.000932 -0.004973 0.390625
0.001064 -0.004958 0.390625
0.001196 -0.004939 0.390625
0.001327 -0.004916 0.390625
0.001458 -0.004889 0.390625
0.001587 -0.004857 0.390625
0.001715 -0.004820 0.390625
0.001842 -0.004779 0.390625
0.001967 -0.004734 0.390625
0.002091 -0.004684 0.390625
0.002213 -0.004630 0.390625
0.002333 -0.004573 0.390625
0.002451 -0.004512 0.390625
0.002568 -0.004447 0.390625
0.002682 -0.004379 0.390625
0.002794 -0.004307 0.390625
0.002904 -0.004231 0.390625
0.003011 -0.004153 0.390625
0.003116 -0.004070 0.390625
0.003218 -0.003984 0.390625
0.003317 -0.003895 0.390625
0.003413 -0.003803 0.390625
0.003505 -0.003707 0.390625
0.003594 -0.003607 0.390625
0.003679 -0.003505 0.390625
0.003761 -0.003400 0.390625
0.003841 -0.003293 0.390625
0.003917 -0.003184 0.390625
0.003991 -0.003073 0.390625
0.004062 -0.002961 0.390625
0.004131 -0.002847 0.390625
0.004198 -0.002732 0.390625
0.004265 -0.002616 0.390625
0.004331 -0.002501 0.390625
0.004398 -0.002385 0.390625
0.004465 -0.002270 0.390625
0.004531 -0.002154 0.390625
0.004595 -0.002038 0.390625
0.004657 -0.001920 0.390625
0.004716 -0.001800 0.390625
0.004772 -0.001680 0.390625
0.004825 -0.001557 0.390625
0.004875 -0.001434 0.390625
0.004921 -0.001309 0.390625
0.004962 -0.001182 0.390625
0.004999 -0.001054 0.390625
0.005032 -0.000925 0.390625
0.005060 -0.000795 0.390625
0.005083 -0.000663 0.390625
0.005102 -0.000532 0.390625
0.005116 -0.000399 0.390625
0.005127 -0.000266 0.390625
0.005133 -0.000133 0.390625
0.005135 -0.000000 0.390625

