0.006163 -0.000000 2.055556
0.006111 0.000147 2.055556
0.006014 0.000268 2.055556
0.005919 0.000391 2.055556
0.005821 0.000513 2.055556
0.005719 0.000630 2.055556
0.005619 0.000749 2.055556
0.005526 0.000874 2.055556
0.005436 0.001001 2.055556
0.005339 0.001123 2.055556
0.005235 0.001239 2.055556
0.005129 0.001353 2.055556
0.005024 0.001468 2.055556
0.004924 0.001587 2.055556
0.004828 0.001710 2.055556
0.004739 0.001838 2.055556
0.004654 0.001968 2.055556
0.004572 0.002101 2.055556
0.004492 0.002234 2.055556
0.004413 0.002368 2.055556
0.004335 0.002503 2.055556
0.004258 0.002638 2.055556
0.004181 0.002773 2.055556
0.004105 0.002910 2.055556
0.004032 0.003047 2.055556
0.003961 0.003185 2.055556
0.003895 0.003326 2.055556
0.003836 0.003470 2.055556
0.003784 0.003617 2.055556
0.003737 0.003765 2.055556
0.003691 0.003914 2.055556
0.003642 0.004062 2.055556
0.003585 0.004207 2.055556
0.003520 0.004348 2.055556
0.003458 0.004491 2.055556
0.003405 0.004638 2.055556
0.003355 0.004785 2.055556
0.003298 0.004930 2.055556
0.003239 0.005074 2.055556
0.003182 0.005219 2.055556
0.003082 0.005338 2.055556
0.002929 0.005366 2.055556
0.002775 0.005342 2.055556
0.002620 0.005321 2.055556
0.002466 0.005298 2.055556
0.002314 0.005268 2.055556
0.002160 0.005241 2.055556
0.002006 0.005223 2.055556
0.001851 0.005208 2.055556
0.001697 0.005185 2.055556
0.001544 0.005154 2.055556
0.001393 0.005119 2.055556
0.001241 0.005086 2.055556
0.001087 0.005057 2.055556
0.000933 0.005036 2.055556
0.000778 0.005023 2.055556
0.000623 0.005015 2.055556
0.000467 0.005010 2.055556
0.000311 0.005008 2.055556
0.000156 0.005006 2.055556
-0.000000 0.005005 2.055556
-0.000156 0.005006 2.055556
-0.000311 0.005008 2.055556
-0.000467 0.005010 2.055556
-0.000623 0.005015 2.055556
-0.000778 0.005023 2.055556
-0.000933 0.005036 2.055556
-0.001087 0.005057 2.055556
-0.001241 0.005086 2.055556
-0.001393 0.005119 2.055556
-0.001544 0.005154 2.055556
-0.001697 0.005185 2.055556
-0.001851 0.005208 2.055556
-0.002006 0.005223 2.055556
-0.002160 0.005241 2.055556
-0.002314 0.005268 2.055556
-0.002466 0.005298 2.055556
-0.002620 0.005321 2.055556
-0.002775 0.005342 2.055556
-0.002929 0.005366 2.055556
-0.003082 0.005338 2.055556
-0.003182 0.005219 2.055556
-0.003239 0.005074 2.055556
-0.003298 0.004930 2.055556
-0.003355 0.004785 2.055556
-0.003405 0.004638 2.055556
-0.003458 0.004491 2.055556
-0.003520 0.004348 2.055556
-0.003585 0.004207 2.055556
-0.003642 0.004062 2.055556
-0.003691 0.003914 2.055556
-0.003737 0.003765 2.055556
-0.003784 0.003617 2.055556
-0.003836 0.003470 2.055556
-0.003895 0.003326 2.055556
-0.003961 0.003185 2.055556
-0.004032 0.003047 2.055556
-0.004105 0.002910 2.055556
-0.004181 0.002773 2.055556
-0.004258 0.002638 2.055556
-0.004335 0.002503 2.055556
-0.004413 0.002368 2.055556
-0.004492 0.002234 2.055556
-0.004572 0.002101 2.055556
-0.004654 0.001968 2.055556
-0.004739 0.001838 2.055556
-0.004828 0.001710 2.055556
-0.004924 0.001587 2.055556
-0.005024 0.001468 2.055556
-0.005129 0.001353 2.055556
-0.005235 0.001239 2.055556
-0.005339 0.001123 2.055556
-0.005436 0.001001 2.055556
-0.005526 0.000874 2.055556
-0.005619 0.000749 2.055556
-0.005719 0.000630 2.055556
-0.005821 0.000513 2.055556
-0.005919 0.000391 2.055556
-0.006014 0.000268 2.055556
-0.006111 0.000147 2.055556
-0.006163 0.000000 2.055556
-0.006111 -0.000147 2.055556
-0.006014 -0.000268 2.055556
-0.005919 -0.000391 2.055556
-0.005821 -0.000513 2.055556
-0.005719 -0.000630 2.055556
-0.005619 -0.000749 2.055556
-0.005526 -0.000874 2.055556
-0.005436 -0.001001 2.055556
-0.005339 -0.001123 2.055556
-0.005235 -0.001239 2.055556
-0.005129 -0.001353 2.055556
-0.005024 -0.001468 2.055556
-0.004924 -0.001587 2.055556
-0.004828 -0.001710 2.055556
-0.004739 -0.001838 2.055556
-0.004654 -0.001968 2.055556
-0.004572 -0.002101 2.055556
-0.004492 -0.002234 2.055556
-0.004413 -0.002368 2.055556
-0.004335 -0.002503 2.055556
-0.004258 -0.002638 2.055556
-0.004181 -0.002773 2.055556
-0.004105 -0.002910 2.055556
-0.004032 -0.003047 2.055556
-0.003961 -0.003185 2.055556
-0.003895 -0.003326 2.055556
-0.003836 -0.003470 2.055556
-0.003784 -0.003617 2.055556
-0.003737 -0.003765 2.055556
-0.003691 -0.003914 2.055556
-0.003642 -0.004062 2.055556
-0.003585 -0.004207 2.055556
-0.003520 -0.004348 2.055556
-0.003458 -0.004491 2.055556
-0.003405 -0.004638 2.055556
-0.003355 -0.004785 2.055556
-0.003298 -0.004930 2.055556
-0.003239 -0.005074 2.055556
-0.003182 -0.005219 2.055556
-0.003082 -0.005338 2.055556
-0.002929 -0.005366 2.055556
-0.002775 -0.005342 2.055556
-0.002620 -0.005321 2.055556
-0.002466 -0.005298 2.055556
-0.002314 -0.005268 2.055556
-0.002160 -0.005241 2.055556
-0.002006 -0.005223 2.055556
-0.001851 -0.005208 2.055556
-0.001697 -0.005185 2.055556
-0.001544 -0.005154 2.055556
-0.001393 -0.005119 2.055556
-0.001241 -0.005086 2.055556
-0.001087 -0.005057 2.055556
-0.000933 -0.005036 2.055556
-0.000778 -0.005023 2.055556
-0.000623 -0.005015 2.055556
-0.000467 -0.005010 2.055556
-0.000311 -0.005008 2.055556
-0.000156 -0.005006 2.055556
0.000000 -0.005005 2.055556
0.000156 -0.005006 2.055556
0.000311 -0.005008 2.055556
0.000467 -0.005010 2.055556
0.000623 -0.005015 2.055556
0.000778 -0.005023 2.055556
0.000933 -0.005036 2.055556
0.001087 -0.005057 2.055556
0.001241 -0.005086 2.055556
0.001393 -0.005119 2.055556
0.001544 -0.005154 2.055556
0.001697 -0.005185 2.055556
0.001851 -0.005208 2.055556
0.002006 -0.005223 2.055556
0.002160 -0.005241 2.055556
0.002314 -0.005268 2.055556
0.002466 -0.005298 2.055556
0.002620 -0.005321 2.055556
0.002775 -0.005342 2.055556
0.002929 -0.005366 2.055556
0.003082 -0.005338 2.055556
0.003182 -0.005219 2.055556
0.003239 -0.005074 2.055556
0.003298 -0.004930 2.055556
0.003355 -0.004785 2.055556
0.003405 -0.004638 2.055556
0.003458 -0.004491 2.055556
0.003520 -0.004348 2.055556
0.003585 -0.004207 2.055556
0.003642 -0.004062 2.055556
0.003691 -0.003914 2.055556
0.003737 -0.003765 2.055556
0.003784 -0.003617 2.055556
0.003836 -0.003470 2.055556
0.003895 -0.003326 2.055556
0.003961 -0.003185 2.055556
0.004032 -0.003047 2.055556
0.004105 -0.002910 2.055556
0.004181 -0.002773 2.055556
0.004258 -0.002638 2.055556
0.004335 -0.002503 2.055556
0.004413 -0.002368 2.055556
0.004492 -0.002234 2.055556
0.004572 -0.002101 2.055556
0.004654 -0.001968 2.055556
0.004739 -0.001838 2.055556
0.004828 -0.001710 2.055556
0.004924 -0.001587 2.055556
0.005024 -0.001468 2.055556
0.005129 -0.001353 2.055556
0.005235 -0.001239 2.055556
0.005339 -0.001123 2.055556
0.005436 -0.001001 2.055556
0.005526 -0.000874 2.055556
0.005619 -0.000749 2.055556
0.005719 -0.000630 2.055556
0.005821 -0.000513 2.055556
0.005919 -0.000391 2.055556
0.006014 -0.000268 2.055556
0.006111 -0.000147 2.055556
0.006163 -0.000000 2.055556

