0.007882 -0.000043 9.949653
0.007736 0.000099 9.949653
0.007594 0.000244 9.949653
0.007452 0.000390 9.949653
0.007311 0.000536 9.949653
0.007178 0.000689 9.949653
0.007032 0.000831 9.949653
0.006895 0.000981 9.949653
0.006751 0.001124 9.949653
0.006622 0.001282 9.949653
0.006476 0.001423 9.949653
0.006358 0.001589 9.949653
0.006199 0.001714 9.949653
0.006076 0.001877 9.949653
0.005943 0.002030 9.949653
0.005828 0.002198 9.949653
0.005703 0.002358 9.949653
0.005596 0.002531 9.949653
0.005478 0.002697 9.949653
0.005353 0.002857 9.949653
0.005251 0.003032 9.949653
0.005187 0.003225 9.949653
0.005101 0.003410 9.949653
0.005027 0.003599 9.949653
0.004952 0.003788 9.949653
0.004877 0.003977 9.949653
0.004830 0.004174 9.949653
0.004755 0.004363 9.949653
0.004700 0.004559 9.949653
0.004635 0.004751 9.949653
0.004600 0.004952 9.949653
0.004529 0.005142 9.949653
0.004489 0.005341 9.949653
0.004415 0.005531 9.949653
0.004363 0.005727 9.949653
0.004295 0.005919 9.949653
0.004237 0.006113 9.949653
0.004169 0.006305 9.949653
0.004112 0.006500 9.949653
0.004042 0.006691 9.949653
0.003873 0.006803 9.949653
0.003679 0.006742 9.949653
0.003482 0.006690 9.949653
0.003287 0.006632 9.949653
0.003089 0.006586 9.949653
0.002893 0.006535 9.949653
0.002694 0.006492 9.949653
0.002497 0.006442 9.949653
0.002297 0.006404 9.949653
0.002100 0.006355 9.949653
0.001904 0.006301 9.949653
0.001704 0.006264 9.949653
0.001509 0.006207 9.949653
0.001309 0.006238 9.949653
0.001144 0.006358 9.949653
0.000967 0.006259 9.949653
0.000768 0.006217 9.949653
0.000572 0.006163 9.949653
0.000372 0.006127 9.949653
0.000172 0.006094 9.949653
-0.000029 0.006063 9.949653
-0.000231 0.006085 9.949653
-0.000432 0.006119 9.949653
-0.000628 0.006170 9.949653
-0.000828 0.006207 9.949653
-0.001011 0.006296 9.949653
-0.001192 0.006204 9.949653
-0.001395 0.006207 9.949653
-0.001591 0.006263 9.949653
-0.001793 0.006286 9.949653
-0.001992 0.006325 9.949653
-0.002191 0.006365 9.949653
-0.002392 0.006400 9.949653
-0.002585 0.006463 9.949653
-0.002784 0.006504 9.949653
-0.002979 0.006562 9.949653
-0.003179 0.006598 9.949653
-0.003376 0.006646 9.949653
-0.003573 0.006696 9.949653
-0.003769 0.006749 9.949653
-0.003962 0.006815 9.949653
-0.004136 0.006710 9.949653
-0.004206 0.006519 9.949653
-0.004266 0.006325 9.949653
-0.004334 0.006133 9.949653
-0.004393 0.005939 9.949653
-0.004458 0.005746 9.949653
-0.004512 0.005550 9.949653
-0.004583 0.005360 9.949653
-0.004622 0.005161 9.949653
-0.004696 0.004972 9.949653
-0.004725 0.004770 9.949653
-0.004800 0.004582 9.949653
-0.004842 0.004383 9.949653
-0.004912 0.004192 9.949653
-0.004944 0.003991 9.949653
-0.005022 0.003804 9.949653
-0.005076 0.003607 9.949653
-0.005150 0.003418 9.949653
-0.005215 0.003226 9.949653
-0.005282 0.003034 9.949653
-0.005402 0.002870 9.949653
-0.005525 0.002708 9.949653
-0.005663 0.002559 9.949653
-0.005778 0.002391 9.949653
-0.005925 0.002251 9.949653
-0.006053 0.002093 9.949653
-0.006204 0.001957 9.949653
-0.006323 0.001792 9.949653
-0.006481 0.001664 9.949653
-0.006610 0.001507 9.949653
-0.006762 0.001372 9.949653
-0.006891 0.001215 9.949653
-0.007037 0.001074 9.949653
-0.007168 0.000918 9.949653
-0.007312 0.000775 9.949653
-0.007445 0.000621 9.949653
-0.007587 0.000475 9.949653
-0.007731 0.000332 9.949653
-0.007876 0.000190 9.949653
-0.007914 -0.000010 9.949653
-0.007785 -0.000167 9.949653
-0.007659 -0.000326 9.949653
-0.007521 -0.000475 9.949653
-0.007387 -0.000629 9.949653
-0.007239 -0.000767 9.949653
-0.007103 -0.000918 9.949653
-0.006960 -0.001063 9.949653
-0.006837 -0.001225 9.949653
-0.006690 -0.001366 9.949653
-0.006557 -0.001519 9.949653
-0.006397 -0.001644 9.949653
-0.006266 -0.001800 9.949653
-0.006115 -0.001936 9.949653
-0.005982 -0.002090 9.949653
-0.005833 -0.002228 9.949653
-0.005725 -0.002400 9.949653
-0.005596 -0.002557 9.949653
-0.005491 -0.002731 9.949653
-0.005358 -0.002884 9.949653
-0.005268 -0.003067 9.949653
-0.005225 -0.003265 9.949653
-0.005137 -0.003448 9.949653
-0.005095 -0.003647 9.949653
-0.005010 -0.003832 9.949653
-0.004968 -0.004031 9.949653
-0.004900 -0.004222 9.949653
-0.004854 -0.004420 9.949653
-0.004779 -0.004609 9.949653
-0.004735 -0.004808 9.949653
-0.004669 -0.005000 9.949653
-0.004628 -0.005199 9.949653
-0.004558 -0.005390 9.949653
-0.004511 -0.005587 9.949653
-0.004437 -0.005777 9.949653
-0.004388 -0.005974 9.949653
-0.004320 -0.006166 9.949653
-0.004266 -0.006361 9.949653
-0.004210 -0.006557 9.949653
-0.004156 -0.006753 9.949653
-0.003995 -0.006876 9.949653
-0.003796 -0.006833 9.949653
-0.003597 -0.006792 9.949653
-0.003399 -0.006748 9.949653
-0.003200 -0.006708 9.949653
-0.003000 -0.006669 9.949653
-0.002806 -0.006609 9.949653
-0.002608 -0.006561 9.949653
-0.002413 -0.006504 9.949653
-0.002212 -0.006473 9.949653
-0.002013 -0.006432 9.949653
-0.001812 -0.006404 9.949653
-0.001617 -0.006347 9.949653
-0.001417 -0.006311 9.949653
-0.001220 -0.006261 9.949653
-0.001023 -0.006211 9.949653
-0.000826 -0.006162 9.949653
-0.000627 -0.006120 9.949653
-0.000424 -0.006101 9.949653
-0.000223 -0.006073 9.949653
-0.000022 -0.006100 9.949653
0.000173 -0.006158 9.949653
0.000375 -0.006179 9.949653
0.000570 -0.006235 9.949653
0.000771 -0.006265 9.949653
0.000969 -0.006314 9.949653
0.001163 -0.006372 9.949653
0.001362 -0.006417 9.949653
0.001559 -0.006466 9.949653
0.001758 -0.006505 9.949653
0.001952 -0.006567 9.949653
0.002152 -0.006603 9.949653
0.002347 -0.006661 9.949653
0.002546 -0.006699 9.949653
0.002744 -0.006746 9.949653
0.002943 -0.006789 9.949653
0.003141 -0.006834 9.949653
0.003340 -0.006875 9.949653
0.003537 -0.006925 9.949653
0.003735 -0.006970 9.949653
0.003920 -0.006884 9.949653
0.003975 -0.006689 9.949653
0.004033 -0.006494 9.949653
0.004092 -0.006299 9.949653
0.004147 -0.006104 9.949653
0.004217 -0.005913 9.949653
0.004264 -0.005715 9.949653
0.004329 -0.005523 9.949653
0.004364 -0.005322 9.949653
0.004441 -0.005134 9.949653
0.004483 -0.004936 9.949653
0.004568 -0.004751 9.949653
0.004627 -0.004556 9.949653
0.004704 -0.004368 9.949653
0.004758 -0.004172 9.949653
0.004819 -0.003978 9.949653
0.004903 -0.003793 9.949653
0.005041 -0.003643 9.949653
0.005094 -0.003447 9.949653
0.005164 -0.003256 9.949653
0.005251 -0.003073 9.949653
0.005386 -0.002921 9.949653
0.005516 -0.002765 9.949653
0.005647 -0.002609 9.949653
0.005786 -0.002461 9.949653
0.005910 -0.002300 9.949653
0.006065 -0.002169 9.949653
0.006198 -0.002015 9.949653
0.006349 -0.001878 9.949653
0.006473 -0.001717 9.949653
0.006633 -0.001592 9.949653
0.006758 -0.001432 9.949653
0.006913 -0.001300 9.949653
0.007040 -0.001142 9.949653
0.007186 -0.001000 9.949653
0.007318 -0.000845 9.949653
0.007459 -0.000699 9.949653
0.007590 -0.000544 9.949653
0.007732 -0.000398 9.949653
0.007866 -0.000246 9.949653
0.007882 -0.000043 9.949653

