0.007722 -0.000075 9.142361
0.007587 0.000070 9.142361
0.007449 0.000212 9.142361
0.007314 0.000357 9.142361
0.007180 0.000502 9.142361
0.007041 0.000644 9.142361
0.006903 0.000785 9.142361
0.006776 0.000937 9.142361
0.006642 0.001083 9.142361
0.006514 0.001234 9.142361
0.006378 0.001378 9.142361
0.006251 0.001530 9.142361
0.006113 0.001671 9.142361
0.006020 0.001846 9.142361
0.005892 0.001997 9.142361
0.005793 0.002169 9.142361
0.005672 0.002325 9.142361
0.005564 0.002491 9.142361
0.005439 0.002645 9.142361
0.005334 0.002813 9.142361
0.005215 0.002971 9.142361
0.005135 0.003152 9.142361
0.005062 0.003336 9.142361
0.004976 0.003514 9.142361
0.004914 0.003702 9.142361
0.004824 0.003878 9.142361
0.004755 0.004064 9.142361
0.004678 0.004246 9.142361
0.004629 0.004438 9.142361
0.004548 0.004619 9.142361
0.004503 0.004812 9.142361
0.004437 0.004998 9.142361
0.004394 0.005192 9.142361
0.004336 0.005381 9.142361
0.004285 0.005572 9.142361
0.004222 0.005760 9.142361
0.004168 0.005950 9.142361
0.004106 0.006138 9.142361
0.004044 0.006326 9.142361
0.003987 0.006516 9.142361
0.003833 0.006640 9.142361
0.003640 0.006592 9.142361
0.003449 0.006540 9.142361
0.003257 0.006494 9.142361
0.003064 0.006452 9.142361
0.002871 0.006404 9.142361
0.002678 0.006364 9.142361
0.002485 0.006316 9.142361
0.002292 0.006273 9.142361
0.002102 0.006219 9.142361
0.001907 0.006185 9.142361
0.001712 0.006150 9.142361
0.001515 0.006128 9.142361
0.001317 0.006124 9.142361
0.001125 0.006173 9.142361
0.000934 0.006121 9.142361
0.000737 0.006102 9.142361
0.000544 0.006058 9.142361
0.000347 0.006047 9.142361
0.000151 0.006016 9.142361
-0.000046 0.006000 9.142361
-0.000242 0.006029 9.142361
-0.000440 0.006033 9.142361
-0.000635 0.006070 9.142361
-0.000832 0.006088 9.142361
-0.001024 0.006136 9.142361
-0.001219 0.006102 9.142361
-0.001416 0.006124 9.142361
-0.001611 0.006158 9.142361
-0.001804 0.006199 9.142361
-0.002001 0.006223 9.142361
-0.002194 0.006268 9.142361
-0.002390 0.006290 9.142361
-0.002584 0.006333 9.142361
-0.002778 0.006369 9.142361
-0.002969 0.006422 9.142361
-0.003160 0.006473 9.142361
-0.003354 0.006516 9.142361
-0.003547 0.006559 9.142361
-0.003739 0.006605 9.142361
-0.003932 0.006649 9.142361
-0.004086 0.006525 9.142361
-0.004144 0.006336 9.142361
-0.004206 0.006148 9.142361
-0.004265 0.005959 9.142361
-0.004319 0.005768 9.142361
-0.004381 0.005580 9.142361
-0.004433 0.005389 9.142361
-0.004488 0.005199 9.142361
-0.004536 0.005007 9.142361
-0.004600 0.004820 9.142361
-0.004641 0.004626 9.142361
-0.004716 0.004443 9.142361
-0.004744 0.004247 9.142361
-0.004820 0.004064 9.142361
-0.004873 0.003873 9.142361
-0.004955 0.003693 9.142361
-0.005003 0.003501 9.142361
-0.005090 0.003323 9.142361
-0.005149 0.003134 9.142361
-0.005235 0.002956 9.142361
-0.005366 0.002807 9.142361
-0.005471 0.002640 9.142361
-0.005607 0.002495 9.142361
-0.005718 0.002332 9.142361
-0.005851 0.002185 9.142361
-0.005962 0.002021 9.142361
-0.006112 0.001892 9.142361
-0.006231 0.001734 9.142361
-0.006373 0.001596 9.142361
-0.006498 0.001442 9.142361
-0.006644 0.001308 9.142361
-0.006774 0.001159 9.142361
-0.006917 0.001022 9.142361
-0.007048 0.000874 9.142361
-0.007184 0.000730 9.142361
-0.007320 0.000586 9.142361
-0.007452 0.000439 9.142361
-0.007586 0.000293 9.142361
-0.007724 0.000151 9.142361
-0.007760 -0.000044 9.142361
-0.007628 -0.000191 9.142361
-0.007490 -0.000333 9.142361
-0.007350 -0.000474 9.142361
-0.007215 -0.000618 9.142361
-0.007079 -0.000762 9.142361
-0.006955 -0.000916 9.142361
-0.006816 -0.001058 9.142361
-0.006681 -0.001202 9.142361
-0.006530 -0.001330 9.142361
-0.006397 -0.001477 9.142361
-0.006252 -0.001611 9.142361
-0.006129 -0.001767 9.142361
-0.005987 -0.001904 9.142361
-0.005881 -0.002072 9.142361
-0.005763 -0.002230 9.142361
-0.005659 -0.002399 9.142361
-0.005528 -0.002547 9.142361
-0.005422 -0.002715 9.142361
-0.005294 -0.002866 9.142361
-0.005192 -0.003035 9.142361
-0.005139 -0.003226 9.142361
-0.005051 -0.003403 9.142361
-0.005001 -0.003595 9.142361
-0.004925 -0.003778 9.142361
-0.004867 -0.003967 9.142361
-0.004790 -0.004149 9.142361
-0.004750 -0.004343 9.142361
-0.004682 -0.004529 9.142361
-0.004633 -0.004721 9.142361
-0.004562 -0.004906 9.142361
-0.004520 -0.005099 9.142361
-0.004455 -0.005286 9.142361
-0.004413 -0.005480 9.142361
-0.004351 -0.005668 9.142361
-0.004295 -0.005857 9.142361
-0.004236 -0.006046 9.142361
-0.004176 -0.006235 9.142361
-0.004115 -0.006424 9.142361
-0.004062 -0.006614 9.142361
-0.003910 -0.006741 9.142361
-0.003716 -0.006701 9.142361
-0.003523 -0.006657 9.142361
-0.003330 -0.006614 9.142361
-0.003138 -0.006566 9.142361
-0.002948 -0.006509 9.142361
-0.002756 -0.006462 9.142361
-0.002560 -0.006431 9.142361
-0.002366 -0.006395 9.142361
-0.002170 -0.006362 9.142361
-0.001979 -0.006310 9.142361
-0.001786 -0.006270 9.142361
-0.001595 -0.006215 9.142361
-0.001400 -0.006181 9.142361
-0.001211 -0.006123 9.142361
-0.001015 -0.006097 9.142361
-0.000818 -0.006074 9.142361
-0.000621 -0.006058 9.142361
-0.000424 -0.006036 9.142361
-0.000227 -0.006018 9.142361
-0.000029 -0.006011 9.142361
0.000165 -0.006051 9.142361
0.000361 -0.006078 9.142361
0.000556 -0.006114 9.142361
0.000749 -0.006158 9.142361
0.000944 -0.006186 9.142361
0.001138 -0.006229 9.142361
0.001331 -0.006269 9.142361
0.001519 -0.006332 9.142361
0.001714 -0.006366 9.142361
0.001904 -0.006421 9.142361
0.002098 -0.006462 9.142361
0.002290 -0.006511 9.142361
0.002482 -0.006559 9.142361
0.002674 -0.006606 9.142361
0.002868 -0.006648 9.142361
0.003060 -0.006695 9.142361
0.003253 -0.006737 9.142361
0.003447 -0.006778 9.142361
0.003640 -0.006824 9.142361
0.003825 -0.006755 9.142361
0.003885 -0.006566 9.142361
0.003940 -0.006376 9.142361
0.003999 -0.006187 9.142361
0.004057 -0.005998 9.142361
0.004110 -0.005807 9.142361
0.004156 -0.005614 9.142361
0.004221 -0.005427 9.142361
0.004277 -0.005238 9.142361
0.004355 -0.005055 9.142361
0.004409 -0.004865 9.142361
0.004493 -0.004685 9.142361
0.004532 -0.004491 9.142361
0.004610 -0.004310 9.142361
0.004670 -0.004121 9.142361
0.004764 -0.003947 9.142361
0.004840 -0.003764 9.142361
0.004951 -0.003600 9.142361
0.005015 -0.003413 9.142361
0.005107 -0.003237 9.142361
0.005176 -0.003052 9.142361
0.005292 -0.002891 9.142361
0.005422 -0.002742 9.142361
0.005534 -0.002579 9.142361
0.005675 -0.002440 9.142361
0.005791 -0.002280 9.142361
0.005929 -0.002137 9.142361
0.006048 -0.001979 9.142361
0.006205 -0.001858 9.142361
0.006325 -0.001701 9.142361
0.006475 -0.001571 9.142361
0.006601 -0.001419 9.142361
0.006746 -0.001284 9.142361
0.006879 -0.001138 9.142361
0.007020 -0.000998 9.142361
0.007151 -0.000850 9.142361
0.007290 -0.000709 9.142361
0.007424 -0.000563 9.142361
0.007555 -0.000415 9.142361
0.007690 -0.000270 9.142361
0.007722 -0.000075 9.142361

