0.006655 -0.000000 4.350694
0.006599 0.000159 4.350694
0.006494 0.000291 4.350694
0.006388 0.000422 4.350694
0.006281 0.000552 4.350694
0.006176 0.000684 4.350694
0.006074 0.000818 4.350694
0.005968 0.000948 4.350694
0.005860 0.001078 4.350694
0.005752 0.001207 4.350694
0.005653 0.001343 4.350694
0.005548 0.001475 4.350694
0.005443 0.001606 4.350694
0.005331 0.001732 4.350694
0.005226 0.001864 4.350694
0.005126 0.002000 4.350694
0.005024 0.002133 4.350694
0.004919 0.002266 4.350694
0.004806 0.002391 4.350694
0.004698 0.002520 4.350694
0.004595 0.002653 4.350694
0.004531 0.002809 4.350694
0.004473 0.002967 4.350694
0.004422 0.003127 4.350694
0.004359 0.003284 4.350694
0.004295 0.003439 4.350694
0.004228 0.003594 4.350694
0.004166 0.003751 4.350694
0.004113 0.003910 4.350694
0.004052 0.004067 4.350694
0.003990 0.004224 4.350694
0.003922 0.004378 4.350694
0.003863 0.004536 4.350694
0.003805 0.004694 4.350694
0.003745 0.004852 4.350694
0.003680 0.005007 4.350694
0.003619 0.005164 4.350694
0.003559 0.005321 4.350694
0.003499 0.005479 4.350694
0.003437 0.005635 4.350694
0.003327 0.005763 4.350694
0.003162 0.005794 4.350694
0.002995 0.005769 4.350694
0.002829 0.005743 4.350694
0.002663 0.005716 4.350694
0.002496 0.005691 4.350694
0.002329 0.005669 4.350694
0.002163 0.005642 4.350694
0.001997 0.005614 4.350694
0.001831 0.005585 4.350694
0.001663 0.005567 4.350694
0.001497 0.005542 4.350694
0.001330 0.005517 4.350694
0.001165 0.005483 4.350694
0.000998 0.005458 4.350694
0.000831 0.005439 4.350694
0.000664 0.005417 4.350694
0.000497 0.005393 4.350694
0.000333 0.005358 4.350694
0.000167 0.005328 4.350694
-0.000000 0.005305 4.350694
-0.000167 0.005328 4.350694
-0.000333 0.005358 4.350694
-0.000497 0.005393 4.350694
-0.000664 0.005417 4.350694
-0.000831 0.005439 4.350694
-0.000998 0.005458 4.350694
-0.001165 0.005483 4.350694
-0.001330 0.005517 4.350694
-0.001497 0.005542 4.350694
-0.001663 0.005567 4.350694
-0.001831 0.005585 4.350694
-0.001997 0.005614 4.350694
-0.002163 0.005642 4.350694
-0.002329 0.005669 4.350694
-0.002496 0.005691 4.350694
-0.002663 0.005716 4.350694
-0.002829 0.005743 4.350694
-0.002995 0.005769 4.350694
-0.003162 0.005794 4.350694
-0.003327 0.005763 4.350694
-0.003437 0.005635 4.350694
-0.003499 0.005479 4.350694
-0.003559 0.005321 4.350694
-0.003619 0.005164 4.350694
-0.003680 0.005007 4.350694
-0.003745 0.004852 4.350694
-0.003805 0.004694 4.350694
-0.003863 0.004536 4.350694
-0.003922 0.004378 4.350694
-0.003990 0.004224 4.350694
-0.004052 0.004067 4.350694
-0.004113 0.003910 4.350694
-0.004166 0.003751 4.350694
-0.004228 0.003594 4.350694
-0.004295 0.003439 4.350694
-0.004359 0.003284 4.350694
-0.004422 0.003127 4.350694
-0.004473 0.002967 4.350694
-0.004531 0.002809 4.350694
-0.004595 0.002653 4.350694
-0.004698 0.002520 4.350694
-0.004806 0.002391 4.350694
-0.004919 0.002266 4.350694
-0.005024 0.002133 4.350694
-0.005126 0.002000 4.350694
-0.005226 0.001864 4.350694
-0.005331 0.001732 4.350694
-0.005443 0.001606 4.350694
-0.005548 0.001475 4.350694
-0.005653 0.001343 4.350694
-0.005752 0.001207 4.350694
-0.005860 0.001078 4.350694
-0.005968 0.000948 4.350694
-0.006074 0.000818 4.350694
-0.006176 0.000684 4.350694
-0.006281 0.000552 4.350694
-0.006388 0.000422 4.350694
-0.006494 0.000291 4.350694
-0.006599 0.000159 4.350694
-0.006655 0.000000 4.350694
-0.006599 -0.000159 4.350694
-0.006494 -0.000291 4.350694
-0.006388 -0.000422 4.350694
-0.006281 -0.000552 4.350694
-0.006176 -0.000684 4.350694
-0.006074 -0.000818 4.350694
-0.005968 -0.000948 4.350694
-0.005860 -0.001078 4.350694
-0.005752 -0.001207 4.350694
-0.005653 -0.001343 4.350694
-0.005548 -0.001475 4.350694
-0.005443 -0.001606 4.350694
-0.005331 -0.001732 4.350694
-0.005226 -0.001864 4.350694
-0.005126 -0.002000 4.350694
-0.005024 -0.002133 4.350694
-0.004919 -0.002266 4.350694
-0.004806 -0.002391 4.350694
-0.004698 -0.002520 4.350694
-0.004595 -0.002653 4.350694
-0.004531 -0.002809 4.350694
-0.004473 -0.002967 4.350694
-0.004422 -0.003127 4.350694
-0.004359 -0.003284 4.350694
-0.004295 -0.003439 4.350694
-0.004228 -0.003594 4.350694
-0.004166 -0.003751 4.350694
-0.004113 -0.003910 4.350694
-0.004052 -0.004067 4.350694
-0.003990 -0.004224 4.350694
-0.003922 -0.004378 4.350694
-0.003863 -0.004536 4.350694
-0.003805 -0.004694 4.350694
-0.003745 -0.004852 4.350694
-0.003680 -0.005007 4.350694
-0.003619 -0.005164 4.350694
-0.003559 -0.005321 4.350694
-0.003499 -0.005479 4.350694
-0.003437 -0.005635 4.350694
-0.003327 -0.005763 4.350694
-0.003162 -0.005794 4.350694
-0.002995 -0.005769 4.350694
-0.002829 -0.005743 4.350694
-0.002663 -0.005716 4.350694
-0.002496 -0.005691 4.350694
-0.002329 -0.005669 4.350694
-0.002163 -0.005642 4.350694
-0.001997 -0.005614 4.350694
-0.001831 -0.005585 4.350694
-0.001663 -0.005567 4.350694
-0.001497 -0.005542 4.350694
-0.001330 -0.005517 4.350694
-0.001165 -0.005483 4.350694
-0.000998 -0.005458 4.350694
-0.000831 -0.005439 4.350694
-0.000664 -0.005417 4.350694
-0.000497 -0.005393 4.350694
-0.000333 -0.005358 4.350694
-0.000167 -0.005328 4.350694
0.000000 -0.005305 4.350694
0.000167 -0.005328 4.350694
0.000333 -0.005358 4.350694
0.000497 -0.005393 4.350694
0.000664 -0.005417 4.350694
0.000831 -0.005439 4.350694
0.000998 -0.005458 4.350694
0.001165 -0.005483 4.350694
0.001330 -0.005517 4.350694
0.001497 -0.005542 4.350694
0.001663 -0.005567 4.350694
0.001831 -0.005585 4.350694
0.001997 -0.005614 4.350694
0.002163 -0.005642 4.350694
0.002329 -0.005669 4.350694
0.002496 -0.005691 4.350694
0.002663 -0.005716 4.350694
0.002829 -0.005743 4.350694
0.002995 -0.005769 4.350694
0.003162 -0.005794 4.350694
0.003327 -0.005763 4.350694
0.003437 -0.005635 4.350694
0.003499 -0.005479 4.350694
0.003559 -0.005321 4.350694
0.003619 -0.005164 4.350694
0.003680 -0.005007 4.350694
0.003745 -0.004852 4.350694
0.003805 -0.004694 4.350694
0.003863 -0.004536 4.350694
0.003922 -0.004378 4.350694
0.003990 -0.004224 4.350694
0.004052 -0.004067 4.350694
0.004113 -0.003910 4.350694
0.004166 -0.003751 4.350694
0.004228 -0.003594 4.350694
0.004295 -0.003439 4.350694
0.004359 -0.003284 4.350694
0.004422 -0.003127 4.350694
0.004473 -0.002967 4.350694
0.004531 -0.002809 4.350694
0.004595 -0.002653 4.350694
0.004698 -0.002520 4.350694
0.004806 -0.002391 4.350694
0.004919 -0.002266 4.350694
0.005024 -0.002133 4.350694
0.005126 -0.002000 4.350694
0.005226 -0.001864 4.350694
0.005331 -0.001732 4.350694
0.005443 -0.001606 4.350694
0.005548 -0.001475 4.350694
0.005653 -0.001343 4.350694
0.005752 -0.001207 4.350694
0.005860 -0.001078 4.350694
0.005968 -0.000948 4.350694
0.006074 -0.000818 4.350694
0.006176 -0.000684 4.350694
0.006281 -0.000552 4.350694
0.006388 -0.000422 4.350694
0.006494 -0.000291 4.350694
0.006599 -0.000159 4.350694
0.006655 -0.000000 4.350694

