0.005117 -0.000000 0.343750
0.005115 0.000133 0.343750
0.005109 0.000266 0.343750
0.005099 0.000398 0.343750
0.005085 0.000530 0.343750
0.005067 0.000662 0.343750
0.005044 0.000793 0.343750
0.005017 0.000923 0.343750
0.004986 0.001052 0.343750
0.004950 0.001180 0.343750
0.004910 0.001307 0.343750
0.004866 0.001433 0.343750
0.004818 0.001556 0.343750
0.004766 0.001679 0.343750
0.004712 0.001800 0.343750
0.004654 0.001920 0.343750
0.004593 0.002038 0.343750
0.004530 0.002155 0.343750
0.004464 0.002270 0.343750
0.004398 0.002386 0.343750
0.004331 0.002501 0.343750
0.004265 0.002616 0.343750
0.004198 0.002731 0.343750
0.004131 0.002845 0.343750
0.004061 0.002959 0.343750
0.003989 0.003070 0.343750
0.003915 0.003180 0.343750
0.003837 0.003288 0.343750
0.003757 0.003394 0.343750
0.003674 0.003498 0.343750
0.003587 0.003599 0.343750
0.003497 0.003697 0.343750
0.003404 0.003792 0.343750
0.003308 0.003883 0.343750
0.003209 0.003972 0.343750
0.003107 0.004057 0.343750
0.003002 0.004139 0.343750
0.002894 0.004217 0.343750
0.002785 0.004292 0.343750
0.002673 0.004364 0.343750
0.002559 0.004432 0.343750
0.002443 0.004497 0.343750
0.002325 0.004558 0.343750
0.002205 0.004615 0.343750
0.002083 0.004669 0.343750
0.001960 0.004719 0.343750
0.001835 0.004765 0.343750
0.001709 0.004807 0.343750
0.001582 0.004844 0.343750
0.001453 0.004877 0.343750
0.001323 0.004906 0.343750
0.001192 0.004930 0.343750
0.001061 0.004951 0.343750
0.000929 0.004967 0.343750
0.000797 0.004980 0.343750
0.000664 0.004990 0.343750
0.000532 0.004997 0.343750
0.000399 0.005000 0.343750
0.000266 0.005001 0.343750
0.000133 0.005001 0.343750
0.000000 0.005001 0.343750
-0.000133 0.005001 0.343750
-0.000266 0.005001 0.343750
-0.000399 0.005000 0.343750
-0.000532 0.004997 0.343750
-0.000664 0.004990 0.343750
-0.000797 0.004980 0.343750
-0.000929 0.004967 0.343750
-0.001061 0.004951 0.343750
-0.001192 0.004930 0.343750
-0.001323 0.004906 0.343750
-0.001453 0.004877 0.343750
-0.001582 0.004844 0.343750
-0.001709 0.004807 0.343750
-0.001835 0.004765 0.343750
-0.001960 0.004719 0.343750
-0.002083 0.004669 0.343750
-0.002205 0.004615 0.343750
-0.002325 0.004558 0.343750
-0.002443 0.004497 0.343750
-0.002559 0.004432 0.343750
-0.002673 0.004364 0.343750
-0.002785 0.004292 0.343750
-0.002894 0.004217 0.343750
-0.003002 0.004139 0.343750
-0.003107 0.004057 0.343750
-0.003209 0.003972 0.343750
-0.003308 0.003883 0.343750
-0.003404 0.003792 0.343750
-0.003497 0.003697 0.343750
-0.003587 0.003599 0.343750
-0.003674 0.003498 0.343750
-0.003757 0.003394 0.343750
-0.003837 0.003288 0.343750
-0.003915 0.003180 0.343750
-0.003989 0.003070 0.343750
-0.004061 0.002959 0.343750
-0.004131 0.002845 0.343750
-0.004198 0.002731 0.343750
-0.004265 0.002616 0.343750
-0.004331 0.002501 0.343750
-0.004398 0.002386 0.343750
-0.004464 0.002270 0.343750
-0.004530 0.002155 0.343750
-0.004593 0.002038 0.343750
-0.004654 0.001920 0.343750
-0.004712 0.001800 0.343750
-0.004766 0.001679 0.343750
-0.004818 0.001556 0.343750
-0.004866 0.001433 0.343750
-0.004910 0.001307 0.343750
-0.004950 0.001180 0.343750
-0.004986 0.001052 0.343750
-0.005017 0.000923 0.343750
-0.005044 0.000793 0.343750
-0.005067 0.000662 0.343750
-0.005085 0.000530 0.343750
-0.005099 0.000398 0.343750
-0.005109 0.000266 0.343750
-0.005115 0.000133 0.343750
-0.005117 0.000000 0.343750
-0.005115 -0.000133 0.343750
-0.005109 -0.000266 0.343750
-0.005099 -0.000398 0.343750
-0.005085 -0.000530 0.343750
-0.005067 -0.000662 0.343750
-0.005044 -0.000793 0.343750
-0.005017 -0.000923 0.343750
-0.004986 -0.001052 0.343750
-0.004950 -0.001180 0.343750
-0.004910 -0.001307 0.343750
-0.004866 -0.001433 0.343750
-0.004818 -0.001556 0.343750
-0.004766 -0.001679 0.343750
-0.004712 -0.001800 0.343750
-0.004654 -0.001920 0.343750
-0.004593 -0.002038 0.343750
-0.004530 -0.002155 0.343750
-0.004464 -0.002270 0.343750
-0.004398 -0.002386 0.343750
-0.004331 -0.002501 0.343750
-0.004265 -0.002616 0.343750
-0.004198 -0.002731 0.343750
-0.004131 -0.002845 0.343750
-0.004061 -0.002959 0.343750
-0.003989 -0.003070 0.343750
-0.003915 -0.003180 0.343750
-0.003837 -0.003288 0.343750
-0.003757 -0.003394 0.343750
-0.003674 -0.003498 0.343750
-0.003587 -0.003599 0.343750
-0.003497 -0.003697 0.343750
-0.003404 -0.003792 0.343750
-0.003308 -0.003883 0.343750
-0.003209 -0.003972 0.343750
-0.003107 -0.004057 0.343750
-0.003002 -0.004139 0.343750
-0.002894 -0.004217 0.343750
-0.002785 -0.004292 0.343750
-0.002673 -0.004364 0.343750
-0.002559 -0.004432 0.343750
-0.002443 -0.004497 0.343750
-0.002325 -0.004558 0.343750
-0.002205 -0.004615 0.343750
-0.002083 -0.004669 0.343750
-0.001960 -0.004719 0.343750
-0.001835 -0.004765 0.343750
-0.001709 -0.004807 0.343750
-0.001582 -0.004844 0.343750
-0.001453 -0.004877 0.343750
-0.001323 -0.004906 0.343750
-0.001192 -0.004930 0.343750
-0.001061 -0.004951 0.343750
-0.000929 -0.004967 0.343750
-0.000797 -0.004980 0.343750
-0.000664 -0.004990 0.343750
-0.000532 -0.004997 0.343750
-0.000399 -0.005000 0.343750
-0.000266 -0.005001 0.343750
-0.000133 -0.005001 0.343750
0.000000 -0.005001 0.343750
0.000133 -0.005001 0.343750
0.000266 -0.005001 0.343750
0.000399 -0.005000 0.343750
0.000532 -0.004997 0.343750
0.000664 -0.004990 0.343750
0.000797 -0.004980 0.343750
0.000929 -0.004967 0.343750
0.001061 -0.004951 0.343750
0.001192 -0.004930 0.343750
0.001323 -0.004906 0.343750
0.001453 -0.004877 0.343750
0.001582 -0.004844 0.343750
0.001709 -0.004807 0.343750
0.001835 -0.004765 0.343750
0.001960 -0.004719 0.343750
0.002083 -0.004669 0.343750
0.002205 -0.004615 0.343750
0.002325 -0.004558 0.343750
0.002443 -0.004497 0.343750
0.002559 -0.004432 0.343750
0.002673 -0.004364 0.343750
0.002785 -0.004292 0.343750
0.002894 -0.004217 0.343750
0.003002 -0.004139 0.343750
0.003107 -0.004057 0.343750
0.003209 -0.003972 0.343750
0.003308 -0.003883 0.343750
0.003404 -0.003792 0.343750
0.003497 -0.003697 0.343750
0.003587 -0.003599 0.343750
0.003674 -0.003498 0.343750
0.003757 -0.003394 0.343750
0.003837 -0.003288 0.343750
0.003915 -0.003180 0.343750
0.003989 -0.003070 0.343750
0.004061 -0.002959 0.343750
0.004131 -0.002845 0.343750
0.004198 -0.002731 0.343750
0.004265 -0.002616 0.343750
0.004331 -0.002501 0.343750
0.004398 -0.002386 0.343750
0.004464 -0.002270 0.343750
0.004530 -0.002155 0.343750
0.004593 -0.002038 0.343750
0.004654 -0.001920 0.343750
0.004712 -0.001800 0.343750
0.004766 -0.001679 0.343750
0.004818 -0.001556 0.343750
0.004866 -0.001433 0.343750
0.004910 -0.001307 0.343750
0.004950 -0.001180 0.343750
0.004986 -0.001052 0.343750
0.005017 -0.000923 0.343750
0.005044 -0.000793 0.343750
0.005067 -0.000662 0.343750
0.005085 -0.000530 0.343750
0.005099 -0.000398 0.343750
0.005109 -0.000266 0.343750
0.005115 -0.000133 0.343750
0.005117 -0.000000 0.343750

