0.006649 -0.000000 4.319444
0.006593 0.000159 4.319444
0.006488 0.000290 4.319444
0.006382 0.000421 4.319444
0.006275 0.000551 4.319444
0.006171 0.000683 4.319444
0.006069 0.000817 4.319444
0.005962 0.000947 4.319444
0.005854 0.001076 4.319444
0.005747 0.001206 4.319444
0.005648 0.001342 4.319444
0.005543 0.001474 4.319444
0.005437 0.001604 4.319444
0.005325 0.001730 4.319444
0.005222 0.001863 4.319444
0.005122 0.001999 4.319444
0.005019 0.002132 4.319444
0.004914 0.002263 4.319444
0.004801 0.002387 4.319444
0.004693 0.002517 4.319444
0.004591 0.002650 4.319444
0.004526 0.002806 4.319444
0.004468 0.002964 4.319444
0.004417 0.003124 4.319444
0.004356 0.003281 4.319444
0.004292 0.003437 4.319444
0.004225 0.003591 4.319444
0.004161 0.003747 4.319444
0.004108 0.003906 4.319444
0.004048 0.004064 4.319444
0.003987 0.004220 4.319444
0.003918 0.004374 4.319444
0.003859 0.004532 4.319444
0.003801 0.004690 4.319444
0.003742 0.004847 4.319444
0.003677 0.005002 4.319444
0.003615 0.005159 4.319444
0.003555 0.005316 4.319444
0.003495 0.005473 4.319444
0.003434 0.005630 4.319444
0.003324 0.005758 4.319444
0.003159 0.005789 4.319444
0.002992 0.005764 4.319444
0.002826 0.005737 4.319444
0.002660 0.005710 4.319444
0.002494 0.005686 4.319444
0.002327 0.005664 4.319444
0.002161 0.005637 4.319444
0.001995 0.005608 4.319444
0.001829 0.005580 4.319444
0.001662 0.005563 4.319444
0.001495 0.005537 4.319444
0.001329 0.005511 4.319444
0.001164 0.005477 4.319444
0.000997 0.005454 4.319444
0.000830 0.005435 4.319444
0.000664 0.005412 4.319444
0.000497 0.005387 4.319444
0.000333 0.005351 4.319444
0.000167 0.005323 4.319444
-0.000000 0.005301 4.319444
-0.000167 0.005323 4.319444
-0.000333 0.005351 4.319444
-0.000497 0.005387 4.319444
-0.000664 0.005412 4.319444
-0.000830 0.005435 4.319444
-0.000997 0.005454 4.319444
-0.001164 0.005477 4.319444
-0.001329 0.005511 4.319444
-0.001495 0.005537 4.319444
-0.001662 0.005563 4.319444
-0.001829 0.005580 4.319444
-0.001995 0.005608 4.319444
-0.002161 0.005637 4.319444
-0.002327 0.005664 4.319444
-0.002494 0.005686 4.319444
-0.002660 0.005710 4.319444
-0.002826 0.005737 4.319444
-0.002992 0.005764 4.319444
-0.003159 0.005789 4.319444
-0.003324 0.005758 4.319444
-0.003434 0.005630 4.319444
-0.003495 0.005473 4.319444
-0.003555 0.005316 4.319444
-0.003615 0.005159 4.319444
-0.003677 0.005002 4.319444
-0.003742 0.004847 4.319444
-0.003801 0.004690 4.319444
-0.003859 0.004532 4.319444
-0.003918 0.004374 4.319444
-0.003987 0.004220 4.319444
-0.004048 0.004064 4.319444
-0.004108 0.003906 4.319444
-0.004161 0.003747 4.319444
-0.004225 0.003591 4.319444
-0.004292 0.003437 4.319444
-0.004356 0.003281 4.319444
-0.004417 0.003124 4.319444
-0.004468 0.002964 4.319444
-0.004526 0.002806 4.319444
-0.004591 0.002650 4.319444
-0.004693 0.002517 4.319444
-0.004801 0.002387 4.319444
-0.004914 0.002263 4.319444
-0.005019 0.002132 4.319444
-0.005122 0.001999 4.319444
-0.005222 0.001863 4.319444
-0.005325 0.001730 4.319444
-0.005437 0.001604 4.319444
-0.005543 0.001474 4.319444
-0.005648 0.001342 4.319444
-0.005747 0.001206 4.319444
-0.005854 0.001076 4.319444
-0.005962 0.000947 4.319444
-0.006069 0.000817 4.319444
-0.006171 0.000683 4.319444
-0.006275 0.000551 4.319444
-0.006382 0.000421 4.319444
-0.006488 0.000290 4.319444
-0.006593 0.000159 4.319444
-0.006649 0.000000 4.319444
-0.006593 -0.000159 4.319444
-0.006488 -0.000290 4.319444
-0.006382 -0.000421 4.319444
-0.006275 -0.000551 4.319444
-0.006171 -0.000683 4.319444
-0.006069 -0.000817 4.319444
-0.005962 -0.000947 4.319444
-0.005854 -0.001076 4.319444
-0.005747 -0.001206 4.319444
-0.005648 -0.001342 4.319444
-0.005543 -0.001474 4.319444
-0.005437 -0.001604 4.319444
-0.005325 -0.001730 4.319444
-0.005222 -0.001863 4.319444
-0.005122 -0.001999 4.319444
-0.005019 -0.002132 4.319444
-0.004914 -0.002263 4.319444
-0.004801 -0.002387 4.319444
-0.004693 -0.002517 4.319444
-0.004591 -0.002650 4.319444
-0.004526 -0.002806 4.319444
-0.004468 -0.002964 4.319444
-0.004417 -0.003124 4.319444
-0.004356 -0.003281 4.319444
-0.004292 -0.003437 4.319444
-0.004225 -0.003591 4.319444
-0.004161 -0.003747 4.319444
-0.004108 -0.003906 4.319444
-0.004048 -0.004064 4.319444
-0.003987 -0.004220 4.319444
-0.003918 -0.004374 4.319444
-0.003859 -0.004532 4.319444
-0.003801 -0.004690 4.319444
-0.003742 -0.004847 4.319444
-0.003677 -0.005002 4.319444
-0.003615 -0.005159 4.319444
-0.003555 -0.005316 4.319444
-0.003495 -0.005473 4.319444
-0.003434 -0.005630 4.319444
-0.003324 -0.005758 4.319444
-0.003159 -0.005789 4.319444
-0.002992 -0.005764 4.319444
-0.002826 -0.005737 4.319444
-0.002660 -0.005710 4.319444
-0.002494 -0.005686 4.319444
-0.002327 -0.005664 4.319444
-0.002161 -0.005637 4.319444
-0.001995 -0.005608 4.319444
-0.001829 -0.005580 4.319444
-0.001662 -0.005563 4.319444
-0.001495 -0.005537 4.319444
-0.001329 -0.005511 4.319444
-0.001164 -0.005477 4.319444
-0.000997 -0.005454 4.319444
-0.000830 -0.005435 4.319444
-0.000664 -0.005412 4.319444
-0.000497 -0.005387 4.319444
-0.000333 -0.005351 4.319444
-0.000167 -0.005323 4.319444
0.000000 -0.005301 4.319444
0.000167 -0.005323 4.319444
0.000333 -0.005351 4.319444
0.000497 -0.005387 4.319444
0.000664 -0.005412 4.319444
0.000830 -0.005435 4.319444
0.000997 -0.005454 4.319444
0.001164 -0.005477 4.319444
0.001329 -0.005511 4.319444
0.001495 -0.005537 4.319444
0.001662 -0.005563 4.319444
0.001829 -0.005580 4.319444
0.001995 -0.005608 4.319444
0.002161 -0.005637 4.319444
0.002327 -0.005664 4.319444
0.002494 -0.005686 4.319444
0.002660 -0.005710 4.319444
0.002826 -0.005737 4.319444
0.002992 -0.005764 4.319444
0.003159 -0.005789 4.319444
0.003324 -0.005758 4.319444
0.003434 -0.005630 4.319444
0.003495 -0.005473 4.319444
0.003555 -0.005316 4.319444
0.003615 -0.005159 4.319444
0.003677 -0.005002 4.319444
0.003742 -0.004847 4.319444
0.003801 -0.004690 4.319444
0.003859 -0.004532 4.319444
0.003918 -0.004374 4.319444
0.003987 -0.004220 4.319444
0.004048 -0.004064 4.319444
0.004108 -0.003906 4.319444
0.004161 -0.003747 4.319444
0.004225 -0.003591 4.319444
0.004292 -0.003437 4.319444
0.004356 -0.003281 4.319444
0.004417 -0.003124 4.319444
0.004468 -0.002964 4.319444
0.004526 -0.002806 4.319444
0.004591 -0.002650 4.319444
0.004693 -0.002517 4.319444
0.004801 -0.002387 4.319444
0.004914 -0.002263 4.319444
0.005019 -0.002132 4.319444
0.005122 -0.001999 4.319444
0.005222 -0.001863 4.319444
0.005325 -0.001730 4.319444
0.005437 -0.001604 4.319444
0.005543 -0.001474 4.319444
0.005648 -0.001342 4.319444
0.005747 -0.001206 4.319444
0.005854 -0.001076 4.319444
0.005962 -0.000947 4.319444
0.006069 -0.000817 4.319444
0.006171 -0.000683 4.319444
0.006275 -0.000551 4.319444
0.006382 -0.000421 4.319444
0.006488 -0.000290 4.319444
0.006593 -0.000159 4.319444
0.006649 -0.000000 4.319444

