0.007131 -0.000070 6.777778
0.007019 0.000071 6.777778
0.006903 0.000210 6.777778
0.006798 0.000357 6.777778
0.006699 0.000508 6.777778
0.006603 0.000662 6.777778
0.006506 0.000814 6.777778
0.006403 0.000963 6.777778
0.006304 0.001114 6.777778
0.006199 0.001261 6.777778
0.006087 0.001403 6.777778
0.005977 0.001547 6.777778
0.005867 0.001690 6.777778
0.005758 0.001834 6.777778
0.005647 0.001976 6.777778
0.005529 0.002113 6.777778
0.005415 0.002254 6.777778
0.005311 0.002402 6.777778
0.005194 0.002540 6.777778
0.005084 0.002683 6.777778
0.004962 0.002816 6.777778
0.004885 0.002980 6.777778
0.004832 0.003152 6.777778
0.004764 0.003320 6.777778
0.004694 0.003486 6.777778
0.004623 0.003653 6.777778
0.004564 0.003824 6.777778
0.004499 0.003992 6.777778
0.004430 0.004159 6.777778
0.004361 0.004327 6.777778
0.004292 0.004493 6.777778
0.004228 0.004662 6.777778
0.004159 0.004830 6.777778
0.004084 0.004994 6.777778
0.004014 0.005161 6.777778
0.003943 0.005327 6.777778
0.003871 0.005493 6.777778
0.003802 0.005660 6.777778
0.003733 0.005827 6.777778
0.003676 0.005998 6.777778
0.003544 0.006122 6.777778
0.003364 0.006106 6.777778
0.003184 0.006096 6.777778
0.003003 0.006091 6.777778
0.002822 0.006080 6.777778
0.002642 0.006067 6.777778
0.002462 0.006050 6.777778
0.002283 0.006029 6.777778
0.002103 0.006015 6.777778
0.001923 0.005991 6.777778
0.001745 0.005963 6.777778
0.001566 0.005940 6.777778
0.001386 0.005916 6.777778
0.001207 0.005892 6.777778
0.001029 0.005864 6.777778
0.000851 0.005830 6.777778
0.000672 0.005807 6.777778
0.000492 0.005786 6.777778
0.000314 0.005759 6.777778
0.000137 0.005721 6.777778
-0.000043 0.005705 6.777778
-0.000220 0.005744 6.777778
-0.000399 0.005769 6.777778
-0.000577 0.005800 6.777778
-0.000757 0.005817 6.777778
-0.000935 0.005845 6.777778
-0.001113 0.005879 6.777778
-0.001292 0.005904 6.777778
-0.001471 0.005926 6.777778
-0.001650 0.005950 6.777778
-0.001830 0.005973 6.777778
-0.002009 0.005999 6.777778
-0.002188 0.006016 6.777778
-0.002369 0.006026 6.777778
-0.002549 0.006041 6.777778
-0.002730 0.006050 6.777778
-0.002910 0.006059 6.777778
-0.003090 0.006076 6.777778
-0.003269 0.006101 6.777778
-0.003446 0.006136 6.777778
-0.003626 0.006159 6.777778
-0.003752 0.006030 6.777778
-0.003799 0.005856 6.777778
-0.003854 0.005683 6.777778
-0.003908 0.005511 6.777778
-0.003967 0.005340 6.777778
-0.004028 0.005170 6.777778
-0.004092 0.005001 6.777778
-0.004164 0.004835 6.777778
-0.004230 0.004667 6.777778
-0.004293 0.004498 6.777778
-0.004362 0.004330 6.777778
-0.004430 0.004163 6.777778
-0.004499 0.003996 6.777778
-0.004564 0.003827 6.777778
-0.004623 0.003656 6.777778
-0.004692 0.003490 6.777778
-0.004764 0.003324 6.777778
-0.004830 0.003155 6.777778
-0.004886 0.002984 6.777778
-0.004961 0.002819 6.777778
-0.005082 0.002684 6.777778
-0.005194 0.002543 6.777778
-0.005309 0.002404 6.777778
-0.005414 0.002257 6.777778
-0.005528 0.002116 6.777778
-0.005646 0.001979 6.777778
-0.005757 0.001837 6.777778
-0.005867 0.001693 6.777778
-0.005978 0.001550 6.777778
-0.006089 0.001407 6.777778
-0.006203 0.001267 6.777778
-0.006311 0.001123 6.777778
-0.006417 0.000976 6.777778
-0.006528 0.000834 6.777778
-0.006639 0.000691 6.777778
-0.006751 0.000549 6.777778
-0.006866 0.000410 6.777778
-0.006984 0.000272 6.777778
-0.007107 0.000140 6.777778
-0.007133 -0.000039 6.777778
-0.007002 -0.000164 6.777778
-0.006879 -0.000296 6.777778
-0.006773 -0.000443 6.777778
-0.006672 -0.000592 6.777778
-0.006572 -0.000743 6.777778
-0.006469 -0.000891 6.777778
-0.006362 -0.001038 6.777778
-0.006260 -0.001186 6.777778
-0.006151 -0.001330 6.777778
-0.006037 -0.001471 6.777778
-0.005927 -0.001614 6.777778
-0.005817 -0.001758 6.777778
-0.005707 -0.001901 6.777778
-0.005594 -0.002042 6.777778
-0.005475 -0.002178 6.777778
-0.005367 -0.002323 6.777778
-0.005257 -0.002466 6.777778
-0.005147 -0.002610 6.777778
-0.005022 -0.002741 6.777778
-0.004920 -0.002890 6.777778
-0.004867 -0.003063 6.777778
-0.004796 -0.003229 6.777778
-0.004737 -0.003400 6.777778
-0.004660 -0.003563 6.777778
-0.004596 -0.003732 6.777778
-0.004536 -0.003903 6.777778
-0.004470 -0.004071 6.777778
-0.004400 -0.004238 6.777778
-0.004333 -0.004405 6.777778
-0.004266 -0.004573 6.777778
-0.004204 -0.004743 6.777778
-0.004137 -0.004911 6.777778
-0.004067 -0.005078 6.777778
-0.004008 -0.005249 6.777778
-0.003948 -0.005419 6.777778
-0.003890 -0.005590 6.777778
-0.003835 -0.005762 6.777778
-0.003777 -0.005934 6.777778
-0.003727 -0.006107 6.777778
-0.003594 -0.006230 6.777778
-0.003418 -0.006189 6.777778
-0.003245 -0.006136 6.777778
-0.003069 -0.006095 6.777778
-0.002890 -0.006065 6.777778
-0.002711 -0.006048 6.777778
-0.002530 -0.006036 6.777778
-0.002350 -0.006021 6.777778
-0.002170 -0.006012 6.777778
-0.001990 -0.005996 6.777778
-0.001811 -0.005970 6.777778
-0.001631 -0.005948 6.777778
-0.001452 -0.005924 6.777778
-0.001273 -0.005902 6.777778
-0.001094 -0.005876 6.777778
-0.000916 -0.005842 6.777778
-0.000737 -0.005816 6.777778
-0.000558 -0.005797 6.777778
-0.000379 -0.005769 6.777778
-0.000201 -0.005739 6.777778
-0.000023 -0.005706 6.777778
0.000156 -0.005728 6.777778
0.000334 -0.005762 6.777778
0.000512 -0.005791 6.777778
0.000692 -0.005811 6.777778
0.000871 -0.005835 6.777778
0.001048 -0.005870 6.777778
0.001227 -0.005897 6.777778
0.001406 -0.005921 6.777778
0.001585 -0.005946 6.777778
0.001764 -0.005971 6.777778
0.001942 -0.006003 6.777778
0.002121 -0.006030 6.777778
0.002300 -0.006053 6.777778
0.002478 -0.006085 6.777778
0.002655 -0.006120 6.777778
0.002832 -0.006158 6.777778
0.003008 -0.006200 6.777778
0.003184 -0.006239 6.777778
0.003359 -0.006284 6.777778
0.003534 -0.006237 6.777778
0.003602 -0.006069 6.777778
0.003658 -0.005897 6.777778
0.003719 -0.005727 6.777778
0.003787 -0.005560 6.777778
0.003864 -0.005397 6.777778
0.003946 -0.005235 6.777778
0.004025 -0.005073 6.777778
0.004107 -0.004912 6.777778
0.004185 -0.004749 6.777778
0.004253 -0.004581 6.777778
0.004323 -0.004414 6.777778
0.004392 -0.004248 6.777778
0.004463 -0.004081 6.777778
0.004531 -0.003914 6.777778
0.004591 -0.003743 6.777778
0.004655 -0.003574 6.777778
0.004732 -0.003411 6.777778
0.004791 -0.003240 6.777778
0.004862 -0.003074 6.777778
0.004914 -0.002900 6.777778
0.005014 -0.002750 6.777778
0.005138 -0.002619 6.777778
0.005249 -0.002476 6.777778
0.005359 -0.002333 6.777778
0.005467 -0.002188 6.777778
0.005586 -0.002052 6.777778
0.005700 -0.001911 6.777778
0.005810 -0.001768 6.777778
0.005921 -0.001625 6.777778
0.006031 -0.001482 6.777778
0.006146 -0.001343 6.777778
0.006259 -0.001201 6.777778
0.006366 -0.001056 6.777778
0.006480 -0.000916 6.777778
0.006596 -0.000777 6.777778
0.006714 -0.000640 6.777778
0.006837 -0.000507 6.777778
0.006959 -0.000374 6.777778
0.007086 -0.000246 6.777778
0.007131 -0.000070 6.777778

