0.008037 -0.000005 10.744792
0.007883 0.000135 10.744792
0.007730 0.000277 10.744792
0.007586 0.000427 10.744792
0.007433 0.000568 10.744792
0.007294 0.000723 10.744792
0.007148 0.000872 10.744792
0.007013 0.001030 10.744792
0.006856 0.001167 10.744792
0.006727 0.001331 10.744792
0.006565 0.001462 10.744792
0.006444 0.001631 10.744792
0.006297 0.001779 10.744792
0.006159 0.001935 10.744792
0.006011 0.002081 10.744792
0.005880 0.002243 10.744792
0.005748 0.002405 10.744792
0.005614 0.002564 10.744792
0.005505 0.002742 10.744792
0.005381 0.002909 10.744792
0.005299 0.003100 10.744792
0.005236 0.003299 10.744792
0.005143 0.003485 10.744792
0.005092 0.003687 10.744792
0.005018 0.003882 10.744792
0.004965 0.004083 10.744792
0.004899 0.004281 10.744792
0.004832 0.004478 10.744792
0.004792 0.004683 10.744792
0.004728 0.004881 10.744792
0.004677 0.005083 10.744792
0.004602 0.005277 10.744792
0.004554 0.005480 10.744792
0.004474 0.005672 10.744792
0.004427 0.005875 10.744792
0.004348 0.006068 10.744792
0.004293 0.006269 10.744792
0.004215 0.006462 10.744792
0.004145 0.006658 10.744792
0.004064 0.006850 10.744792
0.003893 0.006970 10.744792
0.003701 0.006891 10.744792
0.003501 0.006830 10.744792
0.003303 0.006766 10.744792
0.003101 0.006714 10.744792
0.002902 0.006656 10.744792
0.002698 0.006611 10.744792
0.002497 0.006558 10.744792
0.002294 0.006509 10.744792
0.002089 0.006473 10.744792
0.001889 0.006416 10.744792
0.001685 0.006372 10.744792
0.001481 0.006332 10.744792
0.001286 0.006405 10.744792
0.001139 0.006553 10.744792
0.000974 0.006426 10.744792
0.000777 0.006357 10.744792
0.000579 0.006294 10.744792
0.000378 0.006237 10.744792
0.000175 0.006193 10.744792
-0.000028 0.006147 10.744792
-0.000234 0.006182 10.744792
-0.000432 0.006246 10.744792
-0.000633 0.006299 10.744792
-0.000830 0.006367 10.744792
-0.000999 0.006488 10.744792
-0.001140 0.006335 10.744792
-0.001344 0.006295 10.744792
-0.001546 0.006346 10.744792
-0.001754 0.006363 10.744792
-0.001952 0.006427 10.744792
-0.002157 0.006463 10.744792
-0.002358 0.006519 10.744792
-0.002558 0.006577 10.744792
-0.002763 0.006614 10.744792
-0.002964 0.006668 10.744792
-0.003169 0.006706 10.744792
-0.003366 0.006773 10.744792
-0.003567 0.006827 10.744792
-0.003763 0.006898 10.744792
-0.003952 0.006986 10.744792
-0.004133 0.006884 10.744792
-0.004220 0.006695 10.744792
-0.004296 0.006501 10.744792
-0.004376 0.006309 10.744792
-0.004437 0.006109 10.744792
-0.004517 0.005917 10.744792
-0.004562 0.005714 10.744792
-0.004645 0.005523 10.744792
-0.004686 0.005318 10.744792
-0.004767 0.005126 10.744792
-0.004807 0.004922 10.744792
-0.004877 0.004726 10.744792
-0.004916 0.004521 10.744792
-0.004993 0.004328 10.744792
-0.005035 0.004124 10.744792
-0.005095 0.003924 10.744792
-0.005154 0.003725 10.744792
-0.005208 0.003523 10.744792
-0.005291 0.003332 10.744792
-0.005325 0.003127 10.744792
-0.005424 0.002944 10.744792
-0.005574 0.002799 10.744792
-0.005702 0.002634 10.744792
-0.005838 0.002477 10.744792
-0.005993 0.002338 10.744792
-0.006122 0.002174 10.744792
-0.006272 0.002030 10.744792
-0.006403 0.001868 10.744792
-0.006568 0.001740 10.744792
-0.006694 0.001575 10.744792
-0.006850 0.001437 10.744792
-0.006979 0.001273 10.744792
-0.007132 0.001131 10.744792
-0.007264 0.000970 10.744792
-0.007415 0.000827 10.744792
-0.007552 0.000670 10.744792
-0.007708 0.000532 10.744792
-0.007853 0.000383 10.744792
-0.008003 0.000237 10.744792
-0.008049 0.000034 10.744792
-0.007913 -0.000123 10.744792
-0.007789 -0.000290 10.744792
-0.007654 -0.000449 10.744792
-0.007530 -0.000616 10.744792
-0.007389 -0.000770 10.744792
-0.007256 -0.000930 10.744792
-0.007099 -0.001067 10.744792
-0.006965 -0.001227 10.744792
-0.006817 -0.001373 10.744792
-0.006693 -0.001540 10.744792
-0.006539 -0.001680 10.744792
-0.006400 -0.001835 10.744792
-0.006242 -0.001971 10.744792
-0.006111 -0.002133 10.744792
-0.005946 -0.002261 10.744792
-0.005812 -0.002420 10.744792
-0.005664 -0.002567 10.744792
-0.005543 -0.002736 10.744792
-0.005425 -0.002908 10.744792
-0.005361 -0.003106 10.744792
-0.005305 -0.003306 10.744792
-0.005220 -0.003496 10.744792
-0.005180 -0.003701 10.744792
-0.005098 -0.003892 10.744792
-0.005071 -0.004099 10.744792
-0.004991 -0.004291 10.744792
-0.004943 -0.004494 10.744792
-0.004873 -0.004690 10.744792
-0.004835 -0.004895 10.744792
-0.004763 -0.005090 10.744792
-0.004714 -0.005293 10.744792
-0.004638 -0.005487 10.744792
-0.004588 -0.005689 10.744792
-0.004515 -0.005884 10.744792
-0.004470 -0.006087 10.744792
-0.004399 -0.006283 10.744792
-0.004357 -0.006487 10.744792
-0.004292 -0.006685 10.744792
-0.004236 -0.006886 10.744792
-0.004067 -0.007007 10.744792
-0.003865 -0.006956 10.744792
-0.003662 -0.006910 10.744792
-0.003458 -0.006869 10.744792
-0.003256 -0.006817 10.744792
-0.003051 -0.006783 10.744792
-0.002847 -0.006738 10.744792
-0.002643 -0.006699 10.744792
-0.002445 -0.006633 10.744792
-0.002242 -0.006588 10.744792
-0.002042 -0.006529 10.744792
-0.001836 -0.006499 10.744792
-0.001631 -0.006460 10.744792
-0.001427 -0.006418 10.744792
-0.001223 -0.006378 10.744792
-0.001020 -0.006331 10.744792
-0.000817 -0.006286 10.744792
-0.000617 -0.006227 10.744792
-0.000416 -0.006170 10.744792
-0.000209 -0.006156 10.744792
-0.000010 -0.006218 10.744792
0.000195 -0.006252 10.744792
0.000401 -0.006287 10.744792
0.000599 -0.006352 10.744792
0.000805 -0.006384 10.744792
0.000999 -0.006458 10.744792
0.001204 -0.006497 10.744792
0.001407 -0.006542 10.744792
0.001609 -0.006594 10.744792
0.001812 -0.006642 10.744792
0.002013 -0.006694 10.744792
0.002218 -0.006732 10.744792
0.002419 -0.006788 10.744792
0.002625 -0.006820 10.744792
0.002825 -0.006877 10.744792
0.003030 -0.006914 10.744792
0.003232 -0.006965 10.744792
0.003435 -0.007009 10.744792
0.003639 -0.007053 10.744792
0.003845 -0.007087 10.744792
0.004031 -0.006994 10.744792
0.004075 -0.006791 10.744792
0.004122 -0.006588 10.744792
0.004188 -0.006390 10.744792
0.004233 -0.006187 10.744792
0.004305 -0.005991 10.744792
0.004354 -0.005789 10.744792
0.004433 -0.005596 10.744792
0.004464 -0.005390 10.744792
0.004537 -0.005195 10.744792
0.004579 -0.004991 10.744792
0.004647 -0.004794 10.744792
0.004710 -0.004596 10.744792
0.004780 -0.004400 10.744792
0.004865 -0.004209 10.744792
0.004902 -0.004004 10.744792
0.004998 -0.003820 10.744792
0.005171 -0.003704 10.744792
0.005217 -0.003501 10.744792
0.005240 -0.003294 10.744792
0.005329 -0.003105 10.744792
0.005482 -0.002964 10.744792
0.005608 -0.002798 10.744792
0.005754 -0.002650 10.744792
0.005893 -0.002494 10.744792
0.006038 -0.002345 10.744792
0.006193 -0.002206 10.744792
0.006323 -0.002043 10.744792
0.006476 -0.001902 10.744792
0.006612 -0.001744 10.744792
0.006769 -0.001607 10.744792
0.006895 -0.001441 10.744792
0.007053 -0.001306 10.744792
0.007178 -0.001139 10.744792
0.007332 -0.000999 10.744792
0.007460 -0.000834 10.744792
0.007608 -0.000688 10.744792
0.007741 -0.000527 10.744792
0.007883 -0.000376 10.744792
0.008012 -0.000212 10.744792
0.008037 -0.000005 10.744792

