0.008032 -0.000006 10.718750
0.007878 0.000134 10.718750
0.007726 0.000276 10.718750
0.007581 0.000426 10.718750
0.007429 0.000567 10.718750
0.007290 0.000723 10.718750
0.007144 0.000871 10.718750
0.007009 0.001029 10.718750
0.006852 0.001166 10.718750
0.006723 0.001329 10.718750
0.006562 0.001461 10.718750
0.006441 0.001631 10.718750
0.006293 0.001777 10.718750
0.006156 0.001933 10.718750
0.006008 0.002080 10.718750
0.005878 0.002242 10.718750
0.005746 0.002403 10.718750
0.005613 0.002563 10.718750
0.005504 0.002741 10.718750
0.005379 0.002907 10.718750
0.005296 0.003098 10.718750
0.005234 0.003297 10.718750
0.005141 0.003483 10.718750
0.005089 0.003685 10.718750
0.005015 0.003879 10.718750
0.004962 0.004080 10.718750
0.004897 0.004278 10.718750
0.004829 0.004475 10.718750
0.004789 0.004679 10.718750
0.004726 0.004877 10.718750
0.004675 0.005079 10.718750
0.004600 0.005273 10.718750
0.004552 0.005476 10.718750
0.004472 0.005668 10.718750
0.004425 0.005871 10.718750
0.004347 0.006064 10.718750
0.004291 0.006264 10.718750
0.004214 0.006458 10.718750
0.004145 0.006654 10.718750
0.004063 0.006845 10.718750
0.003892 0.006964 10.718750
0.003700 0.006886 10.718750
0.003500 0.006826 10.718750
0.003302 0.006762 10.718750
0.003101 0.006710 10.718750
0.002901 0.006652 10.718750
0.002697 0.006607 10.718750
0.002496 0.006554 10.718750
0.002294 0.006505 10.718750
0.002089 0.006469 10.718750
0.001889 0.006412 10.718750
0.001685 0.006368 10.718750
0.001481 0.006328 10.718750
0.001286 0.006400 10.718750
0.001139 0.006547 10.718750
0.000973 0.006420 10.718750
0.000777 0.006352 10.718750
0.000578 0.006290 10.718750
0.000378 0.006233 10.718750
0.000175 0.006189 10.718750
-0.000029 0.006144 10.718750
-0.000234 0.006178 10.718750
-0.000432 0.006242 10.718750
-0.000633 0.006295 10.718750
-0.000831 0.006361 10.718750
-0.001000 0.006483 10.718750
-0.001141 0.006330 10.718750
-0.001346 0.006291 10.718750
-0.001547 0.006344 10.718750
-0.001755 0.006360 10.718750
-0.001953 0.006423 10.718750
-0.002158 0.006459 10.718750
-0.002358 0.006515 10.718750
-0.002558 0.006574 10.718750
-0.002763 0.006611 10.718750
-0.002964 0.006665 10.718750
-0.003169 0.006702 10.718750
-0.003366 0.006768 10.718750
-0.003567 0.006822 10.718750
-0.003763 0.006893 10.718750
-0.003952 0.006981 10.718750
-0.004133 0.006879 10.718750
-0.004220 0.006690 10.718750
-0.004296 0.006496 10.718750
-0.004375 0.006303 10.718750
-0.004436 0.006105 10.718750
-0.004515 0.005912 10.718750
-0.004561 0.005709 10.718750
-0.004643 0.005518 10.718750
-0.004684 0.005314 10.718750
-0.004765 0.005122 10.718750
-0.004805 0.004918 10.718750
-0.004874 0.004722 10.718750
-0.004913 0.004517 10.718750
-0.004991 0.004324 10.718750
-0.005032 0.004120 10.718750
-0.005092 0.003921 10.718750
-0.005151 0.003721 10.718750
-0.005206 0.003520 10.718750
-0.005288 0.003329 10.718750
-0.005323 0.003124 10.718750
-0.005423 0.002941 10.718750
-0.005572 0.002796 10.718750
-0.005700 0.002632 10.718750
-0.005836 0.002474 10.718750
-0.005991 0.002336 10.718750
-0.006120 0.002172 10.718750
-0.006270 0.002028 10.718750
-0.006400 0.001866 10.718750
-0.006565 0.001738 10.718750
-0.006692 0.001573 10.718750
-0.006847 0.001435 10.718750
-0.006976 0.001271 10.718750
-0.007128 0.001130 10.718750
-0.007260 0.000969 10.718750
-0.007411 0.000825 10.718750
-0.007548 0.000668 10.718750
-0.007703 0.000530 10.718750
-0.007849 0.000382 10.718750
-0.007998 0.000236 10.718750
-0.008045 0.000033 10.718750
-0.007909 -0.000124 10.718750
-0.007785 -0.000291 10.718750
-0.007650 -0.000450 10.718750
-0.007526 -0.000617 10.718750
-0.007385 -0.000770 10.718750
-0.007251 -0.000930 10.718750
-0.007094 -0.001066 10.718750
-0.006961 -0.001226 10.718750
-0.006813 -0.001372 10.718750
-0.006690 -0.001540 10.718750
-0.006535 -0.001679 10.718750
-0.006396 -0.001834 10.718750
-0.006238 -0.001970 10.718750
-0.006107 -0.002131 10.718750
-0.005943 -0.002259 10.718750
-0.005809 -0.002419 10.718750
-0.005661 -0.002566 10.718750
-0.005541 -0.002735 10.718750
-0.005423 -0.002906 10.718750
-0.005357 -0.003104 10.718750
-0.005303 -0.003305 10.718750
-0.005217 -0.003495 10.718750
-0.005178 -0.003699 10.718750
-0.005095 -0.003890 10.718750
-0.005068 -0.004096 10.718750
-0.004989 -0.004289 10.718750
-0.004940 -0.004491 10.718750
-0.004870 -0.004687 10.718750
-0.004832 -0.004892 10.718750
-0.004760 -0.005087 10.718750
-0.004711 -0.005289 10.718750
-0.004636 -0.005483 10.718750
-0.004585 -0.005685 10.718750
-0.004512 -0.005880 10.718750
-0.004467 -0.006083 10.718750
-0.004396 -0.006279 10.718750
-0.004354 -0.006483 10.718750
-0.004289 -0.006681 10.718750
-0.004234 -0.006881 10.718750
-0.004065 -0.007003 10.718750
-0.003863 -0.006952 10.718750
-0.003660 -0.006906 10.718750
-0.003456 -0.006866 10.718750
-0.003255 -0.006813 10.718750
-0.003049 -0.006780 10.718750
-0.002846 -0.006734 10.718750
-0.002642 -0.006695 10.718750
-0.002444 -0.006629 10.718750
-0.002241 -0.006584 10.718750
-0.002041 -0.006525 10.718750
-0.001835 -0.006496 10.718750
-0.001631 -0.006457 10.718750
-0.001427 -0.006415 10.718750
-0.001223 -0.006374 10.718750
-0.001020 -0.006327 10.718750
-0.000817 -0.006282 10.718750
-0.000618 -0.006223 10.718750
-0.000417 -0.006167 10.718750
-0.000209 -0.006153 10.718750
-0.000010 -0.006214 10.718750
0.000195 -0.006249 10.718750
0.000400 -0.006283 10.718750
0.000598 -0.006348 10.718750
0.000804 -0.006380 10.718750
0.000998 -0.006454 10.718750
0.001203 -0.006493 10.718750
0.001406 -0.006538 10.718750
0.001607 -0.006590 10.718750
0.001810 -0.006638 10.718750
0.002011 -0.006691 10.718750
0.002216 -0.006728 10.718750
0.002416 -0.006784 10.718750
0.002622 -0.006816 10.718750
0.002822 -0.006873 10.718750
0.003027 -0.006910 10.718750
0.003229 -0.006960 10.718750
0.003432 -0.007005 10.718750
0.003636 -0.007049 10.718750
0.003841 -0.007084 10.718750
0.004027 -0.006991 10.718750
0.004072 -0.006787 10.718750
0.004119 -0.006585 10.718750
0.004185 -0.006387 10.718750
0.004230 -0.006184 10.718750
0.004302 -0.005989 10.718750
0.004351 -0.005787 10.718750
0.004430 -0.005594 10.718750
0.004460 -0.005388 10.718750
0.004534 -0.005193 10.718750
0.004576 -0.004989 10.718750
0.004645 -0.004793 10.718750
0.004707 -0.004594 10.718750
0.004778 -0.004399 10.718750
0.004862 -0.004208 10.718750
0.004899 -0.004003 10.718750
0.004995 -0.003819 10.718750
0.005167 -0.003701 10.718750
0.005213 -0.003498 10.718750
0.005238 -0.003291 10.718750
0.005326 -0.003103 10.718750
0.005479 -0.002962 10.718750
0.005605 -0.002796 10.718750
0.005751 -0.002648 10.718750
0.005890 -0.002493 10.718750
0.006035 -0.002343 10.718750
0.006189 -0.002204 10.718750
0.006320 -0.002042 10.718750
0.006472 -0.001900 10.718750
0.006608 -0.001742 10.718750
0.006765 -0.001606 10.718750
0.006891 -0.001441 10.718750
0.007049 -0.001305 10.718750
0.007174 -0.001138 10.718750
0.007328 -0.000999 10.718750
0.007455 -0.000834 10.718750
0.007603 -0.000688 10.718750
0.007736 -0.000528 10.718750
0.007879 -0.000376 10.718750
0.008008 -0.000213 10.718750
0.008032 -0.000006 10.718750

