0.007695 -0.000077 9.017361
0.007561 0.000067 9.017361
0.007423 0.000209 9.017361
0.007290 0.000354 9.017361
0.007155 0.000498 9.017361
0.007017 0.000638 9.017361
0.006881 0.000781 9.017361
0.006755 0.000933 9.017361
0.006622 0.001078 9.017361
0.006494 0.001229 9.017361
0.006359 0.001372 9.017361
0.006233 0.001523 9.017361
0.006100 0.001669 9.017361
0.006009 0.001844 9.017361
0.005883 0.001995 9.017361
0.005786 0.002167 9.017361
0.005664 0.002322 9.017361
0.005556 0.002486 9.017361
0.005432 0.002640 9.017361
0.005328 0.002808 9.017361
0.005207 0.002963 9.017361
0.005126 0.003143 9.017361
0.005056 0.003327 9.017361
0.004968 0.003503 9.017361
0.004906 0.003691 9.017361
0.004818 0.003867 9.017361
0.004747 0.004051 9.017361
0.004665 0.004231 9.017361
0.004618 0.004422 9.017361
0.004536 0.004601 9.017361
0.004488 0.004793 9.017361
0.004421 0.004978 9.017361
0.004376 0.005170 9.017361
0.004320 0.005359 9.017361
0.004270 0.005550 9.017361
0.004208 0.005737 9.017361
0.004154 0.005927 9.017361
0.004094 0.006114 9.017361
0.004032 0.006302 9.017361
0.003975 0.006490 9.017361
0.003822 0.006615 9.017361
0.003631 0.006568 9.017361
0.003440 0.006516 9.017361
0.003248 0.006471 9.017361
0.003056 0.006429 9.017361
0.002864 0.006382 9.017361
0.002671 0.006342 9.017361
0.002480 0.006294 9.017361
0.002288 0.006250 9.017361
0.002097 0.006199 9.017361
0.001903 0.006169 9.017361
0.001708 0.006137 9.017361
0.001511 0.006122 9.017361
0.001315 0.006113 9.017361
0.001121 0.006151 9.017361
0.000929 0.006105 9.017361
0.000733 0.006087 9.017361
0.000540 0.006045 9.017361
0.000343 0.006037 9.017361
0.000149 0.006004 9.017361
-0.000048 0.005989 9.017361
-0.000242 0.006021 9.017361
-0.000439 0.006024 9.017361
-0.000634 0.006058 9.017361
-0.000830 0.006073 9.017361
-0.001022 0.006118 9.017361
-0.001217 0.006090 9.017361
-0.001413 0.006111 9.017361
-0.001608 0.006140 9.017361
-0.001801 0.006183 9.017361
-0.001997 0.006206 9.017361
-0.002189 0.006252 9.017361
-0.002384 0.006275 9.017361
-0.002578 0.006314 9.017361
-0.002772 0.006347 9.017361
-0.002963 0.006397 9.017361
-0.003153 0.006449 9.017361
-0.003345 0.006494 9.017361
-0.003537 0.006536 9.017361
-0.003729 0.006582 9.017361
-0.003921 0.006626 9.017361
-0.004074 0.006500 9.017361
-0.004131 0.006312 9.017361
-0.004193 0.006124 9.017361
-0.004250 0.005936 9.017361
-0.004305 0.005746 9.017361
-0.004365 0.005559 9.017361
-0.004416 0.005368 9.017361
-0.004471 0.005179 9.017361
-0.004520 0.004988 9.017361
-0.004583 0.004801 9.017361
-0.004626 0.004609 9.017361
-0.004699 0.004425 9.017361
-0.004728 0.004230 9.017361
-0.004807 0.004050 9.017361
-0.004861 0.003860 9.017361
-0.004943 0.003681 9.017361
-0.004992 0.003490 9.017361
-0.005080 0.003313 9.017361
-0.005139 0.003125 9.017361
-0.005225 0.002948 9.017361
-0.005357 0.002801 9.017361
-0.005461 0.002634 9.017361
-0.005595 0.002489 9.017361
-0.005706 0.002326 9.017361
-0.005839 0.002181 9.017361
-0.005946 0.002015 9.017361
-0.006093 0.001884 9.017361
-0.006213 0.001727 9.017361
-0.006353 0.001589 9.017361
-0.006477 0.001435 9.017361
-0.006621 0.001301 9.017361
-0.006751 0.001153 9.017361
-0.006893 0.001016 9.017361
-0.007025 0.000869 9.017361
-0.007160 0.000725 9.017361
-0.007296 0.000583 9.017361
-0.007429 0.000437 9.017361
-0.007561 0.000290 9.017361
-0.007697 0.000148 9.017361
-0.007733 -0.000045 9.017361
-0.007600 -0.000191 9.017361
-0.007461 -0.000331 9.017361
-0.007323 -0.000472 9.017361
-0.007189 -0.000616 9.017361
-0.007057 -0.000762 9.017361
-0.006931 -0.000914 9.017361
-0.006791 -0.001052 9.017361
-0.006653 -0.001194 9.017361
-0.006504 -0.001323 9.017361
-0.006373 -0.001470 9.017361
-0.006230 -0.001606 9.017361
-0.006109 -0.001762 9.017361
-0.005972 -0.001903 9.017361
-0.005872 -0.002073 9.017361
-0.005754 -0.002231 9.017361
-0.005647 -0.002397 9.017361
-0.005516 -0.002544 9.017361
-0.005412 -0.002712 9.017361
-0.005285 -0.002862 9.017361
-0.005181 -0.003030 9.017361
-0.005127 -0.003219 9.017361
-0.005039 -0.003396 9.017361
-0.004986 -0.003586 9.017361
-0.004911 -0.003768 9.017361
-0.004854 -0.003957 9.017361
-0.004775 -0.004138 9.017361
-0.004732 -0.004330 9.017361
-0.004665 -0.004515 9.017361
-0.004617 -0.004707 9.017361
-0.004546 -0.004890 9.017361
-0.004503 -0.005083 9.017361
-0.004438 -0.005269 9.017361
-0.004395 -0.005461 9.017361
-0.004336 -0.005649 9.017361
-0.004279 -0.005838 9.017361
-0.004221 -0.006027 9.017361
-0.004162 -0.006215 9.017361
-0.004101 -0.006402 9.017361
-0.004046 -0.006592 9.017361
-0.003896 -0.006719 9.017361
-0.003703 -0.006679 9.017361
-0.003511 -0.006634 9.017361
-0.003319 -0.006590 9.017361
-0.003128 -0.006539 9.017361
-0.002939 -0.006484 9.017361
-0.002746 -0.006442 9.017361
-0.002551 -0.006413 9.017361
-0.002357 -0.006376 9.017361
-0.002164 -0.006340 9.017361
-0.001974 -0.006287 9.017361
-0.001781 -0.006247 9.017361
-0.001591 -0.006194 9.017361
-0.001397 -0.006159 9.017361
-0.001207 -0.006104 9.017361
-0.001011 -0.006086 9.017361
-0.000815 -0.006065 9.017361
-0.000619 -0.006049 9.017361
-0.000423 -0.006027 9.017361
-0.000226 -0.006011 9.017361
-0.000029 -0.006000 9.017361
0.000165 -0.006036 9.017361
0.000360 -0.006063 9.017361
0.000554 -0.006095 9.017361
0.000746 -0.006140 9.017361
0.000941 -0.006168 9.017361
0.001134 -0.006209 9.017361
0.001328 -0.006246 9.017361
0.001515 -0.006309 9.017361
0.001709 -0.006344 9.017361
0.001899 -0.006397 9.017361
0.002091 -0.006439 9.017361
0.002283 -0.006487 9.017361
0.002474 -0.006534 9.017361
0.002665 -0.006583 9.017361
0.002858 -0.006625 9.017361
0.003049 -0.006672 9.017361
0.003241 -0.006715 9.017361
0.003435 -0.006755 9.017361
0.003626 -0.006800 9.017361
0.003811 -0.006732 9.017361
0.003870 -0.006544 9.017361
0.003925 -0.006354 9.017361
0.003984 -0.006166 9.017361
0.004040 -0.005977 9.017361
0.004091 -0.005787 9.017361
0.004140 -0.005596 9.017361
0.004207 -0.005410 9.017361
0.004266 -0.005222 9.017361
0.004343 -0.005041 9.017361
0.004398 -0.004851 9.017361
0.004479 -0.004671 9.017361
0.004517 -0.004478 9.017361
0.004599 -0.004299 9.017361
0.004662 -0.004112 9.017361
0.004759 -0.003940 9.017361
0.004833 -0.003757 9.017361
0.004941 -0.003593 9.017361
0.005006 -0.003407 9.017361
0.005098 -0.003232 9.017361
0.005165 -0.003046 9.017361
0.005279 -0.002886 9.017361
0.005409 -0.002738 9.017361
0.005519 -0.002574 9.017361
0.005658 -0.002435 9.017361
0.005775 -0.002275 9.017361
0.005911 -0.002133 9.017361
0.006027 -0.001973 9.017361
0.006182 -0.001852 9.017361
0.006303 -0.001697 9.017361
0.006450 -0.001566 9.017361
0.006577 -0.001415 9.017361
0.006720 -0.001279 9.017361
0.006854 -0.001134 9.017361
0.006994 -0.000995 9.017361
0.007126 -0.000848 9.017361
0.007263 -0.000707 9.017361
0.007398 -0.000563 9.017361
0.007529 -0.000416 9.017361
0.007663 -0.000271 9.017361
0.007695 -0.000077 9.017361

