0.007115 -0.000067 6.711806
0.007003 0.000074 6.711806
0.006889 0.000214 6.711806
0.006788 0.000363 6.711806
0.006691 0.000515 6.711806
0.006596 0.000668 6.711806
0.006497 0.000819 6.711806
0.006395 0.000967 6.711806
0.006295 0.001118 6.711806
0.006187 0.001262 6.711806
0.006075 0.001403 6.711806
0.005966 0.001547 6.711806
0.005856 0.001690 6.711806
0.005747 0.001833 6.711806
0.005634 0.001974 6.711806
0.005516 0.002110 6.711806
0.005406 0.002253 6.711806
0.005301 0.002399 6.711806
0.005183 0.002536 6.711806
0.005072 0.002678 6.711806
0.004952 0.002812 6.711806
0.004876 0.002976 6.711806
0.004820 0.003147 6.711806
0.004756 0.003315 6.711806
0.004686 0.003482 6.711806
0.004614 0.003647 6.711806
0.004554 0.003817 6.711806
0.004491 0.003986 6.711806
0.004423 0.004153 6.711806
0.004354 0.004319 6.711806
0.004284 0.004486 6.711806
0.004220 0.004654 6.711806
0.004154 0.004822 6.711806
0.004079 0.004986 6.711806
0.004009 0.005152 6.711806
0.003938 0.005318 6.711806
0.003867 0.005483 6.711806
0.003797 0.005649 6.711806
0.003726 0.005815 6.711806
0.003666 0.005985 6.711806
0.003538 0.006112 6.711806
0.003358 0.006102 6.711806
0.003178 0.006093 6.711806
0.002997 0.006088 6.711806
0.002818 0.006075 6.711806
0.002638 0.006061 6.711806
0.002459 0.006042 6.711806
0.002279 0.006023 6.711806
0.002100 0.006007 6.711806
0.001921 0.005981 6.711806
0.001743 0.005953 6.711806
0.001565 0.005931 6.711806
0.001386 0.005906 6.711806
0.001207 0.005882 6.711806
0.001029 0.005852 6.711806
0.000852 0.005820 6.711806
0.000673 0.005799 6.711806
0.000494 0.005777 6.711806
0.000316 0.005747 6.711806
0.000140 0.005711 6.711806
-0.000040 0.005695 6.711806
-0.000216 0.005731 6.711806
-0.000395 0.005757 6.711806
-0.000572 0.005790 6.711806
-0.000751 0.005808 6.711806
-0.000930 0.005832 6.711806
-0.001107 0.005866 6.711806
-0.001285 0.005894 6.711806
-0.001464 0.005916 6.711806
-0.001643 0.005940 6.711806
-0.001822 0.005962 6.711806
-0.002000 0.005989 6.711806
-0.002179 0.006010 6.711806
-0.002359 0.006021 6.711806
-0.002539 0.006036 6.711806
-0.002719 0.006046 6.711806
-0.002899 0.006054 6.711806
-0.003078 0.006067 6.711806
-0.003257 0.006088 6.711806
-0.003434 0.006123 6.711806
-0.003613 0.006149 6.711806
-0.003739 0.006020 6.711806
-0.003786 0.005846 6.711806
-0.003841 0.005674 6.711806
-0.003896 0.005502 6.711806
-0.003956 0.005333 6.711806
-0.004019 0.005164 6.711806
-0.004084 0.004996 6.711806
-0.004156 0.004830 6.711806
-0.004221 0.004662 6.711806
-0.004284 0.004493 6.711806
-0.004353 0.004327 6.711806
-0.004421 0.004160 6.711806
-0.004489 0.003993 6.711806
-0.004552 0.003824 6.711806
-0.004612 0.003654 6.711806
-0.004684 0.003488 6.711806
-0.004754 0.003323 6.711806
-0.004817 0.003154 6.711806
-0.004875 0.002983 6.711806
-0.004949 0.002818 6.711806
-0.005067 0.002683 6.711806
-0.005180 0.002542 6.711806
-0.005297 0.002404 6.711806
-0.005402 0.002258 6.711806
-0.005513 0.002116 6.711806
-0.005630 0.001979 6.711806
-0.005744 0.001839 6.711806
-0.005853 0.001696 6.711806
-0.005963 0.001553 6.711806
-0.006073 0.001410 6.711806
-0.006187 0.001271 6.711806
-0.006298 0.001128 6.711806
-0.006402 0.000981 6.711806
-0.006513 0.000839 6.711806
-0.006623 0.000696 6.711806
-0.006733 0.000554 6.711806
-0.006848 0.000414 6.711806
-0.006963 0.000275 6.711806
-0.007085 0.000143 6.711806
-0.007111 -0.000035 6.711806
-0.006982 -0.000162 6.711806
-0.006864 -0.000298 6.711806
-0.006764 -0.000447 6.711806
-0.006664 -0.000597 6.711806
-0.006563 -0.000747 6.711806
-0.006459 -0.000894 6.711806
-0.006353 -0.001040 6.711806
-0.006250 -0.001188 6.711806
-0.006138 -0.001329 6.711806
-0.006025 -0.001470 6.711806
-0.005916 -0.001614 6.711806
-0.005806 -0.001756 6.711806
-0.005696 -0.001899 6.711806
-0.005581 -0.002038 6.711806
-0.005464 -0.002175 6.711806
-0.005358 -0.002320 6.711806
-0.005247 -0.002463 6.711806
-0.005135 -0.002604 6.711806
-0.005013 -0.002736 6.711806
-0.004910 -0.002885 6.711806
-0.004856 -0.003057 6.711806
-0.004786 -0.003223 6.711806
-0.004729 -0.003394 6.711806
-0.004653 -0.003557 6.711806
-0.004587 -0.003725 6.711806
-0.004527 -0.003895 6.711806
-0.004462 -0.004063 6.711806
-0.004393 -0.004230 6.711806
-0.004326 -0.004397 6.711806
-0.004258 -0.004564 6.711806
-0.004196 -0.004733 6.711806
-0.004131 -0.004901 6.711806
-0.004060 -0.005067 6.711806
-0.003999 -0.005237 6.711806
-0.003938 -0.005406 6.711806
-0.003880 -0.005577 6.711806
-0.003824 -0.005749 6.711806
-0.003766 -0.005919 6.711806
-0.003715 -0.006092 6.711806
-0.003581 -0.006213 6.711806
-0.003406 -0.006168 6.711806
-0.003234 -0.006116 6.711806
-0.003057 -0.006080 6.711806
-0.002879 -0.006055 6.711806
-0.002699 -0.006042 6.711806
-0.002519 -0.006030 6.711806
-0.002339 -0.006016 6.711806
-0.002159 -0.006006 6.711806
-0.001980 -0.005986 6.711806
-0.001802 -0.005960 6.711806
-0.001623 -0.005938 6.711806
-0.001444 -0.005914 6.711806
-0.001265 -0.005891 6.711806
-0.001087 -0.005863 6.711806
-0.000910 -0.005830 6.711806
-0.000731 -0.005807 6.711806
-0.000552 -0.005787 6.711806
-0.000375 -0.005756 6.711806
-0.000197 -0.005727 6.711806
-0.000019 -0.005696 6.711806
0.000160 -0.005718 6.711806
0.000337 -0.005750 6.711806
0.000515 -0.005782 6.711806
0.000694 -0.005802 6.711806
0.000873 -0.005824 6.711806
0.001050 -0.005857 6.711806
0.001228 -0.005887 6.711806
0.001406 -0.005911 6.711806
0.001585 -0.005936 6.711806
0.001763 -0.005960 6.711806
0.001941 -0.005991 6.711806
0.002119 -0.006020 6.711806
0.002298 -0.006042 6.711806
0.002476 -0.006072 6.711806
0.002653 -0.006105 6.711806
0.002829 -0.006142 6.711806
0.003005 -0.006183 6.711806
0.003181 -0.006222 6.711806
0.003355 -0.006267 6.711806
0.003529 -0.006221 6.711806
0.003595 -0.006053 6.711806
0.003650 -0.005881 6.711806
0.003713 -0.005712 6.711806
0.003785 -0.005547 6.711806
0.003865 -0.005385 6.711806
0.003947 -0.005225 6.711806
0.004025 -0.005062 6.711806
0.004107 -0.004902 6.711806
0.004181 -0.004737 6.711806
0.004248 -0.004570 6.711806
0.004318 -0.004404 6.711806
0.004387 -0.004237 6.711806
0.004457 -0.004071 6.711806
0.004523 -0.003903 6.711806
0.004582 -0.003733 6.711806
0.004649 -0.003566 6.711806
0.004725 -0.003402 6.711806
0.004783 -0.003232 6.711806
0.004853 -0.003065 6.711806
0.004906 -0.002893 6.711806
0.005006 -0.002743 6.711806
0.005129 -0.002611 6.711806
0.005242 -0.002470 6.711806
0.005352 -0.002328 6.711806
0.005459 -0.002182 6.711806
0.005575 -0.002045 6.711806
0.005690 -0.001906 6.711806
0.005801 -0.001764 6.711806
0.005912 -0.001622 6.711806
0.006021 -0.001478 6.711806
0.006135 -0.001339 6.711806
0.006249 -0.001199 6.711806
0.006356 -0.001054 6.711806
0.006468 -0.000913 6.711806
0.006583 -0.000774 6.711806
0.006699 -0.000636 6.711806
0.006821 -0.000503 6.711806
0.006942 -0.000370 6.711806
0.007069 -0.000241 6.711806
0.007115 -0.000067 6.711806

