0.006100 -0.000000 1.838542
0.006049 0.000145 1.838542
0.005954 0.000266 1.838542
0.005855 0.000384 1.838542
0.005755 0.000501 1.838542
0.005661 0.000623 1.838542
0.005572 0.000748 1.838542
0.005478 0.000870 1.838542
0.005376 0.000986 1.838542
0.005270 0.001098 1.838542
0.005166 0.001211 1.838542
0.005067 0.001328 1.838542
0.004974 0.001451 1.838542
0.004886 0.001578 1.838542
0.004803 0.001707 1.838542
0.004723 0.001838 1.838542
0.004644 0.001971 1.838542
0.004566 0.002103 1.838542
0.004488 0.002236 1.838542
0.004411 0.002369 1.838542
0.004334 0.002502 1.838542
0.004257 0.002636 1.838542
0.004181 0.002769 1.838542
0.004104 0.002903 1.838542
0.004029 0.003037 1.838542
0.003954 0.003171 1.838542
0.003880 0.003306 1.838542
0.003809 0.003443 1.838542
0.003743 0.003582 1.838542
0.003684 0.003724 1.838542
0.003632 0.003869 1.838542
0.003586 0.004016 1.838542
0.003542 0.004163 1.838542
0.003493 0.004309 1.838542
0.003434 0.004451 1.838542
0.003370 0.004591 1.838542
0.003312 0.004734 1.838542
0.003260 0.004879 1.838542
0.003207 0.005023 1.838542
0.003150 0.005166 1.838542
0.003050 0.005283 1.838542
0.002899 0.005311 1.838542
0.002747 0.005289 1.838542
0.002595 0.005263 1.838542
0.002444 0.005235 1.838542
0.002291 0.005214 1.838542
0.002138 0.005200 1.838542
0.001985 0.005179 1.838542
0.001835 0.005149 1.838542
0.001685 0.005113 1.838542
0.001535 0.005080 1.838542
0.001383 0.005052 1.838542
0.001230 0.005033 1.838542
0.001077 0.005021 1.838542
0.000923 0.005013 1.838542
0.000769 0.005010 1.838542
0.000616 0.005007 1.838542
0.000462 0.005006 1.838542
0.000308 0.005005 1.838542
0.000154 0.005005 1.838542
-0.000000 0.005004 1.838542
-0.000154 0.005005 1.838542
-0.000308 0.005005 1.838542
-0.000462 0.005006 1.838542
-0.000616 0.005007 1.838542
-0.000769 0.005010 1.838542
-0.000923 0.005013 1.838542
-0.001077 0.005021 1.838542
-0.001230 0.005033 1.838542
-0.001383 0.005052 1.838542
-0.001535 0.005080 1.838542
-0.001685 0.005113 1.838542
-0.001835 0.005149 1.838542
-0.001985 0.005179 1.838542
-0.002138 0.005200 1.838542
-0.002291 0.005214 1.838542
-0.002444 0.005235 1.838542
-0.002595 0.005263 1.838542
-0.002747 0.005289 1.838542
-0.002899 0.005311 1.838542
-0.003050 0.005283 1.838542
-0.003150 0.005166 1.838542
-0.003207 0.005023 1.838542
-0.003260 0.004879 1.838542
-0.003312 0.004734 1.838542
-0.003370 0.004591 1.838542
-0.003434 0.004451 1.838542
-0.003493 0.004309 1.838542
-0.003542 0.004163 1.838542
-0.003586 0.004016 1.838542
-0.003632 0.003869 1.838542
-0.003684 0.003724 1.838542
-0.003743 0.003582 1.838542
-0.003809 0.003443 1.838542
-0.003880 0.003306 1.838542
-0.003954 0.003171 1.838542
-0.004029 0.003037 1.838542
-0.004104 0.002903 1.838542
-0.004181 0.002769 1.838542
-0.004257 0.002636 1.838542
-0.004334 0.002502 1.838542
-0.004411 0.002369 1.838542
-0.004488 0.002236 1.838542
-0.004566 0.002103 1.838542
-0.004644 0.001971 1.838542
-0.004723 0.001838 1.838542
-0.004803 0.001707 1.838542
-0.004886 0.001578 1.838542
-0.004974 0.001451 1.838542
-0.005067 0.001328 1.838542
-0.005166 0.001211 1.838542
-0.005270 0.001098 1.838542
-0.005376 0.000986 1.838542
-0.005478 0.000870 1.838542
-0.005572 0.000748 1.838542
-0.005661 0.000623 1.838542
-0.005755 0.000501 1.838542
-0.005855 0.000384 1.838542
-0.005954 0.000266 1.838542
-0.006049 0.000145 1.838542
-0.006100 0.000000 1.838542
-0.006049 -0.000145 1.838542
-0.005954 -0.000266 1.838542
-0.005855 -0.000384 1.838542
-0.005755 -0.000501 1.838542
-0.005661 -0.000623 1.838542
-0.005572 -0.000748 1.838542
-0.005478 -0.000870 1.838542
-0.005376 -0.000986 1.838542
-0.005270 -0.001098 1.838542
-0.005166 -0.001211 1.838542
-0.005067 -0.001328 1.838542
-0.004974 -0.001451 1.838542
-0.004886 -0.001578 1.838542
-0.004803 -0.001707 1.838542
-0.004723 -0.001838 1.838542
-0.004644 -0.001971 1.838542
-0.004566 -0.002103 1.838542
-0.004488 -0.002236 1.838542
-0.004411 -0.002369 1.838542
-0.004334 -0.002502 1.838542
-0.004257 -0.002636 1.838542
-0.004181 -0.002769 1.838542
-0.004104 -0.002903 1.838542
-0.004029 -0.003037 1.838542
-0.003954 -0.003171 1.838542
-0.003880 -0.003306 1.838542
-0.003809 -0.003443 1.838542
-0.003743 -0.003582 1.838542
-0.003684 -0.003724 1.838542
-0.003632 -0.003869 1.838542
-0.003586 -0.004016 1.838542
-0.003542 -0.004163 1.838542
-0.003493 -0.004309 1.838542
-0.003434 -0.004451 1.838542
-0.003370 -0.004591 1.838542
-0.003312 -0.004734 1.838542
-0.003260 -0.004879 1.838542
-0.003207 -0.005023 1.838542
-0.003150 -0.005166 1.838542
-0.003050 -0.005283 1.838542
-0.002899 -0.005311 1.838542
-0.002747 -0.005289 1.838542
-0.002595 -0.005263 1.838542
-0.002444 -0.005235 1.838542
-0.002291 -0.005214 1.838542
-0.002138 -0.005200 1.838542
-0.001985 -0.005179 1.838542
-0.001835 -0.005149 1.838542
-0.001685 -0.005113 1.838542
-0.001535 -0.005080 1.838542
-0.001383 -0.005052 1.838542
-0.001230 -0.005033 1.838542
-0.001077 -0.005021 1.838542
-0.000923 -0.005013 1.838542
-0.000769 -0.005010 1.838542
-0.000616 -0.005007 1.838542
-0.000462 -0.005006 1.838542
-0.000308 -0.005005 1.838542
-0.000154 -0.005005 1.838542
0.000000 -0.005004 1.838542
0.000154 -0.005005 1.838542
0.000308 -0.005005 1.838542
0.000462 -0.005006 1.838542
0.000616 -0.005007 1.838542
0.000769 -0.005010 1.838542
0.000923 -0.005013 1.838542
0.001077 -0.005021 1.838542
0.001230 -0.005033 1.838542
0.001383 -0.005052 1.838542
0.001535 -0.005080 1.838542
0.001685 -0.005113 1.838542
0.001835 -0.005149 1.838542
0.001985 -0.005179 1.838542
0.002138 -0.005200 1.838542
0.002291 -0.005214 1.838542
0.002444 -0.005235 1.838542
0.002595 -0.005263 1.838542
0.002747 -0.005289 1.838542
0.002899 -0.005311 1.838542
0.003050 -0.005283 1.838542
0.003150 -0.005166 1.838542
0.003207 -0.005023 1.838542
0.003260 -0.004879 1.838542
0.003312 -0.004734 1.838542
0.003370 -0.004591 1.838542
0.003434 -0.004451 1.838542
0.003493 -0.004309 1.838542
0.003542 -0.004163 1.838542
0.003586 -0.004016 1.838542
0.003632 -0.003869 1.838542
0.003684 -0.003724 1.838542
0.003743 -0.003582 1.838542
0.003809 -0.003443 1.838542
0.003880 -0.003306 1.838542
0.003954 -0.003171 1.838542
0.004029 -0.003037 1.838542
0.004104 -0.002903 1.838542
0.004181 -0.002769 1.838542
0.004257 -0.002636 1.838542
0.004334 -0.002502 1.838542
0.004411 -0.002369 1.838542
0.004488 -0.002236 1.838542
0.004566 -0.002103 1.838542
0.004644 -0.001971 1.838542
0.004723 -0.001838 1.838542
0.004803 -0.001707 1.838542
0.004886 -0.001578 1.838542
0.004974 -0.001451 1.838542
0.005067 -0.001328 1.838542
0.005166 -0.001211 1.838542
0.005270 -0.001098 1.838542
0.005376 -0.000986 1.838542
0.005478 -0.000870 1.838542
0.005572 -0.000748 1.838542
0.005661 -0.000623 1.838542
0.005755 -0.000501 1.838542
0.005855 -0.000384 1.838542
0.005954 -0.000266 1.838542
0.006049 -0.000145 1.838542
0.006100 -0.000000 1.838542

