0.007894 -0.000039 10.015625
0.007748 0.000102 10.015625
0.007605 0.000247 10.015625
0.007463 0.000393 10.015625
0.007320 0.000539 10.015625
0.007187 0.000693 10.015625
0.007042 0.000836 10.015625
0.006904 0.000986 10.015625
0.006759 0.001128 10.015625
0.006630 0.001287 10.015625
0.006483 0.001427 10.015625
0.006366 0.001594 10.015625
0.006206 0.001720 10.015625
0.006082 0.001881 10.015625
0.005947 0.002035 10.015625
0.005831 0.002202 10.015625
0.005705 0.002362 10.015625
0.005597 0.002534 10.015625
0.005481 0.002702 10.015625
0.005354 0.002861 10.015625
0.005253 0.003038 10.015625
0.005191 0.003232 10.015625
0.005104 0.003416 10.015625
0.005031 0.003607 10.015625
0.004956 0.003796 10.015625
0.004884 0.003986 10.015625
0.004836 0.004184 10.015625
0.004760 0.004373 10.015625
0.004707 0.004570 10.015625
0.004643 0.004763 10.015625
0.004607 0.004964 10.015625
0.004536 0.005154 10.015625
0.004495 0.005354 10.015625
0.004420 0.005543 10.015625
0.004369 0.005740 10.015625
0.004300 0.005932 10.015625
0.004242 0.006127 10.015625
0.004174 0.006319 10.015625
0.004116 0.006515 10.015625
0.004045 0.006706 10.015625
0.003874 0.006817 10.015625
0.003680 0.006754 10.015625
0.003483 0.006701 10.015625
0.003288 0.006643 10.015625
0.003090 0.006597 10.015625
0.002893 0.006544 10.015625
0.002694 0.006502 10.015625
0.002497 0.006451 10.015625
0.002296 0.006414 10.015625
0.002099 0.006365 10.015625
0.001902 0.006311 10.015625
0.001702 0.006273 10.015625
0.001507 0.006216 10.015625
0.001306 0.006251 10.015625
0.001144 0.006375 10.015625
0.000968 0.006272 10.015625
0.000770 0.006228 10.015625
0.000573 0.006173 10.015625
0.000373 0.006135 10.015625
0.000172 0.006101 10.015625
-0.000029 0.006069 10.015625
-0.000231 0.006091 10.015625
-0.000431 0.006129 10.015625
-0.000629 0.006180 10.015625
-0.000828 0.006219 10.015625
-0.001010 0.006312 10.015625
-0.001188 0.006212 10.015625
-0.001391 0.006212 10.015625
-0.001586 0.006271 10.015625
-0.001789 0.006292 10.015625
-0.001989 0.006333 10.015625
-0.002188 0.006373 10.015625
-0.002389 0.006409 10.015625
-0.002582 0.006473 10.015625
-0.002782 0.006514 10.015625
-0.002977 0.006571 10.015625
-0.003178 0.006606 10.015625
-0.003375 0.006656 10.015625
-0.003573 0.006707 10.015625
-0.003769 0.006761 10.015625
-0.003961 0.006829 10.015625
-0.004137 0.006726 10.015625
-0.004209 0.006536 10.015625
-0.004270 0.006341 10.015625
-0.004338 0.006149 10.015625
-0.004397 0.005955 10.015625
-0.004463 0.005762 10.015625
-0.004516 0.005565 10.015625
-0.004589 0.005375 10.015625
-0.004628 0.005175 10.015625
-0.004703 0.004986 10.015625
-0.004731 0.004784 10.015625
-0.004806 0.004595 10.015625
-0.004849 0.004395 10.015625
-0.004919 0.004204 10.015625
-0.004950 0.004003 10.015625
-0.005027 0.003814 10.015625
-0.005081 0.003618 10.015625
-0.005155 0.003428 10.015625
-0.005221 0.003235 10.015625
-0.005285 0.003042 10.015625
-0.005404 0.002876 10.015625
-0.005529 0.002716 10.015625
-0.005666 0.002565 10.015625
-0.005782 0.002398 10.015625
-0.005931 0.002258 10.015625
-0.006059 0.002100 10.015625
-0.006209 0.001963 10.015625
-0.006330 0.001799 10.015625
-0.006488 0.001671 10.015625
-0.006617 0.001513 10.015625
-0.006769 0.001378 10.015625
-0.006898 0.001220 10.015625
-0.007045 0.001079 10.015625
-0.007176 0.000923 10.015625
-0.007321 0.000780 10.015625
-0.007454 0.000625 10.015625
-0.007596 0.000480 10.015625
-0.007741 0.000337 10.015625
-0.007887 0.000194 10.015625
-0.007926 -0.000006 10.015625
-0.007797 -0.000163 10.015625
-0.007671 -0.000323 10.015625
-0.007534 -0.000474 10.015625
-0.007401 -0.000628 10.015625
-0.007253 -0.000768 10.015625
-0.007116 -0.000919 10.015625
-0.006972 -0.001063 10.015625
-0.006848 -0.001224 10.015625
-0.006702 -0.001367 10.015625
-0.006570 -0.001521 10.015625
-0.006409 -0.001647 10.015625
-0.006278 -0.001802 10.015625
-0.006126 -0.001939 10.015625
-0.005993 -0.002093 10.015625
-0.005841 -0.002229 10.015625
-0.005731 -0.002399 10.015625
-0.005601 -0.002556 10.015625
-0.005496 -0.002731 10.015625
-0.005363 -0.002886 10.015625
-0.005275 -0.003069 10.015625
-0.005232 -0.003268 10.015625
-0.005144 -0.003452 10.015625
-0.005103 -0.003651 10.015625
-0.005017 -0.003836 10.015625
-0.004977 -0.004036 10.015625
-0.004909 -0.004228 10.015625
-0.004862 -0.004426 10.015625
-0.004787 -0.004615 10.015625
-0.004744 -0.004814 10.015625
-0.004678 -0.005007 10.015625
-0.004636 -0.005206 10.015625
-0.004565 -0.005397 10.015625
-0.004518 -0.005595 10.015625
-0.004444 -0.005785 10.015625
-0.004395 -0.005983 10.015625
-0.004327 -0.006175 10.015625
-0.004274 -0.006371 10.015625
-0.004218 -0.006567 10.015625
-0.004164 -0.006764 10.015625
-0.004002 -0.006887 10.015625
-0.003803 -0.006844 10.015625
-0.003603 -0.006802 10.015625
-0.003404 -0.006758 10.015625
-0.003205 -0.006717 10.015625
-0.003005 -0.006680 10.015625
-0.002809 -0.006621 10.015625
-0.002612 -0.006573 10.015625
-0.002417 -0.006514 10.015625
-0.002215 -0.006482 10.015625
-0.002016 -0.006440 10.015625
-0.001814 -0.006413 10.015625
-0.001618 -0.006358 10.015625
-0.001418 -0.006320 10.015625
-0.001220 -0.006272 10.015625
-0.001023 -0.006221 10.015625
-0.000825 -0.006172 10.015625
-0.000627 -0.006127 10.015625
-0.000424 -0.006107 10.015625
-0.000222 -0.006079 10.015625
-0.000021 -0.006109 10.015625
0.000174 -0.006167 10.015625
0.000377 -0.006187 10.015625
0.000573 -0.006245 10.015625
0.000774 -0.006275 10.015625
0.000971 -0.006326 10.015625
0.001166 -0.006384 10.015625
0.001365 -0.006428 10.015625
0.001563 -0.006476 10.015625
0.001763 -0.006516 10.015625
0.001957 -0.006578 10.015625
0.002157 -0.006614 10.015625
0.002353 -0.006673 10.015625
0.002553 -0.006709 10.015625
0.002751 -0.006757 10.015625
0.002950 -0.006800 10.015625
0.003149 -0.006844 10.015625
0.003348 -0.006887 10.015625
0.003545 -0.006937 10.015625
0.003744 -0.006981 10.015625
0.003928 -0.006894 10.015625
0.003982 -0.006697 10.015625
0.004041 -0.006502 10.015625
0.004100 -0.006307 10.015625
0.004154 -0.006111 10.015625
0.004225 -0.005920 10.015625
0.004273 -0.005722 10.015625
0.004338 -0.005529 10.015625
0.004372 -0.005328 10.015625
0.004449 -0.005140 10.015625
0.004490 -0.004940 10.015625
0.004574 -0.004754 10.015625
0.004634 -0.004560 10.015625
0.004711 -0.004371 10.015625
0.004768 -0.004176 10.015625
0.004826 -0.003980 10.015625
0.004910 -0.003795 10.015625
0.005050 -0.003647 10.015625
0.005103 -0.003450 10.015625
0.005170 -0.003258 10.015625
0.005258 -0.003074 10.015625
0.005395 -0.002924 10.015625
0.005525 -0.002767 10.015625
0.005657 -0.002611 10.015625
0.005796 -0.002463 10.015625
0.005921 -0.002302 10.015625
0.006077 -0.002171 10.015625
0.006210 -0.002017 10.015625
0.006360 -0.001879 10.015625
0.006485 -0.001718 10.015625
0.006645 -0.001593 10.015625
0.006771 -0.001432 10.015625
0.006926 -0.001300 10.015625
0.007053 -0.001141 10.015625
0.007200 -0.001000 10.015625
0.007331 -0.000844 10.015625
0.007472 -0.000697 10.015625
0.007604 -0.000542 10.015625
0.007746 -0.000396 10.015625
0.007880 -0.000242 10.015625
0.007894 -0.000039 10.015625

