0.005500 -0.000000 1.076389
0.005496 0.000139 1.076389
0.005482 0.000278 1.076389
0.005454 0.000415 1.076389
0.005408 0.000547 1.076389
0.005350 0.000673 1.076389
0.005289 0.000799 1.076389
0.005228 0.000924 1.076389
0.005164 0.001048 1.076389
0.005098 0.001171 1.076389
0.005030 0.001293 1.076389
0.004961 0.001414 1.076389
0.004891 0.001535 1.076389
0.004821 0.001656 1.076389
0.004751 0.001777 1.076389
0.004682 0.001897 1.076389
0.004612 0.002018 1.076389
0.004542 0.002139 1.076389
0.004472 0.002260 1.076389
0.004402 0.002380 1.076389
0.004332 0.002501 1.076389
0.004263 0.002622 1.076389
0.004193 0.002743 1.076389
0.004123 0.002864 1.076389
0.004054 0.002985 1.076389
0.003984 0.003106 1.076389
0.003914 0.003227 1.076389
0.003845 0.003347 1.076389
0.003775 0.003468 1.076389
0.003705 0.003589 1.076389
0.003635 0.003710 1.076389
0.003564 0.003829 1.076389
0.003490 0.003948 1.076389
0.003414 0.004065 1.076389
0.003336 0.004181 1.076389
0.003258 0.004296 1.076389
0.003177 0.004410 1.076389
0.003086 0.004516 1.076389
0.002982 0.004608 1.076389
0.002869 0.004690 1.076389
0.002750 0.004764 1.076389
0.002627 0.004830 1.076389
0.002500 0.004887 1.076389
0.002368 0.004931 1.076389
0.002231 0.004957 1.076389
0.002092 0.004970 1.076389
0.001953 0.004980 1.076389
0.001813 0.004990 1.076389
0.001674 0.004997 1.076389
0.001535 0.005001 1.076389
0.001395 0.005003 1.076389
0.001256 0.005004 1.076389
0.001116 0.005003 1.076389
0.000977 0.005003 1.076389
0.000837 0.005003 1.076389
0.000698 0.005003 1.076389
0.000558 0.005003 1.076389
0.000419 0.005003 1.076389
0.000279 0.005003 1.076389
0.000140 0.005003 1.076389
0.000000 0.005002 1.076389
-0.000140 0.005003 1.076389
-0.000279 0.005003 1.076389
-0.000419 0.005003 1.076389
-0.000558 0.005003 1.076389
-0.000698 0.005003 1.076389
-0.000837 0.005003 1.076389
-0.000977 0.005003 1.076389
-0.001116 0.005003 1.076389
-0.001256 0.005004 1.076389
-0.001395 0.005003 1.076389
-0.001535 0.005001 1.076389
-0.001674 0.004997 1.076389
-0.001813 0.004990 1.076389
-0.001953 0.004980 1.076389
-0.002092 0.004970 1.076389
-0.002231 0.004957 1.076389
-0.002368 0.004931 1.076389
-0.002500 0.004887 1.076389
-0.002627 0.004830 1.076389
-0.002750 0.004764 1.076389
-0.002869 0.004690 1.076389
-0.002982 0.004608 1.076389
-0.003086 0.004516 1.076389
-0.003177 0.004410 1.076389
-0.003258 0.004296 1.076389
-0.003336 0.004181 1.076389
-0.003414 0.004065 1.076389
-0.003490 0.003948 1.076389
-0.003564 0.003829 1.076389
-0.003635 0.003710 1.076389
-0.003705 0.003589 1.076389
-0.003775 0.003468 1.076389
-0.003845 0.003347 1.076389
-0.003914 0.003227 1.076389
-0.003984 0.003106 1.076389
-0.004054 0.002985 1.076389
-0.004123 0.002864 1.076389
-0.004193 0.002743 1.076389
-0.004263 0.002622 1.076389
-0.004332 0.002501 1.076389
-0.004402 0.002380 1.076389
-0.004472 0.002260 1.076389
-0.004542 0.002139 1.076389
-0.004612 0.002018 1.076389
-0.004682 0.001897 1.076389
-0.004751 0.001777 1.076389
-0.004821 0.001656 1.076389
-0.004891 0.001535 1.076389
-0.004961 0.001414 1.076389
-0.005030 0.001293 1.076389
-0.005098 0.001171 1.076389
-0.005164 0.001048 1.076389
-0.005228 0.000924 1.076389
-0.005289 0.000799 1.076389
-0.005350 0.000673 1.076389
-0.005408 0.000547 1.076389
-0.005454 0.000415 1.076389
-0.005482 0.000278 1.076389
-0.005496 0.000139 1.076389
-0.005500 -0.000000 1.076389
-0.005496 -0.000139 1.076389
-0.005482 -0.000278 1.076389
-0.005454 -0.000415 1.076389
-0.005408 -0.000547 1.076389
-0.005350 -0.000673 1.076389
-0.005289 -0.000799 1.076389
-0.005228 -0.000924 1.076389
-0.005164 -0.001048 1.076389
-0.005098 -0.001171 1.076389
-0.005030 -0.001293 1.076389
-0.004961 -0.001414 1.076389
-0.004891 -0.001535 1.076389
-0.004821 -0.001656 1.076389
-0.004751 -0.001777 1.076389
-0.004682 -0.001897 1.076389
-0.004612 -0.002018 1.076389
-0.004542 -0.002139 1.076389
-0.004472 -0.002260 1.076389
-0.004402 -0.002380 1.076389
-0.004332 -0.002501 1.076389
-0.004263 -0.002622 1.076389
-0.004193 -0.002743 1.076389
-0.004123 -0.002864 1.076389
-0.004054 -0.002985 1.076389
-0.003984 -0.003106 1.076389
-0.003914 -0.003227 1.076389
-0.003845 -0.003347 1.076389
-0.003775 -0.003468 1.076389
-0.003705 -0.003589 1.076389
-0.003635 -0.003710 1.076389
-0.003564 -0.003829 1.076389
-0.003490 -0.003948 1.076389
-0.003414 -0.004065 1.076389
-0.003336 -0.004181 1.076389
-0.003258 -0.004296 1.076389
-0.003177 -0.004410 1.076389
-0.003086 -0.004516 1.076389
-0.002982 -0.004608 1.076389
-0.002869 -0.004690 1.076389
-0.002750 -0.004764 1.076389
-0.002627 -0.004830 1.076389
-0.002500 -0.004887 1.076389
-0.002368 -0.004931 1.076389
-0.002231 -0.004957 1.076389
-0.002092 -0.004970 1.076389
-0.001953 -0.004980 1.076389
-0.001813 -0.004990 1.076389
-0.001674 -0.004997 1.076389
-0.001535 -0.005001 1.076389
-0.001395 -0.005003 1.076389
-0.001256 -0.005004 1.076389
-0.001116 -0.005003 1.076389
-0.000977 -0.005003 1.076389
-0.000837 -0.005003 1.076389
-0.000698 -0.005003 1.076389
-0.000558 -0.005003 1.076389
-0.000419 -0.005003 1.076389
-0.000279 -0.005003 1.076389
-0.000140 -0.005003 1.076389
-0.000000 -0.005002 1.076389
0.000140 -0.005003 1.076389
0.000279 -0.005003 1.076389
0.000419 -0.005003 1.076389
0.000558 -0.005003 1.076389
0.000698 -0.005003 1.076389
0.000837 -0.005003 1.076389
0.000977 -0.005003 1.076389
0.001116 -0.005003 1.076389
0.001256 -0.005004 1.076389
0.001395 -0.005003 1.076389
0.001535 -0.005001 1.076389
0.001674 -0.004997 1.076389
0.001813 -0.004990 1.076389
0.001953 -0.004980 1.076389
0.002092 -0.004970 1.076389
0.002231 -0.004957 1.076389
0.002368 -0.004931 1.076389
0.002500 -0.004887 1.076389
0.002627 -0.004830 1.076389
0.002750 -0.004764 1.076389
0.002869 -0.004690 1.076389
0.002982 -0.004608 1.076389
0.003086 -0.004516 1.076389
0.003177 -0.004410 1.076389
0.003258 -0.004296 1.076389
0.003336 -0.004181 1.076389
0.003414 -0.004065 1.076389
0.003490 -0.003948 1.076389
0.003564 -0.003829 1.076389
0.003635 -0.003710 1.076389
0.003705 -0.003589 1.076389
0.003775 -0.003468 1.076389
0.003845 -0.003347 1.076389
0.003914 -0.003227 1.076389
0.003984 -0.003106 1.076389
0.004054 -0.002985 1.076389
0.004123 -0.002864 1.076389
0.004193 -0.002743 1.076389
0.004263 -0.002622 1.076389
0.004332 -0.002501 1.076389
0.004402 -0.002380 1.076389
0.004472 -0.002260 1.076389
0.004542 -0.002139 1.076389
0.004612 -0.002018 1.076389
0.004682 -0.001897 1.076389
0.004751 -0.001777 1.076389
0.004821 -0.001656 1.076389
0.004891 -0.001535 1.076389
0.004961 -0.001414 1.076389
0.005030 -0.001293 1.076389
0.005098 -0.001171 1.076389
0.005164 -0.001048 1.076389
0.005228 -0.000924 1.076389
0.005289 -0.000799 1.076389
0.005350 -0.000673 1.076389
0.005408 -0.000547 1.076389
0.005454 -0.000415 1.076389
0.005482 -0.000278 1.076389
0.005496 -0.000139 1.076389
0.005500 -0.000000 1.076389

