0.008061 -0.000002 10.866319
0.007907 0.000139 10.866319
0.007753 0.000280 10.866319
0.007608 0.000431 10.866319
0.007454 0.000572 10.866319
0.007314 0.000727 10.866319
0.007166 0.000875 10.866319
0.007032 0.001035 10.866319
0.006873 0.001172 10.866319
0.006744 0.001336 10.866319
0.006581 0.001467 10.866319
0.006458 0.001635 10.866319
0.006313 0.001786 10.866319
0.006175 0.001943 10.866319
0.006025 0.002089 10.866319
0.005891 0.002249 10.866319
0.005759 0.002412 10.866319
0.005621 0.002569 10.866319
0.005509 0.002745 10.866319
0.005387 0.002915 10.866319
0.005309 0.003109 10.866319
0.005243 0.003307 10.866319
0.005153 0.003496 10.866319
0.005104 0.003699 10.866319
0.005030 0.003894 10.866319
0.004978 0.004097 10.866319
0.004911 0.004295 10.866319
0.004846 0.004494 10.866319
0.004807 0.004699 10.866319
0.004741 0.004897 10.866319
0.004688 0.005099 10.866319
0.004613 0.005295 10.866319
0.004563 0.005498 10.866319
0.004484 0.005691 10.866319
0.004437 0.005895 10.866319
0.004356 0.006087 10.866319
0.004300 0.006289 10.866319
0.004220 0.006482 10.866319
0.004149 0.006679 10.866319
0.004068 0.006871 10.866319
0.003899 0.006995 10.866319
0.003706 0.006915 10.866319
0.003507 0.006853 10.866319
0.003308 0.006788 10.866319
0.003106 0.006735 10.866319
0.002905 0.006675 10.866319
0.002701 0.006629 10.866319
0.002499 0.006577 10.866319
0.002297 0.006525 10.866319
0.002091 0.006490 10.866319
0.001889 0.006434 10.866319
0.001685 0.006387 10.866319
0.001479 0.006352 10.866319
0.001286 0.006430 10.866319
0.001141 0.006581 10.866319
0.000975 0.006453 10.866319
0.000779 0.006381 10.866319
0.000580 0.006316 10.866319
0.000380 0.006256 10.866319
0.000176 0.006210 10.866319
-0.000027 0.006162 10.866319
-0.000233 0.006200 10.866319
-0.000431 0.006267 10.866319
-0.000633 0.006320 10.866319
-0.000829 0.006392 10.866319
-0.000998 0.006515 10.866319
-0.001134 0.006356 10.866319
-0.001339 0.006312 10.866319
-0.001542 0.006357 10.866319
-0.001751 0.006376 10.866319
-0.001949 0.006443 10.866319
-0.002155 0.006479 10.866319
-0.002355 0.006539 10.866319
-0.002557 0.006594 10.866319
-0.002762 0.006630 10.866319
-0.002964 0.006685 10.866319
-0.003169 0.006725 10.866319
-0.003367 0.006793 10.866319
-0.003569 0.006848 10.866319
-0.003764 0.006922 10.866319
-0.003953 0.007012 10.866319
-0.004133 0.006907 10.866319
-0.004220 0.006717 10.866319
-0.004298 0.006523 10.866319
-0.004381 0.006331 10.866319
-0.004442 0.006132 10.866319
-0.004525 0.005940 10.866319
-0.004570 0.005735 10.866319
-0.004654 0.005544 10.866319
-0.004695 0.005339 10.866319
-0.004776 0.005146 10.866319
-0.004820 0.004942 10.866319
-0.004890 0.004745 10.866319
-0.004927 0.004539 10.866319
-0.005005 0.004345 10.866319
-0.005050 0.004141 10.866319
-0.005108 0.003940 10.866319
-0.005169 0.003740 10.866319
-0.005218 0.003537 10.866319
-0.005303 0.003346 10.866319
-0.005334 0.003139 10.866319
-0.005430 0.002954 10.866319
-0.005583 0.002811 10.866319
-0.005710 0.002645 10.866319
-0.005851 0.002490 10.866319
-0.006005 0.002349 10.866319
-0.006133 0.002184 10.866319
-0.006285 0.002040 10.866319
-0.006418 0.001879 10.866319
-0.006582 0.001749 10.866319
-0.006708 0.001583 10.866319
-0.006865 0.001444 10.866319
-0.006994 0.001280 10.866319
-0.007147 0.001138 10.866319
-0.007280 0.000976 10.866319
-0.007432 0.000833 10.866319
-0.007570 0.000676 10.866319
-0.007728 0.000539 10.866319
-0.007873 0.000388 10.866319
-0.008022 0.000242 10.866319
-0.008069 0.000038 10.866319
-0.007931 -0.000118 10.866319
-0.007806 -0.000286 10.866319
-0.007670 -0.000445 10.866319
-0.007547 -0.000614 10.866319
-0.007408 -0.000769 10.866319
-0.007277 -0.000932 10.866319
-0.007119 -0.001070 10.866319
-0.006984 -0.001230 10.866319
-0.006833 -0.001374 10.866319
-0.006710 -0.001543 10.866319
-0.006558 -0.001686 10.866319
-0.006419 -0.001842 10.866319
-0.006259 -0.001977 10.866319
-0.006128 -0.002140 10.866319
-0.005964 -0.002269 10.866319
-0.005828 -0.002428 10.866319
-0.005677 -0.002573 10.866319
-0.005549 -0.002738 10.866319
-0.005434 -0.002913 10.866319
-0.005376 -0.003114 10.866319
-0.005316 -0.003314 10.866319
-0.005232 -0.003505 10.866319
-0.005193 -0.003711 10.866319
-0.005111 -0.003903 10.866319
-0.005085 -0.004110 10.866319
-0.005003 -0.004303 10.866319
-0.004957 -0.004507 10.866319
-0.004887 -0.004704 10.866319
-0.004848 -0.004909 10.866319
-0.004775 -0.005105 10.866319
-0.004725 -0.005308 10.866319
-0.004649 -0.005503 10.866319
-0.004599 -0.005706 10.866319
-0.004526 -0.005902 10.866319
-0.004482 -0.006106 10.866319
-0.004411 -0.006303 10.866319
-0.004369 -0.006507 10.866319
-0.004302 -0.006705 10.866319
-0.004247 -0.006907 10.866319
-0.004077 -0.007028 10.866319
-0.003874 -0.006975 10.866319
-0.003671 -0.006927 10.866319
-0.003466 -0.006888 10.866319
-0.003264 -0.006834 10.866319
-0.003058 -0.006799 10.866319
-0.002853 -0.006754 10.866319
-0.002648 -0.006718 10.866319
-0.002449 -0.006653 10.866319
-0.002245 -0.006608 10.866319
-0.002045 -0.006545 10.866319
-0.001839 -0.006512 10.866319
-0.001633 -0.006475 10.866319
-0.001428 -0.006434 10.866319
-0.001223 -0.006394 10.866319
-0.001019 -0.006347 10.866319
-0.000815 -0.006304 10.866319
-0.000614 -0.006247 10.866319
-0.000415 -0.006182 10.866319
-0.000206 -0.006169 10.866319
-0.000008 -0.006235 10.866319
0.000199 -0.006266 10.866319
0.000404 -0.006306 10.866319
0.000603 -0.006370 10.866319
0.000809 -0.006403 10.866319
0.001005 -0.006478 10.866319
0.001211 -0.006513 10.866319
0.001414 -0.006562 10.866319
0.001616 -0.006614 10.866319
0.001820 -0.006662 10.866319
0.002023 -0.006713 10.866319
0.002228 -0.006751 10.866319
0.002430 -0.006806 10.866319
0.002636 -0.006838 10.866319
0.002837 -0.006896 10.866319
0.003043 -0.006933 10.866319
0.003245 -0.006985 10.866319
0.003450 -0.007028 10.866319
0.003655 -0.007069 10.866319
0.003861 -0.007104 10.866319
0.004048 -0.007011 10.866319
0.004092 -0.006806 10.866319
0.004136 -0.006602 10.866319
0.004202 -0.006403 10.866319
0.004246 -0.006199 10.866319
0.004318 -0.006003 10.866319
0.004366 -0.005799 10.866319
0.004447 -0.005606 10.866319
0.004479 -0.005400 10.866319
0.004552 -0.005204 10.866319
0.004595 -0.005000 10.866319
0.004661 -0.004801 10.866319
0.004724 -0.004602 10.866319
0.004790 -0.004404 10.866319
0.004879 -0.004214 10.866319
0.004914 -0.004008 10.866319
0.005013 -0.003824 10.866319
0.005192 -0.003716 10.866319
0.005238 -0.003512 10.866319
0.005254 -0.003304 10.866319
0.005340 -0.003113 10.866319
0.005494 -0.002973 10.866319
0.005620 -0.002805 10.866319
0.005769 -0.002659 10.866319
0.005908 -0.002503 10.866319
0.006056 -0.002355 10.866319
0.006208 -0.002212 10.866319
0.006339 -0.002049 10.866319
0.006494 -0.001908 10.866319
0.006630 -0.001750 10.866319
0.006786 -0.001611 10.866319
0.006913 -0.001445 10.866319
0.007071 -0.001308 10.866319
0.007196 -0.001140 10.866319
0.007351 -0.001001 10.866319
0.007478 -0.000835 10.866319
0.007628 -0.000689 10.866319
0.007760 -0.000527 10.866319
0.007902 -0.000374 10.866319
0.008032 -0.000209 10.866319
0.008061 -0.000002 10.866319

