0.006884 -0.000001 5.522569
0.006820 0.000161 5.522569
0.006717 0.000301 5.522569
0.006608 0.000437 5.522569
0.006502 0.000575 5.522569
0.006390 0.000709 5.522569
0.006284 0.000847 5.522569
0.006178 0.000985 5.522569
0.006068 0.001120 5.522569
0.005958 0.001254 5.522569
0.005847 0.001388 5.522569
0.005743 0.001529 5.522569
0.005635 0.001665 5.522569
0.005523 0.001798 5.522569
0.005413 0.001933 5.522569
0.005303 0.002068 5.522569
0.005200 0.002209 5.522569
0.005094 0.002347 5.522569
0.004979 0.002477 5.522569
0.004868 0.002611 5.522569
0.004761 0.002749 5.522569
0.004696 0.002910 5.522569
0.004635 0.003073 5.522569
0.004579 0.003238 5.522569
0.004513 0.003399 5.522569
0.004443 0.003559 5.522569
0.004380 0.003721 5.522569
0.004319 0.003884 5.522569
0.004260 0.004048 5.522569
0.004196 0.004210 5.522569
0.004126 0.004369 5.522569
0.004065 0.004532 5.522569
0.004004 0.004695 5.522569
0.003942 0.004858 5.522569
0.003876 0.005019 5.522569
0.003809 0.005180 5.522569
0.003750 0.005344 5.522569
0.003684 0.005505 5.522569
0.003621 0.005667 5.522569
0.003553 0.005827 5.522569
0.003442 0.005962 5.522569
0.003270 0.005989 5.522569
0.003097 0.005968 5.522569
0.002925 0.005942 5.522569
0.002753 0.005919 5.522569
0.002581 0.005889 5.522569
0.002409 0.005866 5.522569
0.002236 0.005842 5.522569
0.002064 0.005815 5.522569
0.001892 0.005787 5.522569
0.001721 0.005757 5.522569
0.001548 0.005738 5.522569
0.001376 0.005713 5.522569
0.001204 0.005682 5.522569
0.001032 0.005654 5.522569
0.000860 0.005627 5.522569
0.000687 0.005608 5.522569
0.000515 0.005585 5.522569
0.000344 0.005550 5.522569
0.000172 0.005521 5.522569
-0.000000 0.005497 5.522569
-0.000172 0.005521 5.522569
-0.000344 0.005550 5.522569
-0.000515 0.005585 5.522569
-0.000687 0.005608 5.522569
-0.000860 0.005627 5.522569
-0.001032 0.005654 5.522569
-0.001204 0.005682 5.522569
-0.001376 0.005713 5.522569
-0.001548 0.005738 5.522569
-0.001721 0.005757 5.522569
-0.001893 0.005787 5.522569
-0.002064 0.005815 5.522569
-0.002236 0.005842 5.522569
-0.002409 0.005866 5.522569
-0.002581 0.005889 5.522569
-0.002753 0.005919 5.522569
-0.002925 0.005942 5.522569
-0.003098 0.005967 5.522569
-0.003271 0.005987 5.522569
-0.003443 0.005961 5.522569
-0.003555 0.005828 5.522569
-0.003622 0.005667 5.522569
-0.003685 0.005505 5.522569
-0.003750 0.005344 5.522569
-0.003810 0.005180 5.522569
-0.003876 0.005019 5.522569
-0.003942 0.004858 5.522569
-0.004004 0.004695 5.522569
-0.004065 0.004532 5.522569
-0.004126 0.004369 5.522569
-0.004196 0.004210 5.522569
-0.004260 0.004048 5.522569
-0.004319 0.003884 5.522569
-0.004380 0.003721 5.522569
-0.004443 0.003559 5.522569
-0.004513 0.003399 5.522569
-0.004579 0.003238 5.522569
-0.004635 0.003073 5.522569
-0.004696 0.002910 5.522569
-0.004761 0.002749 5.522569
-0.004868 0.002611 5.522569
-0.004979 0.002477 5.522569
-0.005094 0.002347 5.522569
-0.005200 0.002209 5.522569
-0.005303 0.002068 5.522569
-0.005413 0.001933 5.522569
-0.005523 0.001798 5.522569
-0.005635 0.001665 5.522569
-0.005743 0.001529 5.522569
-0.005847 0.001388 5.522569
-0.005958 0.001254 5.522569
-0.006068 0.001120 5.522569
-0.006178 0.000985 5.522569
-0.006285 0.000847 5.522569
-0.006391 0.000709 5.522569
-0.006503 0.000576 5.522569
-0.006609 0.000438 5.522569
-0.006718 0.000302 5.522569
-0.006823 0.000163 5.522569
-0.006884 0.000000 5.522569
-0.006822 -0.000162 5.522569
-0.006717 -0.000302 5.522569
-0.006609 -0.000438 5.522569
-0.006502 -0.000576 5.522569
-0.006391 -0.000709 5.522569
-0.006285 -0.000847 5.522569
-0.006178 -0.000985 5.522569
-0.006068 -0.001120 5.522569
-0.005958 -0.001255 5.522569
-0.005846 -0.001388 5.522569
-0.005743 -0.001529 5.522569
-0.005635 -0.001665 5.522569
-0.005523 -0.001798 5.522569
-0.005413 -0.001933 5.522569
-0.005303 -0.002068 5.522569
-0.005200 -0.002209 5.522569
-0.005094 -0.002347 5.522569
-0.004979 -0.002477 5.522569
-0.004868 -0.002611 5.522569
-0.004761 -0.002749 5.522569
-0.004696 -0.002910 5.522569
-0.004635 -0.003073 5.522569
-0.004579 -0.003238 5.522569
-0.004513 -0.003399 5.522569
-0.004443 -0.003559 5.522569
-0.004380 -0.003721 5.522569
-0.004319 -0.003884 5.522569
-0.004260 -0.004048 5.522569
-0.004196 -0.004210 5.522569
-0.004126 -0.004369 5.522569
-0.004065 -0.004532 5.522569
-0.004004 -0.004695 5.522569
-0.003942 -0.004858 5.522569
-0.003876 -0.005019 5.522569
-0.003810 -0.005180 5.522569
-0.003751 -0.005344 5.522569
-0.003685 -0.005505 5.522569
-0.003622 -0.005668 5.522569
-0.003556 -0.005829 5.522569
-0.003443 -0.005961 5.522569
-0.003271 -0.005986 5.522569
-0.003098 -0.005966 5.522569
-0.002925 -0.005941 5.522569
-0.002753 -0.005918 5.522569
-0.002581 -0.005888 5.522569
-0.002409 -0.005866 5.522569
-0.002236 -0.005842 5.522569
-0.002064 -0.005815 5.522569
-0.001892 -0.005787 5.522569
-0.001721 -0.005757 5.522569
-0.001548 -0.005738 5.522569
-0.001376 -0.005713 5.522569
-0.001204 -0.005682 5.522569
-0.001032 -0.005654 5.522569
-0.000860 -0.005627 5.522569
-0.000687 -0.005608 5.522569
-0.000515 -0.005585 5.522569
-0.000344 -0.005550 5.522569
-0.000172 -0.005521 5.522569
0.000000 -0.005497 5.522569
0.000172 -0.005522 5.522569
0.000344 -0.005550 5.522569
0.000515 -0.005585 5.522569
0.000687 -0.005608 5.522569
0.000860 -0.005627 5.522569
0.001032 -0.005654 5.522569
0.001204 -0.005682 5.522569
0.001376 -0.005713 5.522569
0.001548 -0.005738 5.522569
0.001721 -0.005757 5.522569
0.001892 -0.005787 5.522569
0.002064 -0.005815 5.522569
0.002236 -0.005843 5.522569
0.002409 -0.005867 5.522569
0.002581 -0.005889 5.522569
0.002753 -0.005920 5.522569
0.002925 -0.005944 5.522569
0.003097 -0.005971 5.522569
0.003270 -0.005994 5.522569
0.003441 -0.005962 5.522569
0.003548 -0.005825 5.522569
0.003618 -0.005666 5.522569
0.003682 -0.005504 5.522569
0.003749 -0.005343 5.522569
0.003809 -0.005180 5.522569
0.003876 -0.005019 5.522569
0.003941 -0.004858 5.522569
0.004004 -0.004695 5.522569
0.004065 -0.004532 5.522569
0.004126 -0.004369 5.522569
0.004196 -0.004210 5.522569
0.004260 -0.004048 5.522569
0.004319 -0.003884 5.522569
0.004380 -0.003721 5.522569
0.004443 -0.003559 5.522569
0.004513 -0.003399 5.522569
0.004579 -0.003238 5.522569
0.004635 -0.003073 5.522569
0.004696 -0.002910 5.522569
0.004761 -0.002749 5.522569
0.004868 -0.002611 5.522569
0.004979 -0.002477 5.522569
0.005094 -0.002347 5.522569
0.005200 -0.002209 5.522569
0.005303 -0.002068 5.522569
0.005413 -0.001933 5.522569
0.005523 -0.001798 5.522569
0.005635 -0.001665 5.522569
0.005743 -0.001529 5.522569
0.005847 -0.001388 5.522569
0.005958 -0.001254 5.522569
0.006068 -0.001120 5.522569
0.006178 -0.000985 5.522569
0.006285 -0.000847 5.522569
0.006391 -0.000709 5.522569
0.006503 -0.000576 5.522569
0.006610 -0.000438 5.522569
0.006719 -0.000303 5.522569
0.006825 -0.000164 5.522569
0.006884 -0.000001 5.522569

