0.007581 -0.000081 8.506944
0.007447 0.000059 8.506944
0.007314 0.000200 8.506944
0.007182 0.000342 8.506944
0.007047 0.000481 8.506944
0.006917 0.000625 8.506944
0.006792 0.000773 8.506944
0.006665 0.000919 8.506944
0.006533 0.001061 8.506944
0.006408 0.001209 8.506944
0.006280 0.001355 8.506944
0.006166 0.001511 8.506944
0.006050 0.001667 8.506944
0.005963 0.001840 8.506944
0.005844 0.001993 8.506944
0.005748 0.002161 8.506944
0.005622 0.002308 8.506944
0.005519 0.002473 8.506944
0.005399 0.002625 8.506944
0.005293 0.002787 8.506944
0.005164 0.002932 8.506944
0.005083 0.003108 8.506944
0.005022 0.003292 8.506944
0.004934 0.003465 8.506944
0.004867 0.003646 8.506944
0.004785 0.003822 8.506944
0.004722 0.004006 8.506944
0.004627 0.004174 8.506944
0.004568 0.004359 8.506944
0.004491 0.004537 8.506944
0.004430 0.004721 8.506944
0.004361 0.004902 8.506944
0.004305 0.005087 8.506944
0.004247 0.005272 8.506944
0.004200 0.005460 8.506944
0.004146 0.005646 8.506944
0.004091 0.005832 8.506944
0.004038 0.006019 8.506944
0.003979 0.006203 8.506944
0.003921 0.006388 8.506944
0.003770 0.006510 8.506944
0.003582 0.006461 8.506944
0.003394 0.006417 8.506944
0.003204 0.006377 8.506944
0.003016 0.006331 8.506944
0.002827 0.006287 8.506944
0.002638 0.006245 8.506944
0.002450 0.006197 8.506944
0.002259 0.006162 8.506944
0.002068 0.006133 8.506944
0.001874 0.006121 8.506944
0.001681 0.006102 8.506944
0.001488 0.006095 8.506944
0.001295 0.006073 8.506944
0.001102 0.006085 8.506944
0.000912 0.006046 8.506944
0.000719 0.006033 8.506944
0.000528 0.006001 8.506944
0.000334 0.005993 8.506944
0.000144 0.005952 8.506944
-0.000049 0.005938 8.506944
-0.000238 0.005978 8.506944
-0.000432 0.005988 8.506944
-0.000624 0.006017 8.506944
-0.000817 0.006021 8.506944
-0.001007 0.006059 8.506944
-0.001201 0.006053 8.506944
-0.001394 0.006072 8.506944
-0.001588 0.006078 8.506944
-0.001778 0.006114 8.506944
-0.001971 0.006136 8.506944
-0.002160 0.006176 8.506944
-0.002352 0.006206 8.506944
-0.002542 0.006240 8.506944
-0.002734 0.006270 8.506944
-0.002926 0.006300 8.506944
-0.003115 0.006343 8.506944
-0.003302 0.006393 8.506944
-0.003490 0.006437 8.506944
-0.003679 0.006483 8.506944
-0.003868 0.006526 8.506944
-0.004017 0.006402 8.506944
-0.004075 0.006218 8.506944
-0.004131 0.006032 8.506944
-0.004183 0.005846 8.506944
-0.004240 0.005660 8.506944
-0.004293 0.005474 8.506944
-0.004340 0.005286 8.506944
-0.004397 0.005100 8.506944
-0.004450 0.004914 8.506944
-0.004509 0.004729 8.506944
-0.004559 0.004542 8.506944
-0.004625 0.004360 8.506944
-0.004672 0.004172 8.506944
-0.004759 0.003999 8.506944
-0.004807 0.003811 8.506944
-0.004889 0.003635 8.506944
-0.004947 0.003450 8.506944
-0.005037 0.003278 8.506944
-0.005091 0.003092 8.506944
-0.005177 0.002919 8.506944
-0.005310 0.002778 8.506944
-0.005416 0.002616 8.506944
-0.005543 0.002470 8.506944
-0.005647 0.002306 8.506944
-0.005784 0.002169 8.506944
-0.005885 0.002004 8.506944
-0.006014 0.001859 8.506944
-0.006132 0.001705 8.506944
-0.006268 0.001567 8.506944
-0.006388 0.001415 8.506944
-0.006523 0.001275 8.506944
-0.006651 0.001130 8.506944
-0.006786 0.000991 8.506944
-0.006922 0.000853 8.506944
-0.007053 0.000710 8.506944
-0.007186 0.000569 8.506944
-0.007321 0.000430 8.506944
-0.007451 0.000286 8.506944
-0.007583 0.000144 8.506944
-0.007614 -0.000047 8.506944
-0.007476 -0.000184 8.506944
-0.007341 -0.000323 8.506944
-0.007213 -0.000468 8.506944
-0.007084 -0.000614 8.506944
-0.006955 -0.000757 8.506944
-0.006819 -0.000896 8.506944
-0.006674 -0.001025 8.506944
-0.006539 -0.001164 8.506944
-0.006401 -0.001300 8.506944
-0.006279 -0.001450 8.506944
-0.006149 -0.001594 8.506944
-0.006038 -0.001753 8.506944
-0.005918 -0.001905 8.506944
-0.005828 -0.002077 8.506944
-0.005704 -0.002226 8.506944
-0.005593 -0.002384 8.506944
-0.005471 -0.002535 8.506944
-0.005368 -0.002699 8.506944
-0.005239 -0.002844 8.506944
-0.005131 -0.003005 8.506944
-0.005076 -0.003190 8.506944
-0.004992 -0.003365 8.506944
-0.004928 -0.003548 8.506944
-0.004849 -0.003725 8.506944
-0.004799 -0.003913 8.506944
-0.004720 -0.004089 8.506944
-0.004662 -0.004275 8.506944
-0.004592 -0.004455 8.506944
-0.004550 -0.004644 8.506944
-0.004480 -0.004825 8.506944
-0.004431 -0.005013 8.506944
-0.004367 -0.005196 8.506944
-0.004316 -0.005383 8.506944
-0.004265 -0.005570 8.506944
-0.004211 -0.005756 8.506944
-0.004155 -0.005941 8.506944
-0.004102 -0.006128 8.506944
-0.004042 -0.006312 8.506944
-0.003984 -0.006497 8.506944
-0.003836 -0.006622 8.506944
-0.003647 -0.006577 8.506944
-0.003460 -0.006528 8.506944
-0.003272 -0.006479 8.506944
-0.003085 -0.006431 8.506944
-0.002894 -0.006396 8.506944
-0.002702 -0.006369 8.506944
-0.002512 -0.006330 8.506944
-0.002324 -0.006284 8.506944
-0.002135 -0.006239 8.506944
-0.001948 -0.006188 8.506944
-0.001758 -0.006152 8.506944
-0.001570 -0.006106 8.506944
-0.001377 -0.006080 8.506944
-0.001185 -0.006054 8.506944
-0.000992 -0.006054 8.506944
-0.000800 -0.006024 8.506944
-0.000607 -0.006012 8.506944
-0.000414 -0.005991 8.506944
-0.000221 -0.005976 8.506944
-0.000029 -0.005947 8.506944
0.000163 -0.005973 8.506944
0.000354 -0.006007 8.506944
0.000547 -0.006025 8.506944
0.000737 -0.006063 8.506944
0.000928 -0.006093 8.506944
0.001117 -0.006136 8.506944
0.001310 -0.006157 8.506944
0.001497 -0.006209 8.506944
0.001686 -0.006249 8.506944
0.001874 -0.006297 8.506944
0.002063 -0.006342 8.506944
0.002251 -0.006387 8.506944
0.002440 -0.006430 8.506944
0.002627 -0.006480 8.506944
0.002816 -0.006526 8.506944
0.003004 -0.006569 8.506944
0.003192 -0.006617 8.506944
0.003381 -0.006660 8.506944
0.003571 -0.006701 8.506944
0.003752 -0.006633 8.506944
0.003807 -0.006447 8.506944
0.003862 -0.006261 8.506944
0.003917 -0.006076 8.506944
0.003966 -0.005888 8.506944
0.004021 -0.005702 8.506944
0.004087 -0.005520 8.506944
0.004157 -0.005339 8.506944
0.004220 -0.005156 8.506944
0.004289 -0.004975 8.506944
0.004346 -0.004790 8.506944
0.004417 -0.004609 8.506944
0.004473 -0.004424 8.506944
0.004572 -0.004258 8.506944
0.004642 -0.004077 8.506944
0.004738 -0.003908 8.506944
0.004804 -0.003726 8.506944
0.004906 -0.003562 8.506944
0.004969 -0.003378 8.506944
0.005057 -0.003205 8.506944
0.005115 -0.003020 8.506944
0.005224 -0.002860 8.506944
0.005357 -0.002720 8.506944
0.005463 -0.002557 8.506944
0.005592 -0.002413 8.506944
0.005703 -0.002254 8.506944
0.005843 -0.002120 8.506944
0.005947 -0.001957 8.506944
0.006088 -0.001823 8.506944
0.006211 -0.001673 8.506944
0.006351 -0.001540 8.506944
0.006479 -0.001394 8.506944
0.006616 -0.001256 8.506944
0.006746 -0.001113 8.506944
0.006884 -0.000977 8.506944
0.007018 -0.000837 8.506944
0.007150 -0.000695 8.506944
0.007286 -0.000557 8.506944
0.007419 -0.000416 8.506944
0.007549 -0.000273 8.506944
0.007581 -0.000081 8.506944

