0.007398 -0.000081 7.788194
0.007268 0.000055 7.788194
0.007141 0.000195 7.788194
0.007015 0.000336 7.788194
0.006894 0.000480 7.788194
0.006772 0.000624 7.788194
0.006644 0.000763 7.788194
0.006525 0.000909 7.788194
0.006413 0.001061 7.788194
0.006305 0.001215 7.788194
0.006200 0.001372 7.788194
0.006099 0.001531 7.788194
0.005995 0.001688 7.788194
0.005898 0.001850 7.788194
0.005779 0.001996 7.788194
0.005673 0.002152 7.788194
0.005555 0.002299 7.788194
0.005452 0.002458 7.788194
0.005322 0.002593 7.788194
0.005214 0.002749 7.788194
0.005089 0.002890 7.788194
0.005008 0.003060 7.788194
0.004949 0.003239 7.788194
0.004872 0.003411 7.788194
0.004816 0.003591 7.788194
0.004726 0.003757 7.788194
0.004665 0.003935 7.788194
0.004591 0.004109 7.788194
0.004519 0.004283 7.788194
0.004439 0.004454 7.788194
0.004366 0.004628 7.788194
0.004293 0.004802 7.788194
0.004226 0.004978 7.788194
0.004158 0.005154 7.788194
0.004093 0.005331 7.788194
0.004041 0.005512 7.788194
0.003988 0.005693 7.788194
0.003936 0.005874 7.788194
0.003887 0.006056 7.788194
0.003833 0.006237 7.788194
0.003683 0.006352 7.788194
0.003499 0.006310 7.788194
0.003315 0.006270 7.788194
0.003132 0.006224 7.788194
0.002948 0.006183 7.788194
0.002762 0.006149 7.788194
0.002575 0.006122 7.788194
0.002387 0.006110 7.788194
0.002199 0.006101 7.788194
0.002011 0.006087 7.788194
0.001823 0.006075 7.788194
0.001635 0.006058 7.788194
0.001447 0.006047 7.788194
0.001259 0.006026 7.788194
0.001072 0.006004 7.788194
0.000886 0.005970 7.788194
0.000698 0.005966 7.788194
0.000514 0.005922 7.788194
0.000327 0.005905 7.788194
0.000142 0.005865 7.788194
-0.000046 0.005852 7.788194
-0.000230 0.005891 7.788194
-0.000418 0.005905 7.788194
-0.000601 0.005952 7.788194
-0.000789 0.005960 7.788194
-0.000976 0.005989 7.788194
-0.001164 0.006003 7.788194
-0.001350 0.006032 7.788194
-0.001539 0.006036 7.788194
-0.001727 0.006049 7.788194
-0.001915 0.006059 7.788194
-0.002103 0.006076 7.788194
-0.002290 0.006099 7.788194
-0.002477 0.006125 7.788194
-0.002663 0.006157 7.788194
-0.002848 0.006194 7.788194
-0.003035 0.006220 7.788194
-0.003221 0.006246 7.788194
-0.003407 0.006281 7.788194
-0.003591 0.006322 7.788194
-0.003774 0.006369 7.788194
-0.003924 0.006255 7.788194
-0.003977 0.006074 7.788194
-0.004026 0.005891 7.788194
-0.004079 0.005710 7.788194
-0.004129 0.005529 7.788194
-0.004178 0.005347 7.788194
-0.004235 0.005167 7.788194
-0.004291 0.004987 7.788194
-0.004344 0.004806 7.788194
-0.004406 0.004628 7.788194
-0.004469 0.004450 7.788194
-0.004541 0.004276 7.788194
-0.004609 0.004100 7.788194
-0.004678 0.003924 7.788194
-0.004738 0.003745 7.788194
-0.004827 0.003579 7.788194
-0.004878 0.003397 7.788194
-0.004959 0.003227 7.788194
-0.005013 0.003046 7.788194
-0.005097 0.002878 7.788194
-0.005227 0.002741 7.788194
-0.005331 0.002583 7.788194
-0.005465 0.002451 7.788194
-0.005566 0.002292 7.788194
-0.005687 0.002147 7.788194
-0.005798 0.001994 7.788194
-0.005921 0.001851 7.788194
-0.006027 0.001696 7.788194
-0.006143 0.001547 7.788194
-0.006260 0.001399 7.788194
-0.006381 0.001254 7.788194
-0.006505 0.001112 7.788194
-0.006627 0.000968 7.788194
-0.006752 0.000827 7.788194
-0.006884 0.000693 7.788194
-0.007013 0.000555 7.788194
-0.007142 0.000417 7.788194
-0.007274 0.000283 7.788194
-0.007403 0.000145 7.788194
-0.007427 -0.000042 7.788194
-0.007300 -0.000182 7.788194
-0.007177 -0.000325 7.788194
-0.007045 -0.000460 7.788194
-0.006910 -0.000592 7.788194
-0.006774 -0.000722 7.788194
-0.006639 -0.000853 7.788194
-0.006515 -0.000996 7.788194
-0.006399 -0.001145 7.788194
-0.006285 -0.001295 7.788194
-0.006178 -0.001450 7.788194
-0.006069 -0.001604 7.788194
-0.005968 -0.001763 7.788194
-0.005854 -0.001914 7.788194
-0.005746 -0.002068 7.788194
-0.005621 -0.002209 7.788194
-0.005524 -0.002371 7.788194
-0.005397 -0.002510 7.788194
-0.005285 -0.002662 7.788194
-0.005161 -0.002804 7.788194
-0.005053 -0.002959 7.788194
-0.004993 -0.003138 7.788194
-0.004915 -0.003310 7.788194
-0.004863 -0.003491 7.788194
-0.004780 -0.003660 7.788194
-0.004717 -0.003838 7.788194
-0.004640 -0.004010 7.788194
-0.004588 -0.004191 7.788194
-0.004510 -0.004363 7.788194
-0.004449 -0.004542 7.788194
-0.004384 -0.004719 7.788194
-0.004327 -0.004899 7.788194
-0.004272 -0.005079 7.788194
-0.004213 -0.005258 7.788194
-0.004154 -0.005437 7.788194
-0.004103 -0.005619 7.788194
-0.004050 -0.005800 7.788194
-0.003998 -0.005981 7.788194
-0.003949 -0.006163 7.788194
-0.003894 -0.006344 7.788194
-0.003743 -0.006456 7.788194
-0.003560 -0.006408 7.788194
-0.003375 -0.006371 7.788194
-0.003189 -0.006340 7.788194
-0.003003 -0.006310 7.788194
-0.002819 -0.006269 7.788194
-0.002638 -0.006216 7.788194
-0.002455 -0.006171 7.788194
-0.002270 -0.006131 7.788194
-0.002086 -0.006094 7.788194
-0.001899 -0.006067 7.788194
-0.001711 -0.006049 7.788194
-0.001523 -0.006035 7.788194
-0.001335 -0.006028 7.788194
-0.001148 -0.006004 7.788194
-0.000960 -0.005985 7.788194
-0.000773 -0.005962 7.788194
-0.000585 -0.005950 7.788194
-0.000400 -0.005909 7.788194
-0.000213 -0.005890 7.788194
-0.000027 -0.005856 7.788194
0.000160 -0.005876 7.788194
0.000345 -0.005913 7.788194
0.000532 -0.005936 7.788194
0.000717 -0.005973 7.788194
0.000906 -0.005985 7.788194
0.001090 -0.006022 7.788194
0.001276 -0.006054 7.788194
0.001463 -0.006083 7.788194
0.001649 -0.006113 7.788194
0.001834 -0.006149 7.788194
0.002018 -0.006189 7.788194
0.002201 -0.006235 7.788194
0.002385 -0.006278 7.788194
0.002569 -0.006319 7.788194
0.002752 -0.006366 7.788194
0.002935 -0.006411 7.788194
0.003118 -0.006455 7.788194
0.003300 -0.006503 7.788194
0.003484 -0.006546 7.788194
0.003658 -0.006473 7.788194
0.003708 -0.006291 7.788194
0.003763 -0.006111 7.788194
0.003821 -0.005931 7.788194
0.003889 -0.005755 7.788194
0.003959 -0.005580 7.788194
0.004018 -0.005401 7.788194
0.004080 -0.005223 7.788194
0.004144 -0.005046 7.788194
0.004211 -0.004869 7.788194
0.004285 -0.004696 7.788194
0.004368 -0.004526 7.788194
0.004449 -0.004356 7.788194
0.004543 -0.004193 7.788194
0.004610 -0.004016 7.788194
0.004695 -0.003848 7.788194
0.004762 -0.003672 7.788194
0.004852 -0.003506 7.788194
0.004900 -0.003324 7.788194
0.004985 -0.003155 7.788194
0.005040 -0.002975 7.788194
0.005144 -0.002818 7.788194
0.005273 -0.002680 7.788194
0.005379 -0.002524 7.788194
0.005513 -0.002391 7.788194
0.005610 -0.002230 7.788194
0.005737 -0.002091 7.788194
0.005851 -0.001940 7.788194
0.005973 -0.001796 7.788194
0.006086 -0.001645 7.788194
0.006209 -0.001502 7.788194
0.006332 -0.001359 7.788194
0.006462 -0.001223 7.788194
0.006590 -0.001085 7.788194
0.006717 -0.000945 7.788194
0.006850 -0.000811 7.788194
0.006981 -0.000676 7.788194
0.007110 -0.000538 7.788194
0.007243 -0.000404 7.788194
0.007373 -0.000268 7.788194
0.007398 -0.000081 7.788194

