0.007042 -0.000041 6.420139
0.006935 0.000102 6.420139
0.006839 0.000252 6.420139
0.006749 0.000406 6.420139
0.006650 0.000554 6.420139
0.006551 0.000702 6.420139
0.006448 0.000847 6.420139
0.006344 0.000992 6.420139
0.006236 0.001134 6.420139
0.006123 0.001271 6.420139
0.006016 0.001414 6.420139
0.005908 0.001556 6.420139
0.005796 0.001695 6.420139
0.005684 0.001833 6.420139
0.005570 0.001970 6.420139
0.005462 0.002111 6.420139
0.005356 0.002255 6.420139
0.005241 0.002391 6.420139
0.005125 0.002525 6.420139
0.005017 0.002668 6.420139
0.004905 0.002806 6.420139
0.004833 0.002969 6.420139
0.004767 0.003134 6.420139
0.004705 0.003302 6.420139
0.004647 0.003470 6.420139
0.004577 0.003633 6.420139
0.004507 0.003798 6.420139
0.004445 0.003965 6.420139
0.004382 0.004131 6.420139
0.004318 0.004298 6.420139
0.004250 0.004462 6.420139
0.004180 0.004626 6.420139
0.004119 0.004793 6.420139
0.004052 0.004959 6.420139
0.003982 0.005122 6.420139
0.003912 0.005286 6.420139
0.003841 0.005449 6.420139
0.003773 0.005614 6.420139
0.003700 0.005777 6.420139
0.003630 0.005941 6.420139
0.003518 0.006079 6.420139
0.003340 0.006089 6.420139
0.003162 0.006078 6.420139
0.002984 0.006066 6.420139
0.002807 0.006046 6.420139
0.002630 0.006029 6.420139
0.002453 0.006008 6.420139
0.002276 0.005989 6.420139
0.002099 0.005964 6.420139
0.001924 0.005934 6.420139
0.001747 0.005912 6.420139
0.001570 0.005890 6.420139
0.001394 0.005861 6.420139
0.001218 0.005833 6.420139
0.001043 0.005803 6.420139
0.000866 0.005781 6.420139
0.000689 0.005760 6.420139
0.000514 0.005727 6.420139
0.000339 0.005696 6.420139
0.000162 0.005672 6.420139
-0.000015 0.005650 6.420139
-0.000191 0.005677 6.420139
-0.000368 0.005700 6.420139
-0.000543 0.005733 6.420139
-0.000718 0.005765 6.420139
-0.000895 0.005785 6.420139
-0.001072 0.005807 6.420139
-0.001247 0.005838 6.420139
-0.001423 0.005866 6.420139
-0.001599 0.005893 6.420139
-0.001776 0.005916 6.420139
-0.001953 0.005937 6.420139
-0.002129 0.005967 6.420139
-0.002305 0.005989 6.420139
-0.002483 0.006006 6.420139
-0.002660 0.006023 6.420139
-0.002838 0.006034 6.420139
-0.003016 0.006046 6.420139
-0.003194 0.006050 6.420139
-0.003371 0.006064 6.420139
-0.003547 0.006093 6.420139
-0.003678 0.005972 6.420139
-0.003731 0.005802 6.420139
-0.003791 0.005634 6.420139
-0.003849 0.005466 6.420139
-0.003915 0.005301 6.420139
-0.003982 0.005135 6.420139
-0.004050 0.004971 6.420139
-0.004116 0.004805 6.420139
-0.004177 0.004638 6.420139
-0.004246 0.004474 6.420139
-0.004314 0.004309 6.420139
-0.004378 0.004143 6.420139
-0.004441 0.003976 6.420139
-0.004503 0.003809 6.420139
-0.004572 0.003645 6.420139
-0.004643 0.003481 6.420139
-0.004702 0.003313 6.420139
-0.004762 0.003145 6.420139
-0.004829 0.002980 6.420139
-0.004898 0.002816 6.420139
-0.005009 0.002677 6.420139
-0.005117 0.002535 6.420139
-0.005233 0.002400 6.420139
-0.005349 0.002264 6.420139
-0.005455 0.002121 6.420139
-0.005563 0.001979 6.420139
-0.005677 0.001842 6.420139
-0.005789 0.001704 6.420139
-0.005901 0.001566 6.420139
-0.006009 0.001424 6.420139
-0.006117 0.001282 6.420139
-0.006231 0.001145 6.420139
-0.006340 0.001004 6.420139
-0.006447 0.000861 6.420139
-0.006554 0.000720 6.420139
-0.006661 0.000577 6.420139
-0.006771 0.000437 6.420139
-0.006879 0.000295 6.420139
-0.006992 0.000157 6.420139
-0.007029 -0.000017 6.420139
-0.006923 -0.000160 6.420139
-0.006828 -0.000311 6.420139
-0.006732 -0.000461 6.420139
-0.006628 -0.000606 6.420139
-0.006525 -0.000751 6.420139
-0.006419 -0.000894 6.420139
-0.006313 -0.001037 6.420139
-0.006203 -0.001178 6.420139
-0.006090 -0.001315 6.420139
-0.005983 -0.001458 6.420139
-0.005875 -0.001599 6.420139
-0.005762 -0.001737 6.420139
-0.005650 -0.001875 6.420139
-0.005536 -0.002013 6.420139
-0.005429 -0.002155 6.420139
-0.005322 -0.002298 6.420139
-0.005205 -0.002432 6.420139
-0.005092 -0.002569 6.420139
-0.004981 -0.002709 6.420139
-0.004877 -0.002854 6.420139
-0.004816 -0.003021 6.420139
-0.004746 -0.003185 6.420139
-0.004688 -0.003353 6.420139
-0.004627 -0.003521 6.420139
-0.004555 -0.003684 6.420139
-0.004487 -0.003848 6.420139
-0.004427 -0.004016 6.420139
-0.004363 -0.004182 6.420139
-0.004299 -0.004349 6.420139
-0.004230 -0.004513 6.420139
-0.004162 -0.004677 6.420139
-0.004102 -0.004845 6.420139
-0.004036 -0.005011 6.420139
-0.003968 -0.005175 6.420139
-0.003904 -0.005342 6.420139
-0.003840 -0.005508 6.420139
-0.003784 -0.005677 6.420139
-0.003725 -0.005845 6.420139
-0.003669 -0.006014 6.420139
-0.003530 -0.006126 6.420139
-0.003358 -0.006078 6.420139
-0.003182 -0.006051 6.420139
-0.003004 -0.006041 6.420139
-0.002827 -0.006028 6.420139
-0.002649 -0.006018 6.420139
-0.002471 -0.006003 6.420139
-0.002294 -0.005986 6.420139
-0.002117 -0.005964 6.420139
-0.001941 -0.005935 6.420139
-0.001764 -0.005914 6.420139
-0.001588 -0.005892 6.420139
-0.001412 -0.005864 6.420139
-0.001236 -0.005836 6.420139
-0.001060 -0.005806 6.420139
-0.000883 -0.005783 6.420139
-0.000706 -0.005763 6.420139
-0.000531 -0.005731 6.420139
-0.000356 -0.005699 6.420139
-0.000179 -0.005675 6.420139
-0.000003 -0.005650 6.420139
0.000174 -0.005674 6.420139
0.000350 -0.005698 6.420139
0.000526 -0.005730 6.420139
0.000701 -0.005762 6.420139
0.000878 -0.005783 6.420139
0.001054 -0.005805 6.420139
0.001230 -0.005836 6.420139
0.001406 -0.005864 6.420139
0.001582 -0.005892 6.420139
0.001758 -0.005915 6.420139
0.001935 -0.005938 6.420139
0.002111 -0.005969 6.420139
0.002287 -0.005996 6.420139
0.002463 -0.006020 6.420139
0.002639 -0.006047 6.420139
0.002815 -0.006075 6.420139
0.002990 -0.006112 6.420139
0.003164 -0.006148 6.420139
0.003337 -0.006189 6.420139
0.003508 -0.006137 6.420139
0.003564 -0.005968 6.420139
0.003632 -0.005803 6.420139
0.003714 -0.005645 6.420139
0.003794 -0.005485 6.420139
0.003875 -0.005327 6.420139
0.003951 -0.005166 6.420139
0.004026 -0.005004 6.420139
0.004097 -0.004840 6.420139
0.004159 -0.004674 6.420139
0.004229 -0.004510 6.420139
0.004298 -0.004346 6.420139
0.004363 -0.004180 6.420139
0.004427 -0.004013 6.420139
0.004488 -0.003846 6.420139
0.004556 -0.003681 6.420139
0.004628 -0.003518 6.420139
0.004689 -0.003351 6.420139
0.004747 -0.003182 6.420139
0.004817 -0.003018 6.420139
0.004878 -0.002851 6.420139
0.004982 -0.002707 6.420139
0.005093 -0.002567 6.420139
0.005207 -0.002430 6.420139
0.005324 -0.002296 6.420139
0.005430 -0.002153 6.420139
0.005538 -0.002011 6.420139
0.005651 -0.001873 6.420139
0.005764 -0.001735 6.420139
0.005877 -0.001597 6.420139
0.005985 -0.001456 6.420139
0.006092 -0.001314 6.420139
0.006207 -0.001177 6.420139
0.006318 -0.001038 6.420139
0.006425 -0.000896 6.420139
0.006535 -0.000756 6.420139
0.006645 -0.000615 6.420139
0.006761 -0.000480 6.420139
0.006876 -0.000344 6.420139
0.006997 -0.000213 6.420139
0.007042 -0.000041 6.420139

