0.008224 0.000002 11.847222
0.008086 0.000167 11.847222
0.007929 0.000313 11.847222
0.007781 0.000468 11.847222
0.007620 0.000610 11.847222
0.007474 0.000768 11.847222
0.007308 0.000903 11.847222
0.007176 0.001073 11.847222
0.007011 0.001210 11.847222
0.006879 0.001379 11.847222
0.006721 0.001524 11.847222
0.006573 0.001680 11.847222
0.006424 0.001835 11.847222
0.006288 0.002000 11.847222
0.006147 0.002162 11.847222
0.005991 0.002309 11.847222
0.005853 0.002474 11.847222
0.005711 0.002635 11.847222
0.005554 0.002781 11.847222
0.005447 0.002967 11.847222
0.005402 0.003177 11.847222
0.005317 0.003374 11.847222
0.005262 0.003582 11.847222
0.005210 0.003790 11.847222
0.005131 0.003989 11.847222
0.005087 0.004200 11.847222
0.005015 0.004402 11.847222
0.004975 0.004613 11.847222
0.004906 0.004816 11.847222
0.004832 0.005017 11.847222
0.004774 0.005224 11.847222
0.004699 0.005425 11.847222
0.004639 0.005631 11.847222
0.004560 0.005831 11.847222
0.004498 0.006036 11.847222
0.004408 0.006231 11.847222
0.004344 0.006436 11.847222
0.004250 0.006629 11.847222
0.004188 0.006834 11.847222
0.004098 0.007029 11.847222
0.003949 0.007184 11.847222
0.003748 0.007108 11.847222
0.003545 0.007040 11.847222
0.003344 0.006964 11.847222
0.003138 0.006903 11.847222
0.002933 0.006839 11.847222
0.002728 0.006777 11.847222
0.002518 0.006731 11.847222
0.002313 0.006669 11.847222
0.002105 0.006615 11.847222
0.001893 0.006582 11.847222
0.001693 0.006505 11.847222
0.001478 0.006491 11.847222
0.001304 0.006616 11.847222
0.001170 0.006784 11.847222
0.000984 0.006676 11.847222
0.000792 0.006581 11.847222
0.000591 0.006504 11.847222
0.000391 0.006427 11.847222
0.000185 0.006365 11.847222
-0.000021 0.006306 11.847222
-0.000228 0.006360 11.847222
-0.000427 0.006441 11.847222
-0.000633 0.006503 11.847222
-0.000822 0.006603 11.847222
-0.001024 0.006677 11.847222
-0.001129 0.006490 11.847222
-0.001336 0.006432 11.847222
-0.001549 0.006457 11.847222
-0.001753 0.006523 11.847222
-0.001959 0.006585 11.847222
-0.002171 0.006620 11.847222
-0.002374 0.006690 11.847222
-0.002586 0.006720 11.847222
-0.002793 0.006778 11.847222
-0.002999 0.006839 11.847222
-0.003206 0.006895 11.847222
-0.003404 0.006976 11.847222
-0.003610 0.007039 11.847222
-0.003801 0.007136 11.847222
-0.004001 0.007213 11.847222
-0.004163 0.007073 11.847222
-0.004246 0.006875 11.847222
-0.004308 0.006669 11.847222
-0.004407 0.006479 11.847222
-0.004473 0.006275 11.847222
-0.004575 0.006086 11.847222
-0.004634 0.005879 11.847222
-0.004723 0.005684 11.847222
-0.004777 0.005477 11.847222
-0.004857 0.005277 11.847222
-0.004909 0.005069 11.847222
-0.004991 0.004871 11.847222
-0.005041 0.004662 11.847222
-0.005099 0.004455 11.847222
-0.005169 0.004252 11.847222
-0.005217 0.004043 11.847222
-0.005295 0.003843 11.847222
-0.005312 0.003629 11.847222
-0.005401 0.003434 11.847222
-0.005434 0.003222 11.847222
-0.005518 0.003024 11.847222
-0.005678 0.002881 11.847222
-0.005806 0.002709 11.847222
-0.005973 0.002573 11.847222
-0.006106 0.002405 11.847222
-0.006252 0.002248 11.847222
-0.006411 0.002104 11.847222
-0.006551 0.001941 11.847222
-0.006705 0.001792 11.847222
-0.006836 0.001622 11.847222
-0.006999 0.001482 11.847222
-0.007130 0.001311 11.847222
-0.007293 0.001172 11.847222
-0.007429 0.001006 11.847222
-0.007595 0.000870 11.847222
-0.007738 0.000710 11.847222
-0.007899 0.000568 11.847222
-0.008037 0.000403 11.847222
-0.008190 0.000253 11.847222
-0.008236 0.000044 11.847222
-0.008081 -0.000105 11.847222
-0.007945 -0.000271 11.847222
-0.007797 -0.000426 11.847222
-0.007670 -0.000599 11.847222
-0.007524 -0.000757 11.847222
-0.007406 -0.000936 11.847222
-0.007262 -0.001095 11.847222
-0.007132 -0.001266 11.847222
-0.006970 -0.001407 11.847222
-0.006832 -0.001571 11.847222
-0.006681 -0.001724 11.847222
-0.006554 -0.001897 11.847222
-0.006391 -0.002036 11.847222
-0.006254 -0.002201 11.847222
-0.006097 -0.002348 11.847222
-0.005947 -0.002501 11.847222
-0.005803 -0.002660 11.847222
-0.005623 -0.002778 11.847222
-0.005514 -0.002963 11.847222
-0.005493 -0.003177 11.847222
-0.005402 -0.003371 11.847222
-0.005356 -0.003581 11.847222
-0.005300 -0.003788 11.847222
-0.005225 -0.003989 11.847222
-0.005186 -0.004200 11.847222
-0.005100 -0.004397 11.847222
-0.005075 -0.004610 11.847222
-0.004996 -0.004810 11.847222
-0.004946 -0.005018 11.847222
-0.004865 -0.005217 11.847222
-0.004817 -0.005427 11.847222
-0.004741 -0.005627 11.847222
-0.004696 -0.005837 11.847222
-0.004624 -0.006040 11.847222
-0.004579 -0.006249 11.847222
-0.004507 -0.006452 11.847222
-0.004460 -0.006661 11.847222
-0.004386 -0.006862 11.847222
-0.004349 -0.007074 11.847222
-0.004166 -0.007187 11.847222
-0.003957 -0.007142 11.847222
-0.003752 -0.007077 11.847222
-0.003542 -0.007034 11.847222
-0.003334 -0.006978 11.847222
-0.003124 -0.006938 11.847222
-0.002917 -0.006879 11.847222
-0.002705 -0.006847 11.847222
-0.002496 -0.006800 11.847222
-0.002284 -0.006762 11.847222
-0.002077 -0.006706 11.847222
-0.001872 -0.006644 11.847222
-0.001662 -0.006596 11.847222
-0.001453 -0.006551 11.847222
-0.001241 -0.006514 11.847222
-0.001030 -0.006474 11.847222
-0.000821 -0.006425 11.847222
-0.000608 -0.006403 11.847222
-0.000419 -0.006302 11.847222
-0.000205 -0.006281 11.847222
-0.000006 -0.006361 11.847222
0.000208 -0.006381 11.847222
0.000406 -0.006464 11.847222
0.000616 -0.006506 11.847222
0.000825 -0.006555 11.847222
0.001031 -0.006615 11.847222
0.001244 -0.006644 11.847222
0.001445 -0.006719 11.847222
0.001657 -0.006756 11.847222
0.001866 -0.006804 11.847222
0.002076 -0.006848 11.847222
0.002286 -0.006894 11.847222
0.002495 -0.006942 11.847222
0.002705 -0.006983 11.847222
0.002913 -0.007038 11.847222
0.003125 -0.007070 11.847222
0.003333 -0.007122 11.847222
0.003546 -0.007148 11.847222
0.003756 -0.007195 11.847222
0.003966 -0.007236 11.847222
0.004165 -0.007156 11.847222
0.004227 -0.006950 11.847222
0.004253 -0.006737 11.847222
0.004316 -0.006532 11.847222
0.004352 -0.006320 11.847222
0.004426 -0.006119 11.847222
0.004458 -0.005907 11.847222
0.004538 -0.005708 11.847222
0.004593 -0.005500 11.847222
0.004661 -0.005296 11.847222
0.004722 -0.005090 11.847222
0.004771 -0.004881 11.847222
0.004846 -0.004681 11.847222
0.004868 -0.004467 11.847222
0.004969 -0.004278 11.847222
0.004996 -0.004065 11.847222
0.005092 -0.003873 11.847222
0.005304 -0.003839 11.847222
0.005389 -0.003642 11.847222
0.005392 -0.003427 11.847222
0.005434 -0.003217 11.847222
0.005573 -0.003053 11.847222
0.005710 -0.002888 11.847222
0.005876 -0.002752 11.847222
0.006015 -0.002588 11.847222
0.006172 -0.002442 11.847222
0.006310 -0.002278 11.847222
0.006459 -0.002123 11.847222
0.006616 -0.001977 11.847222
0.006751 -0.001810 11.847222
0.006903 -0.001658 11.847222
0.007038 -0.001491 11.847222
0.007193 -0.001343 11.847222
0.007322 -0.001171 11.847222
0.007481 -0.001028 11.847222
0.007606 -0.000853 11.847222
0.007762 -0.000706 11.847222
0.007886 -0.000531 11.847222
0.008035 -0.000376 11.847222
0.008163 -0.000204 11.847222
0.008224 0.000002 11.847222

