0.008197 0.000000 11.649306
0.008056 0.000161 11.649306
0.007897 0.000303 11.649306
0.007749 0.000458 11.649306
0.007590 0.000599 11.649306
0.007444 0.000756 11.649306
0.007281 0.000894 11.649306
0.007151 0.001063 11.649306
0.006986 0.001199 11.649306
0.006856 0.001368 11.649306
0.006695 0.001508 11.649306
0.006550 0.001666 11.649306
0.006404 0.001822 11.649306
0.006269 0.001988 11.649306
0.006125 0.002145 11.649306
0.005971 0.002293 11.649306
0.005836 0.002459 11.649306
0.005692 0.002616 11.649306
0.005543 0.002770 11.649306
0.005435 0.002954 11.649306
0.005383 0.003161 11.649306
0.005301 0.003358 11.649306
0.005236 0.003562 11.649306
0.005190 0.003770 11.649306
0.005111 0.003969 11.649306
0.005065 0.004177 11.649306
0.004993 0.004378 11.649306
0.004951 0.004588 11.649306
0.004890 0.004793 11.649306
0.004815 0.004992 11.649306
0.004757 0.005198 11.649306
0.004683 0.005398 11.649306
0.004625 0.005604 11.649306
0.004546 0.005803 11.649306
0.004489 0.006008 11.649306
0.004399 0.006202 11.649306
0.004338 0.006407 11.649306
0.004244 0.006599 11.649306
0.004180 0.006803 11.649306
0.004095 0.006998 11.649306
0.003942 0.007148 11.649306
0.003743 0.007071 11.649306
0.003540 0.007003 11.649306
0.003340 0.006928 11.649306
0.003135 0.006870 11.649306
0.002931 0.006806 11.649306
0.002725 0.006747 11.649306
0.002517 0.006701 11.649306
0.002313 0.006638 11.649306
0.002105 0.006591 11.649306
0.001894 0.006554 11.649306
0.001693 0.006482 11.649306
0.001480 0.006465 11.649306
0.001300 0.006580 11.649306
0.001165 0.006745 11.649306
0.000984 0.006632 11.649306
0.000791 0.006540 11.649306
0.000591 0.006466 11.649306
0.000391 0.006391 11.649306
0.000185 0.006333 11.649306
-0.000020 0.006274 11.649306
-0.000228 0.006325 11.649306
-0.000426 0.006405 11.649306
-0.000631 0.006464 11.649306
-0.000822 0.006561 11.649306
-0.001014 0.006653 11.649306
-0.001125 0.006471 11.649306
-0.001330 0.006410 11.649306
-0.001542 0.006433 11.649306
-0.001749 0.006488 11.649306
-0.001951 0.006556 11.649306
-0.002162 0.006590 11.649306
-0.002363 0.006660 11.649306
-0.002574 0.006694 11.649306
-0.002782 0.006744 11.649306
-0.002987 0.006804 11.649306
-0.003194 0.006857 11.649306
-0.003392 0.006937 11.649306
-0.003597 0.006997 11.649306
-0.003789 0.007091 11.649306
-0.003985 0.007176 11.649306
-0.004153 0.007044 11.649306
-0.004236 0.006847 11.649306
-0.004302 0.006644 11.649306
-0.004402 0.006455 11.649306
-0.004467 0.006252 11.649306
-0.004566 0.006063 11.649306
-0.004621 0.005856 11.649306
-0.004709 0.005662 11.649306
-0.004760 0.005454 11.649306
-0.004840 0.005256 11.649306
-0.004892 0.005049 11.649306
-0.004972 0.004851 11.649306
-0.005015 0.004642 11.649306
-0.005078 0.004438 11.649306
-0.005145 0.004235 11.649306
-0.005195 0.004027 11.649306
-0.005269 0.003827 11.649306
-0.005291 0.003614 11.649306
-0.005380 0.003420 11.649306
-0.005412 0.003209 11.649306
-0.005496 0.003013 11.649306
-0.005655 0.002870 11.649306
-0.005782 0.002698 11.649306
-0.005946 0.002561 11.649306
-0.006083 0.002398 11.649306
-0.006223 0.002236 11.649306
-0.006383 0.002094 11.649306
-0.006522 0.001932 11.649306
-0.006679 0.001787 11.649306
-0.006807 0.001617 11.649306
-0.006970 0.001477 11.649306
-0.007099 0.001308 11.649306
-0.007261 0.001168 11.649306
-0.007396 0.001002 11.649306
-0.007559 0.000864 11.649306
-0.007702 0.000706 11.649306
-0.007864 0.000566 11.649306
-0.008003 0.000404 11.649306
-0.008154 0.000254 11.649306
-0.008201 0.000045 11.649306
-0.008049 -0.000105 11.649306
-0.007916 -0.000271 11.649306
-0.007771 -0.000428 11.649306
-0.007645 -0.000601 11.649306
-0.007502 -0.000760 11.649306
-0.007384 -0.000938 11.649306
-0.007237 -0.001093 11.649306
-0.007104 -0.001260 11.649306
-0.006941 -0.001398 11.649306
-0.006806 -0.001564 11.649306
-0.006658 -0.001718 11.649306
-0.006529 -0.001888 11.649306
-0.006364 -0.002024 11.649306
-0.006229 -0.002189 11.649306
-0.006070 -0.002332 11.649306
-0.005923 -0.002487 11.649306
-0.005775 -0.002641 11.649306
-0.005605 -0.002770 11.649306
-0.005497 -0.002954 11.649306
-0.005471 -0.003166 11.649306
-0.005383 -0.003361 11.649306
-0.005328 -0.003567 11.649306
-0.005278 -0.003775 11.649306
-0.005201 -0.003974 11.649306
-0.005165 -0.004185 11.649306
-0.005078 -0.004380 11.649306
-0.005051 -0.004592 11.649306
-0.004976 -0.004792 11.649306
-0.004926 -0.005000 11.649306
-0.004846 -0.005198 11.649306
-0.004797 -0.005406 11.649306
-0.004721 -0.005605 11.649306
-0.004675 -0.005814 11.649306
-0.004603 -0.006015 11.649306
-0.004558 -0.006224 11.649306
-0.004487 -0.006425 11.649306
-0.004442 -0.006634 11.649306
-0.004367 -0.006834 11.649306
-0.004324 -0.007043 11.649306
-0.004143 -0.007157 11.649306
-0.003936 -0.007108 11.649306
-0.003732 -0.007044 11.649306
-0.003522 -0.007003 11.649306
-0.003316 -0.006948 11.649306
-0.003106 -0.006907 11.649306
-0.002900 -0.006851 11.649306
-0.002688 -0.006822 11.649306
-0.002480 -0.006773 11.649306
-0.002271 -0.006732 11.649306
-0.002066 -0.006671 11.649306
-0.001861 -0.006612 11.649306
-0.001651 -0.006569 11.649306
-0.001442 -0.006526 11.649306
-0.001232 -0.006490 11.649306
-0.001022 -0.006448 11.649306
-0.000813 -0.006403 11.649306
-0.000602 -0.006373 11.649306
-0.000413 -0.006274 11.649306
-0.000200 -0.006258 11.649306
-0.000001 -0.006337 11.649306
0.000211 -0.006357 11.649306
0.000411 -0.006433 11.649306
0.000619 -0.006481 11.649306
0.000828 -0.006526 11.649306
0.001032 -0.006591 11.649306
0.001243 -0.006618 11.649306
0.001445 -0.006689 11.649306
0.001654 -0.006731 11.649306
0.001863 -0.006778 11.649306
0.002071 -0.006822 11.649306
0.002280 -0.006867 11.649306
0.002488 -0.006916 11.649306
0.002698 -0.006955 11.649306
0.002904 -0.007013 11.649306
0.003115 -0.007045 11.649306
0.003322 -0.007099 11.649306
0.003534 -0.007126 11.649306
0.003743 -0.007169 11.649306
0.003953 -0.007208 11.649306
0.004149 -0.007123 11.649306
0.004202 -0.006916 11.649306
0.004230 -0.006704 11.649306
0.004294 -0.006500 11.649306
0.004332 -0.006290 11.649306
0.004405 -0.006089 11.649306
0.004440 -0.005879 11.649306
0.004523 -0.005682 11.649306
0.004573 -0.005474 11.649306
0.004642 -0.005272 11.649306
0.004698 -0.005066 11.649306
0.004751 -0.004859 11.649306
0.004822 -0.004658 11.649306
0.004853 -0.004446 11.649306
0.004954 -0.004258 11.649306
0.004981 -0.004046 11.649306
0.005086 -0.003860 11.649306
0.005295 -0.003817 11.649306
0.005364 -0.003615 11.649306
0.005359 -0.003401 11.649306
0.005413 -0.003195 11.649306
0.005558 -0.003038 11.649306
0.005690 -0.002870 11.649306
0.005854 -0.002733 11.649306
0.005994 -0.002572 11.649306
0.006150 -0.002426 11.649306
0.006290 -0.002265 11.649306
0.006434 -0.002107 11.649306
0.006592 -0.001964 11.649306
0.006728 -0.001799 11.649306
0.006880 -0.001649 11.649306
0.007013 -0.001482 11.649306
0.007170 -0.001336 11.649306
0.007297 -0.001165 11.649306
0.007456 -0.001022 11.649306
0.007582 -0.000849 11.649306
0.007737 -0.000703 11.649306
0.007862 -0.000530 11.649306
0.008009 -0.000375 11.649306
0.008140 -0.000206 11.649306
0.008197 0.000000 11.649306

