0.006322 -0.000000 2.734375
0.006269 0.000151 2.734375
0.006169 0.000276 2.734375
0.006070 0.000402 2.734375
0.005968 0.000526 2.734375
0.005865 0.000648 2.734375
0.005766 0.000774 2.734375
0.005671 0.000903 2.734375
0.005571 0.001028 2.734375
0.005465 0.001149 2.734375
0.005361 0.001270 2.734375
0.005262 0.001396 2.734375
0.005169 0.001527 2.734375
0.005074 0.001655 2.734375
0.004972 0.001779 2.734375
0.004865 0.001898 2.734375
0.004757 0.002017 2.734375
0.004650 0.002135 2.734375
0.004547 0.002258 2.734375
0.004446 0.002383 2.734375
0.004355 0.002514 2.734375
0.004287 0.002659 2.734375
0.004229 0.002809 2.734375
0.004174 0.002959 2.734375
0.004125 0.003112 2.734375
0.004076 0.003264 2.734375
0.004026 0.003416 2.734375
0.003970 0.003566 2.734375
0.003907 0.003713 2.734375
0.003841 0.003859 2.734375
0.003780 0.004008 2.734375
0.003728 0.004159 2.734375
0.003676 0.004310 2.734375
0.003617 0.004460 2.734375
0.003554 0.004606 2.734375
0.003494 0.004755 2.734375
0.003439 0.004906 2.734375
0.003383 0.005056 2.734375
0.003324 0.005204 2.734375
0.003265 0.005353 2.734375
0.003161 0.005475 2.734375
0.003004 0.005504 2.734375
0.002845 0.005481 2.734375
0.002687 0.005458 2.734375
0.002529 0.005431 2.734375
0.002371 0.005403 2.734375
0.002212 0.005381 2.734375
0.002053 0.005363 2.734375
0.001895 0.005339 2.734375
0.001738 0.005308 2.734375
0.001581 0.005277 2.734375
0.001422 0.005256 2.734375
0.001262 0.005240 2.734375
0.001103 0.005222 2.734375
0.000945 0.005195 2.734375
0.000789 0.005162 2.734375
0.000632 0.005128 2.734375
0.000476 0.005095 2.734375
0.000318 0.005067 2.734375
0.000160 0.005042 2.734375
-0.000000 0.005029 2.734375
-0.000160 0.005042 2.734375
-0.000318 0.005067 2.734375
-0.000476 0.005095 2.734375
-0.000632 0.005128 2.734375
-0.000789 0.005162 2.734375
-0.000945 0.005195 2.734375
-0.001103 0.005222 2.734375
-0.001262 0.005240 2.734375
-0.001422 0.005256 2.734375
-0.001581 0.005277 2.734375
-0.001738 0.005308 2.734375
-0.001895 0.005339 2.734375
-0.002053 0.005363 2.734375
-0.002212 0.005381 2.734375
-0.002371 0.005403 2.734375
-0.002529 0.005431 2.734375
-0.002687 0.005458 2.734375
-0.002845 0.005481 2.734375
-0.003004 0.005504 2.734375
-0.003161 0.005475 2.734375
-0.003265 0.005353 2.734375
-0.003324 0.005204 2.734375
-0.003383 0.005056 2.734375
-0.003439 0.004906 2.734375
-0.003494 0.004755 2.734375
-0.003554 0.004606 2.734375
-0.003617 0.004460 2.734375
-0.003676 0.004310 2.734375
-0.003728 0.004159 2.734375
-0.003780 0.004008 2.734375
-0.003841 0.003859 2.734375
-0.003907 0.003713 2.734375
-0.003970 0.003566 2.734375
-0.004026 0.003416 2.734375
-0.004076 0.003264 2.734375
-0.004125 0.003112 2.734375
-0.004174 0.002959 2.734375
-0.004229 0.002809 2.734375
-0.004287 0.002659 2.734375
-0.004355 0.002514 2.734375
-0.004446 0.002383 2.734375
-0.004547 0.002258 2.734375
-0.004650 0.002135 2.734375
-0.004757 0.002017 2.734375
-0.004865 0.001898 2.734375
-0.004972 0.001779 2.734375
-0.005074 0.001655 2.734375
-0.005169 0.001527 2.734375
-0.005262 0.001396 2.734375
-0.005361 0.001270 2.734375
-0.005465 0.001149 2.734375
-0.005571 0.001028 2.734375
-0.005671 0.000903 2.734375
-0.005766 0.000774 2.734375
-0.005865 0.000648 2.734375
-0.005968 0.000526 2.734375
-0.006070 0.000402 2.734375
-0.006169 0.000276 2.734375
-0.006269 0.000151 2.734375
-0.006322 0.000000 2.734375
-0.006269 -0.000151 2.734375
-0.006169 -0.000276 2.734375
-0.006070 -0.000402 2.734375
-0.005968 -0.000526 2.734375
-0.005865 -0.000648 2.734375
-0.005766 -0.000774 2.734375
-0.005671 -0.000903 2.734375
-0.005571 -0.001028 2.734375
-0.005465 -0.001149 2.734375
-0.005361 -0.001270 2.734375
-0.005262 -0.001396 2.734375
-0.005169 -0.001527 2.734375
-0.005074 -0.001655 2.734375
-0.004972 -0.001779 2.734375
-0.004865 -0.001898 2.734375
-0.004757 -0.002017 2.734375
-0.004650 -0.002135 2.734375
-0.004547 -0.002258 2.734375
-0.004446 -0.002383 2.734375
-0.004355 -0.002514 2.734375
-0.004287 -0.002659 2.734375
-0.004229 -0.002809 2.734375
-0.004174 -0.002959 2.734375
-0.004125 -0.003112 2.734375
-0.004076 -0.003264 2.734375
-0.004026 -0.003416 2.734375
-0.003970 -0.003566 2.734375
-0.003907 -0.003713 2.734375
-0.003841 -0.003859 2.734375
-0.003780 -0.004008 2.734375
-0.003728 -0.004159 2.734375
-0.003676 -0.004310 2.734375
-0.003617 -0.004460 2.734375
-0.003554 -0.004606 2.734375
-0.003494 -0.004755 2.734375
-0.003439 -0.004906 2.734375
-0.003383 -0.005056 2.734375
-0.003324 -0.005204 2.734375
-0.003265 -0.005353 2.734375
-0.003161 -0.005475 2.734375
-0.003004 -0.005504 2.734375
-0.002845 -0.005481 2.734375
-0.002687 -0.005458 2.734375
-0.002529 -0.005431 2.734375
-0.002371 -0.005403 2.734375
-0.002212 -0.005381 2.734375
-0.002053 -0.005363 2.734375
-0.001895 -0.005339 2.734375
-0.001738 -0.005308 2.734375
-0.001581 -0.005277 2.734375
-0.001422 -0.005256 2.734375
-0.001262 -0.005240 2.734375
-0.001103 -0.005222 2.734375
-0.000945 -0.005195 2.734375
-0.000789 -0.005162 2.734375
-0.000632 -0.005128 2.734375
-0.000476 -0.005095 2.734375
-0.000318 -0.005067 2.734375
-0.000160 -0.005042 2.734375
0.000000 -0.005029 2.734375
0.000160 -0.005042 2.734375
0.000318 -0.005067 2.734375
0.000476 -0.005095 2.734375
0.000632 -0.005128 2.734375
0.000789 -0.005162 2.734375
0.000945 -0.005195 2.734375
0.001103 -0.005222 2.734375
0.001262 -0.005240 2.734375
0.001422 -0.005256 2.734375
0.001581 -0.005277 2.734375
0.001738 -0.005308 2.734375
0.001895 -0.005339 2.734375
0.002053 -0.005363 2.734375
0.002212 -0.005381 2.734375
0.002371 -0.005403 2.734375
0.002529 -0.005431 2.734375
0.002687 -0.005458 2.734375
0.002845 -0.005481 2.734375
0.003004 -0.005504 2.734375
0.003161 -0.005475 2.734375
0.003265 -0.005353 2.734375
0.003324 -0.005204 2.734375
0.003383 -0.005056 2.734375
0.003439 -0.004906 2.734375
0.003494 -0.004755 2.734375
0.003554 -0.004606 2.734375
0.003617 -0.004460 2.734375
0.003676 -0.004310 2.734375
0.003728 -0.004159 2.734375
0.003780 -0.004008 2.734375
0.003841 -0.003859 2.734375
0.003907 -0.003713 2.734375
0.003970 -0.003566 2.734375
0.004026 -0.003416 2.734375
0.004076 -0.003264 2.734375
0.004125 -0.003112 2.734375
0.004174 -0.002959 2.734375
0.004229 -0.002809 2.734375
0.004287 -0.002659 2.734375
0.004355 -0.002514 2.734375
0.004446 -0.002383 2.734375
0.004547 -0.002258 2.734375
0.004650 -0.002135 2.734375
0.004757 -0.002017 2.734375
0.004865 -0.001898 2.734375
0.004972 -0.001779 2.734375
0.005074 -0.001655 2.734375
0.005169 -0.001527 2.734375
0.005262 -0.001396 2.734375
0.005361 -0.001270 2.734375
0.005465 -0.001149 2.734375
0.005571 -0.001028 2.734375
0.005671 -0.000903 2.734375
0.005766 -0.000774 2.734375
0.005865 -0.000648 2.734375
0.005968 -0.000526 2.734375
0.006070 -0.000402 2.734375
0.006169 -0.000276 2.734375
0.006269 -0.000151 2.734375
0.006322 -0.000000 2.734375

