0.006947 -0.000003 5.892361
0.006873 0.000156 5.892361
0.006774 0.000301 5.892361
0.006668 0.000441 5.892361
0.006564 0.000582 5.892361
0.006457 0.000722 5.892361
0.006346 0.000858 5.892361
0.006238 0.000996 5.892361
0.006129 0.001134 5.892361
0.006024 0.001274 5.892361
0.005912 0.001409 5.892361
0.005798 0.001543 5.892361
0.005692 0.001683 5.892361
0.005584 0.001822 5.892361
0.005476 0.001960 5.892361
0.005363 0.002094 5.892361
0.005249 0.002228 5.892361
0.005144 0.002368 5.892361
0.005039 0.002509 5.892361
0.004927 0.002644 5.892361
0.004815 0.002780 5.892361
0.004754 0.002944 5.892361
0.004693 0.003109 5.892361
0.004623 0.003270 5.892361
0.004554 0.003431 5.892361
0.004496 0.003597 5.892361
0.004435 0.003762 5.892361
0.004370 0.003925 5.892361
0.004304 0.004087 5.892361
0.004236 0.004249 5.892361
0.004176 0.004414 5.892361
0.004116 0.004579 5.892361
0.004047 0.004741 5.892361
0.003983 0.004904 5.892361
0.003917 0.005067 5.892361
0.003855 0.005231 5.892361
0.003789 0.005394 5.892361
0.003719 0.005555 5.892361
0.003654 0.005718 5.892361
0.003583 0.005879 5.892361
0.003474 0.006016 5.892361
0.003300 0.006039 5.892361
0.003125 0.006022 5.892361
0.002951 0.005998 5.892361
0.002777 0.005978 5.892361
0.002603 0.005954 5.892361
0.002430 0.005926 5.892361
0.002256 0.005901 5.892361
0.002082 0.005875 5.892361
0.001908 0.005854 5.892361
0.001735 0.005824 5.892361
0.001562 0.005793 5.892361
0.001388 0.005771 5.892361
0.001214 0.005747 5.892361
0.001040 0.005722 5.892361
0.000867 0.005692 5.892361
0.000695 0.005659 5.892361
0.000520 0.005639 5.892361
0.000346 0.005619 5.892361
0.000173 0.005589 5.892361
-0.000000 0.005560 5.892361
-0.000173 0.005589 5.892361
-0.000346 0.005619 5.892361
-0.000521 0.005639 5.892361
-0.000695 0.005659 5.892361
-0.000868 0.005692 5.892361
-0.001041 0.005722 5.892361
-0.001214 0.005747 5.892361
-0.001388 0.005771 5.892361
-0.001562 0.005793 5.892361
-0.001735 0.005824 5.892361
-0.001908 0.005854 5.892361
-0.002083 0.005875 5.892361
-0.002256 0.005901 5.892361
-0.002430 0.005925 5.892361
-0.002603 0.005953 5.892361
-0.002778 0.005976 5.892361
-0.002952 0.005994 5.892361
-0.003126 0.006016 5.892361
-0.003301 0.006029 5.892361
-0.003476 0.006014 5.892361
-0.003592 0.005882 5.892361
-0.003659 0.005720 5.892361
-0.003722 0.005556 5.892361
-0.003791 0.005395 5.892361
-0.003856 0.005232 5.892361
-0.003918 0.005067 5.892361
-0.003983 0.004904 5.892361
-0.004047 0.004741 5.892361
-0.004116 0.004579 5.892361
-0.004176 0.004415 5.892361
-0.004236 0.004249 5.892361
-0.004304 0.004087 5.892361
-0.004370 0.003925 5.892361
-0.004435 0.003762 5.892361
-0.004496 0.003597 5.892361
-0.004554 0.003431 5.892361
-0.004623 0.003270 5.892361
-0.004693 0.003109 5.892361
-0.004754 0.002944 5.892361
-0.004815 0.002780 5.892361
-0.004927 0.002644 5.892361
-0.005039 0.002509 5.892361
-0.005144 0.002368 5.892361
-0.005249 0.002228 5.892361
-0.005363 0.002095 5.892361
-0.005476 0.001960 5.892361
-0.005584 0.001822 5.892361
-0.005692 0.001683 5.892361
-0.005798 0.001543 5.892361
-0.005912 0.001409 5.892361
-0.006024 0.001274 5.892361
-0.006130 0.001134 5.892361
-0.006239 0.000997 5.892361
-0.006347 0.000858 5.892361
-0.006458 0.000723 5.892361
-0.006566 0.000584 5.892361
-0.006671 0.000443 5.892361
-0.006780 0.000306 5.892361
-0.006884 0.000164 5.892361
-0.006947 0.000000 5.892361
-0.006879 -0.000162 5.892361
-0.006777 -0.000304 5.892361
-0.006669 -0.000443 5.892361
-0.006565 -0.000584 5.892361
-0.006457 -0.000723 5.892361
-0.006346 -0.000859 5.892361
-0.006238 -0.000997 5.892361
-0.006129 -0.001135 5.892361
-0.006023 -0.001275 5.892361
-0.005911 -0.001410 5.892361
-0.005798 -0.001544 5.892361
-0.005691 -0.001684 5.892361
-0.005583 -0.001822 5.892361
-0.005475 -0.001961 5.892361
-0.005363 -0.002095 5.892361
-0.005248 -0.002228 5.892361
-0.005143 -0.002369 5.892361
-0.005038 -0.002510 5.892361
-0.004926 -0.002645 5.892361
-0.004814 -0.002781 5.892361
-0.004753 -0.002945 5.892361
-0.004692 -0.003110 5.892361
-0.004623 -0.003271 5.892361
-0.004553 -0.003432 5.892361
-0.004495 -0.003598 5.892361
-0.004435 -0.003763 5.892361
-0.004369 -0.003926 5.892361
-0.004303 -0.004088 5.892361
-0.004236 -0.004250 5.892361
-0.004176 -0.004415 5.892361
-0.004116 -0.004580 5.892361
-0.004047 -0.004742 5.892361
-0.003983 -0.004905 5.892361
-0.003918 -0.005068 5.892361
-0.003856 -0.005233 5.892361
-0.003791 -0.005396 5.892361
-0.003724 -0.005558 5.892361
-0.003662 -0.005722 5.892361
-0.003596 -0.005885 5.892361
-0.003477 -0.006014 5.892361
-0.003302 -0.006024 5.892361
-0.003126 -0.006013 5.892361
-0.002952 -0.005993 5.892361
-0.002777 -0.005975 5.892361
-0.002603 -0.005952 5.892361
-0.002430 -0.005925 5.892361
-0.002256 -0.005900 5.892361
-0.002082 -0.005875 5.892361
-0.001908 -0.005854 5.892361
-0.001735 -0.005824 5.892361
-0.001562 -0.005793 5.892361
-0.001388 -0.005771 5.892361
-0.001214 -0.005747 5.892361
-0.001040 -0.005722 5.892361
-0.000867 -0.005692 5.892361
-0.000695 -0.005659 5.892361
-0.000520 -0.005639 5.892361
-0.000346 -0.005619 5.892361
-0.000173 -0.005589 5.892361
0.000000 -0.005560 5.892361
0.000173 -0.005589 5.892361
0.000346 -0.005619 5.892361
0.000521 -0.005639 5.892361
0.000695 -0.005659 5.892361
0.000868 -0.005692 5.892361
0.001041 -0.005722 5.892361
0.001214 -0.005747 5.892361
0.001388 -0.005771 5.892361
0.001562 -0.005793 5.892361
0.001735 -0.005824 5.892361
0.001908 -0.005854 5.892361
0.002083 -0.005876 5.892361
0.002256 -0.005902 5.892361
0.002430 -0.005927 5.892361
0.002603 -0.005956 5.892361
0.002777 -0.005982 5.892361
0.002951 -0.006004 5.892361
0.003124 -0.006033 5.892361
0.003298 -0.006058 5.892361
0.003469 -0.006018 5.892361
0.003565 -0.005871 5.892361
0.003643 -0.005714 5.892361
0.003713 -0.005553 5.892361
0.003785 -0.005393 5.892361
0.003853 -0.005231 5.892361
0.003916 -0.005067 5.892361
0.003981 -0.004904 5.892361
0.004046 -0.004741 5.892361
0.004115 -0.004580 5.892361
0.004176 -0.004415 5.892361
0.004236 -0.004250 5.892361
0.004303 -0.004088 5.892361
0.004370 -0.003925 5.892361
0.004435 -0.003762 5.892361
0.004496 -0.003598 5.892361
0.004553 -0.003432 5.892361
0.004623 -0.003271 5.892361
0.004693 -0.003110 5.892361
0.004753 -0.002945 5.892361
0.004815 -0.002780 5.892361
0.004926 -0.002645 5.892361
0.005039 -0.002510 5.892361
0.005143 -0.002369 5.892361
0.005248 -0.002228 5.892361
0.005363 -0.002095 5.892361
0.005475 -0.001960 5.892361
0.005584 -0.001822 5.892361
0.005691 -0.001684 5.892361
0.005798 -0.001544 5.892361
0.005911 -0.001410 5.892361
0.006024 -0.001275 5.892361
0.006129 -0.001135 5.892361
0.006238 -0.000997 5.892361
0.006347 -0.000859 5.892361
0.006459 -0.000724 5.892361
0.006567 -0.000586 5.892361
0.006673 -0.000446 5.892361
0.006783 -0.000309 5.892361
0.006890 -0.000170 5.892361
0.006947 -0.000003 5.892361

