0.007916 -0.000033 10.125000
0.007767 0.000107 10.125000
0.007623 0.000253 10.125000
0.007480 0.000399 10.125000
0.007336 0.000544 10.125000
0.007203 0.000699 10.125000
0.007058 0.000843 10.125000
0.006919 0.000993 10.125000
0.006772 0.001135 10.125000
0.006644 0.001294 10.125000
0.006494 0.001433 10.125000
0.006377 0.001601 10.125000
0.006219 0.001730 10.125000
0.006091 0.001889 10.125000
0.005955 0.002042 10.125000
0.005837 0.002209 10.125000
0.005709 0.002368 10.125000
0.005598 0.002540 10.125000
0.005485 0.002710 10.125000
0.005356 0.002869 10.125000
0.005258 0.003048 10.125000
0.005198 0.003243 10.125000
0.005109 0.003428 10.125000
0.005038 0.003619 10.125000
0.004963 0.003809 10.125000
0.004895 0.004002 10.125000
0.004845 0.004200 10.125000
0.004769 0.004390 10.125000
0.004719 0.004588 10.125000
0.004656 0.004783 10.125000
0.004619 0.004984 10.125000
0.004546 0.005175 10.125000
0.004504 0.005375 10.125000
0.004428 0.005564 10.125000
0.004378 0.005763 10.125000
0.004307 0.005954 10.125000
0.004250 0.006150 10.125000
0.004181 0.006343 10.125000
0.004122 0.006539 10.125000
0.004048 0.006729 10.125000
0.003876 0.006840 10.125000
0.003682 0.006773 10.125000
0.003485 0.006720 10.125000
0.003289 0.006661 10.125000
0.003091 0.006614 10.125000
0.002893 0.006561 10.125000
0.002693 0.006518 10.125000
0.002495 0.006467 10.125000
0.002295 0.006428 10.125000
0.002096 0.006382 10.125000
0.001899 0.006326 10.125000
0.001698 0.006289 10.125000
0.001501 0.006233 10.125000
0.001301 0.006273 10.125000
0.001143 0.006403 10.125000
0.000970 0.006294 10.125000
0.000771 0.006246 10.125000
0.000574 0.006190 10.125000
0.000374 0.006149 10.125000
0.000173 0.006113 10.125000
-0.000029 0.006079 10.125000
-0.000232 0.006102 10.125000
-0.000432 0.006145 10.125000
-0.000629 0.006196 10.125000
-0.000829 0.006240 10.125000
-0.001008 0.006339 10.125000
-0.001180 0.006228 10.125000
-0.001384 0.006222 10.125000
-0.001579 0.006283 10.125000
-0.001783 0.006302 10.125000
-0.001982 0.006346 10.125000
-0.002183 0.006386 10.125000
-0.002383 0.006425 10.125000
-0.002577 0.006489 10.125000
-0.002778 0.006530 10.125000
-0.002974 0.006586 10.125000
-0.003176 0.006621 10.125000
-0.003373 0.006673 10.125000
-0.003571 0.006724 10.125000
-0.003768 0.006781 10.125000
-0.003959 0.006853 10.125000
-0.004137 0.006753 10.125000
-0.004213 0.006563 10.125000
-0.004275 0.006368 10.125000
-0.004344 0.006176 10.125000
-0.004404 0.005980 10.125000
-0.004471 0.005787 10.125000
-0.004523 0.005589 10.125000
-0.004598 0.005399 10.125000
-0.004637 0.005199 10.125000
-0.004713 0.005009 10.125000
-0.004742 0.004807 10.125000
-0.004816 0.004616 10.125000
-0.004859 0.004416 10.125000
-0.004931 0.004225 10.125000
-0.004962 0.004023 10.125000
-0.005036 0.003833 10.125000
-0.005091 0.003636 10.125000
-0.005162 0.003444 10.125000
-0.005231 0.003252 10.125000
-0.005290 0.003056 10.125000
-0.005406 0.002888 10.125000
-0.005535 0.002729 10.125000
-0.005671 0.002576 10.125000
-0.005789 0.002409 10.125000
-0.005940 0.002271 10.125000
-0.006068 0.002113 10.125000
-0.006218 0.001973 10.125000
-0.006340 0.001809 10.125000
-0.006500 0.001682 10.125000
-0.006629 0.001524 10.125000
-0.006781 0.001388 10.125000
-0.006910 0.001229 10.125000
-0.007058 0.001088 10.125000
-0.007189 0.000931 10.125000
-0.007335 0.000788 10.125000
-0.007468 0.000632 10.125000
-0.007613 0.000488 10.125000
-0.007758 0.000344 10.125000
-0.007904 0.000202 10.125000
-0.007945 0.000002 10.125000
-0.007816 -0.000156 10.125000
-0.007691 -0.000318 10.125000
-0.007555 -0.000471 10.125000
-0.007423 -0.000627 10.125000
-0.007276 -0.000769 10.125000
-0.007138 -0.000919 10.125000
-0.006991 -0.001062 10.125000
-0.006866 -0.001224 10.125000
-0.006722 -0.001368 10.125000
-0.006591 -0.001525 10.125000
-0.006430 -0.001651 10.125000
-0.006297 -0.001806 10.125000
-0.006145 -0.001943 10.125000
-0.006012 -0.002098 10.125000
-0.005856 -0.002231 10.125000
-0.005741 -0.002400 10.125000
-0.005609 -0.002556 10.125000
-0.005505 -0.002732 10.125000
-0.005373 -0.002888 10.125000
-0.005287 -0.003073 10.125000
-0.005244 -0.003273 10.125000
-0.005156 -0.003458 10.125000
-0.005114 -0.003658 10.125000
-0.005029 -0.003843 10.125000
-0.004992 -0.004044 10.125000
-0.004923 -0.004237 10.125000
-0.004874 -0.004435 10.125000
-0.004799 -0.004625 10.125000
-0.004758 -0.004826 10.125000
-0.004692 -0.005019 10.125000
-0.004649 -0.005219 10.125000
-0.004577 -0.005410 10.125000
-0.004529 -0.005609 10.125000
-0.004454 -0.005799 10.125000
-0.004407 -0.005998 10.125000
-0.004338 -0.006190 10.125000
-0.004287 -0.006388 10.125000
-0.004230 -0.006585 10.125000
-0.004175 -0.006782 10.125000
-0.004012 -0.006905 10.125000
-0.003813 -0.006860 10.125000
-0.003613 -0.006819 10.125000
-0.003413 -0.006775 10.125000
-0.003213 -0.006733 10.125000
-0.003012 -0.006697 10.125000
-0.002815 -0.006641 10.125000
-0.002617 -0.006592 10.125000
-0.002422 -0.006531 10.125000
-0.002220 -0.006496 10.125000
-0.002021 -0.006453 10.125000
-0.001818 -0.006428 10.125000
-0.001621 -0.006374 10.125000
-0.001420 -0.006336 10.125000
-0.001221 -0.006289 10.125000
-0.001023 -0.006239 10.125000
-0.000825 -0.006189 10.125000
-0.000626 -0.006139 10.125000
-0.000423 -0.006115 10.125000
-0.000221 -0.006090 10.125000
-0.000019 -0.006125 10.125000
0.000177 -0.006181 10.125000
0.000381 -0.006201 10.125000
0.000576 -0.006261 10.125000
0.000779 -0.006290 10.125000
0.000975 -0.006347 10.125000
0.001172 -0.006402 10.125000
0.001372 -0.006445 10.125000
0.001570 -0.006494 10.125000
0.001770 -0.006536 10.125000
0.001965 -0.006596 10.125000
0.002167 -0.006632 10.125000
0.002362 -0.006691 10.125000
0.002564 -0.006726 10.125000
0.002762 -0.006775 10.125000
0.002962 -0.006818 10.125000
0.003161 -0.006862 10.125000
0.003361 -0.006906 10.125000
0.003559 -0.006956 10.125000
0.003759 -0.006998 10.125000
0.003943 -0.006909 10.125000
0.003995 -0.006711 10.125000
0.004053 -0.006515 10.125000
0.004114 -0.006320 10.125000
0.004166 -0.006123 10.125000
0.004237 -0.005931 10.125000
0.004286 -0.005733 10.125000
0.004354 -0.005540 10.125000
0.004385 -0.005338 10.125000
0.004462 -0.005148 10.125000
0.004502 -0.004948 10.125000
0.004584 -0.004760 10.125000
0.004646 -0.004566 10.125000
0.004723 -0.004376 10.125000
0.004783 -0.004181 10.125000
0.004837 -0.003984 10.125000
0.004923 -0.003798 10.125000
0.005067 -0.003654 10.125000
0.005119 -0.003456 10.125000
0.005179 -0.003261 10.125000
0.005269 -0.003077 10.125000
0.005409 -0.002928 10.125000
0.005538 -0.002770 10.125000
0.005672 -0.002616 10.125000
0.005811 -0.002465 10.125000
0.005940 -0.002307 10.125000
0.006097 -0.002176 10.125000
0.006229 -0.002020 10.125000
0.006379 -0.001881 10.125000
0.006506 -0.001721 10.125000
0.006666 -0.001594 10.125000
0.006791 -0.001432 10.125000
0.006947 -0.001300 10.125000
0.007073 -0.001139 10.125000
0.007221 -0.000999 10.125000
0.007352 -0.000842 10.125000
0.007494 -0.000694 10.125000
0.007626 -0.000538 10.125000
0.007769 -0.000392 10.125000
0.007902 -0.000237 10.125000
0.007916 -0.000033 10.125000

