0.008214 0.000001 11.772569
0.008076 0.000164 11.772569
0.007917 0.000309 11.772569
0.007769 0.000464 11.772569
0.007609 0.000606 11.772569
0.007463 0.000763 11.772569
0.007298 0.000899 11.772569
0.007167 0.001069 11.772569
0.007002 0.001205 11.772569
0.006871 0.001375 11.772569
0.006711 0.001518 11.772569
0.006565 0.001674 11.772569
0.006417 0.001829 11.772569
0.006281 0.001995 11.772569
0.006139 0.002155 11.772569
0.005984 0.002303 11.772569
0.005847 0.002468 11.772569
0.005704 0.002628 11.772569
0.005550 0.002776 11.772569
0.005443 0.002962 11.772569
0.005395 0.003171 11.772569
0.005311 0.003368 11.772569
0.005252 0.003574 11.772569
0.005202 0.003782 11.772569
0.005123 0.003981 11.772569
0.005079 0.004191 11.772569
0.005007 0.004393 11.772569
0.004966 0.004603 11.772569
0.004900 0.004807 11.772569
0.004825 0.005008 11.772569
0.004768 0.005214 11.772569
0.004693 0.005415 11.772569
0.004634 0.005621 11.772569
0.004555 0.005820 11.772569
0.004495 0.006026 11.772569
0.004405 0.006220 11.772569
0.004342 0.006425 11.772569
0.004248 0.006618 11.772569
0.004185 0.006822 11.772569
0.004097 0.007018 11.772569
0.003947 0.007170 11.772569
0.003747 0.007094 11.772569
0.003544 0.007026 11.772569
0.003343 0.006950 11.772569
0.003137 0.006891 11.772569
0.002933 0.006826 11.772569
0.002727 0.006766 11.772569
0.002518 0.006720 11.772569
0.002313 0.006657 11.772569
0.002105 0.006606 11.772569
0.001894 0.006571 11.772569
0.001693 0.006497 11.772569
0.001479 0.006481 11.772569
0.001302 0.006602 11.772569
0.001168 0.006769 11.772569
0.000984 0.006660 11.772569
0.000792 0.006566 11.772569
0.000591 0.006490 11.772569
0.000391 0.006413 11.772569
0.000185 0.006353 11.772569
-0.000020 0.006294 11.772569
-0.000228 0.006347 11.772569
-0.000427 0.006427 11.772569
-0.000632 0.006489 11.772569
-0.000822 0.006588 11.772569
-0.001020 0.006669 11.772569
-0.001127 0.006483 11.772569
-0.001333 0.006424 11.772569
-0.001546 0.006448 11.772569
-0.001751 0.006510 11.772569
-0.001956 0.006574 11.772569
-0.002167 0.006608 11.772569
-0.002369 0.006679 11.772569
-0.002581 0.006710 11.772569
-0.002788 0.006765 11.772569
-0.002994 0.006826 11.772569
-0.003201 0.006880 11.772569
-0.003399 0.006961 11.772569
-0.003605 0.007023 11.772569
-0.003796 0.007119 11.772569
-0.003995 0.007200 11.772569
-0.004159 0.007062 11.772569
-0.004242 0.006865 11.772569
-0.004305 0.006660 11.772569
-0.004405 0.006470 11.772569
-0.004470 0.006266 11.772569
-0.004571 0.006077 11.772569
-0.004629 0.005871 11.772569
-0.004718 0.005676 11.772569
-0.004771 0.005468 11.772569
-0.004851 0.005270 11.772569
-0.004903 0.005062 11.772569
-0.004984 0.004864 11.772569
-0.005031 0.004655 11.772569
-0.005091 0.004449 11.772569
-0.005160 0.004246 11.772569
-0.005208 0.004037 11.772569
-0.005285 0.003837 11.772569
-0.005304 0.003624 11.772569
-0.005393 0.003429 11.772569
-0.005426 0.003217 11.772569
-0.005510 0.003020 11.772569
-0.005669 0.002877 11.772569
-0.005797 0.002705 11.772569
-0.005963 0.002569 11.772569
-0.006097 0.002402 11.772569
-0.006241 0.002243 11.772569
-0.006400 0.002100 11.772569
-0.006540 0.001938 11.772569
-0.006695 0.001790 11.772569
-0.006825 0.001620 11.772569
-0.006988 0.001480 11.772569
-0.007118 0.001310 11.772569
-0.007281 0.001171 11.772569
-0.007416 0.001005 11.772569
-0.007581 0.000868 11.772569
-0.007724 0.000708 11.772569
-0.007886 0.000568 11.772569
-0.008024 0.000404 11.772569
-0.008176 0.000253 11.772569
-0.008223 0.000044 11.772569
-0.008069 -0.000105 11.772569
-0.007934 -0.000271 11.772569
-0.007787 -0.000427 11.772569
-0.007660 -0.000600 11.772569
-0.007516 -0.000758 11.772569
-0.007398 -0.000937 11.772569
-0.007253 -0.001095 11.772569
-0.007122 -0.001264 11.772569
-0.006959 -0.001404 11.772569
-0.006822 -0.001568 11.772569
-0.006672 -0.001722 11.772569
-0.006545 -0.001894 11.772569
-0.006381 -0.002032 11.772569
-0.006245 -0.002197 11.772569
-0.006087 -0.002342 11.772569
-0.005938 -0.002496 11.772569
-0.005792 -0.002653 11.772569
-0.005616 -0.002775 11.772569
-0.005508 -0.002960 11.772569
-0.005485 -0.003173 11.772569
-0.005395 -0.003368 11.772569
-0.005345 -0.003576 11.772569
-0.005292 -0.003784 11.772569
-0.005216 -0.003984 11.772569
-0.005178 -0.004195 11.772569
-0.005091 -0.004391 11.772569
-0.005066 -0.004603 11.772569
-0.004988 -0.004803 11.772569
-0.004938 -0.005012 11.772569
-0.004858 -0.005210 11.772569
-0.004809 -0.005419 11.772569
-0.004734 -0.005619 11.772569
-0.004688 -0.005829 11.772569
-0.004616 -0.006031 11.772569
-0.004571 -0.006240 11.772569
-0.004500 -0.006442 11.772569
-0.004453 -0.006651 11.772569
-0.004378 -0.006852 11.772569
-0.004339 -0.007063 11.772569
-0.004157 -0.007176 11.772569
-0.003948 -0.007129 11.772569
-0.003744 -0.007065 11.772569
-0.003534 -0.007022 11.772569
-0.003327 -0.006967 11.772569
-0.003117 -0.006926 11.772569
-0.002910 -0.006868 11.772569
-0.002698 -0.006838 11.772569
-0.002489 -0.006790 11.772569
-0.002279 -0.006751 11.772569
-0.002072 -0.006693 11.772569
-0.001867 -0.006632 11.772569
-0.001658 -0.006586 11.772569
-0.001448 -0.006542 11.772569
-0.001237 -0.006505 11.772569
-0.001027 -0.006464 11.772569
-0.000818 -0.006416 11.772569
-0.000605 -0.006392 11.772569
-0.000416 -0.006291 11.772569
-0.000202 -0.006272 11.772569
-0.000003 -0.006352 11.772569
0.000210 -0.006372 11.772569
0.000408 -0.006452 11.772569
0.000618 -0.006497 11.772569
0.000827 -0.006544 11.772569
0.001032 -0.006606 11.772569
0.001244 -0.006634 11.772569
0.001446 -0.006708 11.772569
0.001656 -0.006747 11.772569
0.001865 -0.006794 11.772569
0.002075 -0.006839 11.772569
0.002284 -0.006884 11.772569
0.002493 -0.006932 11.772569
0.002703 -0.006973 11.772569
0.002910 -0.007029 11.772569
0.003122 -0.007061 11.772569
0.003330 -0.007114 11.772569
0.003542 -0.007140 11.772569
0.003752 -0.007185 11.772569
0.003962 -0.007226 11.772569
0.004160 -0.007143 11.772569
0.004218 -0.006937 11.772569
0.004244 -0.006724 11.772569
0.004308 -0.006519 11.772569
0.004344 -0.006308 11.772569
0.004418 -0.006107 11.772569
0.004451 -0.005896 11.772569
0.004533 -0.005697 11.772569
0.004585 -0.005490 11.772569
0.004654 -0.005287 11.772569
0.004713 -0.005081 11.772569
0.004763 -0.004872 11.772569
0.004837 -0.004671 11.772569
0.004863 -0.004459 11.772569
0.004964 -0.004270 11.772569
0.004990 -0.004057 11.772569
0.005090 -0.003867 11.772569
0.005301 -0.003831 11.772569
0.005380 -0.003632 11.772569
0.005379 -0.003418 11.772569
0.005426 -0.003209 11.772569
0.005567 -0.003048 11.772569
0.005702 -0.002881 11.772569
0.005868 -0.002745 11.772569
0.006007 -0.002582 11.772569
0.006164 -0.002436 11.772569
0.006302 -0.002273 11.772569
0.006449 -0.002117 11.772569
0.006607 -0.001972 11.772569
0.006742 -0.001806 11.772569
0.006894 -0.001655 11.772569
0.007028 -0.001488 11.772569
0.007184 -0.001341 11.772569
0.007312 -0.001169 11.772569
0.007471 -0.001026 11.772569
0.007597 -0.000852 11.772569
0.007753 -0.000705 11.772569
0.007877 -0.000531 11.772569
0.008025 -0.000376 11.772569
0.008154 -0.000205 11.772569
0.008214 0.000001 11.772569

