0.006370 -0.000000 2.970486
0.006316 0.000152 2.970486
0.006215 0.000278 2.970486
0.006115 0.000404 2.970486
0.006016 0.000532 2.970486
0.005913 0.000657 2.970486
0.005809 0.000780 2.970486
0.005708 0.000906 2.970486
0.005612 0.001036 2.970486
0.005513 0.001163 2.970486
0.005408 0.001286 2.970486
0.005301 0.001407 2.970486
0.005200 0.001533 2.970486
0.005105 0.001663 2.970486
0.005010 0.001794 2.970486
0.004910 0.001920 2.970486
0.004805 0.002043 2.970486
0.004695 0.002162 2.970486
0.004589 0.002283 2.970486
0.004480 0.002402 2.970486
0.004380 0.002529 2.970486
0.004320 0.002679 2.970486
0.004271 0.002832 2.970486
0.004220 0.002986 2.970486
0.004171 0.003140 2.970486
0.004118 0.003292 2.970486
0.004059 0.003442 2.970486
0.003992 0.003589 2.970486
0.003927 0.003737 2.970486
0.003869 0.003888 2.970486
0.003817 0.004041 2.970486
0.003764 0.004193 2.970486
0.003703 0.004342 2.970486
0.003639 0.004490 2.970486
0.003579 0.004641 2.970486
0.003525 0.004793 2.970486
0.003468 0.004944 2.970486
0.003407 0.005093 2.970486
0.003348 0.005243 2.970486
0.003290 0.005394 2.970486
0.003185 0.005517 2.970486
0.003026 0.005546 2.970486
0.002867 0.005521 2.970486
0.002707 0.005498 2.970486
0.002547 0.005476 2.970486
0.002388 0.005449 2.970486
0.002229 0.005420 2.970486
0.002069 0.005396 2.970486
0.001909 0.005378 2.970486
0.001749 0.005356 2.970486
0.001590 0.005326 2.970486
0.001432 0.005295 2.970486
0.001273 0.005270 2.970486
0.001112 0.005252 2.970486
0.000952 0.005236 2.970486
0.000792 0.005212 2.970486
0.000633 0.005182 2.970486
0.000476 0.005147 2.970486
0.000317 0.005115 2.970486
0.000160 0.005081 2.970486
-0.000000 0.005058 2.970486
-0.000160 0.005081 2.970486
-0.000317 0.005115 2.970486
-0.000476 0.005147 2.970486
-0.000633 0.005182 2.970486
-0.000792 0.005212 2.970486
-0.000952 0.005236 2.970486
-0.001112 0.005252 2.970486
-0.001273 0.005270 2.970486
-0.001432 0.005295 2.970486
-0.001590 0.005326 2.970486
-0.001749 0.005356 2.970486
-0.001909 0.005378 2.970486
-0.002069 0.005396 2.970486
-0.002229 0.005420 2.970486
-0.002388 0.005449 2.970486
-0.002547 0.005476 2.970486
-0.002707 0.005498 2.970486
-0.002867 0.005521 2.970486
-0.003026 0.005546 2.970486
-0.003185 0.005517 2.970486
-0.003290 0.005394 2.970486
-0.003348 0.005243 2.970486
-0.003407 0.005093 2.970486
-0.003468 0.004944 2.970486
-0.003525 0.004793 2.970486
-0.003579 0.004641 2.970486
-0.003639 0.004490 2.970486
-0.003703 0.004342 2.970486
-0.003764 0.004193 2.970486
-0.003817 0.004041 2.970486
-0.003869 0.003888 2.970486
-0.003927 0.003737 2.970486
-0.003992 0.003589 2.970486
-0.004059 0.003442 2.970486
-0.004118 0.003292 2.970486
-0.004171 0.003140 2.970486
-0.004220 0.002986 2.970486
-0.004271 0.002832 2.970486
-0.004320 0.002679 2.970486
-0.004380 0.002529 2.970486
-0.004480 0.002402 2.970486
-0.004589 0.002283 2.970486
-0.004695 0.002162 2.970486
-0.004805 0.002043 2.970486
-0.004910 0.001920 2.970486
-0.005010 0.001794 2.970486
-0.005105 0.001663 2.970486
-0.005200 0.001533 2.970486
-0.005301 0.001407 2.970486
-0.005408 0.001286 2.970486
-0.005513 0.001163 2.970486
-0.005612 0.001036 2.970486
-0.005708 0.000906 2.970486
-0.005809 0.000780 2.970486
-0.005913 0.000657 2.970486
-0.006016 0.000532 2.970486
-0.006115 0.000404 2.970486
-0.006215 0.000278 2.970486
-0.006316 0.000152 2.970486
-0.006370 0.000000 2.970486
-0.006316 -0.000152 2.970486
-0.006215 -0.000278 2.970486
-0.006115 -0.000404 2.970486
-0.006016 -0.000532 2.970486
-0.005913 -0.000657 2.970486
-0.005809 -0.000780 2.970486
-0.005708 -0.000906 2.970486
-0.005612 -0.001036 2.970486
-0.005513 -0.001163 2.970486
-0.005408 -0.001286 2.970486
-0.005301 -0.001407 2.970486
-0.005200 -0.001533 2.970486
-0.005105 -0.001663 2.970486
-0.005010 -0.001794 2.970486
-0.004910 -0.001920 2.970486
-0.004805 -0.002043 2.970486
-0.004695 -0.002162 2.970486
-0.004589 -0.002283 2.970486
-0.004480 -0.002402 2.970486
-0.004380 -0.002529 2.970486
-0.004320 -0.002679 2.970486
-0.004271 -0.002832 2.970486
-0.004220 -0.002986 2.970486
-0.004171 -0.003140 2.970486
-0.004118 -0.003292 2.970486
-0.004059 -0.003442 2.970486
-0.003992 -0.003589 2.970486
-0.003927 -0.003737 2.970486
-0.003869 -0.003888 2.970486
-0.003817 -0.004041 2.970486
-0.003764 -0.004193 2.970486
-0.003703 -0.004342 2.970486
-0.003639 -0.004490 2.970486
-0.003579 -0.004641 2.970486
-0.003525 -0.004793 2.970486
-0.003468 -0.004944 2.970486
-0.003407 -0.005093 2.970486
-0.003348 -0.005243 2.970486
-0.003290 -0.005394 2.970486
-0.003185 -0.005517 2.970486
-0.003026 -0.005546 2.970486
-0.002867 -0.005521 2.970486
-0.002707 -0.005498 2.970486
-0.002547 -0.005476 2.970486
-0.002388 -0.005449 2.970486
-0.002229 -0.005420 2.970486
-0.002069 -0.005396 2.970486
-0.001909 -0.005378 2.970486
-0.001749 -0.005356 2.970486
-0.001590 -0.005326 2.970486
-0.001432 -0.005295 2.970486
-0.001273 -0.005270 2.970486
-0.001112 -0.005252 2.970486
-0.000952 -0.005236 2.970486
-0.000792 -0.005212 2.970486
-0.000633 -0.005182 2.970486
-0.000476 -0.005147 2.970486
-0.000317 -0.005115 2.970486
-0.000160 -0.005081 2.970486
0.000000 -0.005058 2.970486
0.000160 -0.005081 2.970486
0.000317 -0.005115 2.970486
0.000476 -0.005147 2.970486
0.000633 -0.005182 2.970486
0.000792 -0.005212 2.970486
0.000952 -0.005236 2.970486
0.001112 -0.005252 2.970486
0.001273 -0.005270 2.970486
0.001432 -0.005295 2.970486
0.001590 -0.005326 2.970486
0.001749 -0.005356 2.970486
0.001909 -0.005378 2.970486
0.002069 -0.005396 2.970486
0.002229 -0.005420 2.970486
0.002388 -0.005449 2.970486
0.002547 -0.005476 2.970486
0.002707 -0.005498 2.970486
0.002867 -0.005521 2.970486
0.003026 -0.005546 2.970486
0.003185 -0.005517 2.970486
0.003290 -0.005394 2.970486
0.003348 -0.005243 2.970486
0.003407 -0.005093 2.970486
0.003468 -0.004944 2.970486
0.003525 -0.004793 2.970486
0.003579 -0.004641 2.970486
0.003639 -0.004490 2.970486
0.003703 -0.004342 2.970486
0.003764 -0.004193 2.970486
0.003817 -0.004041 2.970486
0.003869 -0.003888 2.970486
0.003927 -0.003737 2.970486
0.003992 -0.003589 2.970486
0.004059 -0.003442 2.970486
0.004118 -0.003292 2.970486
0.004171 -0.003140 2.970486
0.004220 -0.002986 2.970486
0.004271 -0.002832 2.970486
0.004320 -0.002679 2.970486
0.004380 -0.002529 2.970486
0.004480 -0.002402 2.970486
0.004589 -0.002283 2.970486
0.004695 -0.002162 2.970486
0.004805 -0.002043 2.970486
0.004910 -0.001920 2.970486
0.005010 -0.001794 2.970486
0.005105 -0.001663 2.970486
0.005200 -0.001533 2.970486
0.005301 -0.001407 2.970486
0.005408 -0.001286 2.970486
0.005513 -0.001163 2.970486
0.005612 -0.001036 2.970486
0.005708 -0.000906 2.970486
0.005809 -0.000780 2.970486
0.005913 -0.000657 2.970486
0.006016 -0.000532 2.970486
0.006115 -0.000404 2.970486
0.006215 -0.000278 2.970486
0.006316 -0.000152 2.970486
0.006370 -0.000000 2.970486

