0.008035 -0.000006 10.732639
0.007881 0.000134 10.732639
0.007728 0.000276 10.732639
0.007584 0.000426 10.732639
0.007431 0.000568 10.732639
0.007292 0.000723 10.732639
0.007146 0.000871 10.732639
0.007011 0.001030 10.732639
0.006854 0.001166 10.732639
0.006725 0.001330 10.732639
0.006563 0.001461 10.732639
0.006443 0.001631 10.732639
0.006295 0.001778 10.732639
0.006157 0.001934 10.732639
0.006009 0.002080 10.732639
0.005879 0.002243 10.732639
0.005747 0.002404 10.732639
0.005614 0.002564 10.732639
0.005505 0.002741 10.732639
0.005380 0.002908 10.732639
0.005298 0.003099 10.732639
0.005235 0.003298 10.732639
0.005142 0.003484 10.732639
0.005090 0.003686 10.732639
0.005016 0.003881 10.732639
0.004963 0.004082 10.732639
0.004898 0.004280 10.732639
0.004830 0.004477 10.732639
0.004791 0.004681 10.732639
0.004727 0.004879 10.732639
0.004676 0.005081 10.732639
0.004601 0.005276 10.732639
0.004553 0.005478 10.732639
0.004473 0.005670 10.732639
0.004426 0.005873 10.732639
0.004347 0.006066 10.732639
0.004292 0.006267 10.732639
0.004215 0.006460 10.732639
0.004145 0.006656 10.732639
0.004064 0.006848 10.732639
0.003893 0.006967 10.732639
0.003700 0.006888 10.732639
0.003501 0.006828 10.732639
0.003303 0.006764 10.732639
0.003101 0.006712 10.732639
0.002901 0.006654 10.732639
0.002698 0.006609 10.732639
0.002497 0.006556 10.732639
0.002294 0.006507 10.732639
0.002089 0.006471 10.732639
0.001889 0.006414 10.732639
0.001685 0.006370 10.732639
0.001481 0.006330 10.732639
0.001286 0.006403 10.732639
0.001139 0.006550 10.732639
0.000974 0.006423 10.732639
0.000777 0.006355 10.732639
0.000578 0.006292 10.732639
0.000378 0.006235 10.732639
0.000175 0.006191 10.732639
-0.000029 0.006145 10.732639
-0.000234 0.006180 10.732639
-0.000432 0.006244 10.732639
-0.000633 0.006297 10.732639
-0.000831 0.006364 10.732639
-0.000999 0.006486 10.732639
-0.001140 0.006332 10.732639
-0.001345 0.006293 10.732639
-0.001547 0.006345 10.732639
-0.001754 0.006361 10.732639
-0.001952 0.006425 10.732639
-0.002157 0.006461 10.732639
-0.002358 0.006517 10.732639
-0.002558 0.006576 10.732639
-0.002763 0.006612 10.732639
-0.002964 0.006667 10.732639
-0.003169 0.006704 10.732639
-0.003366 0.006771 10.732639
-0.003567 0.006825 10.732639
-0.003763 0.006895 10.732639
-0.003952 0.006984 10.732639
-0.004133 0.006882 10.732639
-0.004220 0.006692 10.732639
-0.004296 0.006499 10.732639
-0.004375 0.006306 10.732639
-0.004437 0.006107 10.732639
-0.004516 0.005915 10.732639
-0.004562 0.005712 10.732639
-0.004644 0.005520 10.732639
-0.004685 0.005316 10.732639
-0.004766 0.005124 10.732639
-0.004806 0.004920 10.732639
-0.004876 0.004724 10.732639
-0.004914 0.004519 10.732639
-0.004992 0.004326 10.732639
-0.005034 0.004122 10.732639
-0.005094 0.003923 10.732639
-0.005153 0.003723 10.732639
-0.005207 0.003522 10.732639
-0.005290 0.003331 10.732639
-0.005324 0.003126 10.732639
-0.005423 0.002943 10.732639
-0.005573 0.002798 10.732639
-0.005701 0.002633 10.732639
-0.005837 0.002476 10.732639
-0.005992 0.002337 10.732639
-0.006121 0.002173 10.732639
-0.006271 0.002029 10.732639
-0.006402 0.001867 10.732639
-0.006566 0.001739 10.732639
-0.006693 0.001574 10.732639
-0.006849 0.001436 10.732639
-0.006978 0.001272 10.732639
-0.007130 0.001130 10.732639
-0.007262 0.000969 10.732639
-0.007413 0.000826 10.732639
-0.007550 0.000669 10.732639
-0.007706 0.000531 10.732639
-0.007851 0.000382 10.732639
-0.008001 0.000237 10.732639
-0.008047 0.000034 10.732639
-0.007911 -0.000124 10.732639
-0.007787 -0.000291 10.732639
-0.007652 -0.000449 10.732639
-0.007528 -0.000617 10.732639
-0.007387 -0.000770 10.732639
-0.007254 -0.000930 10.732639
-0.007097 -0.001066 10.732639
-0.006964 -0.001226 10.732639
-0.006815 -0.001372 10.732639
-0.006692 -0.001540 10.732639
-0.006537 -0.001680 10.732639
-0.006398 -0.001835 10.732639
-0.006240 -0.001970 10.732639
-0.006109 -0.002132 10.732639
-0.005945 -0.002260 10.732639
-0.005811 -0.002420 10.732639
-0.005663 -0.002566 10.732639
-0.005542 -0.002736 10.732639
-0.005424 -0.002907 10.732639
-0.005359 -0.003105 10.732639
-0.005304 -0.003306 10.732639
-0.005218 -0.003496 10.732639
-0.005179 -0.003700 10.732639
-0.005096 -0.003891 10.732639
-0.005069 -0.004098 10.732639
-0.004990 -0.004290 10.732639
-0.004942 -0.004493 10.732639
-0.004872 -0.004689 10.732639
-0.004833 -0.004893 10.732639
-0.004761 -0.005089 10.732639
-0.004712 -0.005291 10.732639
-0.004637 -0.005485 10.732639
-0.004587 -0.005687 10.732639
-0.004514 -0.005882 10.732639
-0.004469 -0.006086 10.732639
-0.004398 -0.006281 10.732639
-0.004355 -0.006485 10.732639
-0.004291 -0.006683 10.732639
-0.004235 -0.006884 10.732639
-0.004066 -0.007005 10.732639
-0.003864 -0.006954 10.732639
-0.003661 -0.006908 10.732639
-0.003457 -0.006868 10.732639
-0.003255 -0.006815 10.732639
-0.003050 -0.006782 10.732639
-0.002847 -0.006736 10.732639
-0.002642 -0.006697 10.732639
-0.002445 -0.006631 10.732639
-0.002241 -0.006586 10.732639
-0.002042 -0.006527 10.732639
-0.001836 -0.006498 10.732639
-0.001631 -0.006459 10.732639
-0.001427 -0.006417 10.732639
-0.001223 -0.006376 10.732639
-0.001020 -0.006329 10.732639
-0.000817 -0.006284 10.732639
-0.000617 -0.006225 10.732639
-0.000417 -0.006169 10.732639
-0.000209 -0.006154 10.732639
-0.000010 -0.006216 10.732639
0.000195 -0.006251 10.732639
0.000401 -0.006285 10.732639
0.000598 -0.006350 10.732639
0.000804 -0.006382 10.732639
0.000999 -0.006456 10.732639
0.001203 -0.006495 10.732639
0.001407 -0.006540 10.732639
0.001608 -0.006592 10.732639
0.001811 -0.006640 10.732639
0.002012 -0.006693 10.732639
0.002217 -0.006730 10.732639
0.002418 -0.006786 10.732639
0.002623 -0.006818 10.732639
0.002824 -0.006875 10.732639
0.003029 -0.006913 10.732639
0.003231 -0.006963 10.732639
0.003434 -0.007007 10.732639
0.003638 -0.007051 10.732639
0.003843 -0.007086 10.732639
0.004029 -0.006993 10.732639
0.004073 -0.006789 10.732639
0.004121 -0.006586 10.732639
0.004186 -0.006389 10.732639
0.004231 -0.006185 10.732639
0.004303 -0.005990 10.732639
0.004353 -0.005788 10.732639
0.004431 -0.005595 10.732639
0.004462 -0.005389 10.732639
0.004536 -0.005194 10.732639
0.004577 -0.004990 10.732639
0.004646 -0.004794 10.732639
0.004709 -0.004595 10.732639
0.004779 -0.004399 10.732639
0.004863 -0.004209 10.732639
0.004901 -0.004004 10.732639
0.004997 -0.003819 10.732639
0.005169 -0.003702 10.732639
0.005215 -0.003499 10.732639
0.005239 -0.003293 10.732639
0.005327 -0.003104 10.732639
0.005481 -0.002963 10.732639
0.005606 -0.002797 10.732639
0.005753 -0.002649 10.732639
0.005891 -0.002494 10.732639
0.006037 -0.002344 10.732639
0.006191 -0.002205 10.732639
0.006321 -0.002042 10.732639
0.006474 -0.001901 10.732639
0.006610 -0.001743 10.732639
0.006767 -0.001607 10.732639
0.006893 -0.001441 10.732639
0.007052 -0.001306 10.732639
0.007176 -0.001139 10.732639
0.007330 -0.000999 10.732639
0.007458 -0.000834 10.732639
0.007606 -0.000688 10.732639
0.007739 -0.000528 10.732639
0.007881 -0.000376 10.732639
0.008010 -0.000212 10.732639
0.008035 -0.000006 10.732639

