0.007013 -0.000028 6.296875
0.006914 0.000119 6.296875
0.006824 0.000272 6.296875
0.006730 0.000423 6.296875
0.006629 0.000568 6.296875
0.006528 0.000714 6.296875
0.006423 0.000857 6.296875
0.006318 0.001000 6.296875
0.006207 0.001138 6.296875
0.006095 0.001276 6.296875
0.005991 0.001419 6.296875
0.005881 0.001558 6.296875
0.005768 0.001695 6.296875
0.005656 0.001833 6.296875
0.005544 0.001971 6.296875
0.005439 0.002113 6.296875
0.005330 0.002253 6.296875
0.005213 0.002386 6.296875
0.005100 0.002524 6.296875
0.004995 0.002666 6.296875
0.004883 0.002804 6.296875
0.004815 0.002968 6.296875
0.004746 0.003131 6.296875
0.004682 0.003296 6.296875
0.004625 0.003465 6.296875
0.004560 0.003629 6.296875
0.004489 0.003792 6.296875
0.004425 0.003957 6.296875
0.004361 0.004123 6.296875
0.004300 0.004289 6.296875
0.004235 0.004454 6.296875
0.004164 0.004617 6.296875
0.004100 0.004782 6.296875
0.004037 0.004948 6.296875
0.003968 0.005112 6.296875
0.003900 0.005275 6.296875
0.003828 0.005437 6.296875
0.003761 0.005602 6.296875
0.003690 0.005764 6.296875
0.003618 0.005926 6.296875
0.003508 0.006066 6.296875
0.003332 0.006080 6.296875
0.003155 0.006068 6.296875
0.002978 0.006053 6.296875
0.002802 0.006031 6.296875
0.002625 0.006014 6.296875
0.002450 0.005992 6.296875
0.002273 0.005970 6.296875
0.002098 0.005942 6.296875
0.001923 0.005915 6.296875
0.001747 0.005895 6.296875
0.001571 0.005869 6.296875
0.001397 0.005840 6.296875
0.001221 0.005812 6.296875
0.001046 0.005785 6.296875
0.000870 0.005765 6.296875
0.000694 0.005739 6.296875
0.000521 0.005704 6.296875
0.000345 0.005677 6.296875
0.000169 0.005655 6.296875
-0.000006 0.005631 6.296875
-0.000182 0.005657 6.296875
-0.000358 0.005678 6.296875
-0.000533 0.005706 6.296875
-0.000707 0.005741 6.296875
-0.000883 0.005766 6.296875
-0.001059 0.005786 6.296875
-0.001234 0.005813 6.296875
-0.001409 0.005842 6.296875
-0.001584 0.005871 6.296875
-0.001760 0.005897 6.296875
-0.001936 0.005916 6.296875
-0.002111 0.005943 6.296875
-0.002286 0.005970 6.296875
-0.002463 0.005990 6.296875
-0.002639 0.006010 6.296875
-0.002816 0.006023 6.296875
-0.002992 0.006038 6.296875
-0.003170 0.006045 6.296875
-0.003347 0.006049 6.296875
-0.003523 0.006069 6.296875
-0.003654 0.005949 6.296875
-0.003711 0.005781 6.296875
-0.003772 0.005615 6.296875
-0.003834 0.005448 6.296875
-0.003902 0.005284 6.296875
-0.003968 0.005120 6.296875
-0.004036 0.004956 6.296875
-0.004098 0.004790 6.296875
-0.004161 0.004624 6.296875
-0.004232 0.004462 6.296875
-0.004297 0.004297 6.296875
-0.004359 0.004130 6.296875
-0.004422 0.003965 6.296875
-0.004486 0.003799 6.296875
-0.004557 0.003637 6.296875
-0.004623 0.003472 6.296875
-0.004679 0.003304 6.296875
-0.004743 0.003138 6.296875
-0.004812 0.002975 6.296875
-0.004879 0.002811 6.296875
-0.004990 0.002672 6.296875
-0.005096 0.002530 6.296875
-0.005208 0.002392 6.296875
-0.005325 0.002259 6.296875
-0.005434 0.002120 6.296875
-0.005540 0.001977 6.296875
-0.005651 0.001839 6.296875
-0.005763 0.001701 6.296875
-0.005876 0.001565 6.296875
-0.005986 0.001426 6.296875
-0.006091 0.001283 6.296875
-0.006203 0.001145 6.296875
-0.006315 0.001008 6.296875
-0.006422 0.000866 6.296875
-0.006530 0.000725 6.296875
-0.006635 0.000582 6.296875
-0.006744 0.000443 6.296875
-0.006851 0.000301 6.296875
-0.006959 0.000161 6.296875
-0.007006 -0.000010 6.296875
-0.006915 -0.000162 6.296875
-0.006821 -0.000312 6.296875
-0.006720 -0.000459 6.296875
-0.006614 -0.000601 6.296875
-0.006511 -0.000745 6.296875
-0.006404 -0.000887 6.296875
-0.006298 -0.001028 6.296875
-0.006186 -0.001166 6.296875
-0.006075 -0.001304 6.296875
-0.005970 -0.001447 6.296875
-0.005859 -0.001586 6.296875
-0.005746 -0.001722 6.296875
-0.005634 -0.001860 6.296875
-0.005523 -0.001999 6.296875
-0.005418 -0.002141 6.296875
-0.005307 -0.002280 6.296875
-0.005190 -0.002413 6.296875
-0.005080 -0.002552 6.296875
-0.004972 -0.002693 6.296875
-0.004866 -0.002835 6.296875
-0.004803 -0.003001 6.296875
-0.004732 -0.003163 6.296875
-0.004670 -0.003329 6.296875
-0.004613 -0.003497 6.296875
-0.004547 -0.003662 6.296875
-0.004476 -0.003824 6.296875
-0.004412 -0.003990 6.296875
-0.004349 -0.004156 6.296875
-0.004288 -0.004322 6.296875
-0.004222 -0.004487 6.296875
-0.004151 -0.004649 6.296875
-0.004089 -0.004816 6.296875
-0.004027 -0.004981 6.296875
-0.003959 -0.005146 6.296875
-0.003894 -0.005311 6.296875
-0.003828 -0.005475 6.296875
-0.003769 -0.005642 6.296875
-0.003710 -0.005810 6.296875
-0.003652 -0.005977 6.296875
-0.003514 -0.006088 6.296875
-0.003341 -0.006051 6.296875
-0.003164 -0.006039 6.296875
-0.002987 -0.006032 6.296875
-0.002810 -0.006019 6.296875
-0.002633 -0.006007 6.296875
-0.002456 -0.005988 6.296875
-0.002280 -0.005969 6.296875
-0.002105 -0.005942 6.296875
-0.001929 -0.005915 6.296875
-0.001753 -0.005896 6.296875
-0.001578 -0.005870 6.296875
-0.001403 -0.005841 6.296875
-0.001228 -0.005813 6.296875
-0.001052 -0.005785 6.296875
-0.000876 -0.005766 6.296875
-0.000701 -0.005740 6.296875
-0.000527 -0.005705 6.296875
-0.000352 -0.005678 6.296875
-0.000176 -0.005656 6.296875
0.000000 -0.005631 6.296875
0.000176 -0.005656 6.296875
0.000352 -0.005678 6.296875
0.000527 -0.005705 6.296875
0.000701 -0.005740 6.296875
0.000876 -0.005766 6.296875
0.001053 -0.005786 6.296875
0.001228 -0.005813 6.296875
0.001403 -0.005841 6.296875
0.001578 -0.005871 6.296875
0.001753 -0.005897 6.296875
0.001929 -0.005917 6.296875
0.002104 -0.005946 6.296875
0.002279 -0.005975 6.296875
0.002455 -0.005999 6.296875
0.002630 -0.006025 6.296875
0.002806 -0.006050 6.296875
0.002980 -0.006083 6.296875
0.003154 -0.006118 6.296875
0.003328 -0.006156 6.296875
0.003496 -0.006100 6.296875
0.003558 -0.005933 6.296875
0.003637 -0.005775 6.296875
0.003720 -0.005618 6.296875
0.003798 -0.005459 6.296875
0.003877 -0.005300 6.296875
0.003950 -0.005138 6.296875
0.004021 -0.004976 6.296875
0.004087 -0.004811 6.296875
0.004150 -0.004646 6.296875
0.004222 -0.004483 6.296875
0.004288 -0.004319 6.296875
0.004350 -0.004153 6.296875
0.004413 -0.003987 6.296875
0.004477 -0.003821 6.296875
0.004548 -0.003659 6.296875
0.004614 -0.003494 6.296875
0.004671 -0.003326 6.296875
0.004734 -0.003160 6.296875
0.004804 -0.002998 6.296875
0.004867 -0.002832 6.296875
0.004974 -0.002690 6.296875
0.005081 -0.002549 6.296875
0.005192 -0.002410 6.296875
0.005309 -0.002278 6.296875
0.005420 -0.002139 6.296875
0.005525 -0.001996 6.296875
0.005636 -0.001858 6.296875
0.005748 -0.001720 6.296875
0.005861 -0.001583 6.296875
0.005972 -0.001445 6.296875
0.006077 -0.001302 6.296875
0.006189 -0.001164 6.296875
0.006301 -0.001027 6.296875
0.006409 -0.000887 6.296875
0.006519 -0.000747 6.296875
0.006626 -0.000606 6.296875
0.006739 -0.000469 6.296875
0.006852 -0.000333 6.296875
0.006969 -0.000199 6.296875
0.007013 -0.000028 6.296875

