0.006319 -0.000000 2.718750
0.006265 0.000151 2.718750
0.006166 0.000276 2.718750
0.006067 0.000402 2.718750
0.005965 0.000525 2.718750
0.005862 0.000648 2.718750
0.005764 0.000774 2.718750
0.005668 0.000903 2.718750
0.005568 0.001027 2.718750
0.005462 0.001148 2.718750
0.005358 0.001269 2.718750
0.005260 0.001396 2.718750
0.005167 0.001526 2.718750
0.005071 0.001654 2.718750
0.004969 0.001777 2.718750
0.004862 0.001896 2.718750
0.004754 0.002015 2.718750
0.004647 0.002134 2.718750
0.004544 0.002257 2.718750
0.004445 0.002382 2.718750
0.004354 0.002514 2.718750
0.004285 0.002658 2.718750
0.004226 0.002807 2.718750
0.004171 0.002957 2.718750
0.004122 0.003110 2.718750
0.004073 0.003262 2.718750
0.004024 0.003414 2.718750
0.003968 0.003565 2.718750
0.003905 0.003712 2.718750
0.003839 0.003858 2.718750
0.003778 0.004005 2.718750
0.003725 0.004157 2.718750
0.003674 0.004308 2.718750
0.003616 0.004457 2.718750
0.003552 0.004604 2.718750
0.003492 0.004753 2.718750
0.003437 0.004903 2.718750
0.003381 0.005053 2.718750
0.003322 0.005202 2.718750
0.003263 0.005351 2.718750
0.003160 0.005472 2.718750
0.003002 0.005501 2.718750
0.002844 0.005478 2.718750
0.002685 0.005455 2.718750
0.002528 0.005428 2.718750
0.002370 0.005400 2.718750
0.002211 0.005379 2.718750
0.002052 0.005360 2.718750
0.001894 0.005336 2.718750
0.001737 0.005304 2.718750
0.001580 0.005275 2.718750
0.001421 0.005254 2.718750
0.001262 0.005238 2.718750
0.001103 0.005219 2.718750
0.000945 0.005192 2.718750
0.000789 0.005159 2.718750
0.000632 0.005124 2.718750
0.000476 0.005091 2.718750
0.000318 0.005064 2.718750
0.000160 0.005040 2.718750
-0.000000 0.005027 2.718750
-0.000160 0.005040 2.718750
-0.000318 0.005064 2.718750
-0.000476 0.005091 2.718750
-0.000632 0.005124 2.718750
-0.000789 0.005159 2.718750
-0.000945 0.005192 2.718750
-0.001103 0.005219 2.718750
-0.001262 0.005238 2.718750
-0.001421 0.005254 2.718750
-0.001580 0.005275 2.718750
-0.001737 0.005304 2.718750
-0.001894 0.005336 2.718750
-0.002052 0.005360 2.718750
-0.002211 0.005379 2.718750
-0.002370 0.005400 2.718750
-0.002528 0.005428 2.718750
-0.002685 0.005455 2.718750
-0.002844 0.005478 2.718750
-0.003002 0.005501 2.718750
-0.003160 0.005472 2.718750
-0.003263 0.005351 2.718750
-0.003322 0.005202 2.718750
-0.003381 0.005053 2.718750
-0.003437 0.004903 2.718750
-0.003492 0.004753 2.718750
-0.003552 0.004604 2.718750
-0.003616 0.004457 2.718750
-0.003674 0.004308 2.718750
-0.003725 0.004157 2.718750
-0.003778 0.004005 2.718750
-0.003839 0.003858 2.718750
-0.003905 0.003712 2.718750
-0.003968 0.003565 2.718750
-0.004024 0.003414 2.718750
-0.004073 0.003262 2.718750
-0.004122 0.003110 2.718750
-0.004171 0.002957 2.718750
-0.004226 0.002807 2.718750
-0.004285 0.002658 2.718750
-0.004354 0.002514 2.718750
-0.004445 0.002382 2.718750
-0.004544 0.002257 2.718750
-0.004647 0.002134 2.718750
-0.004754 0.002015 2.718750
-0.004862 0.001896 2.718750
-0.004969 0.001777 2.718750
-0.005071 0.001654 2.718750
-0.005167 0.001526 2.718750
-0.005260 0.001396 2.718750
-0.005358 0.001269 2.718750
-0.005462 0.001148 2.718750
-0.005568 0.001027 2.718750
-0.005668 0.000903 2.718750
-0.005764 0.000774 2.718750
-0.005862 0.000648 2.718750
-0.005965 0.000525 2.718750
-0.006067 0.000402 2.718750
-0.006166 0.000276 2.718750
-0.006265 0.000151 2.718750
-0.006319 0.000000 2.718750
-0.006265 -0.000151 2.718750
-0.006166 -0.000276 2.718750
-0.006067 -0.000402 2.718750
-0.005965 -0.000525 2.718750
-0.005862 -0.000648 2.718750
-0.005764 -0.000774 2.718750
-0.005668 -0.000903 2.718750
-0.005568 -0.001027 2.718750
-0.005462 -0.001148 2.718750
-0.005358 -0.001269 2.718750
-0.005260 -0.001396 2.718750
-0.005167 -0.001526 2.718750
-0.005071 -0.001654 2.718750
-0.004969 -0.001777 2.718750
-0.004862 -0.001896 2.718750
-0.004754 -0.002015 2.718750
-0.004647 -0.002134 2.718750
-0.004544 -0.002257 2.718750
-0.004445 -0.002382 2.718750
-0.004354 -0.002514 2.718750
-0.004285 -0.002658 2.718750
-0.004226 -0.002807 2.718750
-0.004171 -0.002957 2.718750
-0.004122 -0.003110 2.718750
-0.004073 -0.003262 2.718750
-0.004024 -0.003414 2.718750
-0.003968 -0.003565 2.718750
-0.003905 -0.003712 2.718750
-0.003839 -0.003858 2.718750
-0.003778 -0.004005 2.718750
-0.003725 -0.004157 2.718750
-0.003674 -0.004308 2.718750
-0.003616 -0.004457 2.718750
-0.003552 -0.004604 2.718750
-0.003492 -0.004753 2.718750
-0.003437 -0.004903 2.718750
-0.003381 -0.005053 2.718750
-0.003322 -0.005202 2.718750
-0.003263 -0.005351 2.718750
-0.003160 -0.005472 2.718750
-0.003002 -0.005501 2.718750
-0.002844 -0.005478 2.718750
-0.002685 -0.005455 2.718750
-0.002528 -0.005428 2.718750
-0.002370 -0.005400 2.718750
-0.002211 -0.005379 2.718750
-0.002052 -0.005360 2.718750
-0.001894 -0.005336 2.718750
-0.001737 -0.005304 2.718750
-0.001580 -0.005275 2.718750
-0.001421 -0.005254 2.718750
-0.001262 -0.005238 2.718750
-0.001103 -0.005219 2.718750
-0.000945 -0.005192 2.718750
-0.000789 -0.005159 2.718750
-0.000632 -0.005124 2.718750
-0.000476 -0.005091 2.718750
-0.000318 -0.005064 2.718750
-0.000160 -0.005040 2.718750
0.000000 -0.005027 2.718750
0.000160 -0.005040 2.718750
0.000318 -0.005064 2.718750
0.000476 -0.005091 2.718750
0.000632 -0.005124 2.718750
0.000789 -0.005159 2.718750
0.000945 -0.005192 2.718750
0.001103 -0.005219 2.718750
0.001262 -0.005238 2.718750
0.001421 -0.005254 2.718750
0.001580 -0.005275 2.718750
0.001737 -0.005304 2.718750
0.001894 -0.005336 2.718750
0.002052 -0.005360 2.718750
0.002211 -0.005379 2.718750
0.002370 -0.005400 2.718750
0.002528 -0.005428 2.718750
0.002685 -0.005455 2.718750
0.002844 -0.005478 2.718750
0.003002 -0.005501 2.718750
0.003160 -0.005472 2.718750
0.003263 -0.005351 2.718750
0.003322 -0.005202 2.718750
0.003381 -0.005053 2.718750
0.003437 -0.004903 2.718750
0.003492 -0.004753 2.718750
0.003552 -0.004604 2.718750
0.003616 -0.004457 2.718750
0.003674 -0.004308 2.718750
0.003725 -0.004157 2.718750
0.003778 -0.004005 2.718750
0.003839 -0.003858 2.718750
0.003905 -0.003712 2.718750
0.003968 -0.003565 2.718750
0.004024 -0.003414 2.718750
0.004073 -0.003262 2.718750
0.004122 -0.003110 2.718750
0.004171 -0.002957 2.718750
0.004226 -0.002807 2.718750
0.004285 -0.002658 2.718750
0.004354 -0.002514 2.718750
0.004445 -0.002382 2.718750
0.004544 -0.002257 2.718750
0.004647 -0.002134 2.718750
0.004754 -0.002015 2.718750
0.004862 -0.001896 2.718750
0.004969 -0.001777 2.718750
0.005071 -0.001654 2.718750
0.005167 -0.001526 2.718750
0.005260 -0.001396 2.718750
0.005358 -0.001269 2.718750
0.005462 -0.001148 2.718750
0.005568 -0.001027 2.718750
0.005668 -0.000903 2.718750
0.005764 -0.000774 2.718750
0.005862 -0.000648 2.718750
0.005965 -0.000525 2.718750
0.006067 -0.000402 2.718750
0.006166 -0.000276 2.718750
0.006265 -0.000151 2.718750
0.006319 -0.000000 2.718750

