0.007545 -0.000082 8.357639
0.007412 0.000057 8.357639
0.007280 0.000198 8.357639
0.007148 0.000339 8.357639
0.007015 0.000478 8.357639
0.006889 0.000624 8.357639
0.006764 0.000771 8.357639
0.006635 0.000914 8.357639
0.006506 0.001057 8.357639
0.006383 0.001206 8.357639
0.006260 0.001354 8.357639
0.006150 0.001512 8.357639
0.006037 0.001669 8.357639
0.005949 0.001840 8.357639
0.005833 0.001994 8.357639
0.005734 0.002160 8.357639
0.005608 0.002305 8.357639
0.005508 0.002470 8.357639
0.005387 0.002620 8.357639
0.005279 0.002780 8.357639
0.005150 0.002923 8.357639
0.005068 0.003098 8.357639
0.005010 0.003281 8.357639
0.004924 0.003454 8.357639
0.004856 0.003634 8.357639
0.004772 0.003808 8.357639
0.004714 0.003992 8.357639
0.004620 0.004160 8.357639
0.004555 0.004342 8.357639
0.004478 0.004518 8.357639
0.004415 0.004701 8.357639
0.004345 0.004880 8.357639
0.004286 0.005064 8.357639
0.004226 0.005247 8.357639
0.004178 0.005434 8.357639
0.004126 0.005619 8.357639
0.004070 0.005804 8.357639
0.004019 0.005990 8.357639
0.003962 0.006174 8.357639
0.003904 0.006358 8.357639
0.003753 0.006478 8.357639
0.003566 0.006430 8.357639
0.003378 0.006388 8.357639
0.003190 0.006347 8.357639
0.003003 0.006301 8.357639
0.002815 0.006258 8.357639
0.002627 0.006215 8.357639
0.002439 0.006171 8.357639
0.002248 0.006142 8.357639
0.002057 0.006121 8.357639
0.001864 0.006111 8.357639
0.001672 0.006094 8.357639
0.001480 0.006086 8.357639
0.001288 0.006064 8.357639
0.001095 0.006070 8.357639
0.000907 0.006029 8.357639
0.000714 0.006019 8.357639
0.000524 0.005988 8.357639
0.000332 0.005977 8.357639
0.000144 0.005935 8.357639
-0.000049 0.005920 8.357639
-0.000237 0.005962 8.357639
-0.000429 0.005975 8.357639
-0.000619 0.006006 8.357639
-0.000812 0.006008 8.357639
-0.001001 0.006046 8.357639
-0.001194 0.006045 8.357639
-0.001386 0.006065 8.357639
-0.001579 0.006066 8.357639
-0.001769 0.006096 8.357639
-0.001961 0.006116 8.357639
-0.002150 0.006152 8.357639
-0.002340 0.006184 8.357639
-0.002530 0.006218 8.357639
-0.002720 0.006249 8.357639
-0.002911 0.006276 8.357639
-0.003101 0.006312 8.357639
-0.003287 0.006361 8.357639
-0.003475 0.006406 8.357639
-0.003662 0.006451 8.357639
-0.003850 0.006496 8.357639
-0.003999 0.006374 8.357639
-0.004056 0.006190 8.357639
-0.004111 0.006005 8.357639
-0.004163 0.005819 8.357639
-0.004219 0.005635 8.357639
-0.004269 0.005448 8.357639
-0.004318 0.005262 8.357639
-0.004375 0.005078 8.357639
-0.004429 0.004893 8.357639
-0.004486 0.004709 8.357639
-0.004539 0.004523 8.357639
-0.004604 0.004342 8.357639
-0.004659 0.004157 8.357639
-0.004745 0.003984 8.357639
-0.004791 0.003797 8.357639
-0.004875 0.003624 8.357639
-0.004935 0.003440 8.357639
-0.005022 0.003269 8.357639
-0.005075 0.003083 8.357639
-0.005161 0.002910 8.357639
-0.005294 0.002771 8.357639
-0.005400 0.002611 8.357639
-0.005528 0.002466 8.357639
-0.005629 0.002302 8.357639
-0.005765 0.002165 8.357639
-0.005869 0.002003 8.357639
-0.005993 0.001855 8.357639
-0.006107 0.001700 8.357639
-0.006241 0.001561 8.357639
-0.006362 0.001411 8.357639
-0.006493 0.001270 8.357639
-0.006620 0.001125 8.357639
-0.006753 0.000985 8.357639
-0.006888 0.000848 8.357639
-0.007020 0.000707 8.357639
-0.007151 0.000566 8.357639
-0.007286 0.000428 8.357639
-0.007417 0.000286 8.357639
-0.007547 0.000144 8.357639
-0.007576 -0.000046 8.357639
-0.007439 -0.000182 8.357639
-0.007307 -0.000323 8.357639
-0.007181 -0.000469 8.357639
-0.007052 -0.000612 8.357639
-0.006920 -0.000753 8.357639
-0.006782 -0.000887 8.357639
-0.006639 -0.001016 8.357639
-0.006506 -0.001156 8.357639
-0.006373 -0.001295 8.357639
-0.006254 -0.001447 8.357639
-0.006129 -0.001594 8.357639
-0.006021 -0.001754 8.357639
-0.005903 -0.001907 8.357639
-0.005812 -0.002076 8.357639
-0.005686 -0.002223 8.357639
-0.005578 -0.002382 8.357639
-0.005458 -0.002533 8.357639
-0.005353 -0.002694 8.357639
-0.005223 -0.002837 8.357639
-0.005114 -0.002996 8.357639
-0.005059 -0.003181 8.357639
-0.004978 -0.003356 8.357639
-0.004914 -0.003538 8.357639
-0.004832 -0.003712 8.357639
-0.004782 -0.003898 8.357639
-0.004704 -0.004075 8.357639
-0.004645 -0.004259 8.357639
-0.004571 -0.004437 8.357639
-0.004528 -0.004624 8.357639
-0.004461 -0.004805 8.357639
-0.004410 -0.004991 8.357639
-0.004347 -0.005173 8.357639
-0.004293 -0.005358 8.357639
-0.004242 -0.005544 8.357639
-0.004190 -0.005730 8.357639
-0.004134 -0.005914 8.357639
-0.004082 -0.006100 8.357639
-0.004025 -0.006284 8.357639
-0.003966 -0.006468 8.357639
-0.003817 -0.006590 8.357639
-0.003630 -0.006543 8.357639
-0.003444 -0.006494 8.357639
-0.003257 -0.006446 8.357639
-0.003069 -0.006403 8.357639
-0.002878 -0.006375 8.357639
-0.002688 -0.006344 8.357639
-0.002501 -0.006299 8.357639
-0.002313 -0.006253 8.357639
-0.002126 -0.006207 8.357639
-0.001939 -0.006160 8.357639
-0.001750 -0.006125 8.357639
-0.001561 -0.006084 8.357639
-0.001369 -0.006065 8.357639
-0.001177 -0.006046 8.357639
-0.000985 -0.006043 8.357639
-0.000795 -0.006010 8.357639
-0.000602 -0.006002 8.357639
-0.000411 -0.005979 8.357639
-0.000219 -0.005961 8.357639
-0.000029 -0.005929 8.357639
0.000163 -0.005954 8.357639
0.000352 -0.005990 8.357639
0.000544 -0.006008 8.357639
0.000734 -0.006042 8.357639
0.000925 -0.006069 8.357639
0.001112 -0.006115 8.357639
0.001304 -0.006135 8.357639
0.001491 -0.006179 8.357639
0.001680 -0.006220 8.357639
0.001867 -0.006266 8.357639
0.002054 -0.006311 8.357639
0.002241 -0.006357 8.357639
0.002430 -0.006399 8.357639
0.002616 -0.006448 8.357639
0.002803 -0.006495 8.357639
0.002991 -0.006538 8.357639
0.003178 -0.006586 8.357639
0.003365 -0.006630 8.357639
0.003554 -0.006671 8.357639
0.003734 -0.006602 8.357639
0.003788 -0.006417 8.357639
0.003842 -0.006232 8.357639
0.003896 -0.006047 8.357639
0.003945 -0.005860 8.357639
0.004006 -0.005677 8.357639
0.004075 -0.005498 8.357639
0.004142 -0.005317 8.357639
0.004205 -0.005135 8.357639
0.004272 -0.004954 8.357639
0.004329 -0.004770 8.357639
0.004401 -0.004591 8.357639
0.004465 -0.004409 8.357639
0.004566 -0.004245 8.357639
0.004636 -0.004066 8.357639
0.004731 -0.003897 8.357639
0.004795 -0.003715 8.357639
0.004896 -0.003552 8.357639
0.004957 -0.003369 8.357639
0.005043 -0.003196 8.357639
0.005099 -0.003012 8.357639
0.005207 -0.002852 8.357639
0.005341 -0.002713 8.357639
0.005447 -0.002552 8.357639
0.005575 -0.002408 8.357639
0.005682 -0.002247 8.357639
0.005823 -0.002116 8.357639
0.005927 -0.001954 8.357639
0.006062 -0.001816 8.357639
0.006183 -0.001666 8.357639
0.006321 -0.001531 8.357639
0.006449 -0.001387 8.357639
0.006585 -0.001250 8.357639
0.006714 -0.001107 8.357639
0.006850 -0.000971 8.357639
0.006985 -0.000833 8.357639
0.007116 -0.000691 8.357639
0.007251 -0.000554 8.357639
0.007385 -0.000415 8.357639
0.007515 -0.000273 8.357639
0.007545 -0.000082 8.357639

