0.007150 -0.000073 6.857639
0.007037 0.000069 6.857639
0.006920 0.000207 6.857639
0.006810 0.000352 6.857639
0.006708 0.000501 6.857639
0.006611 0.000655 6.857639
0.006515 0.000809 6.857639
0.006413 0.000958 6.857639
0.006314 0.001110 6.857639
0.006212 0.001260 6.857639
0.006101 0.001403 6.857639
0.005990 0.001547 6.857639
0.005880 0.001691 6.857639
0.005770 0.001836 6.857639
0.005661 0.001980 6.857639
0.005544 0.002118 6.857639
0.005426 0.002257 6.857639
0.005322 0.002405 6.857639
0.005206 0.002544 6.857639
0.005097 0.002689 6.857639
0.004973 0.002822 6.857639
0.004896 0.002986 6.857639
0.004844 0.003160 6.857639
0.004773 0.003326 6.857639
0.004702 0.003493 6.857639
0.004634 0.003661 6.857639
0.004576 0.003833 6.857639
0.004508 0.004001 6.857639
0.004438 0.004168 6.857639
0.004369 0.004336 6.857639
0.004301 0.004504 6.857639
0.004236 0.004674 6.857639
0.004164 0.004840 6.857639
0.004089 0.005005 6.857639
0.004020 0.005173 6.857639
0.003948 0.005339 6.857639
0.003877 0.005506 6.857639
0.003808 0.005674 6.857639
0.003742 0.005843 6.857639
0.003688 0.006016 6.857639
0.003553 0.006136 6.857639
0.003373 0.006114 6.857639
0.003192 0.006100 6.857639
0.003011 0.006095 6.857639
0.002830 0.006086 6.857639
0.002649 0.006074 6.857639
0.002468 0.006058 6.857639
0.002288 0.006038 6.857639
0.002107 0.006023 6.857639
0.001927 0.006003 6.857639
0.001748 0.005975 6.857639
0.001568 0.005951 6.857639
0.001389 0.005927 6.857639
0.001209 0.005904 6.857639
0.001029 0.005879 6.857639
0.000851 0.005844 6.857639
0.000672 0.005818 6.857639
0.000492 0.005797 6.857639
0.000312 0.005774 6.857639
0.000135 0.005733 6.857639
-0.000046 0.005718 6.857639
-0.000222 0.005759 6.857639
-0.000402 0.005782 6.857639
-0.000581 0.005811 6.857639
-0.000762 0.005829 6.857639
-0.000940 0.005860 6.857639
-0.001119 0.005893 6.857639
-0.001298 0.005915 6.857639
-0.001478 0.005938 6.857639
-0.001658 0.005962 6.857639
-0.001838 0.005985 6.857639
-0.002018 0.006009 6.857639
-0.002199 0.006022 6.857639
-0.002380 0.006032 6.857639
-0.002560 0.006047 6.857639
-0.002741 0.006055 6.857639
-0.002922 0.006067 6.857639
-0.003103 0.006088 6.857639
-0.003281 0.006117 6.857639
-0.003460 0.006151 6.857639
-0.003640 0.006172 6.857639
-0.003768 0.006044 6.857639
-0.003815 0.005869 6.857639
-0.003868 0.005695 6.857639
-0.003922 0.005522 6.857639
-0.003979 0.005350 6.857639
-0.004040 0.005179 6.857639
-0.004102 0.005009 6.857639
-0.004173 0.004842 6.857639
-0.004242 0.004674 6.857639
-0.004304 0.004504 6.857639
-0.004372 0.004336 6.857639
-0.004440 0.004168 6.857639
-0.004510 0.004000 6.857639
-0.004577 0.003832 6.857639
-0.004636 0.003660 6.857639
-0.004703 0.003492 6.857639
-0.004775 0.003325 6.857639
-0.004844 0.003158 6.857639
-0.004899 0.002985 6.857639
-0.004975 0.002821 6.857639
-0.005098 0.002687 6.857639
-0.005209 0.002544 6.857639
-0.005323 0.002403 6.857639
-0.005429 0.002255 6.857639
-0.005546 0.002117 6.857639
-0.005663 0.001979 6.857639
-0.005773 0.001834 6.857639
-0.005883 0.001690 6.857639
-0.005995 0.001547 6.857639
-0.006107 0.001405 6.857639
-0.006220 0.001263 6.857639
-0.006327 0.001117 6.857639
-0.006434 0.000970 6.857639
-0.006547 0.000829 6.857639
-0.006658 0.000685 6.857639
-0.006772 0.000544 6.857639
-0.006889 0.000406 6.857639
-0.007009 0.000269 6.857639
-0.007133 0.000137 6.857639
-0.007159 -0.000042 6.857639
-0.007028 -0.000167 6.857639
-0.006899 -0.000295 6.857639
-0.006787 -0.000437 6.857639
-0.006683 -0.000586 6.857639
-0.006583 -0.000737 6.857639
-0.006481 -0.000887 6.857639
-0.006374 -0.001034 6.857639
-0.006272 -0.001183 6.857639
-0.006165 -0.001330 6.857639
-0.006052 -0.001471 6.857639
-0.005941 -0.001615 6.857639
-0.005830 -0.001758 6.857639
-0.005720 -0.001903 6.857639
-0.005609 -0.002046 6.857639
-0.005489 -0.002182 6.857639
-0.005378 -0.002326 6.857639
-0.005267 -0.002469 6.857639
-0.005161 -0.002616 6.857639
-0.005035 -0.002746 6.857639
-0.004931 -0.002895 6.857639
-0.004880 -0.003069 6.857639
-0.004807 -0.003235 6.857639
-0.004746 -0.003406 6.857639
-0.004669 -0.003570 6.857639
-0.004609 -0.003741 6.857639
-0.004547 -0.003912 6.857639
-0.004478 -0.004079 6.857639
-0.004409 -0.004247 6.857639
-0.004342 -0.004415 6.857639
-0.004276 -0.004584 6.857639
-0.004214 -0.004755 6.857639
-0.004145 -0.004922 6.857639
-0.004077 -0.005091 6.857639
-0.004020 -0.005262 6.857639
-0.003960 -0.005434 6.857639
-0.003903 -0.005606 6.857639
-0.003847 -0.005778 6.857639
-0.003791 -0.005951 6.857639
-0.003741 -0.006125 6.857639
-0.003608 -0.006249 6.857639
-0.003431 -0.006213 6.857639
-0.003257 -0.006161 6.857639
-0.003081 -0.006116 6.857639
-0.002904 -0.006080 6.857639
-0.002724 -0.006056 6.857639
-0.002543 -0.006043 6.857639
-0.002362 -0.006028 6.857639
-0.002181 -0.006018 6.857639
-0.002000 -0.006006 6.857639
-0.001821 -0.005983 6.857639
-0.001641 -0.005960 6.857639
-0.001461 -0.005936 6.857639
-0.001281 -0.005914 6.857639
-0.001101 -0.005891 6.857639
-0.000923 -0.005858 6.857639
-0.000744 -0.005828 6.857639
-0.000564 -0.005809 6.857639
-0.000384 -0.005783 6.857639
-0.000205 -0.005755 6.857639
-0.000027 -0.005720 6.857639
0.000153 -0.005741 6.857639
0.000331 -0.005776 6.857639
0.000510 -0.005802 6.857639
0.000691 -0.005821 6.857639
0.000870 -0.005849 6.857639
0.001048 -0.005884 6.857639
0.001227 -0.005909 6.857639
0.001407 -0.005932 6.857639
0.001587 -0.005958 6.857639
0.001766 -0.005985 6.857639
0.001945 -0.006017 6.857639
0.002124 -0.006042 6.857639
0.002304 -0.006067 6.857639
0.002482 -0.006102 6.857639
0.002659 -0.006138 6.857639
0.002836 -0.006177 6.857639
0.003013 -0.006220 6.857639
0.003189 -0.006260 6.857639
0.003365 -0.006305 6.857639
0.003539 -0.006255 6.857639
0.003610 -0.006088 6.857639
0.003668 -0.005916 6.857639
0.003727 -0.005745 6.857639
0.003791 -0.005575 6.857639
0.003865 -0.005409 6.857639
0.003946 -0.005247 6.857639
0.004024 -0.005084 6.857639
0.004107 -0.004923 6.857639
0.004188 -0.004760 6.857639
0.004259 -0.004593 6.857639
0.004329 -0.004426 6.857639
0.004399 -0.004259 6.857639
0.004470 -0.004092 6.857639
0.004540 -0.003925 6.857639
0.004603 -0.003755 6.857639
0.004662 -0.003583 6.857639
0.004740 -0.003419 6.857639
0.004801 -0.003249 6.857639
0.004875 -0.003083 6.857639
0.004924 -0.002908 6.857639
0.005024 -0.002757 6.857639
0.005151 -0.002628 6.857639
0.005258 -0.002482 6.857639
0.005368 -0.002338 6.857639
0.005479 -0.002194 6.857639
0.005599 -0.002058 6.857639
0.005711 -0.001915 6.857639
0.005821 -0.001771 6.857639
0.005933 -0.001628 6.857639
0.006044 -0.001486 6.857639
0.006160 -0.001346 6.857639
0.006271 -0.001203 6.857639
0.006380 -0.001057 6.857639
0.006496 -0.000918 6.857639
0.006613 -0.000780 6.857639
0.006733 -0.000644 6.857639
0.006857 -0.000511 6.857639
0.006980 -0.000379 6.857639
0.007108 -0.000250 6.857639
0.007150 -0.000073 6.857639

