0.007770 -0.000069 9.378472
0.007633 0.000076 9.378472
0.007494 0.000219 9.378472
0.007357 0.000364 9.378472
0.007222 0.000511 9.378472
0.007085 0.000656 9.378472
0.006943 0.000796 9.378472
0.006812 0.000947 9.378472
0.006676 0.001093 9.378472
0.006549 0.001246 9.378472
0.006411 0.001390 9.378472
0.006286 0.001546 9.378472
0.006137 0.001679 9.378472
0.006037 0.001851 9.378472
0.005907 0.002003 9.378472
0.005804 0.002174 9.378472
0.005684 0.002333 9.378472
0.005578 0.002502 9.378472
0.005452 0.002657 9.378472
0.005342 0.002823 9.378472
0.005228 0.002987 9.378472
0.005151 0.003171 9.378472
0.005075 0.003355 9.378472
0.004992 0.003537 9.378472
0.004926 0.003725 9.378472
0.004835 0.003903 9.378472
0.004774 0.004093 9.378472
0.004702 0.004279 9.378472
0.004650 0.004471 9.378472
0.004571 0.004654 9.378472
0.004533 0.004850 9.378472
0.004466 0.005038 9.378472
0.004426 0.005234 9.378472
0.004364 0.005423 9.378472
0.004310 0.005615 9.378472
0.004246 0.005804 9.378472
0.004191 0.005996 9.378472
0.004126 0.006185 9.378472
0.004067 0.006375 9.378472
0.004008 0.006566 9.378472
0.003849 0.006687 9.378472
0.003656 0.006638 9.378472
0.003463 0.006586 9.378472
0.003270 0.006535 9.378472
0.003075 0.006493 9.378472
0.002882 0.006444 9.378472
0.002686 0.006404 9.378472
0.002493 0.006356 9.378472
0.002297 0.006315 9.378472
0.002106 0.006259 9.378472
0.001911 0.006219 9.378472
0.001715 0.006180 9.378472
0.001519 0.006142 9.378472
0.001320 0.006149 9.378472
0.001133 0.006220 9.378472
0.000945 0.006155 9.378472
0.000747 0.006132 9.378472
0.000553 0.006085 9.378472
0.000354 0.006067 9.378472
0.000157 0.006037 9.378472
-0.000042 0.006019 9.378472
-0.000240 0.006043 9.378472
-0.000439 0.006053 9.378472
-0.000634 0.006096 9.378472
-0.000832 0.006118 9.378472
-0.001023 0.006175 9.378472
-0.001217 0.006129 9.378472
-0.001416 0.006150 9.378472
-0.001611 0.006191 9.378472
-0.001807 0.006227 9.378472
-0.002005 0.006254 9.378472
-0.002199 0.006298 9.378472
-0.002398 0.006321 9.378472
-0.002591 0.006371 9.378472
-0.002786 0.006410 9.378472
-0.002977 0.006468 9.378472
-0.003171 0.006514 9.378472
-0.003367 0.006556 9.378472
-0.003561 0.006601 9.378472
-0.003755 0.006648 9.378472
-0.003948 0.006696 9.378472
-0.004107 0.006575 9.378472
-0.004166 0.006384 9.378472
-0.004227 0.006195 9.378472
-0.004290 0.006005 9.378472
-0.004344 0.005813 9.378472
-0.004407 0.005624 9.378472
-0.004461 0.005432 9.378472
-0.004520 0.005241 9.378472
-0.004565 0.005047 9.378472
-0.004631 0.004859 9.378472
-0.004667 0.004663 9.378472
-0.004745 0.004479 9.378472
-0.004775 0.004281 9.378472
-0.004845 0.004095 9.378472
-0.004894 0.003901 9.378472
-0.004978 0.003720 9.378472
-0.005025 0.003527 9.378472
-0.005108 0.003345 9.378472
-0.005169 0.003155 9.378472
-0.005252 0.002974 9.378472
-0.005380 0.002821 9.378472
-0.005490 0.002654 9.378472
-0.005628 0.002510 9.378472
-0.005739 0.002345 9.378472
-0.005874 0.002198 9.378472
-0.005991 0.002036 9.378472
-0.006144 0.001908 9.378472
-0.006262 0.001747 9.378472
-0.006408 0.001611 9.378472
-0.006535 0.001458 9.378472
-0.006684 0.001325 9.378472
-0.006814 0.001173 9.378472
-0.006957 0.001035 9.378472
-0.007088 0.000884 9.378472
-0.007227 0.000741 9.378472
-0.007362 0.000594 9.378472
-0.007495 0.000445 9.378472
-0.007632 0.000300 9.378472
-0.007772 0.000158 9.378472
-0.007808 -0.000038 9.378472
-0.007678 -0.000189 9.378472
-0.007542 -0.000336 9.378472
-0.007402 -0.000478 9.378472
-0.007265 -0.000623 9.378472
-0.007123 -0.000763 9.378472
-0.006997 -0.000918 9.378472
-0.006862 -0.001064 9.378472
-0.006730 -0.001214 9.378472
-0.006578 -0.001344 9.378472
-0.006443 -0.001490 9.378472
-0.006293 -0.001621 9.378472
-0.006168 -0.001777 9.378472
-0.006020 -0.001911 9.378472
-0.005902 -0.002072 9.378472
-0.005778 -0.002228 9.378472
-0.005679 -0.002402 9.378472
-0.005549 -0.002553 9.378472
-0.005442 -0.002721 9.378472
-0.005310 -0.002871 9.378472
-0.005212 -0.003045 9.378472
-0.005163 -0.003238 9.378472
-0.005076 -0.003417 9.378472
-0.005030 -0.003612 9.378472
-0.004951 -0.003794 9.378472
-0.004894 -0.003986 9.378472
-0.004822 -0.004172 9.378472
-0.004783 -0.004367 9.378472
-0.004712 -0.004554 9.378472
-0.004662 -0.004747 9.378472
-0.004593 -0.004934 9.378472
-0.004553 -0.005130 9.378472
-0.004487 -0.005318 9.378472
-0.004445 -0.005513 9.378472
-0.004378 -0.005701 9.378472
-0.004323 -0.005893 9.378472
-0.004262 -0.006082 9.378472
-0.004202 -0.006273 9.378472
-0.004143 -0.006463 9.378472
-0.004090 -0.006656 9.378472
-0.003936 -0.006782 9.378472
-0.003740 -0.006742 9.378472
-0.003546 -0.006699 9.378472
-0.003351 -0.006657 9.378472
-0.003156 -0.006613 9.378472
-0.002964 -0.006559 9.378472
-0.002773 -0.006503 9.378472
-0.002577 -0.006465 9.378472
-0.002381 -0.006426 9.378472
-0.002183 -0.006399 9.378472
-0.001990 -0.006351 9.378472
-0.001794 -0.006312 9.378472
-0.001603 -0.006255 9.378472
-0.001406 -0.006222 9.378472
-0.001216 -0.006163 9.378472
-0.001020 -0.006124 9.378472
-0.000823 -0.006093 9.378472
-0.000624 -0.006075 9.378472
-0.000426 -0.006055 9.378472
-0.000228 -0.006029 9.378472
-0.000028 -0.006032 9.378472
0.000165 -0.006082 9.378472
0.000363 -0.006107 9.378472
0.000557 -0.006150 9.378472
0.000753 -0.006190 9.378472
0.000950 -0.006220 9.378472
0.001143 -0.006270 9.378472
0.001338 -0.006315 9.378472
0.001528 -0.006374 9.378472
0.001725 -0.006406 9.378472
0.001916 -0.006465 9.378472
0.002111 -0.006504 9.378472
0.002304 -0.006557 9.378472
0.002498 -0.006603 9.378472
0.002692 -0.006648 9.378472
0.002887 -0.006691 9.378472
0.003081 -0.006737 9.378472
0.003276 -0.006778 9.378472
0.003471 -0.006821 9.378472
0.003665 -0.006869 9.378472
0.003851 -0.006796 9.378472
0.003911 -0.006606 9.378472
0.003968 -0.006414 9.378472
0.004026 -0.006224 9.378472
0.004086 -0.006033 9.378472
0.004144 -0.005843 9.378472
0.004188 -0.005648 9.378472
0.004250 -0.005458 9.378472
0.004300 -0.005265 9.378472
0.004378 -0.005082 9.378472
0.004429 -0.004889 9.378472
0.004517 -0.004709 9.378472
0.004561 -0.004515 9.378472
0.004635 -0.004330 9.378472
0.004689 -0.004138 9.378472
0.004775 -0.003958 9.378472
0.004854 -0.003775 9.378472
0.004971 -0.003613 9.378472
0.005034 -0.003424 9.378472
0.005122 -0.003245 9.378472
0.005197 -0.003060 9.378472
0.005317 -0.002900 9.378472
0.005447 -0.002749 9.378472
0.005565 -0.002588 9.378472
0.005708 -0.002449 9.378472
0.005824 -0.002286 9.378472
0.005965 -0.002145 9.378472
0.006091 -0.001991 9.378472
0.006248 -0.001867 9.378472
0.006367 -0.001708 9.378472
0.006520 -0.001580 9.378472
0.006647 -0.001425 9.378472
0.006795 -0.001292 9.378472
0.006927 -0.001142 9.378472
0.007069 -0.001002 9.378472
0.007200 -0.000852 9.378472
0.007341 -0.000710 9.378472
0.007472 -0.000560 9.378472
0.007606 -0.000412 9.378472
0.007742 -0.000267 9.378472
0.007770 -0.000069 9.378472

