0.005885 -0.000000 1.362847
0.005842 0.000142 1.362847
0.005749 0.000257 1.362847
0.005645 0.000362 1.362847
0.005546 0.000471 1.362847
0.005457 0.000589 1.362847
0.005378 0.000714 1.362847
0.005301 0.000841 1.362847
0.005225 0.000967 1.362847
0.005149 0.001095 1.362847
0.005074 0.001222 1.362847
0.005000 0.001350 1.362847
0.004926 0.001478 1.362847
0.004852 0.001606 1.362847
0.004777 0.001734 1.362847
0.004703 0.001862 1.362847
0.004629 0.001990 1.362847
0.004555 0.002118 1.362847
0.004481 0.002246 1.362847
0.004407 0.002374 1.362847
0.004333 0.002502 1.362847
0.004259 0.002630 1.362847
0.004186 0.002758 1.362847
0.004112 0.002886 1.362847
0.004038 0.003014 1.362847
0.003964 0.003142 1.362847
0.003890 0.003271 1.362847
0.003816 0.003399 1.362847
0.003743 0.003527 1.362847
0.003669 0.003655 1.362847
0.003596 0.003783 1.362847
0.003523 0.003912 1.362847
0.003450 0.004041 1.362847
0.003379 0.004170 1.362847
0.003307 0.004300 1.362847
0.003239 0.004431 1.362847
0.003181 0.004567 1.362847
0.003136 0.004708 1.362847
0.003097 0.004851 1.362847
0.003044 0.004989 1.362847
0.002942 0.005096 1.362847
0.002798 0.005130 1.362847
0.002652 0.005107 1.362847
0.002509 0.005070 1.362847
0.002365 0.005038 1.362847
0.002218 0.005020 1.362847
0.002070 0.005014 1.362847
0.001922 0.005011 1.362847
0.001775 0.005008 1.362847
0.001627 0.005007 1.362847
0.001479 0.005006 1.362847
0.001331 0.005005 1.362847
0.001183 0.005005 1.362847
0.001035 0.005004 1.362847
0.000887 0.005004 1.362847
0.000739 0.005004 1.362847
0.000592 0.005004 1.362847
0.000444 0.005004 1.362847
0.000296 0.005004 1.362847
0.000148 0.005004 1.362847
0.000000 0.005004 1.362847
-0.000148 0.005004 1.362847
-0.000296 0.005004 1.362847
-0.000444 0.005004 1.362847
-0.000592 0.005004 1.362847
-0.000739 0.005004 1.362847
-0.000887 0.005004 1.362847
-0.001035 0.005004 1.362847
-0.001183 0.005005 1.362847
-0.001331 0.005005 1.362847
-0.001479 0.005006 1.362847
-0.001627 0.005007 1.362847
-0.001775 0.005008 1.362847
-0.001922 0.005011 1.362847
-0.002070 0.005014 1.362847
-0.002218 0.005020 1.362847
-0.002365 0.005038 1.362847
-0.002509 0.005070 1.362847
-0.002652 0.005107 1.362847
-0.002798 0.005130 1.362847
-0.002942 0.005096 1.362847
-0.003044 0.004989 1.362847
-0.003097 0.004851 1.362847
-0.003136 0.004708 1.362847
-0.003181 0.004567 1.362847
-0.003239 0.004431 1.362847
-0.003307 0.004300 1.362847
-0.003379 0.004170 1.362847
-0.003450 0.004041 1.362847
-0.003523 0.003912 1.362847
-0.003596 0.003783 1.362847
-0.003669 0.003655 1.362847
-0.003743 0.003527 1.362847
-0.003816 0.003399 1.362847
-0.003890 0.003271 1.362847
-0.003964 0.003142 1.362847
-0.004038 0.003014 1.362847
-0.004112 0.002886 1.362847
-0.004186 0.002758 1.362847
-0.004259 0.002630 1.362847
-0.004333 0.002502 1.362847
-0.004407 0.002374 1.362847
-0.004481 0.002246 1.362847
-0.004555 0.002118 1.362847
-0.004629 0.001990 1.362847
-0.004703 0.001862 1.362847
-0.004777 0.001734 1.362847
-0.004852 0.001606 1.362847
-0.004926 0.001478 1.362847
-0.005000 0.001350 1.362847
-0.005074 0.001222 1.362847
-0.005149 0.001095 1.362847
-0.005225 0.000967 1.362847
-0.005301 0.000841 1.362847
-0.005378 0.000714 1.362847
-0.005457 0.000589 1.362847
-0.005546 0.000471 1.362847
-0.005645 0.000362 1.362847
-0.005749 0.000257 1.362847
-0.005842 0.000142 1.362847
-0.005885 0.000000 1.362847
-0.005842 -0.000142 1.362847
-0.005749 -0.000257 1.362847
-0.005645 -0.000362 1.362847
-0.005546 -0.000471 1.362847
-0.005457 -0.000589 1.362847
-0.005378 -0.000714 1.362847
-0.005301 -0.000841 1.362847
-0.005225 -0.000967 1.362847
-0.005149 -0.001095 1.362847
-0.005074 -0.001222 1.362847
-0.005000 -0.001350 1.362847
-0.004926 -0.001478 1.362847
-0.004852 -0.001606 1.362847
-0.004777 -0.001734 1.362847
-0.004703 -0.001862 1.362847
-0.004629 -0.001990 1.362847
-0.004555 -0.002118 1.362847
-0.004481 -0.002246 1.362847
-0.004407 -0.002374 1.362847
-0.004333 -0.002502 1.362847
-0.004259 -0.002630 1.362847
-0.004186 -0.002758 1.362847
-0.004112 -0.002886 1.362847
-0.004038 -0.003014 1.362847
-0.003964 -0.003142 1.362847
-0.003890 -0.003271 1.362847
-0.003816 -0.003399 1.362847
-0.003743 -0.003527 1.362847
-0.003669 -0.003655 1.362847
-0.003596 -0.003783 1.362847
-0.003523 -0.003912 1.362847
-0.003450 -0.004041 1.362847
-0.003379 -0.004170 1.362847
-0.003307 -0.004300 1.362847
-0.003239 -0.004431 1.362847
-0.003181 -0.004567 1.362847
-0.003136 -0.004708 1.362847
-0.003097 -0.004851 1.362847
-0.003044 -0.004989 1.362847
-0.002942 -0.005096 1.362847
-0.002798 -0.005130 1.362847
-0.002652 -0.005107 1.362847
-0.002509 -0.005070 1.362847
-0.002365 -0.005038 1.362847
-0.002218 -0.005020 1.362847
-0.002070 -0.005014 1.362847
-0.001922 -0.005011 1.362847
-0.001775 -0.005008 1.362847
-0.001627 -0.005007 1.362847
-0.001479 -0.005006 1.362847
-0.001331 -0.005005 1.362847
-0.001183 -0.005005 1.362847
-0.001035 -0.005004 1.362847
-0.000887 -0.005004 1.362847
-0.000739 -0.005004 1.362847
-0.000592 -0.005004 1.362847
-0.000444 -0.005004 1.362847
-0.000296 -0.005004 1.362847
-0.000148 -0.005004 1.362847
0.000000 -0.005004 1.362847
0.000148 -0.005004 1.362847
0.000296 -0.005004 1.362847
0.000444 -0.005004 1.362847
0.000592 -0.005004 1.362847
0.000739 -0.005004 1.362847
0.000887 -0.005004 1.362847
0.001035 -0.005004 1.362847
0.001183 -0.005005 1.362847
0.001331 -0.005005 1.362847
0.001479 -0.005006 1.362847
0.001627 -0.005007 1.362847
0.001775 -0.005008 1.362847
0.001922 -0.005011 1.362847
0.002070 -0.005014 1.362847
0.002218 -0.005020 1.362847
0.002365 -0.005038 1.362847
0.002509 -0.005070 1.362847
0.002652 -0.005107 1.362847
0.002798 -0.005130 1.362847
0.002942 -0.005096 1.362847
0.003044 -0.004989 1.362847
0.003097 -0.004851 1.362847
0.003136 -0.004708 1.362847
0.003181 -0.004567 1.362847
0.003239 -0.004431 1.362847
0.003307 -0.004300 1.362847
0.003379 -0.004170 1.362847
0.003450 -0.004041 1.362847
0.003523 -0.003912 1.362847
0.003596 -0.003783 1.362847
0.003669 -0.003655 1.362847
0.003743 -0.003527 1.362847
0.003816 -0.003399 1.362847
0.003890 -0.003271 1.362847
0.003964 -0.003142 1.362847
0.004038 -0.003014 1.362847
0.004112 -0.002886 1.362847
0.004186 -0.002758 1.362847
0.004259 -0.002630 1.362847
0.004333 -0.002502 1.362847
0.004407 -0.002374 1.362847
0.004481 -0.002246 1.362847
0.004555 -0.002118 1.362847
0.004629 -0.001990 1.362847
0.004703 -0.001862 1.362847
0.004777 -0.001734 1.362847
0.004852 -0.001606 1.362847
0.004926 -0.001478 1.362847
0.005000 -0.001350 1.362847
0.005074 -0.001222 1.362847
0.005149 -0.001095 1.362847
0.005225 -0.000967 1.362847
0.005301 -0.000841 1.362847
0.005378 -0.000714 1.362847
0.005457 -0.000589 1.362847
0.005546 -0.000471 1.362847
0.005645 -0.000362 1.362847
0.005749 -0.000257 1.362847
0.005842 -0.000142 1.362847
0.005885 -0.000000 1.362847

