0.006458 -0.000000 3.402778
0.006404 0.000154 3.402778
0.006302 0.000282 3.402778
0.006199 0.000409 3.402778
0.006095 0.000535 3.402778
0.005994 0.000664 3.402778
0.005895 0.000794 3.402778
0.005792 0.000921 3.402778
0.005685 0.001045 3.402778
0.005582 0.001172 3.402778
0.005485 0.001303 3.402778
0.005386 0.001434 3.402778
0.005282 0.001560 3.402778
0.005173 0.001682 3.402778
0.005068 0.001808 3.402778
0.004968 0.001937 3.402778
0.004874 0.002071 3.402778
0.004774 0.002200 3.402778
0.004672 0.002328 3.402778
0.004562 0.002449 3.402778
0.004453 0.002571 3.402778
0.004402 0.002726 3.402778
0.004353 0.002882 3.402778
0.004292 0.003034 3.402778
0.004231 0.003186 3.402778
0.004161 0.003334 3.402778
0.004100 0.003486 3.402778
0.004043 0.003639 3.402778
0.003991 0.003794 3.402778
0.003935 0.003947 3.402778
0.003871 0.004098 3.402778
0.003806 0.004248 3.402778
0.003747 0.004401 3.402778
0.003693 0.004555 3.402778
0.003635 0.004708 3.402778
0.003572 0.004859 3.402778
0.003511 0.005011 3.402778
0.003454 0.005164 3.402778
0.003395 0.005317 3.402778
0.003336 0.005469 3.402778
0.003229 0.005593 3.402778
0.003068 0.005623 3.402778
0.002907 0.005599 3.402778
0.002745 0.005573 3.402778
0.002584 0.005546 3.402778
0.002422 0.005523 3.402778
0.002260 0.005502 3.402778
0.002098 0.005476 3.402778
0.001938 0.005446 3.402778
0.001776 0.005420 3.402778
0.001614 0.005401 3.402778
0.001451 0.005381 3.402778
0.001290 0.005354 3.402778
0.001130 0.005321 3.402778
0.000969 0.005293 3.402778
0.000807 0.005271 3.402778
0.000644 0.005257 3.402778
0.000482 0.005234 3.402778
0.000320 0.005211 3.402778
0.000160 0.005175 3.402778
-0.000000 0.005142 3.402778
-0.000160 0.005175 3.402778
-0.000320 0.005211 3.402778
-0.000482 0.005234 3.402778
-0.000644 0.005257 3.402778
-0.000807 0.005271 3.402778
-0.000969 0.005293 3.402778
-0.001130 0.005321 3.402778
-0.001290 0.005354 3.402778
-0.001451 0.005381 3.402778
-0.001614 0.005401 3.402778
-0.001776 0.005420 3.402778
-0.001938 0.005446 3.402778
-0.002098 0.005476 3.402778
-0.002260 0.005502 3.402778
-0.002422 0.005523 3.402778
-0.002584 0.005546 3.402778
-0.002745 0.005573 3.402778
-0.002907 0.005599 3.402778
-0.003068 0.005623 3.402778
-0.003229 0.005593 3.402778
-0.003336 0.005469 3.402778
-0.003395 0.005317 3.402778
-0.003454 0.005164 3.402778
-0.003511 0.005011 3.402778
-0.003572 0.004859 3.402778
-0.003635 0.004708 3.402778
-0.003693 0.004555 3.402778
-0.003747 0.004401 3.402778
-0.003806 0.004248 3.402778
-0.003871 0.004098 3.402778
-0.003935 0.003947 3.402778
-0.003991 0.003794 3.402778
-0.004043 0.003639 3.402778
-0.004100 0.003486 3.402778
-0.004161 0.003334 3.402778
-0.004231 0.003186 3.402778
-0.004292 0.003034 3.402778
-0.004353 0.002882 3.402778
-0.004402 0.002726 3.402778
-0.004453 0.002571 3.402778
-0.004562 0.002449 3.402778
-0.004672 0.002328 3.402778
-0.004774 0.002200 3.402778
-0.004874 0.002071 3.402778
-0.004968 0.001937 3.402778
-0.005068 0.001808 3.402778
-0.005173 0.001682 3.402778
-0.005282 0.001560 3.402778
-0.005386 0.001434 3.402778
-0.005485 0.001303 3.402778
-0.005582 0.001172 3.402778
-0.005685 0.001045 3.402778
-0.005792 0.000921 3.402778
-0.005895 0.000794 3.402778
-0.005994 0.000664 3.402778
-0.006095 0.000535 3.402778
-0.006199 0.000409 3.402778
-0.006302 0.000282 3.402778
-0.006404 0.000154 3.402778
-0.006458 0.000000 3.402778
-0.006404 -0.000154 3.402778
-0.006302 -0.000282 3.402778
-0.006199 -0.000409 3.402778
-0.006095 -0.000535 3.402778
-0.005994 -0.000664 3.402778
-0.005895 -0.000794 3.402778
-0.005792 -0.000921 3.402778
-0.005685 -0.001045 3.402778
-0.005582 -0.001172 3.402778
-0.005485 -0.001303 3.402778
-0.005386 -0.001434 3.402778
-0.005282 -0.001560 3.402778
-0.005173 -0.001682 3.402778
-0.005068 -0.001808 3.402778
-0.004968 -0.001937 3.402778
-0.004874 -0.002071 3.402778
-0.004774 -0.002200 3.402778
-0.004672 -0.002328 3.402778
-0.004562 -0.002449 3.402778
-0.004453 -0.002571 3.402778
-0.004402 -0.002726 3.402778
-0.004353 -0.002882 3.402778
-0.004292 -0.003034 3.402778
-0.004231 -0.003186 3.402778
-0.004161 -0.003334 3.402778
-0.004100 -0.003486 3.402778
-0.004043 -0.003639 3.402778
-0.003991 -0.003794 3.402778
-0.003935 -0.003947 3.402778
-0.003871 -0.004098 3.402778
-0.003806 -0.004248 3.402778
-0.003747 -0.004401 3.402778
-0.003693 -0.004555 3.402778
-0.003635 -0.004708 3.402778
-0.003572 -0.004859 3.402778
-0.003511 -0.005011 3.402778
-0.003454 -0.005164 3.402778
-0.003395 -0.005317 3.402778
-0.003336 -0.005469 3.402778
-0.003229 -0.005593 3.402778
-0.003068 -0.005623 3.402778
-0.002907 -0.005599 3.402778
-0.002745 -0.005573 3.402778
-0.002584 -0.005546 3.402778
-0.002422 -0.005523 3.402778
-0.002260 -0.005502 3.402778
-0.002098 -0.005476 3.402778
-0.001938 -0.005446 3.402778
-0.001776 -0.005420 3.402778
-0.001614 -0.005401 3.402778
-0.001451 -0.005381 3.402778
-0.001290 -0.005354 3.402778
-0.001130 -0.005321 3.402778
-0.000969 -0.005293 3.402778
-0.000807 -0.005271 3.402778
-0.000644 -0.005257 3.402778
-0.000482 -0.005234 3.402778
-0.000320 -0.005211 3.402778
-0.000160 -0.005175 3.402778
0.000000 -0.005142 3.402778
0.000160 -0.005175 3.402778
0.000320 -0.005211 3.402778
0.000482 -0.005234 3.402778
0.000644 -0.005257 3.402778
0.000807 -0.005271 3.402778
0.000969 -0.005293 3.402778
0.001130 -0.005321 3.402778
0.001290 -0.005354 3.402778
0.001451 -0.005381 3.402778
0.001614 -0.005401 3.402778
0.001776 -0.005420 3.402778
0.001938 -0.005446 3.402778
0.002098 -0.005476 3.402778
0.002260 -0.005502 3.402778
0.002422 -0.005523 3.402778
0.002584 -0.005546 3.402778
0.002745 -0.005573 3.402778
0.002907 -0.005599 3.402778
0.003068 -0.005623 3.402778
0.003229 -0.005593 3.402778
0.003336 -0.005469 3.402778
0.003395 -0.005317 3.402778
0.003454 -0.005164 3.402778
0.003511 -0.005011 3.402778
0.003572 -0.004859 3.402778
0.003635 -0.004708 3.402778
0.003693 -0.004555 3.402778
0.003747 -0.004401 3.402778
0.003806 -0.004248 3.402778
0.003871 -0.004098 3.402778
0.003935 -0.003947 3.402778
0.003991 -0.003794 3.402778
0.004043 -0.003639 3.402778
0.004100 -0.003486 3.402778
0.004161 -0.003334 3.402778
0.004231 -0.003186 3.402778
0.004292 -0.003034 3.402778
0.004353 -0.002882 3.402778
0.004402 -0.002726 3.402778
0.004453 -0.002571 3.402778
0.004562 -0.002449 3.402778
0.004672 -0.002328 3.402778
0.004774 -0.002200 3.402778
0.004874 -0.002071 3.402778
0.004968 -0.001937 3.402778
0.005068 -0.001808 3.402778
0.005173 -0.001682 3.402778
0.005282 -0.001560 3.402778
0.005386 -0.001434 3.402778
0.005485 -0.001303 3.402778
0.005582 -0.001172 3.402778
0.005685 -0.001045 3.402778
0.005792 -0.000921 3.402778
0.005895 -0.000794 3.402778
0.005994 -0.000664 3.402778
0.006095 -0.000535 3.402778
0.006199 -0.000409 3.402778
0.006302 -0.000282 3.402778
0.006404 -0.000154 3.402778
0.006458 -0.000000 3.402778

