0.006188 -0.000000 2.149306
0.006136 0.000147 2.149306
0.006037 0.000269 2.149306
0.005941 0.000392 2.149306
0.005846 0.000516 2.149306
0.005746 0.000636 2.149306
0.005642 0.000754 2.149306
0.005544 0.000875 2.149306
0.005452 0.001002 2.149306
0.005360 0.001128 2.149306
0.005261 0.001249 2.149306
0.005156 0.001365 2.149306
0.005050 0.001480 2.149306
0.004945 0.001596 2.149306
0.004845 0.001716 2.149306
0.004750 0.001841 2.149306
0.004661 0.001969 2.149306
0.004577 0.002101 2.149306
0.004495 0.002234 2.149306
0.004415 0.002368 2.149306
0.004335 0.002503 2.149306
0.004258 0.002639 2.149306
0.004182 0.002776 2.149306
0.004108 0.002913 2.149306
0.004036 0.003052 2.149306
0.003969 0.003194 2.149306
0.003909 0.003338 2.149306
0.003855 0.003485 2.149306
0.003807 0.003633 2.149306
0.003760 0.003783 2.149306
0.003713 0.003932 2.149306
0.003657 0.004078 2.149306
0.003594 0.004221 2.149306
0.003530 0.004363 2.149306
0.003474 0.004510 2.149306
0.003424 0.004658 2.149306
0.003370 0.004804 2.149306
0.003310 0.004949 2.149306
0.003251 0.005094 2.149306
0.003195 0.005240 2.149306
0.003094 0.005359 2.149306
0.002940 0.005387 2.149306
0.002786 0.005363 2.149306
0.002631 0.005341 2.149306
0.002476 0.005320 2.149306
0.002322 0.005294 2.149306
0.002168 0.005263 2.149306
0.002014 0.005239 2.149306
0.001858 0.005223 2.149306
0.001703 0.005206 2.149306
0.001549 0.005181 2.149306
0.001396 0.005148 2.149306
0.001243 0.005113 2.149306
0.001090 0.005081 2.149306
0.000936 0.005054 2.149306
0.000781 0.005034 2.149306
0.000625 0.005021 2.149306
0.000469 0.005014 2.149306
0.000313 0.005010 2.149306
0.000156 0.005007 2.149306
-0.000000 0.005006 2.149306
-0.000156 0.005007 2.149306
-0.000313 0.005010 2.149306
-0.000469 0.005014 2.149306
-0.000625 0.005021 2.149306
-0.000781 0.005034 2.149306
-0.000936 0.005054 2.149306
-0.001090 0.005081 2.149306
-0.001243 0.005113 2.149306
-0.001396 0.005148 2.149306
-0.001549 0.005181 2.149306
-0.001703 0.005206 2.149306
-0.001858 0.005223 2.149306
-0.002014 0.005239 2.149306
-0.002168 0.005263 2.149306
-0.002322 0.005294 2.149306
-0.002476 0.005320 2.149306
-0.002631 0.005341 2.149306
-0.002786 0.005363 2.149306
-0.002940 0.005387 2.149306
-0.003094 0.005359 2.149306
-0.003195 0.005240 2.149306
-0.003251 0.005094 2.149306
-0.003310 0.004949 2.149306
-0.003370 0.004804 2.149306
-0.003424 0.004658 2.149306
-0.003474 0.004510 2.149306
-0.003530 0.004363 2.149306
-0.003594 0.004221 2.149306
-0.003657 0.004078 2.149306
-0.003713 0.003932 2.149306
-0.003760 0.003783 2.149306
-0.003807 0.003633 2.149306
-0.003855 0.003485 2.149306
-0.003909 0.003338 2.149306
-0.003969 0.003194 2.149306
-0.004036 0.003052 2.149306
-0.004108 0.002913 2.149306
-0.004182 0.002776 2.149306
-0.004258 0.002639 2.149306
-0.004335 0.002503 2.149306
-0.004415 0.002368 2.149306
-0.004495 0.002234 2.149306
-0.004577 0.002101 2.149306
-0.004661 0.001969 2.149306
-0.004750 0.001841 2.149306
-0.004845 0.001716 2.149306
-0.004945 0.001596 2.149306
-0.005050 0.001480 2.149306
-0.005156 0.001365 2.149306
-0.005261 0.001249 2.149306
-0.005360 0.001128 2.149306
-0.005452 0.001002 2.149306
-0.005544 0.000875 2.149306
-0.005642 0.000754 2.149306
-0.005746 0.000636 2.149306
-0.005846 0.000516 2.149306
-0.005941 0.000392 2.149306
-0.006037 0.000269 2.149306
-0.006136 0.000147 2.149306
-0.006188 0.000000 2.149306
-0.006136 -0.000147 2.149306
-0.006037 -0.000269 2.149306
-0.005941 -0.000392 2.149306
-0.005846 -0.000516 2.149306
-0.005746 -0.000636 2.149306
-0.005642 -0.000754 2.149306
-0.005544 -0.000875 2.149306
-0.005452 -0.001002 2.149306
-0.005360 -0.001128 2.149306
-0.005261 -0.001249 2.149306
-0.005156 -0.001365 2.149306
-0.005050 -0.001480 2.149306
-0.004945 -0.001596 2.149306
-0.004845 -0.001716 2.149306
-0.004750 -0.001841 2.149306
-0.004661 -0.001969 2.149306
-0.004577 -0.002101 2.149306
-0.004495 -0.002234 2.149306
-0.004415 -0.002368 2.149306
-0.004335 -0.002503 2.149306
-0.004258 -0.002639 2.149306
-0.004182 -0.002776 2.149306
-0.004108 -0.002913 2.149306
-0.004036 -0.003052 2.149306
-0.003969 -0.003194 2.149306
-0.003909 -0.003338 2.149306
-0.003855 -0.003485 2.149306
-0.003807 -0.003633 2.149306
-0.003760 -0.003783 2.149306
-0.003713 -0.003932 2.149306
-0.003657 -0.004078 2.149306
-0.003594 -0.004221 2.149306
-0.003530 -0.004363 2.149306
-0.003474 -0.004510 2.149306
-0.003424 -0.004658 2.149306
-0.003370 -0.004804 2.149306
-0.003310 -0.004949 2.149306
-0.003251 -0.005094 2.149306
-0.003195 -0.005240 2.149306
-0.003094 -0.005359 2.149306
-0.002940 -0.005387 2.149306
-0.002786 -0.005363 2.149306
-0.002631 -0.005341 2.149306
-0.002476 -0.005320 2.149306
-0.002322 -0.005294 2.149306
-0.002168 -0.005263 2.149306
-0.002014 -0.005239 2.149306
-0.001858 -0.005223 2.149306
-0.001703 -0.005206 2.149306
-0.001549 -0.005181 2.149306
-0.001396 -0.005148 2.149306
-0.001243 -0.005113 2.149306
-0.001090 -0.005081 2.149306
-0.000936 -0.005054 2.149306
-0.000781 -0.005034 2.149306
-0.000625 -0.005021 2.149306
-0.000469 -0.005014 2.149306
-0.000313 -0.005010 2.149306
-0.000156 -0.005007 2.149306
0.000000 -0.005006 2.149306
0.000156 -0.005007 2.149306
0.000313 -0.005010 2.149306
0.000469 -0.005014 2.149306
0.000625 -0.005021 2.149306
0.000781 -0.005034 2.149306
0.000936 -0.005054 2.149306
0.001090 -0.005081 2.149306
0.001243 -0.005113 2.149306
0.001396 -0.005148 2.149306
0.001549 -0.005181 2.149306
0.001703 -0.005206 2.149306
0.001858 -0.005223 2.149306
0.002014 -0.005239 2.149306
0.002168 -0.005263 2.149306
0.002322 -0.005294 2.149306
0.002476 -0.005320 2.149306
0.002631 -0.005341 2.149306
0.002786 -0.005363 2.149306
0.002940 -0.005387 2.149306
0.003094 -0.005359 2.149306
0.003195 -0.005240 2.149306
0.003251 -0.005094 2.149306
0.003310 -0.004949 2.149306
0.003370 -0.004804 2.149306
0.003424 -0.004658 2.149306
0.003474 -0.004510 2.149306
0.003530 -0.004363 2.149306
0.003594 -0.004221 2.149306
0.003657 -0.004078 2.149306
0.003713 -0.003932 2.149306
0.003760 -0.003783 2.149306
0.003807 -0.003633 2.149306
0.003855 -0.003485 2.149306
0.003909 -0.003338 2.149306
0.003969 -0.003194 2.149306
0.004036 -0.003052 2.149306
0.004108 -0.002913 2.149306
0.004182 -0.002776 2.149306
0.004258 -0.002639 2.149306
0.004335 -0.002503 2.149306
0.004415 -0.002368 2.149306
0.004495 -0.002234 2.149306
0.004577 -0.002101 2.149306
0.004661 -0.001969 2.149306
0.004750 -0.001841 2.149306
0.004845 -0.001716 2.149306
0.004945 -0.001596 2.149306
0.005050 -0.001480 2.149306
0.005156 -0.001365 2.149306
0.005261 -0.001249 2.149306
0.005360 -0.001128 2.149306
0.005452 -0.001002 2.149306
0.005544 -0.000875 2.149306
0.005642 -0.000754 2.149306
0.005746 -0.000636 2.149306
0.005846 -0.000516 2.149306
0.005941 -0.000392 2.149306
0.006037 -0.000269 2.149306
0.006136 -0.000147 2.149306
0.006188 -0.000000 2.149306

