0.005093 -0.000000 0.276042
0.005091 0.000132 0.276042
0.005085 0.000265 0.276042
0.005075 0.000397 0.276042
0.005061 0.000529 0.276042
0.005044 0.000660 0.276042
0.005022 0.000791 0.276042
0.004996 0.000921 0.276042
0.004967 0.001050 0.276042
0.004933 0.001178 0.276042
0.004895 0.001305 0.276042
0.004853 0.001430 0.276042
0.004807 0.001555 0.276042
0.004757 0.001678 0.276042
0.004704 0.001799 0.276042
0.004648 0.001919 0.276042
0.004589 0.002038 0.276042
0.004528 0.002155 0.276042
0.004463 0.002271 0.276042
0.004397 0.002386 0.276042
0.004331 0.002501 0.276042
0.004265 0.002615 0.276042
0.004198 0.002730 0.276042
0.004130 0.002844 0.276042
0.004060 0.002956 0.276042
0.003986 0.003066 0.276042
0.003910 0.003174 0.276042
0.003831 0.003281 0.276042
0.003750 0.003385 0.276042
0.003665 0.003487 0.276042
0.003577 0.003587 0.276042
0.003486 0.003683 0.276042
0.003393 0.003776 0.276042
0.003296 0.003867 0.276042
0.003196 0.003954 0.276042
0.003094 0.004038 0.276042
0.002989 0.004119 0.276042
0.002881 0.004197 0.276042
0.002772 0.004271 0.276042
0.002660 0.004343 0.276042
0.002546 0.004410 0.276042
0.002431 0.004475 0.276042
0.002313 0.004536 0.276042
0.002194 0.004594 0.276042
0.002073 0.004648 0.276042
0.001950 0.004698 0.276042
0.001826 0.004745 0.276042
0.001701 0.004787 0.276042
0.001574 0.004826 0.276042
0.001446 0.004861 0.276042
0.001317 0.004891 0.276042
0.001187 0.004918 0.276042
0.001057 0.004940 0.276042
0.000926 0.004959 0.276042
0.000794 0.004974 0.276042
0.000662 0.004985 0.276042
0.000530 0.004993 0.276042
0.000397 0.004999 0.276042
0.000265 0.005001 0.276042
0.000132 0.005001 0.276042
-0.000000 0.005001 0.276042
-0.000132 0.005001 0.276042
-0.000265 0.005001 0.276042
-0.000397 0.004999 0.276042
-0.000530 0.004993 0.276042
-0.000662 0.004985 0.276042
-0.000794 0.004974 0.276042
-0.000926 0.004959 0.276042
-0.001057 0.004940 0.276042
-0.001187 0.004918 0.276042
-0.001317 0.004891 0.276042
-0.001446 0.004861 0.276042
-0.001574 0.004826 0.276042
-0.001701 0.004787 0.276042
-0.001826 0.004745 0.276042
-0.001950 0.004698 0.276042
-0.002073 0.004648 0.276042
-0.002194 0.004594 0.276042
-0.002313 0.004536 0.276042
-0.002431 0.004475 0.276042
-0.002546 0.004410 0.276042
-0.002660 0.004343 0.276042
-0.002772 0.004271 0.276042
-0.002881 0.004197 0.276042
-0.002989 0.004119 0.276042
-0.003094 0.004038 0.276042
-0.003196 0.003954 0.276042
-0.003296 0.003867 0.276042
-0.003393 0.003776 0.276042
-0.003486 0.003683 0.276042
-0.003577 0.003587 0.276042
-0.003665 0.003487 0.276042
-0.003750 0.003385 0.276042
-0.003831 0.003281 0.276042
-0.003910 0.003174 0.276042
-0.003986 0.003066 0.276042
-0.004060 0.002956 0.276042
-0.004130 0.002844 0.276042
-0.004198 0.002730 0.276042
-0.004265 0.002615 0.276042
-0.004331 0.002501 0.276042
-0.004397 0.002386 0.276042
-0.004463 0.002271 0.276042
-0.004528 0.002155 0.276042
-0.004589 0.002038 0.276042
-0.004648 0.001919 0.276042
-0.004704 0.001799 0.276042
-0.004757 0.001678 0.276042
-0.004807 0.001555 0.276042
-0.004853 0.001430 0.276042
-0.004895 0.001305 0.276042
-0.004933 0.001178 0.276042
-0.004967 0.001050 0.276042
-0.004996 0.000921 0.276042
-0.005022 0.000791 0.276042
-0.005044 0.000660 0.276042
-0.005061 0.000529 0.276042
-0.005075 0.000397 0.276042
-0.005085 0.000265 0.276042
-0.005091 0.000132 0.276042
-0.005093 0.000000 0.276042
-0.005091 -0.000132 0.276042
-0.005085 -0.000265 0.276042
-0.005075 -0.000397 0.276042
-0.005061 -0.000529 0.276042
-0.005044 -0.000660 0.276042
-0.005022 -0.000791 0.276042
-0.004996 -0.000921 0.276042
-0.004967 -0.001050 0.276042
-0.004933 -0.001178 0.276042
-0.004895 -0.001305 0.276042
-0.004853 -0.001430 0.276042
-0.004807 -0.001555 0.276042
-0.004757 -0.001678 0.276042
-0.004704 -0.001799 0.276042
-0.004648 -0.001919 0.276042
-0.004589 -0.002038 0.276042
-0.004528 -0.002155 0.276042
-0.004463 -0.002271 0.276042
-0.004397 -0.002386 0.276042
-0.004331 -0.002501 0.276042
-0.004265 -0.002615 0.276042
-0.004198 -0.002730 0.276042
-0.004130 -0.002844 0.276042
-0.004060 -0.002956 0.276042
-0.003986 -0.003066 0.276042
-0.003910 -0.003174 0.276042
-0.003831 -0.003281 0.276042
-0.003750 -0.003385 0.276042
-0.003665 -0.003487 0.276042
-0.003577 -0.003587 0.276042
-0.003486 -0.003683 0.276042
-0.003393 -0.003776 0.276042
-0.003296 -0.003867 0.276042
-0.003196 -0.003954 0.276042
-0.003094 -0.004038 0.276042
-0.002989 -0.004119 0.276042
-0.002881 -0.004197 0.276042
-0.002772 -0.004271 0.276042
-0.002660 -0.004343 0.276042
-0.002546 -0.004410 0.276042
-0.002431 -0.004475 0.276042
-0.002313 -0.004536 0.276042
-0.002194 -0.004594 0.276042
-0.002073 -0.004648 0.276042
-0.001950 -0.004698 0.276042
-0.001826 -0.004745 0.276042
-0.001701 -0.004787 0.276042
-0.001574 -0.004826 0.276042
-0.001446 -0.004861 0.276042
-0.001317 -0.004891 0.276042
-0.001187 -0.004918 0.276042
-0.001057 -0.004940 0.276042
-0.000926 -0.004959 0.276042
-0.000794 -0.004974 0.276042
-0.000662 -0.004985 0.276042
-0.000530 -0.004993 0.276042
-0.000397 -0.004999 0.276042
-0.000265 -0.005001 0.276042
-0.000132 -0.005001 0.276042
-0.000000 -0.005001 0.276042
0.000132 -0.005001 0.276042
0.000265 -0.005001 0.276042
0.000397 -0.004999 0.276042
0.000530 -0.004993 0.276042
0.000662 -0.004985 0.276042
0.000794 -0.004974 0.276042
0.000926 -0.004959 0.276042
0.001057 -0.004940 0.276042
0.001187 -0.004918 0.276042
0.001317 -0.004891 0.276042
0.001446 -0.004861 0.276042
0.001574 -0.004826 0.276042
0.001701 -0.004787 0.276042
0.001826 -0.004745 0.276042
0.001950 -0.004698 0.276042
0.002073 -0.004648 0.276042
0.002194 -0.004594 0.276042
0.002313 -0.004536 0.276042
0.002431 -0.004475 0.276042
0.002546 -0.004410 0.276042
0.002660 -0.004343 0.276042
0.002772 -0.004271 0.276042
0.002881 -0.004197 0.276042
0.002989 -0.004119 0.276042
0.003094 -0.004038 0.276042
0.003196 -0.003954 0.276042
0.003296 -0.003867 0.276042
0.003393 -0.003776 0.276042
0.003486 -0.003683 0.276042
0.003577 -0.003587 0.276042
0.003665 -0.003487 0.276042
0.003750 -0.003385 0.276042
0.003831 -0.003281 0.276042
0.003910 -0.003174 0.276042
0.003986 -0.003066 0.276042
0.004060 -0.002956 0.276042
0.004130 -0.002844 0.276042
0.004198 -0.002730 0.276042
0.004265 -0.002615 0.276042
0.004331 -0.002501 0.276042
0.004397 -0.002386 0.276042
0.004463 -0.002271 0.276042
0.004528 -0.002155 0.276042
0.004589 -0.002038 0.276042
0.004648 -0.001919 0.276042
0.004704 -0.001799 0.276042
0.004757 -0.001678 0.276042
0.004807 -0.001555 0.276042
0.004853 -0.001430 0.276042
0.004895 -0.001305 0.276042
0.004933 -0.001178 0.276042
0.004967 -0.001050 0.276042
0.004996 -0.000921 0.276042
0.005022 -0.000791 0.276042
0.005044 -0.000660 0.276042
0.005061 -0.000529 0.276042
0.005075 -0.000397 0.276042
0.005085 -0.000265 0.276042
0.005091 -0.000132 0.276042
0.005093 -0.000000 0.276042

