0.007558 -0.000082 8.411458
0.007425 0.000058 8.411458
0.007292 0.000198 8.411458
0.007161 0.000340 8.411458
0.007026 0.000479 8.411458
0.006899 0.000624 8.411458
0.006775 0.000772 8.411458
0.006646 0.000916 8.411458
0.006516 0.001058 8.411458
0.006392 0.001207 8.411458
0.006267 0.001354 8.411458
0.006156 0.001512 8.411458
0.006042 0.001668 8.411458
0.005954 0.001840 8.411458
0.005837 0.001994 8.411458
0.005739 0.002160 8.411458
0.005613 0.002306 8.411458
0.005512 0.002471 8.411458
0.005392 0.002622 8.411458
0.005284 0.002782 8.411458
0.005155 0.002926 8.411458
0.005073 0.003101 8.411458
0.005014 0.003285 8.411458
0.004928 0.003458 8.411458
0.004860 0.003639 8.411458
0.004777 0.003813 8.411458
0.004717 0.003997 8.411458
0.004622 0.004165 8.411458
0.004560 0.004348 8.411458
0.004483 0.004525 8.411458
0.004421 0.004708 8.411458
0.004351 0.004888 8.411458
0.004292 0.005072 8.411458
0.004233 0.005256 8.411458
0.004186 0.005443 8.411458
0.004133 0.005629 8.411458
0.004078 0.005814 8.411458
0.004026 0.006000 8.411458
0.003968 0.006185 8.411458
0.003910 0.006369 8.411458
0.003759 0.006489 8.411458
0.003572 0.006441 8.411458
0.003384 0.006398 8.411458
0.003195 0.006358 8.411458
0.003007 0.006312 8.411458
0.002819 0.006269 8.411458
0.002631 0.006226 8.411458
0.002443 0.006180 8.411458
0.002252 0.006149 8.411458
0.002061 0.006125 8.411458
0.001868 0.006115 8.411458
0.001676 0.006097 8.411458
0.001483 0.006089 8.411458
0.001291 0.006067 8.411458
0.001098 0.006075 8.411458
0.000909 0.006035 8.411458
0.000716 0.006024 8.411458
0.000525 0.005992 8.411458
0.000332 0.005983 8.411458
0.000144 0.005941 8.411458
-0.000049 0.005927 8.411458
-0.000237 0.005968 8.411458
-0.000430 0.005980 8.411458
-0.000621 0.006010 8.411458
-0.000814 0.006013 8.411458
-0.001004 0.006051 8.411458
-0.001197 0.006048 8.411458
-0.001389 0.006067 8.411458
-0.001582 0.006070 8.411458
-0.001772 0.006103 8.411458
-0.001965 0.006123 8.411458
-0.002154 0.006161 8.411458
-0.002345 0.006192 8.411458
-0.002535 0.006226 8.411458
-0.002725 0.006257 8.411458
-0.002917 0.006284 8.411458
-0.003106 0.006323 8.411458
-0.003293 0.006373 8.411458
-0.003480 0.006417 8.411458
-0.003668 0.006463 8.411458
-0.003856 0.006507 8.411458
-0.004005 0.006384 8.411458
-0.004063 0.006200 8.411458
-0.004118 0.006015 8.411458
-0.004170 0.005829 8.411458
-0.004226 0.005644 8.411458
-0.004278 0.005458 8.411458
-0.004326 0.005271 8.411458
-0.004383 0.005086 8.411458
-0.004436 0.004900 8.411458
-0.004494 0.004716 8.411458
-0.004546 0.004530 8.411458
-0.004611 0.004348 8.411458
-0.004663 0.004162 8.411458
-0.004750 0.003990 8.411458
-0.004797 0.003802 8.411458
-0.004880 0.003628 8.411458
-0.004939 0.003444 8.411458
-0.005028 0.003272 8.411458
-0.005081 0.003086 8.411458
-0.005166 0.002913 8.411458
-0.005300 0.002774 8.411458
-0.005406 0.002612 8.411458
-0.005534 0.002467 8.411458
-0.005636 0.002303 8.411458
-0.005772 0.002167 8.411458
-0.005875 0.002003 8.411458
-0.006000 0.001856 8.411458
-0.006116 0.001702 8.411458
-0.006251 0.001563 8.411458
-0.006371 0.001412 8.411458
-0.006504 0.001272 8.411458
-0.006631 0.001126 8.411458
-0.006765 0.000987 8.411458
-0.006901 0.000849 8.411458
-0.007032 0.000708 8.411458
-0.007164 0.000567 8.411458
-0.007299 0.000429 8.411458
-0.007429 0.000286 8.411458
-0.007560 0.000144 8.411458
-0.007589 -0.000047 8.411458
-0.007452 -0.000183 8.411458
-0.007319 -0.000323 8.411458
-0.007193 -0.000469 8.411458
-0.007064 -0.000613 8.411458
-0.006933 -0.000755 8.411458
-0.006795 -0.000890 8.411458
-0.006651 -0.001019 8.411458
-0.006518 -0.001159 8.411458
-0.006383 -0.001297 8.411458
-0.006263 -0.001448 8.411458
-0.006136 -0.001594 8.411458
-0.006027 -0.001754 8.411458
-0.005908 -0.001906 8.411458
-0.005818 -0.002077 8.411458
-0.005693 -0.002224 8.411458
-0.005583 -0.002383 8.411458
-0.005463 -0.002534 8.411458
-0.005358 -0.002696 8.411458
-0.005229 -0.002840 8.411458
-0.005120 -0.002999 8.411458
-0.005065 -0.003185 8.411458
-0.004983 -0.003360 8.411458
-0.004919 -0.003542 8.411458
-0.004838 -0.003717 8.411458
-0.004788 -0.003904 8.411458
-0.004710 -0.004080 8.411458
-0.004651 -0.004264 8.411458
-0.004579 -0.004443 8.411458
-0.004536 -0.004632 8.411458
-0.004468 -0.004812 8.411458
-0.004418 -0.004999 8.411458
-0.004355 -0.005182 8.411458
-0.004301 -0.005367 8.411458
-0.004250 -0.005553 8.411458
-0.004198 -0.005739 8.411458
-0.004142 -0.005924 8.411458
-0.004090 -0.006110 8.411458
-0.004031 -0.006294 8.411458
-0.003973 -0.006478 8.411458
-0.003824 -0.006602 8.411458
-0.003636 -0.006555 8.411458
-0.003450 -0.006506 8.411458
-0.003263 -0.006458 8.411458
-0.003075 -0.006413 8.411458
-0.002884 -0.006383 8.411458
-0.002693 -0.006354 8.411458
-0.002505 -0.006310 8.411458
-0.002317 -0.006264 8.411458
-0.002130 -0.006218 8.411458
-0.001943 -0.006170 8.411458
-0.001753 -0.006134 8.411458
-0.001564 -0.006092 8.411458
-0.001372 -0.006070 8.411458
-0.001180 -0.006049 8.411458
-0.000987 -0.006047 8.411458
-0.000797 -0.006015 8.411458
-0.000604 -0.006005 8.411458
-0.000412 -0.005983 8.411458
-0.000219 -0.005966 8.411458
-0.000029 -0.005935 8.411458
0.000163 -0.005961 8.411458
0.000353 -0.005996 8.411458
0.000545 -0.006014 8.411458
0.000735 -0.006049 8.411458
0.000926 -0.006078 8.411458
0.001114 -0.006123 8.411458
0.001306 -0.006142 8.411458
0.001493 -0.006190 8.411458
0.001682 -0.006230 8.411458
0.001869 -0.006277 8.411458
0.002057 -0.006322 8.411458
0.002245 -0.006368 8.411458
0.002433 -0.006410 8.411458
0.002620 -0.006459 8.411458
0.002808 -0.006506 8.411458
0.002996 -0.006549 8.411458
0.003183 -0.006597 8.411458
0.003371 -0.006641 8.411458
0.003560 -0.006682 8.411458
0.003741 -0.006614 8.411458
0.003795 -0.006428 8.411458
0.003849 -0.006243 8.411458
0.003904 -0.006057 8.411458
0.003952 -0.005871 8.411458
0.004011 -0.005686 8.411458
0.004079 -0.005506 8.411458
0.004148 -0.005325 8.411458
0.004211 -0.005143 8.411458
0.004279 -0.004962 8.411458
0.004335 -0.004777 8.411458
0.004407 -0.004598 8.411458
0.004468 -0.004414 8.411458
0.004569 -0.004250 8.411458
0.004638 -0.004070 8.411458
0.004734 -0.003902 8.411458
0.004798 -0.003719 8.411458
0.004900 -0.003555 8.411458
0.004962 -0.003372 8.411458
0.005048 -0.003199 8.411458
0.005105 -0.003015 8.411458
0.005213 -0.002855 8.411458
0.005347 -0.002716 8.411458
0.005453 -0.002554 8.411458
0.005581 -0.002410 8.411458
0.005690 -0.002250 8.411458
0.005830 -0.002117 8.411458
0.005934 -0.001955 8.411458
0.006071 -0.001818 8.411458
0.006193 -0.001669 8.411458
0.006332 -0.001534 8.411458
0.006460 -0.001390 8.411458
0.006596 -0.001252 8.411458
0.006726 -0.001109 8.411458
0.006863 -0.000973 8.411458
0.006997 -0.000834 8.411458
0.007129 -0.000693 8.411458
0.007264 -0.000555 8.411458
0.007397 -0.000415 8.411458
0.007527 -0.000273 8.411458
0.007558 -0.000082 8.411458

