0.007512 -0.000082 8.222222
0.007379 0.000056 8.222222
0.007248 0.000196 8.222222
0.007117 0.000336 8.222222
0.006986 0.000476 8.222222
0.006863 0.000623 8.222222
0.006738 0.000769 8.222222
0.006608 0.000910 8.222222
0.006482 0.001055 8.222222
0.006362 0.001205 8.222222
0.006243 0.001355 8.222222
0.006137 0.001515 8.222222
0.006026 0.001672 8.222222
0.005938 0.001842 8.222222
0.005823 0.001995 8.222222
0.005721 0.002158 8.222222
0.005595 0.002303 8.222222
0.005497 0.002468 8.222222
0.005374 0.002615 8.222222
0.005264 0.002772 8.222222
0.005136 0.002915 8.222222
0.005054 0.003088 8.222222
0.004997 0.003271 8.222222
0.004914 0.003445 8.222222
0.004847 0.003624 8.222222
0.004761 0.003795 8.222222
0.004706 0.003979 8.222222
0.004614 0.004148 8.222222
0.004545 0.004327 8.222222
0.004467 0.004502 8.222222
0.004403 0.004683 8.222222
0.004332 0.004861 8.222222
0.004270 0.005043 8.222222
0.004207 0.005224 8.222222
0.004157 0.005409 8.222222
0.004106 0.005594 8.222222
0.004051 0.005778 8.222222
0.004000 0.005963 8.222222
0.003946 0.006147 8.222222
0.003888 0.006330 8.222222
0.003737 0.006448 8.222222
0.003551 0.006401 8.222222
0.003364 0.006361 8.222222
0.003176 0.006319 8.222222
0.002990 0.006273 8.222222
0.002803 0.006231 8.222222
0.002616 0.006188 8.222222
0.002428 0.006150 8.222222
0.002237 0.006129 8.222222
0.002046 0.006113 8.222222
0.001855 0.006103 8.222222
0.001664 0.006086 8.222222
0.001472 0.006077 8.222222
0.001281 0.006056 8.222222
0.001089 0.006057 8.222222
0.000902 0.006014 8.222222
0.000711 0.006007 8.222222
0.000521 0.005975 8.222222
0.000330 0.005962 8.222222
0.000143 0.005919 8.222222
-0.000048 0.005904 8.222222
-0.000235 0.005946 8.222222
-0.000427 0.005961 8.222222
-0.000615 0.005996 8.222222
-0.000807 0.005997 8.222222
-0.000995 0.006034 8.222222
-0.001187 0.006039 8.222222
-0.001378 0.006059 8.222222
-0.001570 0.006057 8.222222
-0.001760 0.006082 8.222222
-0.001951 0.006099 8.222222
-0.002140 0.006132 8.222222
-0.002329 0.006163 8.222222
-0.002518 0.006196 8.222222
-0.002707 0.006230 8.222222
-0.002897 0.006257 8.222222
-0.003087 0.006286 8.222222
-0.003273 0.006331 8.222222
-0.003460 0.006377 8.222222
-0.003646 0.006422 8.222222
-0.003832 0.006467 8.222222
-0.003982 0.006347 8.222222
-0.004039 0.006164 8.222222
-0.004091 0.005979 8.222222
-0.004143 0.005795 8.222222
-0.004198 0.005611 8.222222
-0.004247 0.005425 8.222222
-0.004298 0.005240 8.222222
-0.004356 0.005057 8.222222
-0.004409 0.004873 8.222222
-0.004466 0.004690 8.222222
-0.004520 0.004506 8.222222
-0.004586 0.004326 8.222222
-0.004647 0.004144 8.222222
-0.004730 0.003971 8.222222
-0.004776 0.003785 8.222222
-0.004863 0.003614 8.222222
-0.004923 0.003431 8.222222
-0.005008 0.003260 8.222222
-0.005060 0.003075 8.222222
-0.005146 0.002903 8.222222
-0.005278 0.002765 8.222222
-0.005385 0.002605 8.222222
-0.005515 0.002464 8.222222
-0.005613 0.002299 8.222222
-0.005747 0.002161 8.222222
-0.005854 0.002002 8.222222
-0.005975 0.001854 8.222222
-0.006086 0.001697 8.222222
-0.006217 0.001557 8.222222
-0.006337 0.001408 8.222222
-0.006466 0.001266 8.222222
-0.006592 0.001121 8.222222
-0.006722 0.000980 8.222222
-0.006857 0.000843 8.222222
-0.006989 0.000704 8.222222
-0.007119 0.000563 8.222222
-0.007253 0.000426 8.222222
-0.007385 0.000286 8.222222
-0.007514 0.000145 8.222222
-0.007540 -0.000045 8.222222
-0.007405 -0.000181 8.222222
-0.007277 -0.000324 8.222222
-0.007151 -0.000469 8.222222
-0.007021 -0.000610 8.222222
-0.006887 -0.000747 8.222222
-0.006747 -0.000879 8.222222
-0.006607 -0.001009 8.222222
-0.006478 -0.001151 8.222222
-0.006349 -0.001293 8.222222
-0.006233 -0.001446 8.222222
-0.006112 -0.001595 8.222222
-0.006007 -0.001756 8.222222
-0.005892 -0.001909 8.222222
-0.005798 -0.002076 8.222222
-0.005670 -0.002219 8.222222
-0.005565 -0.002379 8.222222
-0.005446 -0.002530 8.222222
-0.005338 -0.002689 8.222222
-0.005208 -0.002830 8.222222
-0.005099 -0.002988 8.222222
-0.005043 -0.003172 8.222222
-0.004965 -0.003347 8.222222
-0.004902 -0.003528 8.222222
-0.004818 -0.003700 8.222222
-0.004765 -0.003885 8.222222
-0.004690 -0.004061 8.222222
-0.004631 -0.004244 8.222222
-0.004554 -0.004420 8.222222
-0.004508 -0.004606 8.222222
-0.004443 -0.004786 8.222222
-0.004391 -0.004971 8.222222
-0.004330 -0.005153 8.222222
-0.004272 -0.005336 8.222222
-0.004220 -0.005520 8.222222
-0.004170 -0.005705 8.222222
-0.004115 -0.005889 8.222222
-0.004063 -0.006074 8.222222
-0.004008 -0.006258 8.222222
-0.003949 -0.006440 8.222222
-0.003800 -0.006560 8.222222
-0.003614 -0.006511 8.222222
-0.003428 -0.006463 8.222222
-0.003242 -0.006418 8.222222
-0.003054 -0.006381 8.222222
-0.002864 -0.006355 8.222222
-0.002675 -0.006318 8.222222
-0.002490 -0.006269 8.222222
-0.002304 -0.006223 8.222222
-0.002117 -0.006178 8.222222
-0.001930 -0.006135 8.222222
-0.001741 -0.006102 8.222222
-0.001553 -0.006067 8.222222
-0.001361 -0.006055 8.222222
-0.001170 -0.006039 8.222222
-0.000978 -0.006031 8.222222
-0.000789 -0.005998 8.222222
-0.000598 -0.005992 8.222222
-0.000408 -0.005965 8.222222
-0.000217 -0.005945 8.222222
-0.000028 -0.005912 8.222222
0.000162 -0.005935 8.222222
0.000351 -0.005973 8.222222
0.000541 -0.005992 8.222222
0.000731 -0.006024 8.222222
0.000921 -0.006047 8.222222
0.001107 -0.006095 8.222222
0.001297 -0.006116 8.222222
0.001485 -0.006154 8.222222
0.001673 -0.006193 8.222222
0.001860 -0.006238 8.222222
0.002046 -0.006283 8.222222
0.002232 -0.006329 8.222222
0.002420 -0.006370 8.222222
0.002606 -0.006417 8.222222
0.002791 -0.006466 8.222222
0.002978 -0.006509 8.222222
0.003164 -0.006556 8.222222
0.003351 -0.006602 8.222222
0.003538 -0.006643 8.222222
0.003717 -0.006573 8.222222
0.003770 -0.006388 8.222222
0.003823 -0.006204 8.222222
0.003876 -0.006020 8.222222
0.003928 -0.005835 8.222222
0.003994 -0.005655 8.222222
0.004064 -0.005476 8.222222
0.004128 -0.005296 8.222222
0.004191 -0.005114 8.222222
0.004256 -0.004934 8.222222
0.004315 -0.004751 8.222222
0.004389 -0.004575 8.222222
0.004458 -0.004396 8.222222
0.004561 -0.004233 8.222222
0.004631 -0.004055 8.222222
0.004723 -0.003887 8.222222
0.004786 -0.003705 8.222222
0.004886 -0.003542 8.222222
0.004945 -0.003359 8.222222
0.005029 -0.003187 8.222222
0.005085 -0.003003 8.222222
0.005192 -0.002844 8.222222
0.005325 -0.002706 8.222222
0.005433 -0.002547 8.222222
0.005561 -0.002404 8.222222
0.005663 -0.002242 8.222222
0.005803 -0.002111 8.222222
0.005909 -0.001951 8.222222
0.006039 -0.001810 8.222222
0.006159 -0.001660 8.222222
0.006294 -0.001524 8.222222
0.006422 -0.001381 8.222222
0.006556 -0.001244 8.222222
0.006685 -0.001101 8.222222
0.006819 -0.000965 8.222222
0.006954 -0.000828 8.222222
0.007085 -0.000688 8.222222
0.007219 -0.000550 8.222222
0.007352 -0.000413 8.222222
0.007483 -0.000272 8.222222
0.007512 -0.000082 8.222222

