0.007939 -0.000026 10.246528
0.007788 0.000113 10.246528
0.007643 0.000258 10.246528
0.007500 0.000405 10.246528
0.007354 0.000549 10.246528
0.007220 0.000705 10.246528
0.007075 0.000850 10.246528
0.006937 0.001002 10.246528
0.006788 0.001142 10.246528
0.006659 0.001302 10.246528
0.006507 0.001440 10.246528
0.006390 0.001609 10.246528
0.006233 0.001741 10.246528
0.006102 0.001899 10.246528
0.005963 0.002050 10.246528
0.005843 0.002216 10.246528
0.005714 0.002375 10.246528
0.005599 0.002545 10.246528
0.005489 0.002718 10.246528
0.005359 0.002877 10.246528
0.005264 0.003059 10.246528
0.005205 0.003256 10.246528
0.005114 0.003440 10.246528
0.005047 0.003633 10.246528
0.004972 0.003825 10.246528
0.004908 0.004020 10.246528
0.004856 0.004218 10.246528
0.004780 0.004408 10.246528
0.004732 0.004608 10.246528
0.004671 0.004804 10.246528
0.004631 0.005005 10.246528
0.004557 0.005197 10.246528
0.004514 0.005397 10.246528
0.004436 0.005587 10.246528
0.004388 0.005786 10.246528
0.004316 0.005979 10.246528
0.004258 0.006175 10.246528
0.004189 0.006369 10.246528
0.004128 0.006565 10.246528
0.004051 0.006755 10.246528
0.003878 0.006865 10.246528
0.003685 0.006796 10.246528
0.003487 0.006741 10.246528
0.003291 0.006681 10.246528
0.003091 0.006633 10.246528
0.002893 0.006579 10.246528
0.002693 0.006536 10.246528
0.002494 0.006484 10.246528
0.002293 0.006444 10.246528
0.002093 0.006401 10.246528
0.001896 0.006343 10.246528
0.001694 0.006305 10.246528
0.001496 0.006251 10.246528
0.001296 0.006299 10.246528
0.001141 0.006433 10.246528
0.000970 0.006319 10.246528
0.000772 0.006267 10.246528
0.000575 0.006210 10.246528
0.000375 0.006165 10.246528
0.000173 0.006128 10.246528
-0.000029 0.006091 10.246528
-0.000232 0.006116 10.246528
-0.000432 0.006164 10.246528
-0.000630 0.006215 10.246528
-0.000830 0.006263 10.246528
-0.001006 0.006369 10.246528
-0.001171 0.006247 10.246528
-0.001376 0.006233 10.246528
-0.001571 0.006296 10.246528
-0.001775 0.006313 10.246528
-0.001975 0.006361 10.246528
-0.002177 0.006400 10.246528
-0.002377 0.006443 10.246528
-0.002572 0.006507 10.246528
-0.002773 0.006547 10.246528
-0.002971 0.006602 10.246528
-0.003173 0.006637 10.246528
-0.003371 0.006692 10.246528
-0.003569 0.006744 10.246528
-0.003766 0.006803 10.246528
-0.003956 0.006879 10.246528
-0.004136 0.006781 10.246528
-0.004216 0.006592 10.246528
-0.004281 0.006397 10.246528
-0.004351 0.006204 10.246528
-0.004411 0.006008 10.246528
-0.004480 0.005815 10.246528
-0.004531 0.005616 10.246528
-0.004608 0.005426 10.246528
-0.004646 0.005224 10.246528
-0.004724 0.005034 10.246528
-0.004755 0.004832 10.246528
-0.004826 0.004639 10.246528
-0.004870 0.004439 10.246528
-0.004944 0.004247 10.246528
-0.004975 0.004045 10.246528
-0.005046 0.003852 10.246528
-0.005102 0.003655 10.246528
-0.005171 0.003461 10.246528
-0.005242 0.003269 10.246528
-0.005296 0.003071 10.246528
-0.005409 0.002899 10.246528
-0.005542 0.002743 10.246528
-0.005676 0.002588 10.246528
-0.005797 0.002423 10.246528
-0.005950 0.002285 10.246528
-0.006079 0.002126 10.246528
-0.006228 0.001985 10.246528
-0.006351 0.001821 10.246528
-0.006513 0.001695 10.246528
-0.006642 0.001535 10.246528
-0.006795 0.001398 10.246528
-0.006923 0.001239 10.246528
-0.007072 0.001097 10.246528
-0.007203 0.000939 10.246528
-0.007350 0.000796 10.246528
-0.007483 0.000640 10.246528
-0.007631 0.000497 10.246528
-0.007776 0.000353 10.246528
-0.007924 0.000210 10.246528
-0.007966 0.000009 10.246528
-0.007836 -0.000149 10.246528
-0.007712 -0.000313 10.246528
-0.007576 -0.000467 10.246528
-0.007447 -0.000626 10.246528
-0.007300 -0.000769 10.246528
-0.007162 -0.000921 10.246528
-0.007012 -0.001061 10.246528
-0.006886 -0.001223 10.246528
-0.006742 -0.001369 10.246528
-0.006613 -0.001529 10.246528
-0.006453 -0.001657 10.246528
-0.006317 -0.001811 10.246528
-0.006165 -0.001948 10.246528
-0.006032 -0.002105 10.246528
-0.005873 -0.002234 10.246528
-0.005753 -0.002401 10.246528
-0.005619 -0.002556 10.246528
-0.005513 -0.002732 10.246528
-0.005384 -0.002891 10.246528
-0.005301 -0.003079 10.246528
-0.005257 -0.003279 10.246528
-0.005168 -0.003464 10.246528
-0.005127 -0.003665 10.246528
-0.005042 -0.003852 10.246528
-0.005008 -0.004054 10.246528
-0.004938 -0.004247 10.246528
-0.004888 -0.004446 10.246528
-0.004814 -0.004637 10.246528
-0.004774 -0.004839 10.246528
-0.004707 -0.005032 10.246528
-0.004662 -0.005233 10.246528
-0.004590 -0.005425 10.246528
-0.004541 -0.005624 10.246528
-0.004466 -0.005815 10.246528
-0.004420 -0.006015 10.246528
-0.004350 -0.006208 10.246528
-0.004301 -0.006407 10.246528
-0.004243 -0.006604 10.246528
-0.004188 -0.006802 10.246528
-0.004024 -0.006925 10.246528
-0.003824 -0.006879 10.246528
-0.003623 -0.006837 10.246528
-0.003423 -0.006794 10.246528
-0.003222 -0.006749 10.246528
-0.003020 -0.006716 10.246528
-0.002822 -0.006662 10.246528
-0.002622 -0.006614 10.246528
-0.002427 -0.006551 10.246528
-0.002225 -0.006513 10.246528
-0.002026 -0.006467 10.246528
-0.001822 -0.006443 10.246528
-0.001623 -0.006392 10.246528
-0.001422 -0.006353 10.246528
-0.001221 -0.006308 10.246528
-0.001022 -0.006258 10.246528
-0.000823 -0.006208 10.246528
-0.000626 -0.006154 10.246528
-0.000422 -0.006125 10.246528
-0.000218 -0.006102 10.246528
-0.000018 -0.006143 10.246528
0.000181 -0.006195 10.246528
0.000385 -0.006217 10.246528
0.000581 -0.006279 10.246528
0.000784 -0.006308 10.246528
0.000980 -0.006369 10.246528
0.001178 -0.006422 10.246528
0.001379 -0.006464 10.246528
0.001578 -0.006513 10.246528
0.001778 -0.006557 10.246528
0.001975 -0.006616 10.246528
0.002177 -0.006652 10.246528
0.002373 -0.006711 10.246528
0.002576 -0.006745 10.246528
0.002775 -0.006796 10.246528
0.002975 -0.006837 10.246528
0.003176 -0.006882 10.246528
0.003376 -0.006927 10.246528
0.003575 -0.006977 10.246528
0.003776 -0.007017 10.246528
0.003960 -0.006926 10.246528
0.004010 -0.006727 10.246528
0.004067 -0.006530 10.246528
0.004128 -0.006334 10.246528
0.004179 -0.006135 10.246528
0.004251 -0.005943 10.246528
0.004301 -0.005744 10.246528
0.004370 -0.005551 10.246528
0.004401 -0.005348 10.246528
0.004477 -0.005158 10.246528
0.004516 -0.004956 10.246528
0.004595 -0.004767 10.246528
0.004658 -0.004571 10.246528
0.004736 -0.004382 10.246528
0.004800 -0.004187 10.246528
0.004850 -0.003988 10.246528
0.004937 -0.003802 10.246528
0.005087 -0.003662 10.246528
0.005137 -0.003463 10.246528
0.005190 -0.003265 10.246528
0.005281 -0.003080 10.246528
0.005424 -0.002934 10.246528
0.005553 -0.002774 10.246528
0.005689 -0.002621 10.246528
0.005827 -0.002469 10.246528
0.005960 -0.002312 10.246528
0.006118 -0.002181 10.246528
0.006249 -0.002024 10.246528
0.006399 -0.001883 10.246528
0.006528 -0.001724 10.246528
0.006688 -0.001596 10.246528
0.006813 -0.001433 10.246528
0.006970 -0.001301 10.246528
0.007095 -0.001138 10.246528
0.007245 -0.000998 10.246528
0.007375 -0.000839 10.246528
0.007518 -0.000692 10.246528
0.007650 -0.000535 10.246528
0.007794 -0.000388 10.246528
0.007925 -0.000231 10.246528
0.007939 -0.000026 10.246528

