0.005366 -0.000000 0.887153
0.005363 0.000137 0.887153
0.005354 0.000274 0.887153
0.005337 0.000410 0.887153
0.005313 0.000545 0.887153
0.005279 0.000678 0.887153
0.005236 0.000808 0.887153
0.005184 0.000936 0.887153
0.005129 0.001061 0.887153
0.005070 0.001185 0.887153
0.005009 0.001308 0.887153
0.004946 0.001430 0.887153
0.004880 0.001550 0.887153
0.004813 0.001670 0.887153
0.004744 0.001789 0.887153
0.004675 0.001907 0.887153
0.004607 0.002026 0.887153
0.004538 0.002145 0.887153
0.004469 0.002264 0.887153
0.004401 0.002382 0.887153
0.004332 0.002501 0.887153
0.004263 0.002620 0.887153
0.004195 0.002739 0.887153
0.004126 0.002858 0.887153
0.004058 0.002977 0.887153
0.003989 0.003095 0.887153
0.003921 0.003214 0.887153
0.003852 0.003333 0.887153
0.003783 0.003451 0.887153
0.003711 0.003568 0.887153
0.003637 0.003684 0.887153
0.003561 0.003798 0.887153
0.003483 0.003911 0.887153
0.003402 0.004022 0.887153
0.003318 0.004130 0.887153
0.003227 0.004233 0.887153
0.003129 0.004329 0.887153
0.003024 0.004417 0.887153
0.002914 0.004499 0.887153
0.002800 0.004576 0.887153
0.002683 0.004647 0.887153
0.002563 0.004713 0.887153
0.002439 0.004773 0.887153
0.002313 0.004827 0.887153
0.002184 0.004874 0.887153
0.002052 0.004911 0.887153
0.001918 0.004939 0.887153
0.001782 0.004958 0.887153
0.001645 0.004972 0.887153
0.001509 0.004983 0.887153
0.001372 0.004992 0.887153
0.001235 0.004998 0.887153
0.001098 0.005001 0.887153
0.000960 0.005003 0.887153
0.000823 0.005003 0.887153
0.000686 0.005003 0.887153
0.000549 0.005003 0.887153
0.000412 0.005003 0.887153
0.000274 0.005002 0.887153
0.000137 0.005002 0.887153
0.000000 0.005002 0.887153
-0.000137 0.005002 0.887153
-0.000274 0.005002 0.887153
-0.000412 0.005003 0.887153
-0.000549 0.005003 0.887153
-0.000686 0.005003 0.887153
-0.000823 0.005003 0.887153
-0.000960 0.005003 0.887153
-0.001098 0.005001 0.887153
-0.001235 0.004998 0.887153
-0.001372 0.004992 0.887153
-0.001509 0.004983 0.887153
-0.001645 0.004972 0.887153
-0.001782 0.004958 0.887153
-0.001918 0.004939 0.887153
-0.002052 0.004911 0.887153
-0.002184 0.004874 0.887153
-0.002313 0.004827 0.887153
-0.002439 0.004773 0.887153
-0.002563 0.004713 0.887153
-0.002683 0.004647 0.887153
-0.002800 0.004576 0.887153
-0.002914 0.004499 0.887153
-0.003024 0.004417 0.887153
-0.003129 0.004329 0.887153
-0.003227 0.004233 0.887153
-0.003318 0.004130 0.887153
-0.003402 0.004022 0.887153
-0.003483 0.003911 0.887153
-0.003561 0.003798 0.887153
-0.003637 0.003684 0.887153
-0.003711 0.003568 0.887153
-0.003783 0.003451 0.887153
-0.003852 0.003333 0.887153
-0.003921 0.003214 0.887153
-0.003989 0.003095 0.887153
-0.004058 0.002977 0.887153
-0.004126 0.002858 0.887153
-0.004195 0.002739 0.887153
-0.004263 0.002620 0.887153
-0.004332 0.002501 0.887153
-0.004401 0.002382 0.887153
-0.004469 0.002264 0.887153
-0.004538 0.002145 0.887153
-0.004607 0.002026 0.887153
-0.004675 0.001907 0.887153
-0.004744 0.001789 0.887153
-0.004813 0.001670 0.887153
-0.004880 0.001550 0.887153
-0.004946 0.001430 0.887153
-0.005009 0.001308 0.887153
-0.005070 0.001185 0.887153
-0.005129 0.001061 0.887153
-0.005184 0.000936 0.887153
-0.005236 0.000808 0.887153
-0.005279 0.000678 0.887153
-0.005313 0.000545 0.887153
-0.005337 0.000410 0.887153
-0.005354 0.000274 0.887153
-0.005363 0.000137 0.887153
-0.005366 -0.000000 0.887153
-0.005363 -0.000137 0.887153
-0.005354 -0.000274 0.887153
-0.005337 -0.000410 0.887153
-0.005313 -0.000545 0.887153
-0.005279 -0.000678 0.887153
-0.005236 -0.000808 0.887153
-0.005184 -0.000936 0.887153
-0.005129 -0.001061 0.887153
-0.005070 -0.001185 0.887153
-0.005009 -0.001308 0.887153
-0.004946 -0.001430 0.887153
-0.004880 -0.001550 0.887153
-0.004813 -0.001670 0.887153
-0.004744 -0.001789 0.887153
-0.004675 -0.001907 0.887153
-0.004607 -0.002026 0.887153
-0.004538 -0.002145 0.887153
-0.004469 -0.002264 0.887153
-0.004401 -0.002382 0.887153
-0.004332 -0.002501 0.887153
-0.004263 -0.002620 0.887153
-0.004195 -0.002739 0.887153
-0.004126 -0.002858 0.887153
-0.004058 -0.002977 0.887153
-0.003989 -0.003095 0.887153
-0.003921 -0.003214 0.887153
-0.003852 -0.003333 0.887153
-0.003783 -0.003451 0.887153
-0.003711 -0.003568 0.887153
-0.003637 -0.003684 0.887153
-0.003561 -0.003798 0.887153
-0.003483 -0.003911 0.887153
-0.003402 -0.004022 0.887153
-0.003318 -0.004130 0.887153
-0.003227 -0.004233 0.887153
-0.003129 -0.004329 0.887153
-0.003024 -0.004417 0.887153
-0.002914 -0.004499 0.887153
-0.002800 -0.004576 0.887153
-0.002683 -0.004647 0.887153
-0.002563 -0.004713 0.887153
-0.002439 -0.004773 0.887153
-0.002313 -0.004827 0.887153
-0.002184 -0.004874 0.887153
-0.002052 -0.004911 0.887153
-0.001918 -0.004939 0.887153
-0.001782 -0.004958 0.887153
-0.001645 -0.004972 0.887153
-0.001509 -0.004983 0.887153
-0.001372 -0.004992 0.887153
-0.001235 -0.004998 0.887153
-0.001098 -0.005001 0.887153
-0.000960 -0.005003 0.887153
-0.000823 -0.005003 0.887153
-0.000686 -0.005003 0.887153
-0.000549 -0.005003 0.887153
-0.000412 -0.005003 0.887153
-0.000274 -0.005002 0.887153
-0.000137 -0.005002 0.887153
-0.000000 -0.005002 0.887153
0.000137 -0.005002 0.887153
0.000274 -0.005002 0.887153
0.000412 -0.005003 0.887153
0.000549 -0.005003 0.887153
0.000686 -0.005003 0.887153
0.000823 -0.005003 0.887153
0.000960 -0.005003 0.887153
0.001098 -0.005001 0.887153
0.001235 -0.004998 0.887153
0.001372 -0.004992 0.887153
0.001509 -0.004983 0.887153
0.001645 -0.004972 0.887153
0.001782 -0.004958 0.887153
0.001918 -0.004939 0.887153
0.002052 -0.004911 0.887153
0.002184 -0.004874 0.887153
0.002313 -0.004827 0.887153
0.002439 -0.004773 0.887153
0.002563 -0.004713 0.887153
0.002683 -0.004647 0.887153
0.002800 -0.004576 0.887153
0.002914 -0.004499 0.887153
0.003024 -0.004417 0.887153
0.003129 -0.004329 0.887153
0.003227 -0.004233 0.887153
0.003318 -0.004130 0.887153
0.003402 -0.004022 0.887153
0.003483 -0.003911 0.887153
0.003561 -0.003798 0.887153
0.003637 -0.003684 0.887153
0.003711 -0.003568 0.887153
0.003783 -0.003451 0.887153
0.003852 -0.003333 0.887153
0.003921 -0.003214 0.887153
0.003989 -0.003095 0.887153
0.004058 -0.002977 0.887153
0.004126 -0.002858 0.887153
0.004195 -0.002739 0.887153
0.004263 -0.002620 0.887153
0.004332 -0.002501 0.887153
0.004401 -0.002382 0.887153
0.004469 -0.002264 0.887153
0.004538 -0.002145 0.887153
0.004607 -0.002026 0.887153
0.004675 -0.001907 0.887153
0.004744 -0.001789 0.887153
0.004813 -0.001670 0.887153
0.004880 -0.001550 0.887153
0.004946 -0.001430 0.887153
0.005009 -0.001308 0.887153
0.005070 -0.001185 0.887153
0.005129 -0.001061 0.887153
0.005184 -0.000936 0.887153
0.005236 -0.000808 0.887153
0.005279 -0.000678 0.887153
0.005313 -0.000545 0.887153
0.005337 -0.000410 0.887153
0.005354 -0.000274 0.887153
0.005363 -0.000137 0.887153
0.005366 -0.000000 0.887153

