0.006397 -0.000000 3.105903
0.006344 0.000153 3.105903
0.006242 0.000279 3.105903
0.006140 0.000405 3.105903
0.006040 0.000533 3.105903
0.005940 0.000661 3.105903
0.005836 0.000785 3.105903
0.005732 0.000909 3.105903
0.005633 0.001037 3.105903
0.005536 0.001168 3.105903
0.005435 0.001294 3.105903
0.005328 0.001416 3.105903
0.005222 0.001539 3.105903
0.005122 0.001666 3.105903
0.005027 0.001798 3.105903
0.004931 0.001928 3.105903
0.004830 0.002055 3.105903
0.004722 0.002176 3.105903
0.004615 0.002298 3.105903
0.004504 0.002416 3.105903
0.004400 0.002540 3.105903
0.004344 0.002692 3.105903
0.004298 0.002848 3.105903
0.004245 0.003001 3.105903
0.004195 0.003155 3.105903
0.004135 0.003306 3.105903
0.004071 0.003455 3.105903
0.004004 0.003603 3.105903
0.003944 0.003753 3.105903
0.003891 0.003906 3.105903
0.003838 0.004060 3.105903
0.003779 0.004211 3.105903
0.003715 0.004359 3.105903
0.003653 0.004509 3.105903
0.003598 0.004662 3.105903
0.003542 0.004814 3.105903
0.003482 0.004965 3.105903
0.003421 0.005115 3.105903
0.003362 0.005266 3.105903
0.003304 0.005417 3.105903
0.003199 0.005540 3.105903
0.003039 0.005570 3.105903
0.002879 0.005545 3.105903
0.002719 0.005520 3.105903
0.002558 0.005498 3.105903
0.002398 0.005475 3.105903
0.002238 0.005447 3.105903
0.002079 0.005418 3.105903
0.001918 0.005397 3.105903
0.001757 0.005378 3.105903
0.001597 0.005354 3.105903
0.001438 0.005323 3.105903
0.001278 0.005292 3.105903
0.001118 0.005269 3.105903
0.000957 0.005253 3.105903
0.000796 0.005234 3.105903
0.000635 0.005210 3.105903
0.000477 0.005177 3.105903
0.000318 0.005146 3.105903
0.000160 0.005108 3.105903
-0.000000 0.005081 3.105903
-0.000160 0.005108 3.105903
-0.000318 0.005146 3.105903
-0.000477 0.005177 3.105903
-0.000635 0.005210 3.105903
-0.000796 0.005234 3.105903
-0.000957 0.005253 3.105903
-0.001118 0.005269 3.105903
-0.001278 0.005292 3.105903
-0.001438 0.005323 3.105903
-0.001597 0.005354 3.105903
-0.001757 0.005378 3.105903
-0.001918 0.005397 3.105903
-0.002079 0.005418 3.105903
-0.002238 0.005447 3.105903
-0.002398 0.005475 3.105903
-0.002558 0.005498 3.105903
-0.002719 0.005520 3.105903
-0.002879 0.005545 3.105903
-0.003039 0.005570 3.105903
-0.003199 0.005540 3.105903
-0.003304 0.005417 3.105903
-0.003362 0.005266 3.105903
-0.003421 0.005115 3.105903
-0.003482 0.004965 3.105903
-0.003542 0.004814 3.105903
-0.003598 0.004662 3.105903
-0.003653 0.004509 3.105903
-0.003715 0.004359 3.105903
-0.003779 0.004211 3.105903
-0.003838 0.004060 3.105903
-0.003891 0.003906 3.105903
-0.003944 0.003753 3.105903
-0.004004 0.003603 3.105903
-0.004071 0.003455 3.105903
-0.004135 0.003306 3.105903
-0.004195 0.003155 3.105903
-0.004245 0.003001 3.105903
-0.004298 0.002848 3.105903
-0.004344 0.002692 3.105903
-0.004400 0.002540 3.105903
-0.004504 0.002416 3.105903
-0.004615 0.002298 3.105903
-0.004722 0.002176 3.105903
-0.004830 0.002055 3.105903
-0.004931 0.001928 3.105903
-0.005027 0.001798 3.105903
-0.005122 0.001666 3.105903
-0.005222 0.001539 3.105903
-0.005328 0.001416 3.105903
-0.005435 0.001294 3.105903
-0.005536 0.001168 3.105903
-0.005633 0.001037 3.105903
-0.005732 0.000909 3.105903
-0.005836 0.000785 3.105903
-0.005940 0.000661 3.105903
-0.006040 0.000533 3.105903
-0.006140 0.000405 3.105903
-0.006242 0.000279 3.105903
-0.006344 0.000153 3.105903
-0.006397 0.000000 3.105903
-0.006344 -0.000153 3.105903
-0.006242 -0.000279 3.105903
-0.006140 -0.000405 3.105903
-0.006040 -0.000533 3.105903
-0.005940 -0.000661 3.105903
-0.005836 -0.000785 3.105903
-0.005732 -0.000909 3.105903
-0.005633 -0.001037 3.105903
-0.005536 -0.001168 3.105903
-0.005435 -0.001294 3.105903
-0.005328 -0.001416 3.105903
-0.005222 -0.001539 3.105903
-0.005122 -0.001666 3.105903
-0.005027 -0.001798 3.105903
-0.004931 -0.001928 3.105903
-0.004830 -0.002055 3.105903
-0.004722 -0.002176 3.105903
-0.004615 -0.002298 3.105903
-0.004504 -0.002416 3.105903
-0.004400 -0.002540 3.105903
-0.004344 -0.002692 3.105903
-0.004298 -0.002848 3.105903
-0.004245 -0.003001 3.105903
-0.004195 -0.003155 3.105903
-0.004135 -0.003306 3.105903
-0.004071 -0.003455 3.105903
-0.004004 -0.003603 3.105903
-0.003944 -0.003753 3.105903
-0.003891 -0.003906 3.105903
-0.003838 -0.004060 3.105903
-0.003779 -0.004211 3.105903
-0.003715 -0.004359 3.105903
-0.003653 -0.004509 3.105903
-0.003598 -0.004662 3.105903
-0.003542 -0.004814 3.105903
-0.003482 -0.004965 3.105903
-0.003421 -0.005115 3.105903
-0.003362 -0.005266 3.105903
-0.003304 -0.005417 3.105903
-0.003199 -0.005540 3.105903
-0.003039 -0.005570 3.105903
-0.002879 -0.005545 3.105903
-0.002719 -0.005520 3.105903
-0.002558 -0.005498 3.105903
-0.002398 -0.005475 3.105903
-0.002238 -0.005447 3.105903
-0.002079 -0.005418 3.105903
-0.001918 -0.005397 3.105903
-0.001757 -0.005378 3.105903
-0.001597 -0.005354 3.105903
-0.001438 -0.005323 3.105903
-0.001278 -0.005292 3.105903
-0.001118 -0.005269 3.105903
-0.000957 -0.005253 3.105903
-0.000796 -0.005234 3.105903
-0.000635 -0.005210 3.105903
-0.000477 -0.005177 3.105903
-0.000318 -0.005146 3.105903
-0.000160 -0.005108 3.105903
0.000000 -0.005081 3.105903
0.000160 -0.005108 3.105903
0.000318 -0.005146 3.105903
0.000477 -0.005177 3.105903
0.000635 -0.005210 3.105903
0.000796 -0.005234 3.105903
0.000957 -0.005253 3.105903
0.001118 -0.005269 3.105903
0.001278 -0.005292 3.105903
0.001438 -0.005323 3.105903
0.001597 -0.005354 3.105903
0.001757 -0.005378 3.105903
0.001918 -0.005397 3.105903
0.002079 -0.005418 3.105903
0.002238 -0.005447 3.105903
0.002398 -0.005475 3.105903
0.002558 -0.005498 3.105903
0.002719 -0.005520 3.105903
0.002879 -0.005545 3.105903
0.003039 -0.005570 3.105903
0.003199 -0.005540 3.105903
0.003304 -0.005417 3.105903
0.003362 -0.005266 3.105903
0.003421 -0.005115 3.105903
0.003482 -0.004965 3.105903
0.003542 -0.004814 3.105903
0.003598 -0.004662 3.105903
0.003653 -0.004509 3.105903
0.003715 -0.004359 3.105903
0.003779 -0.004211 3.105903
0.003838 -0.004060 3.105903
0.003891 -0.003906 3.105903
0.003944 -0.003753 3.105903
0.004004 -0.003603 3.105903
0.004071 -0.003455 3.105903
0.004135 -0.003306 3.105903
0.004195 -0.003155 3.105903
0.004245 -0.003001 3.105903
0.004298 -0.002848 3.105903
0.004344 -0.002692 3.105903
0.004400 -0.002540 3.105903
0.004504 -0.002416 3.105903
0.004615 -0.002298 3.105903
0.004722 -0.002176 3.105903
0.004830 -0.002055 3.105903
0.004931 -0.001928 3.105903
0.005027 -0.001798 3.105903
0.005122 -0.001666 3.105903
0.005222 -0.001539 3.105903
0.005328 -0.001416 3.105903
0.005435 -0.001294 3.105903
0.005536 -0.001168 3.105903
0.005633 -0.001037 3.105903
0.005732 -0.000909 3.105903
0.005836 -0.000785 3.105903
0.005940 -0.000661 3.105903
0.006040 -0.000533 3.105903
0.006140 -0.000405 3.105903
0.006242 -0.000279 3.105903
0.006344 -0.000153 3.105903
0.006397 -0.000000 3.105903

