0.007774 -0.000068 9.395833
0.007636 0.000077 9.395833
0.007498 0.000220 9.395833
0.007360 0.000365 9.395833
0.007225 0.000512 9.395833
0.007089 0.000657 9.395833
0.006946 0.000797 9.395833
0.006815 0.000947 9.395833
0.006679 0.001094 9.395833
0.006551 0.001247 9.395833
0.006413 0.001391 9.395833
0.006288 0.001547 9.395833
0.006139 0.001679 9.395833
0.006038 0.001852 9.395833
0.005909 0.002004 9.395833
0.005805 0.002174 9.395833
0.005685 0.002334 9.395833
0.005579 0.002503 9.395833
0.005453 0.002658 9.395833
0.005343 0.002824 9.395833
0.005229 0.002988 9.395833
0.005152 0.003172 9.395833
0.005076 0.003357 9.395833
0.004994 0.003539 9.395833
0.004927 0.003727 9.395833
0.004836 0.003905 9.395833
0.004776 0.004095 9.395833
0.004704 0.004281 9.395833
0.004651 0.004474 9.395833
0.004573 0.004657 9.395833
0.004535 0.004853 9.395833
0.004468 0.005041 9.395833
0.004428 0.005237 9.395833
0.004366 0.005426 9.395833
0.004312 0.005619 9.395833
0.004248 0.005808 9.395833
0.004193 0.006000 9.395833
0.004128 0.006188 9.395833
0.004068 0.006379 9.395833
0.004009 0.006569 9.395833
0.003850 0.006690 9.395833
0.003657 0.006641 9.395833
0.003464 0.006589 9.395833
0.003271 0.006538 9.395833
0.003076 0.006496 9.395833
0.002882 0.006447 9.395833
0.002687 0.006406 9.395833
0.002493 0.006359 9.395833
0.002298 0.006318 9.395833
0.002106 0.006262 9.395833
0.001911 0.006221 9.395833
0.001715 0.006182 9.395833
0.001519 0.006144 9.395833
0.001320 0.006151 9.395833
0.001134 0.006224 9.395833
0.000946 0.006158 9.395833
0.000747 0.006135 9.395833
0.000554 0.006087 9.395833
0.000355 0.006069 9.395833
0.000157 0.006039 9.395833
-0.000041 0.006020 9.395833
-0.000239 0.006044 9.395833
-0.000439 0.006055 9.395833
-0.000634 0.006098 9.395833
-0.000832 0.006121 9.395833
-0.001023 0.006178 9.395833
-0.001217 0.006131 9.395833
-0.001416 0.006152 9.395833
-0.001611 0.006194 9.395833
-0.001807 0.006229 9.395833
-0.002005 0.006256 9.395833
-0.002200 0.006300 9.395833
-0.002398 0.006323 9.395833
-0.002591 0.006373 9.395833
-0.002787 0.006413 9.395833
-0.002978 0.006471 9.395833
-0.003172 0.006517 9.395833
-0.003367 0.006558 9.395833
-0.003562 0.006604 9.395833
-0.003756 0.006651 9.395833
-0.003949 0.006699 9.395833
-0.004109 0.006579 9.395833
-0.004167 0.006388 9.395833
-0.004228 0.006198 9.395833
-0.004291 0.006009 9.395833
-0.004346 0.005817 9.395833
-0.004409 0.005627 9.395833
-0.004463 0.005435 9.395833
-0.004522 0.005245 9.395833
-0.004567 0.005050 9.395833
-0.004634 0.004862 9.395833
-0.004669 0.004665 9.395833
-0.004747 0.004481 9.395833
-0.004777 0.004284 9.395833
-0.004847 0.004097 9.395833
-0.004895 0.003904 9.395833
-0.004979 0.003723 9.395833
-0.005027 0.003529 9.395833
-0.005110 0.003347 9.395833
-0.005170 0.003157 9.395833
-0.005253 0.002975 9.395833
-0.005381 0.002822 9.395833
-0.005491 0.002656 9.395833
-0.005629 0.002512 9.395833
-0.005740 0.002346 9.395833
-0.005875 0.002199 9.395833
-0.005993 0.002038 9.395833
-0.006146 0.001910 9.395833
-0.006264 0.001748 9.395833
-0.006410 0.001613 9.395833
-0.006538 0.001459 9.395833
-0.006687 0.001326 9.395833
-0.006817 0.001174 9.395833
-0.006960 0.001036 9.395833
-0.007090 0.000884 9.395833
-0.007230 0.000742 9.395833
-0.007365 0.000595 9.395833
-0.007498 0.000446 9.395833
-0.007635 0.000301 9.395833
-0.007776 0.000159 9.395833
-0.007811 -0.000037 9.395833
-0.007681 -0.000189 9.395833
-0.007546 -0.000336 9.395833
-0.007406 -0.000478 9.395833
-0.007269 -0.000623 9.395833
-0.007127 -0.000763 9.395833
-0.007000 -0.000918 9.395833
-0.006865 -0.001064 9.395833
-0.006733 -0.001215 9.395833
-0.006582 -0.001345 9.395833
-0.006446 -0.001491 9.395833
-0.006296 -0.001622 9.395833
-0.006171 -0.001778 9.395833
-0.006022 -0.001911 9.395833
-0.005904 -0.002072 9.395833
-0.005780 -0.002228 9.395833
-0.005681 -0.002402 9.395833
-0.005551 -0.002553 9.395833
-0.005443 -0.002721 9.395833
-0.005312 -0.002871 9.395833
-0.005214 -0.003045 9.395833
-0.005165 -0.003239 9.395833
-0.005078 -0.003418 9.395833
-0.005032 -0.003613 9.395833
-0.004952 -0.003796 9.395833
-0.004896 -0.003987 9.395833
-0.004824 -0.004173 9.395833
-0.004785 -0.004369 9.395833
-0.004714 -0.004556 9.395833
-0.004665 -0.004749 9.395833
-0.004596 -0.004936 9.395833
-0.004556 -0.005132 9.395833
-0.004490 -0.005320 9.395833
-0.004448 -0.005515 9.395833
-0.004380 -0.005703 9.395833
-0.004325 -0.005895 9.395833
-0.004264 -0.006085 9.395833
-0.004204 -0.006275 9.395833
-0.004145 -0.006466 9.395833
-0.004093 -0.006659 9.395833
-0.003938 -0.006785 9.395833
-0.003742 -0.006745 9.395833
-0.003547 -0.006702 9.395833
-0.003352 -0.006660 9.395833
-0.003157 -0.006616 9.395833
-0.002965 -0.006562 9.395833
-0.002774 -0.006506 9.395833
-0.002578 -0.006467 9.395833
-0.002382 -0.006429 9.395833
-0.002184 -0.006402 9.395833
-0.001990 -0.006354 9.395833
-0.001794 -0.006316 9.395833
-0.001603 -0.006258 9.395833
-0.001406 -0.006225 9.395833
-0.001216 -0.006166 9.395833
-0.001020 -0.006126 9.395833
-0.000823 -0.006094 9.395833
-0.000624 -0.006076 9.395833
-0.000426 -0.006057 9.395833
-0.000228 -0.006030 9.395833
-0.000028 -0.006033 9.395833
0.000165 -0.006085 9.395833
0.000363 -0.006109 9.395833
0.000558 -0.006152 9.395833
0.000753 -0.006192 9.395833
0.000951 -0.006222 9.395833
0.001144 -0.006273 9.395833
0.001338 -0.006318 9.395833
0.001529 -0.006376 9.395833
0.001726 -0.006409 9.395833
0.001917 -0.006468 9.395833
0.002113 -0.006507 9.395833
0.002305 -0.006560 9.395833
0.002499 -0.006606 9.395833
0.002694 -0.006651 9.395833
0.002889 -0.006694 9.395833
0.003083 -0.006741 9.395833
0.003278 -0.006781 9.395833
0.003473 -0.006824 9.395833
0.003667 -0.006872 9.395833
0.003853 -0.006799 9.395833
0.003913 -0.006609 9.395833
0.003970 -0.006417 9.395833
0.004028 -0.006226 9.395833
0.004088 -0.006036 9.395833
0.004146 -0.005845 9.395833
0.004190 -0.005650 9.395833
0.004252 -0.005461 9.395833
0.004302 -0.005267 9.395833
0.004380 -0.005084 9.395833
0.004431 -0.004891 9.395833
0.004518 -0.004711 9.395833
0.004563 -0.004516 9.395833
0.004637 -0.004331 9.395833
0.004690 -0.004139 9.395833
0.004776 -0.003958 9.395833
0.004855 -0.003775 9.395833
0.004973 -0.003614 9.395833
0.005035 -0.003424 9.395833
0.005123 -0.003245 9.395833
0.005199 -0.003060 9.395833
0.005319 -0.002901 9.395833
0.005449 -0.002750 9.395833
0.005567 -0.002589 9.395833
0.005710 -0.002449 9.395833
0.005826 -0.002287 9.395833
0.005968 -0.002146 9.395833
0.006094 -0.001992 9.395833
0.006251 -0.001868 9.395833
0.006371 -0.001708 9.395833
0.006524 -0.001580 9.395833
0.006650 -0.001426 9.395833
0.006799 -0.001293 9.395833
0.006931 -0.001143 9.395833
0.007072 -0.001002 9.395833
0.007204 -0.000852 9.395833
0.007344 -0.000710 9.395833
0.007476 -0.000560 9.395833
0.007610 -0.000412 9.395833
0.007746 -0.000266 9.395833
0.007774 -0.000068 9.395833

