0.006613 -0.000000 4.147569
0.006558 0.000158 4.147569
0.006453 0.000288 4.147569
0.006347 0.000418 4.147569
0.006243 0.000549 4.147569
0.006141 0.000681 4.147569
0.006036 0.000812 4.147569
0.005928 0.000940 4.147569
0.005823 0.001070 4.147569
0.005721 0.001203 4.147569
0.005620 0.001337 4.147569
0.005512 0.001464 4.147569
0.005405 0.001592 4.147569
0.005298 0.001721 4.147569
0.005200 0.001857 4.147569
0.005098 0.001990 4.147569
0.004992 0.002119 4.147569
0.004883 0.002246 4.147569
0.004772 0.002371 4.147569
0.004671 0.002505 4.147569
0.004571 0.002639 4.147569
0.004505 0.002793 4.147569
0.004440 0.002947 4.147569
0.004386 0.003106 4.147569
0.004331 0.003263 4.147569
0.004272 0.003420 4.147569
0.004208 0.003575 4.147569
0.004139 0.003727 4.147569
0.004081 0.003884 4.147569
0.004023 0.004041 4.147569
0.003968 0.004199 4.147569
0.003902 0.004353 4.147569
0.003838 0.004508 4.147569
0.003778 0.004664 4.147569
0.003721 0.004821 4.147569
0.003660 0.004977 4.147569
0.003597 0.005132 4.147569
0.003536 0.005288 4.147569
0.003476 0.005444 4.147569
0.003416 0.005600 4.147569
0.003307 0.005727 4.147569
0.003142 0.005758 4.147569
0.002977 0.005733 4.147569
0.002812 0.005706 4.147569
0.002646 0.005681 4.147569
0.002480 0.005658 4.147569
0.002315 0.005633 4.147569
0.002150 0.005604 4.147569
0.001985 0.005578 4.147569
0.001819 0.005556 4.147569
0.001653 0.005536 4.147569
0.001488 0.005505 4.147569
0.001323 0.005477 4.147569
0.001158 0.005448 4.147569
0.000992 0.005432 4.147569
0.000826 0.005410 4.147569
0.000661 0.005382 4.147569
0.000496 0.005351 4.147569
0.000332 0.005318 4.147569
0.000166 0.005298 4.147569
-0.000000 0.005278 4.147569
-0.000166 0.005298 4.147569
-0.000332 0.005318 4.147569
-0.000496 0.005351 4.147569
-0.000661 0.005382 4.147569
-0.000826 0.005410 4.147569
-0.000992 0.005432 4.147569
-0.001158 0.005448 4.147569
-0.001323 0.005477 4.147569
-0.001488 0.005505 4.147569
-0.001653 0.005536 4.147569
-0.001819 0.005556 4.147569
-0.001985 0.005578 4.147569
-0.002150 0.005604 4.147569
-0.002315 0.005633 4.147569
-0.002480 0.005658 4.147569
-0.002646 0.005681 4.147569
-0.002812 0.005706 4.147569
-0.002977 0.005733 4.147569
-0.003142 0.005758 4.147569
-0.003307 0.005727 4.147569
-0.003416 0.005600 4.147569
-0.003476 0.005444 4.147569
-0.003536 0.005288 4.147569
-0.003597 0.005132 4.147569
-0.003660 0.004977 4.147569
-0.003721 0.004821 4.147569
-0.003778 0.004664 4.147569
-0.003838 0.004508 4.147569
-0.003902 0.004353 4.147569
-0.003968 0.004199 4.147569
-0.004023 0.004041 4.147569
-0.004081 0.003884 4.147569
-0.004139 0.003727 4.147569
-0.004208 0.003575 4.147569
-0.004272 0.003420 4.147569
-0.004331 0.003263 4.147569
-0.004386 0.003106 4.147569
-0.004440 0.002947 4.147569
-0.004505 0.002793 4.147569
-0.004571 0.002639 4.147569
-0.004671 0.002505 4.147569
-0.004772 0.002371 4.147569
-0.004883 0.002246 4.147569
-0.004992 0.002119 4.147569
-0.005098 0.001990 4.147569
-0.005200 0.001857 4.147569
-0.005298 0.001721 4.147569
-0.005405 0.001592 4.147569
-0.005512 0.001464 4.147569
-0.005620 0.001337 4.147569
-0.005721 0.001203 4.147569
-0.005823 0.001070 4.147569
-0.005928 0.000940 4.147569
-0.006036 0.000812 4.147569
-0.006141 0.000681 4.147569
-0.006243 0.000549 4.147569
-0.006347 0.000418 4.147569
-0.006453 0.000288 4.147569
-0.006558 0.000158 4.147569
-0.006613 0.000000 4.147569
-0.006558 -0.000158 4.147569
-0.006453 -0.000288 4.147569
-0.006347 -0.000418 4.147569
-0.006243 -0.000549 4.147569
-0.006141 -0.000681 4.147569
-0.006036 -0.000812 4.147569
-0.005928 -0.000940 4.147569
-0.005823 -0.001070 4.147569
-0.005721 -0.001203 4.147569
-0.005620 -0.001337 4.147569
-0.005512 -0.001464 4.147569
-0.005405 -0.001592 4.147569
-0.005298 -0.001721 4.147569
-0.005200 -0.001857 4.147569
-0.005098 -0.001990 4.147569
-0.004992 -0.002119 4.147569
-0.004883 -0.002246 4.147569
-0.004772 -0.002371 4.147569
-0.004671 -0.002505 4.147569
-0.004571 -0.002639 4.147569
-0.004505 -0.002793 4.147569
-0.004440 -0.002947 4.147569
-0.004386 -0.003106 4.147569
-0.004331 -0.003263 4.147569
-0.004272 -0.003420 4.147569
-0.004208 -0.003575 4.147569
-0.004139 -0.003727 4.147569
-0.004081 -0.003884 4.147569
-0.004023 -0.004041 4.147569
-0.003968 -0.004199 4.147569
-0.003902 -0.004353 4.147569
-0.003838 -0.004508 4.147569
-0.003778 -0.004664 4.147569
-0.003721 -0.004821 4.147569
-0.003660 -0.004977 4.147569
-0.003597 -0.005132 4.147569
-0.003536 -0.005288 4.147569
-0.003476 -0.005444 4.147569
-0.003416 -0.005600 4.147569
-0.003307 -0.005727 4.147569
-0.003142 -0.005758 4.147569
-0.002977 -0.005733 4.147569
-0.002812 -0.005706 4.147569
-0.002646 -0.005681 4.147569
-0.002480 -0.005658 4.147569
-0.002315 -0.005633 4.147569
-0.002150 -0.005604 4.147569
-0.001985 -0.005578 4.147569
-0.001819 -0.005556 4.147569
-0.001653 -0.005536 4.147569
-0.001488 -0.005505 4.147569
-0.001323 -0.005477 4.147569
-0.001158 -0.005448 4.147569
-0.000992 -0.005432 4.147569
-0.000826 -0.005410 4.147569
-0.000661 -0.005382 4.147569
-0.000496 -0.005351 4.147569
-0.000332 -0.005318 4.147569
-0.000166 -0.005298 4.147569
0.000000 -0.005278 4.147569
0.000166 -0.005298 4.147569
0.000332 -0.005318 4.147569
0.000496 -0.005351 4.147569
0.000661 -0.005382 4.147569
0.000826 -0.005410 4.147569
0.000992 -0.005432 4.147569
0.001158 -0.005448 4.147569
0.001323 -0.005477 4.147569
0.001488 -0.005505 4.147569
0.001653 -0.005536 4.147569
0.001819 -0.005556 4.147569
0.001985 -0.005578 4.147569
0.002150 -0.005604 4.147569
0.002315 -0.005633 4.147569
0.002480 -0.005658 4.147569
0.002646 -0.005681 4.147569
0.002812 -0.005706 4.147569
0.002977 -0.005733 4.147569
0.003142 -0.005758 4.147569
0.003307 -0.005727 4.147569
0.003416 -0.005600 4.147569
0.003476 -0.005444 4.147569
0.003536 -0.005288 4.147569
0.003597 -0.005132 4.147569
0.003660 -0.004977 4.147569
0.003721 -0.004821 4.147569
0.003778 -0.004664 4.147569
0.003838 -0.004508 4.147569
0.003902 -0.004353 4.147569
0.003968 -0.004199 4.147569
0.004023 -0.004041 4.147569
0.004081 -0.003884 4.147569
0.004139 -0.003727 4.147569
0.004208 -0.003575 4.147569
0.004272 -0.003420 4.147569
0.004331 -0.003263 4.147569
0.004386 -0.003106 4.147569
0.004440 -0.002947 4.147569
0.004505 -0.002793 4.147569
0.004571 -0.002639 4.147569
0.004671 -0.002505 4.147569
0.004772 -0.002371 4.147569
0.004883 -0.002246 4.147569
0.004992 -0.002119 4.147569
0.005098 -0.001990 4.147569
0.005200 -0.001857 4.147569
0.005298 -0.001721 4.147569
0.005405 -0.001592 4.147569
0.005512 -0.001464 4.147569
0.005620 -0.001337 4.147569
0.005721 -0.001203 4.147569
0.005823 -0.001070 4.147569
0.005928 -0.000940 4.147569
0.006036 -0.000812 4.147569
0.006141 -0.000681 4.147569
0.006243 -0.000549 4.147569
0.006347 -0.000418 4.147569
0.006453 -0.000288 4.147569
0.006558 -0.000158 4.147569
0.006613 -0.000000 4.147569

