0.005060 -0.000000 0.182292
0.005058 0.000132 0.182292
0.005052 0.000264 0.182292
0.005043 0.000395 0.182292
0.005030 0.000527 0.182292
0.005013 0.000657 0.182292
0.004993 0.000788 0.182292
0.004968 0.000917 0.182292
0.004940 0.001046 0.182292
0.004908 0.001174 0.182292
0.004873 0.001301 0.182292
0.004833 0.001427 0.182292
0.004790 0.001552 0.182292
0.004743 0.001675 0.182292
0.004693 0.001797 0.182292
0.004640 0.001918 0.182292
0.004583 0.002037 0.182292
0.004524 0.002155 0.182292
0.004462 0.002271 0.182292
0.004397 0.002386 0.182292
0.004331 0.002501 0.182292
0.004265 0.002615 0.182292
0.004198 0.002728 0.182292
0.004128 0.002840 0.182292
0.004056 0.002951 0.182292
0.003981 0.003059 0.182292
0.003903 0.003166 0.182292
0.003822 0.003270 0.182292
0.003739 0.003372 0.182292
0.003653 0.003472 0.182292
0.003563 0.003569 0.182292
0.003471 0.003664 0.182292
0.003376 0.003755 0.182292
0.003279 0.003844 0.182292
0.003179 0.003930 0.182292
0.003076 0.004013 0.182292
0.002971 0.004093 0.182292
0.002864 0.004170 0.182292
0.002755 0.004244 0.182292
0.002643 0.004314 0.182292
0.002530 0.004382 0.182292
0.002415 0.004446 0.182292
0.002298 0.004507 0.182292
0.002179 0.004565 0.182292
0.002059 0.004620 0.182292
0.001937 0.004670 0.182292
0.001814 0.004718 0.182292
0.001690 0.004762 0.182292
0.001564 0.004802 0.182292
0.001437 0.004838 0.182292
0.001309 0.004871 0.182292
0.001181 0.004899 0.182292
0.001051 0.004924 0.182292
0.000921 0.004945 0.182292
0.000790 0.004963 0.182292
0.000659 0.004977 0.182292
0.000527 0.004988 0.182292
0.000396 0.004995 0.182292
0.000264 0.004999 0.182292
0.000132 0.005001 0.182292
-0.000000 0.005001 0.182292
-0.000132 0.005001 0.182292
-0.000264 0.004999 0.182292
-0.000396 0.004995 0.182292
-0.000527 0.004988 0.182292
-0.000659 0.004977 0.182292
-0.000790 0.004963 0.182292
-0.000921 0.004945 0.182292
-0.001051 0.004924 0.182292
-0.001181 0.004899 0.182292
-0.001309 0.004871 0.182292
-0.001437 0.004838 0.182292
-0.001564 0.004802 0.182292
-0.001690 0.004762 0.182292
-0.001814 0.004718 0.182292
-0.001937 0.004670 0.182292
-0.002059 0.004620 0.182292
-0.002179 0.004565 0.182292
-0.002298 0.004507 0.182292
-0.002415 0.004446 0.182292
-0.002530 0.004382 0.182292
-0.002643 0.004314 0.182292
-0.002755 0.004244 0.182292
-0.002864 0.004170 0.182292
-0.002971 0.004093 0.182292
-0.003076 0.004013 0.182292
-0.003179 0.003930 0.182292
-0.003279 0.003844 0.182292
-0.003376 0.003755 0.182292
-0.003471 0.003664 0.182292
-0.003563 0.003569 0.182292
-0.003653 0.003472 0.182292
-0.003739 0.003372 0.182292
-0.003822 0.003270 0.182292
-0.003903 0.003166 0.182292
-0.003981 0.003059 0.182292
-0.004056 0.002951 0.182292
-0.004128 0.002840 0.182292
-0.004198 0.002728 0.182292
-0.004265 0.002615 0.182292
-0.004331 0.002501 0.182292
-0.004397 0.002386 0.182292
-0.004462 0.002271 0.182292
-0.004524 0.002155 0.182292
-0.004583 0.002037 0.182292
-0.004640 0.001918 0.182292
-0.004693 0.001797 0.182292
-0.004743 0.001675 0.182292
-0.004790 0.001552 0.182292
-0.004833 0.001427 0.182292
-0.004873 0.001301 0.182292
-0.004908 0.001174 0.182292
-0.004940 0.001046 0.182292
-0.004968 0.000917 0.182292
-0.004993 0.000788 0.182292
-0.005013 0.000657 0.182292
-0.005030 0.000527 0.182292
-0.005043 0.000395 0.182292
-0.005052 0.000264 0.182292
-0.005058 0.000132 0.182292
-0.005060 0.000000 0.182292
-0.005058 -0.000132 0.182292
-0.005052 -0.000264 0.182292
-0.005043 -0.000395 0.182292
-0.005030 -0.000527 0.182292
-0.005013 -0.000657 0.182292
-0.004993 -0.000788 0.182292
-0.004968 -0.000917 0.182292
-0.004940 -0.001046 0.182292
-0.004908 -0.001174 0.182292
-0.004873 -0.001301 0.182292
-0.004833 -0.001427 0.182292
-0.004790 -0.001552 0.182292
-0.004743 -0.001675 0.182292
-0.004693 -0.001797 0.182292
-0.004640 -0.001918 0.182292
-0.004583 -0.002037 0.182292
-0.004524 -0.002155 0.182292
-0.004462 -0.002271 0.182292
-0.004397 -0.002386 0.182292
-0.004331 -0.002501 0.182292
-0.004265 -0.002615 0.182292
-0.004198 -0.002728 0.182292
-0.004128 -0.002840 0.182292
-0.004056 -0.002951 0.182292
-0.003981 -0.003059 0.182292
-0.003903 -0.003166 0.182292
-0.003822 -0.003270 0.182292
-0.003739 -0.003372 0.182292
-0.003653 -0.003472 0.182292
-0.003563 -0.003569 0.182292
-0.003471 -0.003664 0.182292
-0.003376 -0.003755 0.182292
-0.003279 -0.003844 0.182292
-0.003179 -0.003930 0.182292
-0.003076 -0.004013 0.182292
-0.002971 -0.004093 0.182292
-0.002864 -0.004170 0.182292
-0.002755 -0.004244 0.182292
-0.002643 -0.004314 0.182292
-0.002530 -0.004382 0.182292
-0.002415 -0.004446 0.182292
-0.002298 -0.004507 0.182292
-0.002179 -0.004565 0.182292
-0.002059 -0.004620 0.182292
-0.001937 -0.004670 0.182292
-0.001814 -0.004718 0.182292
-0.001690 -0.004762 0.182292
-0.001564 -0.004802 0.182292
-0.001437 -0.004838 0.182292
-0.001309 -0.004871 0.182292
-0.001181 -0.004899 0.182292
-0.001051 -0.004924 0.182292
-0.000921 -0.004945 0.182292
-0.000790 -0.004963 0.182292
-0.000659 -0.004977 0.182292
-0.000527 -0.004988 0.182292
-0.000396 -0.004995 0.182292
-0.000264 -0.004999 0.182292
-0.000132 -0.005001 0.182292
-0.000000 -0.005001 0.182292
0.000132 -0.005001 0.182292
0.000264 -0.004999 0.182292
0.000396 -0.004995 0.182292
0.000527 -0.004988 0.182292
0.000659 -0.004977 0.182292
0.000790 -0.004963 0.182292
0.000921 -0.004945 0.182292
0.001051 -0.004924 0.182292
0.001181 -0.004899 0.182292
0.001309 -0.004871 0.182292
0.001437 -0.004838 0.182292
0.001564 -0.004802 0.182292
0.001690 -0.004762 0.182292
0.001814 -0.004718 0.182292
0.001937 -0.004670 0.182292
0.002059 -0.004620 0.182292
0.002179 -0.004565 0.182292
0.002298 -0.004507 0.182292
0.002415 -0.004446 0.182292
0.002530 -0.004382 0.182292
0.002643 -0.004314 0.182292
0.002755 -0.004244 0.182292
0.002864 -0.004170 0.182292
0.002971 -0.004093 0.182292
0.003076 -0.004013 0.182292
0.003179 -0.003930 0.182292
0.003279 -0.003844 0.182292
0.003376 -0.003755 0.182292
0.003471 -0.003664 0.182292
0.003563 -0.003569 0.182292
0.003653 -0.003472 0.182292
0.003739 -0.003372 0.182292
0.003822 -0.003270 0.182292
0.003903 -0.003166 0.182292
0.003981 -0.003059 0.182292
0.004056 -0.002951 0.182292
0.004128 -0.002840 0.182292
0.004198 -0.002728 0.182292
0.004265 -0.002615 0.182292
0.004331 -0.002501 0.182292
0.004397 -0.002386 0.182292
0.004462 -0.002271 0.182292
0.004524 -0.002155 0.182292
0.004583 -0.002037 0.182292
0.004640 -0.001918 0.182292
0.004693 -0.001797 0.182292
0.004743 -0.001675 0.182292
0.004790 -0.001552 0.182292
0.004833 -0.001427 0.182292
0.004873 -0.001301 0.182292
0.004908 -0.001174 0.182292
0.004940 -0.001046 0.182292
0.004968 -0.000917 0.182292
0.004993 -0.000788 0.182292
0.005013 -0.000657 0.182292
0.005030 -0.000527 0.182292
0.005043 -0.000395 0.182292
0.005052 -0.000264 0.182292
0.005058 -0.000132 0.182292
0.005060 -0.000000 0.182292

