0.007893 -0.000039 10.008681
0.007746 0.000102 10.008681
0.007604 0.000247 10.008681
0.007462 0.000393 10.008681
0.007319 0.000539 10.008681
0.007186 0.000693 10.008681
0.007041 0.000835 10.008681
0.006903 0.000985 10.008681
0.006758 0.001128 10.008681
0.006629 0.001286 10.008681
0.006482 0.001427 10.008681
0.006365 0.001593 10.008681
0.006205 0.001720 10.008681
0.006081 0.001881 10.008681
0.005947 0.002034 10.008681
0.005831 0.002202 10.008681
0.005705 0.002361 10.008681
0.005596 0.002534 10.008681
0.005481 0.002701 10.008681
0.005354 0.002861 10.008681
0.005253 0.003037 10.008681
0.005191 0.003231 10.008681
0.005104 0.003416 10.008681
0.005031 0.003606 10.008681
0.004956 0.003795 10.008681
0.004883 0.003985 10.008681
0.004835 0.004183 10.008681
0.004759 0.004372 10.008681
0.004706 0.004569 10.008681
0.004642 0.004762 10.008681
0.004607 0.004963 10.008681
0.004535 0.005153 10.008681
0.004494 0.005353 10.008681
0.004419 0.005542 10.008681
0.004368 0.005739 10.008681
0.004299 0.005931 10.008681
0.004241 0.006126 10.008681
0.004174 0.006318 10.008681
0.004116 0.006513 10.008681
0.004044 0.006704 10.008681
0.003874 0.006815 10.008681
0.003680 0.006752 10.008681
0.003483 0.006700 10.008681
0.003288 0.006642 10.008681
0.003090 0.006595 10.008681
0.002893 0.006543 10.008681
0.002694 0.006501 10.008681
0.002497 0.006450 10.008681
0.002297 0.006413 10.008681
0.002099 0.006364 10.008681
0.001902 0.006310 10.008681
0.001702 0.006272 10.008681
0.001507 0.006215 10.008681
0.001306 0.006250 10.008681
0.001144 0.006373 10.008681
0.000968 0.006271 10.008681
0.000769 0.006227 10.008681
0.000573 0.006172 10.008681
0.000373 0.006134 10.008681
0.000172 0.006100 10.008681
-0.000029 0.006069 10.008681
-0.000231 0.006090 10.008681
-0.000431 0.006128 10.008681
-0.000629 0.006179 10.008681
-0.000828 0.006218 10.008681
-0.001010 0.006310 10.008681
-0.001188 0.006212 10.008681
-0.001392 0.006212 10.008681
-0.001587 0.006270 10.008681
-0.001789 0.006291 10.008681
-0.001989 0.006332 10.008681
-0.002189 0.006372 10.008681
-0.002389 0.006408 10.008681
-0.002582 0.006472 10.008681
-0.002782 0.006513 10.008681
-0.002977 0.006570 10.008681
-0.003178 0.006605 10.008681
-0.003375 0.006655 10.008681
-0.003573 0.006706 10.008681
-0.003769 0.006760 10.008681
-0.003961 0.006828 10.008681
-0.004137 0.006725 10.008681
-0.004209 0.006534 10.008681
-0.004269 0.006340 10.008681
-0.004337 0.006148 10.008681
-0.004397 0.005953 10.008681
-0.004462 0.005760 10.008681
-0.004516 0.005564 10.008681
-0.004588 0.005373 10.008681
-0.004627 0.005174 10.008681
-0.004702 0.004984 10.008681
-0.004730 0.004783 10.008681
-0.004805 0.004593 10.008681
-0.004848 0.004394 10.008681
-0.004918 0.004203 10.008681
-0.004950 0.004002 10.008681
-0.005027 0.003813 10.008681
-0.005081 0.003617 10.008681
-0.005154 0.003427 10.008681
-0.005220 0.003234 10.008681
-0.005285 0.003041 10.008681
-0.005403 0.002876 10.008681
-0.005529 0.002715 10.008681
-0.005666 0.002564 10.008681
-0.005782 0.002397 10.008681
-0.005930 0.002258 10.008681
-0.006058 0.002099 10.008681
-0.006209 0.001962 10.008681
-0.006329 0.001798 10.008681
-0.006488 0.001670 10.008681
-0.006616 0.001512 10.008681
-0.006769 0.001377 10.008681
-0.006897 0.001219 10.008681
-0.007044 0.001079 10.008681
-0.007175 0.000922 10.008681
-0.007320 0.000779 10.008681
-0.007453 0.000625 10.008681
-0.007595 0.000480 10.008681
-0.007740 0.000336 10.008681
-0.007885 0.000194 10.008681
-0.007925 -0.000006 10.008681
-0.007796 -0.000164 10.008681
-0.007670 -0.000324 10.008681
-0.007533 -0.000474 10.008681
-0.007400 -0.000628 10.008681
-0.007251 -0.000768 10.008681
-0.007114 -0.000919 10.008681
-0.006971 -0.001063 10.008681
-0.006847 -0.001224 10.008681
-0.006701 -0.001367 10.008681
-0.006568 -0.001521 10.008681
-0.006408 -0.001647 10.008681
-0.006276 -0.001802 10.008681
-0.006125 -0.001938 10.008681
-0.005992 -0.002093 10.008681
-0.005841 -0.002228 10.008681
-0.005730 -0.002399 10.008681
-0.005600 -0.002556 10.008681
-0.005496 -0.002731 10.008681
-0.005363 -0.002885 10.008681
-0.005274 -0.003069 10.008681
-0.005231 -0.003268 10.008681
-0.005143 -0.003452 10.008681
-0.005102 -0.003651 10.008681
-0.005016 -0.003836 10.008681
-0.004976 -0.004035 10.008681
-0.004908 -0.004227 10.008681
-0.004861 -0.004425 10.008681
-0.004786 -0.004615 10.008681
-0.004743 -0.004814 10.008681
-0.004677 -0.005006 10.008681
-0.004635 -0.005206 10.008681
-0.004565 -0.005397 10.008681
-0.004517 -0.005595 10.008681
-0.004443 -0.005784 10.008681
-0.004395 -0.005982 10.008681
-0.004326 -0.006174 10.008681
-0.004273 -0.006370 10.008681
-0.004217 -0.006566 10.008681
-0.004163 -0.006763 10.008681
-0.004001 -0.006886 10.008681
-0.003802 -0.006843 10.008681
-0.003603 -0.006801 10.008681
-0.003404 -0.006757 10.008681
-0.003204 -0.006716 10.008681
-0.003004 -0.006679 10.008681
-0.002809 -0.006620 10.008681
-0.002611 -0.006571 10.008681
-0.002416 -0.006513 10.008681
-0.002215 -0.006481 10.008681
-0.002016 -0.006439 10.008681
-0.001814 -0.006412 10.008681
-0.001618 -0.006357 10.008681
-0.001418 -0.006319 10.008681
-0.001220 -0.006271 10.008681
-0.001023 -0.006220 10.008681
-0.000825 -0.006171 10.008681
-0.000627 -0.006126 10.008681
-0.000424 -0.006106 10.008681
-0.000222 -0.006078 10.008681
-0.000021 -0.006108 10.008681
0.000174 -0.006166 10.008681
0.000377 -0.006186 10.008681
0.000572 -0.006244 10.008681
0.000774 -0.006274 10.008681
0.000971 -0.006325 10.008681
0.001166 -0.006382 10.008681
0.001365 -0.006426 10.008681
0.001563 -0.006475 10.008681
0.001762 -0.006515 10.008681
0.001956 -0.006577 10.008681
0.002157 -0.006613 10.008681
0.002352 -0.006671 10.008681
0.002552 -0.006708 10.008681
0.002750 -0.006756 10.008681
0.002949 -0.006799 10.008681
0.003148 -0.006843 10.008681
0.003347 -0.006886 10.008681
0.003544 -0.006936 10.008681
0.003743 -0.006980 10.008681
0.003927 -0.006893 10.008681
0.003982 -0.006696 10.008681
0.004040 -0.006501 10.008681
0.004099 -0.006307 10.008681
0.004154 -0.006110 10.008681
0.004224 -0.005919 10.008681
0.004272 -0.005721 10.008681
0.004337 -0.005528 10.008681
0.004371 -0.005328 10.008681
0.004448 -0.005139 10.008681
0.004490 -0.004940 10.008681
0.004573 -0.004754 10.008681
0.004634 -0.004560 10.008681
0.004710 -0.004371 10.008681
0.004767 -0.004175 10.008681
0.004825 -0.003980 10.008681
0.004910 -0.003795 10.008681
0.005049 -0.003647 10.008681
0.005102 -0.003450 10.008681
0.005169 -0.003258 10.008681
0.005257 -0.003074 10.008681
0.005394 -0.002923 10.008681
0.005524 -0.002766 10.008681
0.005656 -0.002611 10.008681
0.005795 -0.002462 10.008681
0.005920 -0.002302 10.008681
0.006076 -0.002171 10.008681
0.006209 -0.002016 10.008681
0.006359 -0.001879 10.008681
0.006484 -0.001718 10.008681
0.006644 -0.001593 10.008681
0.006769 -0.001432 10.008681
0.006924 -0.001300 10.008681
0.007051 -0.001141 10.008681
0.007198 -0.001000 10.008681
0.007330 -0.000844 10.008681
0.007471 -0.000697 10.008681
0.007602 -0.000542 10.008681
0.007744 -0.000396 10.008681
0.007878 -0.000243 10.008681
0.007893 -0.000039 10.008681

