0.006128 -0.000000 1.928819
0.006076 0.000146 1.928819
0.005980 0.000267 1.928819
0.005884 0.000388 1.928819
0.005783 0.000506 1.928819
0.005684 0.000624 1.928819
0.005591 0.000748 1.928819
0.005501 0.000874 1.928819
0.005405 0.000995 1.928819
0.005302 0.001110 1.928819
0.005196 0.001223 1.928819
0.005092 0.001337 1.928819
0.004992 0.001456 1.928819
0.004899 0.001579 1.928819
0.004812 0.001707 1.928819
0.004728 0.001837 1.928819
0.004648 0.001969 1.928819
0.004568 0.002102 1.928819
0.004490 0.002235 1.928819
0.004412 0.002369 1.928819
0.004334 0.002502 1.928819
0.004257 0.002636 1.928819
0.004181 0.002771 1.928819
0.004104 0.002905 1.928819
0.004029 0.003040 1.928819
0.003955 0.003176 1.928819
0.003884 0.003314 1.928819
0.003817 0.003453 1.928819
0.003757 0.003596 1.928819
0.003704 0.003741 1.928819
0.003657 0.003888 1.928819
0.003612 0.004036 1.928819
0.003564 0.004184 1.928819
0.003507 0.004327 1.928819
0.003443 0.004468 1.928819
0.003382 0.004610 1.928819
0.003330 0.004756 1.928819
0.003278 0.004902 1.928819
0.003222 0.005046 1.928819
0.003164 0.005189 1.928819
0.003064 0.005307 1.928819
0.002912 0.005335 1.928819
0.002759 0.005313 1.928819
0.002606 0.005290 1.928819
0.002454 0.005261 1.928819
0.002301 0.005234 1.928819
0.002148 0.005216 1.928819
0.001994 0.005201 1.928819
0.001841 0.005179 1.928819
0.001690 0.005146 1.928819
0.001539 0.005111 1.928819
0.001388 0.005078 1.928819
0.001236 0.005051 1.928819
0.001082 0.005032 1.928819
0.000928 0.005020 1.928819
0.000773 0.005013 1.928819
0.000619 0.005009 1.928819
0.000464 0.005007 1.928819
0.000309 0.005006 1.928819
0.000155 0.005005 1.928819
-0.000000 0.005005 1.928819
-0.000155 0.005005 1.928819
-0.000309 0.005006 1.928819
-0.000464 0.005007 1.928819
-0.000619 0.005009 1.928819
-0.000773 0.005013 1.928819
-0.000928 0.005020 1.928819
-0.001082 0.005032 1.928819
-0.001236 0.005051 1.928819
-0.001388 0.005078 1.928819
-0.001539 0.005111 1.928819
-0.001690 0.005146 1.928819
-0.001841 0.005179 1.928819
-0.001994 0.005201 1.928819
-0.002148 0.005216 1.928819
-0.002301 0.005234 1.928819
-0.002454 0.005261 1.928819
-0.002606 0.005290 1.928819
-0.002759 0.005313 1.928819
-0.002912 0.005335 1.928819
-0.003064 0.005307 1.928819
-0.003164 0.005189 1.928819
-0.003222 0.005046 1.928819
-0.003278 0.004902 1.928819
-0.003330 0.004756 1.928819
-0.003382 0.004610 1.928819
-0.003443 0.004468 1.928819
-0.003507 0.004327 1.928819
-0.003564 0.004184 1.928819
-0.003612 0.004036 1.928819
-0.003657 0.003888 1.928819
-0.003704 0.003741 1.928819
-0.003757 0.003596 1.928819
-0.003817 0.003453 1.928819
-0.003884 0.003314 1.928819
-0.003955 0.003176 1.928819
-0.004029 0.003040 1.928819
-0.004104 0.002905 1.928819
-0.004181 0.002771 1.928819
-0.004257 0.002636 1.928819
-0.004334 0.002502 1.928819
-0.004412 0.002369 1.928819
-0.004490 0.002235 1.928819
-0.004568 0.002102 1.928819
-0.004648 0.001969 1.928819
-0.004728 0.001837 1.928819
-0.004812 0.001707 1.928819
-0.004899 0.001579 1.928819
-0.004992 0.001456 1.928819
-0.005092 0.001337 1.928819
-0.005196 0.001223 1.928819
-0.005302 0.001110 1.928819
-0.005405 0.000995 1.928819
-0.005501 0.000874 1.928819
-0.005591 0.000748 1.928819
-0.005684 0.000624 1.928819
-0.005783 0.000506 1.928819
-0.005884 0.000388 1.928819
-0.005980 0.000267 1.928819
-0.006076 0.000146 1.928819
-0.006128 0.000000 1.928819
-0.006076 -0.000146 1.928819
-0.005980 -0.000267 1.928819
-0.005884 -0.000388 1.928819
-0.005783 -0.000506 1.928819
-0.005684 -0.000624 1.928819
-0.005591 -0.000748 1.928819
-0.005501 -0.000874 1.928819
-0.005405 -0.000995 1.928819
-0.005302 -0.001110 1.928819
-0.005196 -0.001223 1.928819
-0.005092 -0.001337 1.928819
-0.004992 -0.001456 1.928819
-0.004899 -0.001579 1.928819
-0.004812 -0.001707 1.928819
-0.004728 -0.001837 1.928819
-0.004648 -0.001969 1.928819
-0.004568 -0.002102 1.928819
-0.004490 -0.002235 1.928819
-0.004412 -0.002369 1.928819
-0.004334 -0.002502 1.928819
-0.004257 -0.002636 1.928819
-0.004181 -0.002771 1.928819
-0.004104 -0.002905 1.928819
-0.004029 -0.003040 1.928819
-0.003955 -0.003176 1.928819
-0.003884 -0.003314 1.928819
-0.003817 -0.003453 1.928819
-0.003757 -0.003596 1.928819
-0.003704 -0.003741 1.928819
-0.003657 -0.003888 1.928819
-0.003612 -0.004036 1.928819
-0.003564 -0.004184 1.928819
-0.003507 -0.004327 1.928819
-0.003443 -0.004468 1.928819
-0.003382 -0.004610 1.928819
-0.003330 -0.004756 1.928819
-0.003278 -0.004902 1.928819
-0.003222 -0.005046 1.928819
-0.003164 -0.005189 1.928819
-0.003064 -0.005307 1.928819
-0.002912 -0.005335 1.928819
-0.002759 -0.005313 1.928819
-0.002606 -0.005290 1.928819
-0.002454 -0.005261 1.928819
-0.002301 -0.005234 1.928819
-0.002148 -0.005216 1.928819
-0.001994 -0.005201 1.928819
-0.001841 -0.005179 1.928819
-0.001690 -0.005146 1.928819
-0.001539 -0.005111 1.928819
-0.001388 -0.005078 1.928819
-0.001236 -0.005051 1.928819
-0.001082 -0.005032 1.928819
-0.000928 -0.005020 1.928819
-0.000773 -0.005013 1.928819
-0.000619 -0.005009 1.928819
-0.000464 -0.005007 1.928819
-0.000309 -0.005006 1.928819
-0.000155 -0.005005 1.928819
0.000000 -0.005005 1.928819
0.000155 -0.005005 1.928819
0.000309 -0.005006 1.928819
0.000464 -0.005007 1.928819
0.000619 -0.005009 1.928819
0.000773 -0.005013 1.928819
0.000928 -0.005020 1.928819
0.001082 -0.005032 1.928819
0.001236 -0.005051 1.928819
0.001388 -0.005078 1.928819
0.001539 -0.005111 1.928819
0.001690 -0.005146 1.928819
0.001841 -0.005179 1.928819
0.001994 -0.005201 1.928819
0.002148 -0.005216 1.928819
0.002301 -0.005234 1.928819
0.002454 -0.005261 1.928819
0.002606 -0.005290 1.928819
0.002759 -0.005313 1.928819
0.002912 -0.005335 1.928819
0.003064 -0.005307 1.928819
0.003164 -0.005189 1.928819
0.003222 -0.005046 1.928819
0.003278 -0.004902 1.928819
0.003330 -0.004756 1.928819
0.003382 -0.004610 1.928819
0.003443 -0.004468 1.928819
0.003507 -0.004327 1.928819
0.003564 -0.004184 1.928819
0.003612 -0.004036 1.928819
0.003657 -0.003888 1.928819
0.003704 -0.003741 1.928819
0.003757 -0.003596 1.928819
0.003817 -0.003453 1.928819
0.003884 -0.003314 1.928819
0.003955 -0.003176 1.928819
0.004029 -0.003040 1.928819
0.004104 -0.002905 1.928819
0.004181 -0.002771 1.928819
0.004257 -0.002636 1.928819
0.004334 -0.002502 1.928819
0.004412 -0.002369 1.928819
0.004490 -0.002235 1.928819
0.004568 -0.002102 1.928819
0.004648 -0.001969 1.928819
0.004728 -0.001837 1.928819
0.004812 -0.001707 1.928819
0.004899 -0.001579 1.928819
0.004992 -0.001456 1.928819
0.005092 -0.001337 1.928819
0.005196 -0.001223 1.928819
0.005302 -0.001110 1.928819
0.005405 -0.000995 1.928819
0.005501 -0.000874 1.928819
0.005591 -0.000748 1.928819
0.005684 -0.000624 1.928819
0.005783 -0.000506 1.928819
0.005884 -0.000388 1.928819
0.005980 -0.000267 1.928819
0.006076 -0.000146 1.928819
0.006128 -0.000000 1.928819

