0.007718 -0.000075 9.126736
0.007584 0.000070 9.126736
0.007446 0.000211 9.126736
0.007311 0.000357 9.126736
0.007177 0.000502 9.126736
0.007038 0.000643 9.126736
0.006900 0.000785 9.126736
0.006773 0.000936 9.126736
0.006639 0.001082 9.126736
0.006512 0.001234 9.126736
0.006375 0.001377 9.126736
0.006249 0.001529 9.126736
0.006111 0.001671 9.126736
0.006019 0.001846 9.126736
0.005891 0.001997 9.126736
0.005792 0.002169 9.126736
0.005671 0.002325 9.126736
0.005563 0.002491 9.126736
0.005438 0.002644 9.126736
0.005333 0.002812 9.126736
0.005214 0.002970 9.126736
0.005134 0.003151 9.126736
0.005062 0.003335 9.126736
0.004975 0.003513 9.126736
0.004913 0.003701 9.126736
0.004823 0.003877 9.126736
0.004754 0.004062 9.126736
0.004676 0.004244 9.126736
0.004628 0.004436 9.126736
0.004546 0.004617 9.126736
0.004501 0.004809 9.126736
0.004435 0.004996 9.126736
0.004392 0.005189 9.126736
0.004334 0.005378 9.126736
0.004283 0.005569 9.126736
0.004221 0.005757 9.126736
0.004166 0.005947 9.126736
0.004104 0.006135 9.126736
0.004043 0.006323 9.126736
0.003986 0.006513 9.126736
0.003831 0.006637 9.126736
0.003639 0.006589 9.126736
0.003448 0.006537 9.126736
0.003256 0.006491 9.126736
0.003063 0.006449 9.126736
0.002871 0.006401 9.126736
0.002677 0.006361 9.126736
0.002485 0.006313 9.126736
0.002292 0.006270 9.126736
0.002101 0.006217 9.126736
0.001906 0.006183 9.126736
0.001712 0.006148 9.126736
0.001515 0.006127 9.126736
0.001317 0.006123 9.126736
0.001125 0.006170 9.126736
0.000934 0.006119 9.126736
0.000737 0.006100 9.126736
0.000544 0.006056 9.126736
0.000346 0.006046 9.126736
0.000151 0.006014 9.126736
-0.000047 0.005999 9.126736
-0.000242 0.006028 9.126736
-0.000440 0.006032 9.126736
-0.000634 0.006069 9.126736
-0.000832 0.006086 9.126736
-0.001024 0.006134 9.126736
-0.001219 0.006101 9.126736
-0.001415 0.006122 9.126736
-0.001610 0.006156 9.126736
-0.001804 0.006197 9.126736
-0.002000 0.006221 9.126736
-0.002193 0.006266 9.126736
-0.002390 0.006288 9.126736
-0.002583 0.006330 9.126736
-0.002778 0.006366 9.126736
-0.002968 0.006419 9.126736
-0.003159 0.006470 9.126736
-0.003353 0.006513 9.126736
-0.003546 0.006556 9.126736
-0.003738 0.006603 9.126736
-0.003931 0.006646 9.126736
-0.004085 0.006522 9.126736
-0.004142 0.006333 9.126736
-0.004204 0.006145 9.126736
-0.004263 0.005956 9.126736
-0.004318 0.005766 9.126736
-0.004379 0.005577 9.126736
-0.004431 0.005386 9.126736
-0.004486 0.005197 9.126736
-0.004534 0.005005 9.126736
-0.004598 0.004817 9.126736
-0.004639 0.004624 9.126736
-0.004714 0.004440 9.126736
-0.004742 0.004245 9.126736
-0.004818 0.004062 9.126736
-0.004871 0.003872 9.126736
-0.004954 0.003692 9.126736
-0.005002 0.003500 9.126736
-0.005089 0.003322 9.126736
-0.005148 0.003133 9.126736
-0.005234 0.002955 9.126736
-0.005365 0.002806 9.126736
-0.005470 0.002639 9.126736
-0.005605 0.002495 9.126736
-0.005717 0.002331 9.126736
-0.005850 0.002185 9.126736
-0.005960 0.002020 9.126736
-0.006110 0.001891 9.126736
-0.006228 0.001733 9.126736
-0.006370 0.001595 9.126736
-0.006495 0.001441 9.126736
-0.006641 0.001307 9.126736
-0.006771 0.001159 9.126736
-0.006914 0.001021 9.126736
-0.007045 0.000873 9.126736
-0.007181 0.000730 9.126736
-0.007317 0.000586 9.126736
-0.007449 0.000439 9.126736
-0.007583 0.000293 9.126736
-0.007721 0.000151 9.126736
-0.007756 -0.000044 9.126736
-0.007625 -0.000191 9.126736
-0.007486 -0.000333 9.126736
-0.007347 -0.000473 9.126736
-0.007212 -0.000618 9.126736
-0.007077 -0.000762 9.126736
-0.006952 -0.000916 9.126736
-0.006813 -0.001057 9.126736
-0.006677 -0.001201 9.126736
-0.006527 -0.001329 9.126736
-0.006394 -0.001476 9.126736
-0.006249 -0.001611 9.126736
-0.006126 -0.001766 9.126736
-0.005985 -0.001904 9.126736
-0.005880 -0.002072 9.126736
-0.005762 -0.002231 9.126736
-0.005658 -0.002399 9.126736
-0.005526 -0.002547 9.126736
-0.005421 -0.002714 9.126736
-0.005293 -0.002865 9.126736
-0.005191 -0.003035 9.126736
-0.005138 -0.003225 9.126736
-0.005049 -0.003402 9.126736
-0.004999 -0.003594 9.126736
-0.004923 -0.003777 9.126736
-0.004866 -0.003966 9.126736
-0.004789 -0.004148 9.126736
-0.004747 -0.004342 9.126736
-0.004680 -0.004527 9.126736
-0.004631 -0.004719 9.126736
-0.004560 -0.004904 9.126736
-0.004518 -0.005097 9.126736
-0.004453 -0.005284 9.126736
-0.004411 -0.005477 9.126736
-0.004349 -0.005665 9.126736
-0.004293 -0.005855 9.126736
-0.004234 -0.006044 9.126736
-0.004174 -0.006233 9.126736
-0.004114 -0.006421 9.126736
-0.004060 -0.006611 9.126736
-0.003908 -0.006738 9.126736
-0.003714 -0.006698 9.126736
-0.003521 -0.006655 9.126736
-0.003328 -0.006611 9.126736
-0.003137 -0.006562 9.126736
-0.002947 -0.006506 9.126736
-0.002755 -0.006459 9.126736
-0.002559 -0.006428 9.126736
-0.002365 -0.006392 9.126736
-0.002170 -0.006360 9.126736
-0.001979 -0.006307 9.126736
-0.001785 -0.006267 9.126736
-0.001595 -0.006213 9.126736
-0.001400 -0.006178 9.126736
-0.001211 -0.006120 9.126736
-0.001014 -0.006095 9.126736
-0.000818 -0.006072 9.126736
-0.000621 -0.006057 9.126736
-0.000424 -0.006035 9.126736
-0.000227 -0.006017 9.126736
-0.000029 -0.006009 9.126736
0.000165 -0.006049 9.126736
0.000361 -0.006076 9.126736
0.000555 -0.006111 9.126736
0.000748 -0.006155 9.126736
0.000944 -0.006184 9.126736
0.001137 -0.006227 9.126736
0.001331 -0.006266 9.126736
0.001519 -0.006329 9.126736
0.001714 -0.006363 9.126736
0.001904 -0.006418 9.126736
0.002097 -0.006459 9.126736
0.002289 -0.006508 9.126736
0.002481 -0.006556 9.126736
0.002673 -0.006603 9.126736
0.002866 -0.006645 9.126736
0.003059 -0.006692 9.126736
0.003252 -0.006735 9.126736
0.003446 -0.006775 9.126736
0.003638 -0.006821 9.126736
0.003823 -0.006752 9.126736
0.003883 -0.006563 9.126736
0.003938 -0.006373 9.126736
0.003997 -0.006184 9.126736
0.004055 -0.005995 9.126736
0.004107 -0.005804 9.126736
0.004154 -0.005612 9.126736
0.004219 -0.005425 9.126736
0.004276 -0.005236 9.126736
0.004353 -0.005054 9.126736
0.004408 -0.004863 9.126736
0.004491 -0.004684 9.126736
0.004530 -0.004490 9.126736
0.004608 -0.004308 9.126736
0.004669 -0.004120 9.126736
0.004763 -0.003946 9.126736
0.004839 -0.003763 9.126736
0.004950 -0.003599 9.126736
0.005014 -0.003412 9.126736
0.005106 -0.003236 9.126736
0.005175 -0.003051 9.126736
0.005290 -0.002890 9.126736
0.005420 -0.002742 9.126736
0.005532 -0.002578 9.126736
0.005673 -0.002439 9.126736
0.005789 -0.002279 9.126736
0.005926 -0.002137 9.126736
0.006045 -0.001978 9.126736
0.006202 -0.001858 9.126736
0.006322 -0.001701 9.126736
0.006472 -0.001570 9.126736
0.006598 -0.001418 9.126736
0.006743 -0.001284 9.126736
0.006876 -0.001137 9.126736
0.007017 -0.000998 9.126736
0.007148 -0.000850 9.126736
0.007287 -0.000709 9.126736
0.007421 -0.000563 9.126736
0.007552 -0.000415 9.126736
0.007687 -0.000270 9.126736
0.007718 -0.000075 9.126736

