0.007680 -0.000078 8.947917
0.007546 0.000066 8.947917
0.007409 0.000207 8.947917
0.007276 0.000352 8.947917
0.007141 0.000495 8.947917
0.007003 0.000635 8.947917
0.006869 0.000780 8.947917
0.006744 0.000931 8.947917
0.006610 0.001076 8.947917
0.006483 0.001226 8.947917
0.006348 0.001368 8.947917
0.006223 0.001520 8.947917
0.006092 0.001668 8.947917
0.006003 0.001843 8.947917
0.005877 0.001994 8.947917
0.005782 0.002166 8.947917
0.005659 0.002320 8.947917
0.005551 0.002484 8.947917
0.005428 0.002637 8.947917
0.005325 0.002805 8.947917
0.005202 0.002959 8.947917
0.005121 0.003138 8.947917
0.005052 0.003322 8.947917
0.004963 0.003498 8.947917
0.004901 0.003684 8.947917
0.004814 0.003861 8.947917
0.004743 0.004044 8.947917
0.004659 0.004222 8.947917
0.004611 0.004413 8.947917
0.004530 0.004592 8.947917
0.004480 0.004782 8.947917
0.004413 0.004967 8.947917
0.004367 0.005159 8.947917
0.004311 0.005347 8.947917
0.004261 0.005538 8.947917
0.004200 0.005725 8.947917
0.004146 0.005914 8.947917
0.004087 0.006101 8.947917
0.004025 0.006288 8.947917
0.003968 0.006476 8.947917
0.003816 0.006601 8.947917
0.003625 0.006553 8.947917
0.003435 0.006502 8.947917
0.003243 0.006459 8.947917
0.003051 0.006416 8.947917
0.002860 0.006370 8.947917
0.002667 0.006330 8.947917
0.002477 0.006281 8.947917
0.002285 0.006237 8.947917
0.002094 0.006188 8.947917
0.001900 0.006161 8.947917
0.001705 0.006131 8.947917
0.001509 0.006119 8.947917
0.001313 0.006107 8.947917
0.001119 0.006140 8.947917
0.000927 0.006096 8.947917
0.000731 0.006079 8.947917
0.000539 0.006038 8.947917
0.000342 0.006032 8.947917
0.000148 0.005998 8.947917
-0.000048 0.005983 8.947917
-0.000242 0.006016 8.947917
-0.000439 0.006019 8.947917
-0.000633 0.006051 8.947917
-0.000829 0.006065 8.947917
-0.001021 0.006108 8.947917
-0.001216 0.006084 8.947917
-0.001412 0.006104 8.947917
-0.001607 0.006130 8.947917
-0.001798 0.006174 8.947917
-0.001994 0.006197 8.947917
-0.002185 0.006242 8.947917
-0.002381 0.006266 8.947917
-0.002574 0.006303 8.947917
-0.002768 0.006336 8.947917
-0.002959 0.006383 8.947917
-0.003148 0.006435 8.947917
-0.003340 0.006481 8.947917
-0.003532 0.006523 8.947917
-0.003723 0.006569 8.947917
-0.003915 0.006612 8.947917
-0.004066 0.006487 8.947917
-0.004124 0.006299 8.947917
-0.004186 0.006112 8.947917
-0.004242 0.005923 8.947917
-0.004297 0.005734 8.947917
-0.004356 0.005547 8.947917
-0.004406 0.005357 8.947917
-0.004461 0.005168 8.947917
-0.004511 0.004977 8.947917
-0.004573 0.004791 8.947917
-0.004618 0.004599 8.947917
-0.004689 0.004416 8.947917
-0.004719 0.004222 8.947917
-0.004801 0.004042 8.947917
-0.004854 0.003853 8.947917
-0.004935 0.003674 8.947917
-0.004985 0.003484 8.947917
-0.005074 0.003308 8.947917
-0.005133 0.003120 8.947917
-0.005219 0.002944 8.947917
-0.005351 0.002798 8.947917
-0.005455 0.002631 8.947917
-0.005588 0.002485 8.947917
-0.005699 0.002323 8.947917
-0.005832 0.002179 8.947917
-0.005937 0.002012 8.947917
-0.006082 0.001880 8.947917
-0.006202 0.001724 8.947917
-0.006342 0.001585 8.947917
-0.006465 0.001432 8.947917
-0.006608 0.001297 8.947917
-0.006738 0.001149 8.947917
-0.006880 0.001012 8.947917
-0.007012 0.000867 8.947917
-0.007146 0.000723 8.947917
-0.007282 0.000581 8.947917
-0.007415 0.000436 8.947917
-0.007546 0.000289 8.947917
-0.007682 0.000147 8.947917
-0.007718 -0.000046 8.947917
-0.007584 -0.000191 8.947917
-0.007445 -0.000329 8.947917
-0.007308 -0.000471 8.947917
-0.007175 -0.000616 8.947917
-0.007044 -0.000762 8.947917
-0.006917 -0.000913 8.947917
-0.006776 -0.001049 8.947917
-0.006638 -0.001190 8.947917
-0.006490 -0.001319 8.947917
-0.006359 -0.001466 8.947917
-0.006219 -0.001604 8.947917
-0.006098 -0.001759 8.947917
-0.005964 -0.001903 8.947917
-0.005867 -0.002074 8.947917
-0.005748 -0.002231 8.947917
-0.005640 -0.002395 8.947917
-0.005510 -0.002543 8.947917
-0.005406 -0.002710 8.947917
-0.005279 -0.002860 8.947917
-0.005175 -0.003027 8.947917
-0.005120 -0.003216 8.947917
-0.005032 -0.003392 8.947917
-0.004977 -0.003581 8.947917
-0.004903 -0.003763 8.947917
-0.004847 -0.003951 8.947917
-0.004767 -0.004131 8.947917
-0.004722 -0.004322 8.947917
-0.004655 -0.004508 8.947917
-0.004609 -0.004699 8.947917
-0.004537 -0.004882 8.947917
-0.004493 -0.005074 8.947917
-0.004428 -0.005259 8.947917
-0.004385 -0.005451 8.947917
-0.004327 -0.005639 8.947917
-0.004270 -0.005827 8.947917
-0.004213 -0.006016 8.947917
-0.004154 -0.006204 8.947917
-0.004093 -0.006390 8.947917
-0.004038 -0.006579 8.947917
-0.003888 -0.006707 8.947917
-0.003695 -0.006666 8.947917
-0.003504 -0.006621 8.947917
-0.003313 -0.006575 8.947917
-0.003123 -0.006524 8.947917
-0.002933 -0.006470 8.947917
-0.002740 -0.006432 8.947917
-0.002546 -0.006403 8.947917
-0.002353 -0.006365 8.947917
-0.002160 -0.006328 8.947917
-0.001971 -0.006274 8.947917
-0.001778 -0.006234 8.947917
-0.001588 -0.006182 8.947917
-0.001395 -0.006147 8.947917
-0.001205 -0.006095 8.947917
-0.001009 -0.006081 8.947917
-0.000813 -0.006060 8.947917
-0.000617 -0.006044 8.947917
-0.000422 -0.006022 8.947917
-0.000225 -0.006008 8.947917
-0.000029 -0.005993 8.947917
0.000164 -0.006027 8.947917
0.000359 -0.006055 8.947917
0.000554 -0.006084 8.947917
0.000745 -0.006130 8.947917
0.000940 -0.006159 8.947917
0.001132 -0.006199 8.947917
0.001326 -0.006233 8.947917
0.001512 -0.006296 8.947917
0.001706 -0.006331 8.947917
0.001895 -0.006384 8.947917
0.002088 -0.006426 8.947917
0.002278 -0.006473 8.947917
0.002469 -0.006521 8.947917
0.002660 -0.006570 8.947917
0.002852 -0.006612 8.947917
0.003043 -0.006658 8.947917
0.003235 -0.006703 8.947917
0.003428 -0.006742 8.947917
0.003619 -0.006787 8.947917
0.003804 -0.006719 8.947917
0.003862 -0.006531 8.947917
0.003916 -0.006342 8.947917
0.003976 -0.006155 8.947917
0.004031 -0.005966 8.947917
0.004081 -0.005776 8.947917
0.004132 -0.005586 8.947917
0.004199 -0.005401 8.947917
0.004260 -0.005214 8.947917
0.004336 -0.005032 8.947917
0.004392 -0.004844 8.947917
0.004470 -0.004663 8.947917
0.004509 -0.004470 8.947917
0.004593 -0.004293 8.947917
0.004659 -0.004107 8.947917
0.004756 -0.003936 8.947917
0.004829 -0.003754 8.947917
0.004936 -0.003589 8.947917
0.005002 -0.003403 8.947917
0.005093 -0.003229 8.947917
0.005158 -0.003043 8.947917
0.005271 -0.002883 8.947917
0.005403 -0.002736 8.947917
0.005511 -0.002572 8.947917
0.005649 -0.002432 8.947917
0.005765 -0.002273 8.947917
0.005902 -0.002131 8.947917
0.006015 -0.001970 8.947917
0.006169 -0.001849 8.947917
0.006291 -0.001694 8.947917
0.006437 -0.001562 8.947917
0.006564 -0.001412 8.947917
0.006706 -0.001276 8.947917
0.006839 -0.001131 8.947917
0.006980 -0.000994 8.947917
0.007111 -0.000847 8.947917
0.007248 -0.000706 8.947917
0.007383 -0.000563 8.947917
0.007514 -0.000416 8.947917
0.007648 -0.000272 8.947917
0.007680 -0.000078 8.947917

