0.005564 0.000000 1.140625
0.005558 0.000140 1.140625
0.005538 0.000280 1.140625
0.005494 0.000413 1.140625
0.005432 0.000539 1.140625
0.005369 0.000665 1.140625
0.005307 0.000791 1.140625
0.005242 0.000916 1.140625
0.005175 0.001040 1.140625
0.005106 0.001162 1.140625
0.005036 0.001284 1.140625
0.004966 0.001406 1.140625
0.004896 0.001528 1.140625
0.004825 0.001649 1.140625
0.004755 0.001771 1.140625
0.004684 0.001893 1.140625
0.004614 0.002015 1.140625
0.004544 0.002136 1.140625
0.004473 0.002258 1.140625
0.004403 0.002380 1.140625
0.004332 0.002501 1.140625
0.004262 0.002623 1.140625
0.004192 0.002745 1.140625
0.004122 0.002867 1.140625
0.004052 0.002989 1.140625
0.003981 0.003110 1.140625
0.003911 0.003232 1.140625
0.003841 0.003354 1.140625
0.003771 0.003476 1.140625
0.003701 0.003598 1.140625
0.003630 0.003720 1.140625
0.003560 0.003841 1.140625
0.003488 0.003962 1.140625
0.003415 0.004082 1.140625
0.003338 0.004200 1.140625
0.003260 0.004317 1.140625
0.003183 0.004435 1.140625
0.003105 0.004551 1.140625
0.003011 0.004656 1.140625
0.002901 0.004744 1.140625
0.002782 0.004819 1.140625
0.002658 0.004884 1.140625
0.002527 0.004936 1.140625
0.002389 0.004964 1.140625
0.002249 0.004974 1.140625
0.002108 0.004982 1.140625
0.001968 0.004991 1.140625
0.001828 0.004998 1.140625
0.001687 0.005002 1.140625
0.001547 0.005003 1.140625
0.001406 0.005004 1.140625
0.001265 0.005004 1.140625
0.001125 0.005004 1.140625
0.000984 0.005003 1.140625
0.000844 0.005003 1.140625
0.000703 0.005003 1.140625
0.000562 0.005003 1.140625
0.000422 0.005003 1.140625
0.000281 0.005003 1.140625
0.000141 0.005003 1.140625
0.000000 0.005003 1.140625
-0.000141 0.005003 1.140625
-0.000281 0.005003 1.140625
-0.000422 0.005003 1.140625
-0.000562 0.005003 1.140625
-0.000703 0.005003 1.140625
-0.000844 0.005003 1.140625
-0.000984 0.005003 1.140625
-0.001125 0.005004 1.140625
-0.001265 0.005004 1.140625
-0.001406 0.005004 1.140625
-0.001547 0.005003 1.140625
-0.001687 0.005002 1.140625
-0.001828 0.004998 1.140625
-0.001968 0.004991 1.140625
-0.002108 0.004982 1.140625
-0.002249 0.004974 1.140625
-0.002389 0.004964 1.140625
-0.002527 0.004936 1.140625
-0.002658 0.004884 1.140625
-0.002782 0.004819 1.140625
-0.002901 0.004744 1.140625
-0.003011 0.004656 1.140625
-0.003105 0.004551 1.140625
-0.003183 0.004435 1.140625
-0.003260 0.004317 1.140625
-0.003338 0.004200 1.140625
-0.003415 0.004082 1.140625
-0.003488 0.003962 1.140625
-0.003560 0.003841 1.140625
-0.003630 0.003720 1.140625
-0.003701 0.003598 1.140625
-0.003771 0.003476 1.140625
-0.003841 0.003354 1.140625
-0.003911 0.003232 1.140625
-0.003981 0.003110 1.140625
-0.004052 0.002989 1.140625
-0.004122 0.002867 1.140625
-0.004192 0.002745 1.140625
-0.004262 0.002623 1.140625
-0.004332 0.002501 1.140625
-0.004403 0.002380 1.140625
-0.004473 0.002258 1.140625
-0.004544 0.002136 1.140625
-0.004614 0.002015 1.140625
-0.004684 0.001893 1.140625
-0.004755 0.001771 1.140625
-0.004825 0.001649 1.140625
-0.004896 0.001528 1.140625
-0.004966 0.001406 1.140625
-0.005036 0.001284 1.140625
-0.005106 0.001162 1.140625
-0.005175 0.001040 1.140625
-0.005242 0.000916 1.140625
-0.005307 0.000791 1.140625
-0.005369 0.000665 1.140625
-0.005432 0.000539 1.140625
-0.005494 0.000413 1.140625
-0.005538 0.000280 1.140625
-0.005558 0.000140 1.140625
-0.005564 -0.000000 1.140625
-0.005558 -0.000140 1.140625
-0.005538 -0.000280 1.140625
-0.005494 -0.000413 1.140625
-0.005432 -0.000539 1.140625
-0.005369 -0.000665 1.140625
-0.005307 -0.000791 1.140625
-0.005242 -0.000916 1.140625
-0.005175 -0.001040 1.140625
-0.005106 -0.001162 1.140625
-0.005036 -0.001284 1.140625
-0.004966 -0.001406 1.140625
-0.004896 -0.001528 1.140625
-0.004825 -0.001649 1.140625
-0.004755 -0.001771 1.140625
-0.004684 -0.001893 1.140625
-0.004614 -0.002015 1.140625
-0.004544 -0.002136 1.140625
-0.004473 -0.002258 1.140625
-0.004403 -0.002380 1.140625
-0.004332 -0.002501 1.140625
-0.004262 -0.002623 1.140625
-0.004192 -0.002745 1.140625
-0.004122 -0.002867 1.140625
-0.004052 -0.002989 1.140625
-0.003981 -0.003110 1.140625
-0.003911 -0.003232 1.140625
-0.003841 -0.003354 1.140625
-0.003771 -0.003476 1.140625
-0.003701 -0.003598 1.140625
-0.003630 -0.003720 1.140625
-0.003560 -0.003841 1.140625
-0.003488 -0.003962 1.140625
-0.003415 -0.004082 1.140625
-0.003338 -0.004200 1.140625
-0.003260 -0.004317 1.140625
-0.003183 -0.004435 1.140625
-0.003105 -0.004551 1.140625
-0.003011 -0.004656 1.140625
-0.002901 -0.004744 1.140625
-0.002782 -0.004819 1.140625
-0.002658 -0.004884 1.140625
-0.002527 -0.004936 1.140625
-0.002389 -0.004964 1.140625
-0.002249 -0.004974 1.140625
-0.002108 -0.004982 1.140625
-0.001968 -0.004991 1.140625
-0.001828 -0.004998 1.140625
-0.001687 -0.005002 1.140625
-0.001547 -0.005003 1.140625
-0.001406 -0.005004 1.140625
-0.001265 -0.005004 1.140625
-0.001125 -0.005004 1.140625
-0.000984 -0.005003 1.140625
-0.000844 -0.005003 1.140625
-0.000703 -0.005003 1.140625
-0.000562 -0.005003 1.140625
-0.000422 -0.005003 1.140625
-0.000281 -0.005003 1.140625
-0.000141 -0.005003 1.140625
-0.000000 -0.005003 1.140625
0.000141 -0.005003 1.140625
0.000281 -0.005003 1.140625
0.000422 -0.005003 1.140625
0.000562 -0.005003 1.140625
0.000703 -0.005003 1.140625
0.000844 -0.005003 1.140625
0.000984 -0.005003 1.140625
0.001125 -0.005004 1.140625
0.001265 -0.005004 1.140625
0.001406 -0.005004 1.140625
0.001547 -0.005003 1.140625
0.001687 -0.005002 1.140625
0.001828 -0.004998 1.140625
0.001968 -0.004991 1.140625
0.002108 -0.004982 1.140625
0.002249 -0.004974 1.140625
0.002389 -0.004964 1.140625
0.002527 -0.004936 1.140625
0.002658 -0.004884 1.140625
0.002782 -0.004819 1.140625
0.002901 -0.004744 1.140625
0.003011 -0.004656 1.140625
0.003105 -0.004551 1.140625
0.003183 -0.004435 1.140625
0.003260 -0.004317 1.140625
0.003338 -0.004200 1.140625
0.003415 -0.004082 1.140625
0.003488 -0.003962 1.140625
0.003560 -0.003841 1.140625
0.003630 -0.003720 1.140625
0.003701 -0.003598 1.140625
0.003771 -0.003476 1.140625
0.003841 -0.003354 1.140625
0.003911 -0.003232 1.140625
0.003981 -0.003110 1.140625
0.004052 -0.002989 1.140625
0.004122 -0.002867 1.140625
0.004192 -0.002745 1.140625
0.004262 -0.002623 1.140625
0.004332 -0.002501 1.140625
0.004403 -0.002380 1.140625
0.004473 -0.002258 1.140625
0.004544 -0.002136 1.140625
0.004614 -0.002015 1.140625
0.004684 -0.001893 1.140625
0.004755 -0.001771 1.140625
0.004825 -0.001649 1.140625
0.004896 -0.001528 1.140625
0.004966 -0.001406 1.140625
0.005036 -0.001284 1.140625
0.005106 -0.001162 1.140625
0.005175 -0.001040 1.140625
0.005242 -0.000916 1.140625
0.005307 -0.000791 1.140625
0.005369 -0.000665 1.140625
0.005432 -0.000539 1.140625
0.005494 -0.000413 1.140625
0.005538 -0.000280 1.140625
0.005558 -0.000140 1.140625
0.005564 0.000000 1.140625

