0.006816 -0.000000 5.157986
0.006757 0.000162 5.157986
0.006651 0.000298 5.157986
0.006541 0.000431 5.157986
0.006435 0.000567 5.157986
0.006327 0.000701 5.157986
0.006223 0.000838 5.157986
0.006110 0.000969 5.157986
0.006003 0.001104 5.157986
0.005897 0.001240 5.157986
0.005792 0.001376 5.157986
0.005684 0.001511 5.157986
0.005570 0.001640 5.157986
0.005464 0.001777 5.157986
0.005360 0.001914 5.157986
0.005254 0.002050 5.157986
0.005146 0.002184 5.157986
0.005031 0.002313 5.157986
0.004924 0.002448 5.157986
0.004822 0.002587 5.157986
0.004716 0.002723 5.157986
0.004651 0.002883 5.157986
0.004582 0.003040 5.157986
0.004518 0.003201 5.157986
0.004464 0.003364 5.157986
0.004403 0.003525 5.157986
0.004337 0.003685 5.157986
0.004271 0.003844 5.157986
0.004206 0.004003 5.157986
0.004150 0.004167 5.157986
0.004088 0.004327 5.157986
0.004022 0.004487 5.157986
0.003957 0.004647 5.157986
0.003895 0.004807 5.157986
0.003837 0.004970 5.157986
0.003771 0.005129 5.157986
0.003708 0.005290 5.157986
0.003644 0.005449 5.157986
0.003584 0.005611 5.157986
0.003519 0.005771 5.157986
0.003408 0.005902 5.157986
0.003238 0.005933 5.157986
0.003067 0.005909 5.157986
0.002897 0.005881 5.157986
0.002727 0.005856 5.157986
0.002556 0.005830 5.157986
0.002385 0.005808 5.157986
0.002216 0.005776 5.157986
0.002045 0.005750 5.157986
0.001875 0.005726 5.157986
0.001704 0.005704 5.157986
0.001533 0.005678 5.157986
0.001364 0.005644 5.157986
0.001194 0.005620 5.157986
0.001023 0.005598 5.157986
0.000852 0.005575 5.157986
0.000681 0.005548 5.157986
0.000513 0.005513 5.157986
0.000342 0.005488 5.157986
0.000171 0.005469 5.157986
-0.000000 0.005445 5.157986
-0.000171 0.005469 5.157986
-0.000342 0.005488 5.157986
-0.000513 0.005513 5.157986
-0.000681 0.005548 5.157986
-0.000852 0.005575 5.157986
-0.001023 0.005598 5.157986
-0.001194 0.005620 5.157986
-0.001364 0.005644 5.157986
-0.001533 0.005678 5.157986
-0.001704 0.005704 5.157986
-0.001875 0.005726 5.157986
-0.002045 0.005750 5.157986
-0.002216 0.005776 5.157986
-0.002385 0.005808 5.157986
-0.002556 0.005830 5.157986
-0.002727 0.005856 5.157986
-0.002897 0.005880 5.157986
-0.003067 0.005908 5.157986
-0.003238 0.005932 5.157986
-0.003408 0.005902 5.157986
-0.003520 0.005771 5.157986
-0.003584 0.005611 5.157986
-0.003644 0.005450 5.157986
-0.003709 0.005290 5.157986
-0.003771 0.005129 5.157986
-0.003838 0.004970 5.157986
-0.003895 0.004807 5.157986
-0.003957 0.004647 5.157986
-0.004022 0.004487 5.157986
-0.004088 0.004327 5.157986
-0.004150 0.004167 5.157986
-0.004206 0.004003 5.157986
-0.004271 0.003844 5.157986
-0.004337 0.003685 5.157986
-0.004403 0.003525 5.157986
-0.004464 0.003364 5.157986
-0.004518 0.003201 5.157986
-0.004582 0.003040 5.157986
-0.004651 0.002883 5.157986
-0.004716 0.002723 5.157986
-0.004822 0.002587 5.157986
-0.004924 0.002448 5.157986
-0.005031 0.002313 5.157986
-0.005146 0.002184 5.157986
-0.005254 0.002050 5.157986
-0.005360 0.001914 5.157986
-0.005464 0.001777 5.157986
-0.005570 0.001640 5.157986
-0.005684 0.001511 5.157986
-0.005792 0.001376 5.157986
-0.005897 0.001240 5.157986
-0.006003 0.001104 5.157986
-0.006110 0.000969 5.157986
-0.006223 0.000838 5.157986
-0.006327 0.000701 5.157986
-0.006435 0.000567 5.157986
-0.006541 0.000431 5.157986
-0.006651 0.000298 5.157986
-0.006757 0.000162 5.157986
-0.006816 0.000000 5.157986
-0.006757 -0.000162 5.157986
-0.006651 -0.000298 5.157986
-0.006541 -0.000431 5.157986
-0.006435 -0.000567 5.157986
-0.006327 -0.000701 5.157986
-0.006223 -0.000838 5.157986
-0.006110 -0.000969 5.157986
-0.006003 -0.001104 5.157986
-0.005897 -0.001240 5.157986
-0.005792 -0.001376 5.157986
-0.005684 -0.001511 5.157986
-0.005570 -0.001640 5.157986
-0.005464 -0.001777 5.157986
-0.005360 -0.001914 5.157986
-0.005254 -0.002050 5.157986
-0.005146 -0.002184 5.157986
-0.005031 -0.002313 5.157986
-0.004924 -0.002448 5.157986
-0.004822 -0.002587 5.157986
-0.004716 -0.002723 5.157986
-0.004651 -0.002883 5.157986
-0.004582 -0.003040 5.157986
-0.004518 -0.003201 5.157986
-0.004464 -0.003364 5.157986
-0.004403 -0.003525 5.157986
-0.004337 -0.003685 5.157986
-0.004271 -0.003844 5.157986
-0.004206 -0.004003 5.157986
-0.004150 -0.004167 5.157986
-0.004088 -0.004327 5.157986
-0.004022 -0.004487 5.157986
-0.003957 -0.004647 5.157986
-0.003895 -0.004807 5.157986
-0.003838 -0.004970 5.157986
-0.003771 -0.005129 5.157986
-0.003709 -0.005290 5.157986
-0.003644 -0.005450 5.157986
-0.003584 -0.005611 5.157986
-0.003520 -0.005771 5.157986
-0.003408 -0.005902 5.157986
-0.003238 -0.005932 5.157986
-0.003067 -0.005908 5.157986
-0.002897 -0.005880 5.157986
-0.002727 -0.005856 5.157986
-0.002556 -0.005830 5.157986
-0.002385 -0.005808 5.157986
-0.002216 -0.005776 5.157986
-0.002045 -0.005750 5.157986
-0.001875 -0.005726 5.157986
-0.001704 -0.005704 5.157986
-0.001533 -0.005678 5.157986
-0.001364 -0.005644 5.157986
-0.001194 -0.005620 5.157986
-0.001023 -0.005598 5.157986
-0.000852 -0.005575 5.157986
-0.000681 -0.005548 5.157986
-0.000513 -0.005513 5.157986
-0.000342 -0.005488 5.157986
-0.000171 -0.005469 5.157986
0.000000 -0.005445 5.157986
0.000171 -0.005469 5.157986
0.000342 -0.005488 5.157986
0.000513 -0.005513 5.157986
0.000681 -0.005548 5.157986
0.000852 -0.005575 5.157986
0.001023 -0.005598 5.157986
0.001194 -0.005620 5.157986
0.001364 -0.005644 5.157986
0.001533 -0.005678 5.157986
0.001704 -0.005704 5.157986
0.001875 -0.005726 5.157986
0.002045 -0.005750 5.157986
0.002216 -0.005776 5.157986
0.002385 -0.005808 5.157986
0.002556 -0.005830 5.157986
0.002727 -0.005857 5.157986
0.002897 -0.005881 5.157986
0.003067 -0.005910 5.157986
0.003238 -0.005934 5.157986
0.003407 -0.005903 5.157986
0.003518 -0.005770 5.157986
0.003583 -0.005611 5.157986
0.003644 -0.005449 5.157986
0.003708 -0.005289 5.157986
0.003771 -0.005129 5.157986
0.003837 -0.004970 5.157986
0.003895 -0.004807 5.157986
0.003957 -0.004647 5.157986
0.004022 -0.004487 5.157986
0.004088 -0.004327 5.157986
0.004150 -0.004167 5.157986
0.004206 -0.004003 5.157986
0.004271 -0.003844 5.157986
0.004337 -0.003685 5.157986
0.004403 -0.003525 5.157986
0.004464 -0.003364 5.157986
0.004518 -0.003201 5.157986
0.004582 -0.003040 5.157986
0.004651 -0.002883 5.157986
0.004716 -0.002723 5.157986
0.004822 -0.002587 5.157986
0.004924 -0.002448 5.157986
0.005031 -0.002313 5.157986
0.005146 -0.002184 5.157986
0.005254 -0.002050 5.157986
0.005360 -0.001914 5.157986
0.005464 -0.001777 5.157986
0.005570 -0.001640 5.157986
0.005684 -0.001511 5.157986
0.005792 -0.001376 5.157986
0.005897 -0.001240 5.157986
0.006003 -0.001104 5.157986
0.006110 -0.000969 5.157986
0.006223 -0.000838 5.157986
0.006327 -0.000701 5.157986
0.006435 -0.000567 5.157986
0.006542 -0.000431 5.157986
0.006651 -0.000298 5.157986
0.006758 -0.000163 5.157986
0.006816 -0.000000 5.157986

