0.006335 -0.000000 2.798611
0.006282 0.000151 2.798611
0.006181 0.000277 2.798611
0.006082 0.000403 2.798611
0.005981 0.000528 2.798611
0.005878 0.000650 2.798611
0.005777 0.000775 2.798611
0.005681 0.000904 2.798611
0.005583 0.001031 2.798611
0.005479 0.001153 2.798611
0.005373 0.001274 2.798611
0.005272 0.001398 2.798611
0.005177 0.001528 2.798611
0.005083 0.001658 2.798611
0.004984 0.001784 2.798611
0.004878 0.001905 2.798611
0.004770 0.002024 2.798611
0.004662 0.002142 2.798611
0.004557 0.002264 2.798611
0.004454 0.002387 2.798611
0.004360 0.002517 2.798611
0.004294 0.002664 2.798611
0.004239 0.002815 2.798611
0.004186 0.002966 2.798611
0.004138 0.003119 2.798611
0.004089 0.003272 2.798611
0.004037 0.003424 2.798611
0.003977 0.003573 2.798611
0.003912 0.003720 2.798611
0.003847 0.003866 2.798611
0.003790 0.004016 2.798611
0.003738 0.004168 2.798611
0.003685 0.004320 2.798611
0.003624 0.004468 2.798611
0.003560 0.004615 2.798611
0.003502 0.004765 2.798611
0.003448 0.004916 2.798611
0.003390 0.005066 2.798611
0.003330 0.005215 2.798611
0.003272 0.005364 2.798611
0.003168 0.005487 2.798611
0.003010 0.005516 2.798611
0.002851 0.005491 2.798611
0.002692 0.005469 2.798611
0.002534 0.005444 2.798611
0.002376 0.005415 2.798611
0.002217 0.005391 2.798611
0.002058 0.005372 2.798611
0.001899 0.005351 2.798611
0.001741 0.005322 2.798611
0.001583 0.005290 2.798611
0.001425 0.005265 2.798611
0.001265 0.005248 2.798611
0.001106 0.005231 2.798611
0.000947 0.005208 2.798611
0.000789 0.005177 2.798611
0.000632 0.005143 2.798611
0.000476 0.005109 2.798611
0.000318 0.005079 2.798611
0.000160 0.005051 2.798611
-0.000000 0.005035 2.798611
-0.000160 0.005051 2.798611
-0.000318 0.005079 2.798611
-0.000476 0.005109 2.798611
-0.000632 0.005143 2.798611
-0.000789 0.005177 2.798611
-0.000947 0.005208 2.798611
-0.001106 0.005231 2.798611
-0.001265 0.005248 2.798611
-0.001425 0.005265 2.798611
-0.001583 0.005290 2.798611
-0.001741 0.005322 2.798611
-0.001899 0.005351 2.798611
-0.002058 0.005372 2.798611
-0.002217 0.005391 2.798611
-0.002376 0.005415 2.798611
-0.002534 0.005444 2.798611
-0.002692 0.005469 2.798611
-0.002851 0.005491 2.798611
-0.003010 0.005516 2.798611
-0.003168 0.005487 2.798611
-0.003272 0.005364 2.798611
-0.003330 0.005215 2.798611
-0.003390 0.005066 2.798611
-0.003448 0.004916 2.798611
-0.003502 0.004765 2.798611
-0.003560 0.004615 2.798611
-0.003624 0.004468 2.798611
-0.003685 0.004320 2.798611
-0.003738 0.004168 2.798611
-0.003790 0.004016 2.798611
-0.003847 0.003866 2.798611
-0.003912 0.003720 2.798611
-0.003977 0.003573 2.798611
-0.004037 0.003424 2.798611
-0.004089 0.003272 2.798611
-0.004138 0.003119 2.798611
-0.004186 0.002966 2.798611
-0.004239 0.002815 2.798611
-0.004294 0.002664 2.798611
-0.004360 0.002517 2.798611
-0.004454 0.002387 2.798611
-0.004557 0.002264 2.798611
-0.004662 0.002142 2.798611
-0.004770 0.002024 2.798611
-0.004878 0.001905 2.798611
-0.004984 0.001784 2.798611
-0.005083 0.001658 2.798611
-0.005177 0.001528 2.798611
-0.005272 0.001398 2.798611
-0.005373 0.001274 2.798611
-0.005479 0.001153 2.798611
-0.005583 0.001031 2.798611
-0.005681 0.000904 2.798611
-0.005777 0.000775 2.798611
-0.005878 0.000650 2.798611
-0.005981 0.000528 2.798611
-0.006082 0.000403 2.798611
-0.006181 0.000277 2.798611
-0.006282 0.000151 2.798611
-0.006335 0.000000 2.798611
-0.006282 -0.000151 2.798611
-0.006181 -0.000277 2.798611
-0.006082 -0.000403 2.798611
-0.005981 -0.000528 2.798611
-0.005878 -0.000650 2.798611
-0.005777 -0.000775 2.798611
-0.005681 -0.000904 2.798611
-0.005583 -0.001031 2.798611
-0.005479 -0.001153 2.798611
-0.005373 -0.001274 2.798611
-0.005272 -0.001398 2.798611
-0.005177 -0.001528 2.798611
-0.005083 -0.001658 2.798611
-0.004984 -0.001784 2.798611
-0.004878 -0.001905 2.798611
-0.004770 -0.002024 2.798611
-0.004662 -0.002142 2.798611
-0.004557 -0.002264 2.798611
-0.004454 -0.002387 2.798611
-0.004360 -0.002517 2.798611
-0.004294 -0.002664 2.798611
-0.004239 -0.002815 2.798611
-0.004186 -0.002966 2.798611
-0.004138 -0.003119 2.798611
-0.004089 -0.003272 2.798611
-0.004037 -0.003424 2.798611
-0.003977 -0.003573 2.798611
-0.003912 -0.003720 2.798611
-0.003847 -0.003866 2.798611
-0.003790 -0.004016 2.798611
-0.003738 -0.004168 2.798611
-0.003685 -0.004320 2.798611
-0.003624 -0.004468 2.798611
-0.003560 -0.004615 2.798611
-0.003502 -0.004765 2.798611
-0.003448 -0.004916 2.798611
-0.003390 -0.005066 2.798611
-0.003330 -0.005215 2.798611
-0.003272 -0.005364 2.798611
-0.003168 -0.005487 2.798611
-0.003010 -0.005516 2.798611
-0.002851 -0.005491 2.798611
-0.002692 -0.005469 2.798611
-0.002534 -0.005444 2.798611
-0.002376 -0.005415 2.798611
-0.002217 -0.005391 2.798611
-0.002058 -0.005372 2.798611
-0.001899 -0.005351 2.798611
-0.001741 -0.005322 2.798611
-0.001583 -0.005290 2.798611
-0.001425 -0.005265 2.798611
-0.001265 -0.005248 2.798611
-0.001106 -0.005231 2.798611
-0.000947 -0.005208 2.798611
-0.000789 -0.005177 2.798611
-0.000632 -0.005143 2.798611
-0.000476 -0.005109 2.798611
-0.000318 -0.005079 2.798611
-0.000160 -0.005051 2.798611
0.000000 -0.005035 2.798611
0.000160 -0.005051 2.798611
0.000318 -0.005079 2.798611
0.000476 -0.005109 2.798611
0.000632 -0.005143 2.798611
0.000789 -0.005177 2.798611
0.000947 -0.005208 2.798611
0.001106 -0.005231 2.798611
0.001265 -0.005248 2.798611
0.001425 -0.005265 2.798611
0.001583 -0.005290 2.798611
0.001741 -0.005322 2.798611
0.001899 -0.005351 2.798611
0.002058 -0.005372 2.798611
0.002217 -0.005391 2.798611
0.002376 -0.005415 2.798611
0.002534 -0.005444 2.798611
0.002692 -0.005469 2.798611
0.002851 -0.005491 2.798611
0.003010 -0.005516 2.798611
0.003168 -0.005487 2.798611
0.003272 -0.005364 2.798611
0.003330 -0.005215 2.798611
0.003390 -0.005066 2.798611
0.003448 -0.004916 2.798611
0.003502 -0.004765 2.798611
0.003560 -0.004615 2.798611
0.003624 -0.004468 2.798611
0.003685 -0.004320 2.798611
0.003738 -0.004168 2.798611
0.003790 -0.004016 2.798611
0.003847 -0.003866 2.798611
0.003912 -0.003720 2.798611
0.003977 -0.003573 2.798611
0.004037 -0.003424 2.798611
0.004089 -0.003272 2.798611
0.004138 -0.003119 2.798611
0.004186 -0.002966 2.798611
0.004239 -0.002815 2.798611
0.004294 -0.002664 2.798611
0.004360 -0.002517 2.798611
0.004454 -0.002387 2.798611
0.004557 -0.002264 2.798611
0.004662 -0.002142 2.798611
0.004770 -0.002024 2.798611
0.004878 -0.001905 2.798611
0.004984 -0.001784 2.798611
0.005083 -0.001658 2.798611
0.005177 -0.001528 2.798611
0.005272 -0.001398 2.798611
0.005373 -0.001274 2.798611
0.005479 -0.001153 2.798611
0.005583 -0.001031 2.798611
0.005681 -0.000904 2.798611
0.005777 -0.000775 2.798611
0.005878 -0.000650 2.798611
0.005981 -0.000528 2.798611
0.006082 -0.000403 2.798611
0.006181 -0.000277 2.798611
0.006282 -0.000151 2.798611
0.006335 -0.000000 2.798611

