0.006874 -0.000001 5.468750
0.006812 0.000162 5.468750
0.006707 0.000301 5.468750
0.006599 0.000436 5.468750
0.006492 0.000574 5.468750
0.006381 0.000707 5.468750
0.006276 0.000846 5.468750
0.006168 0.000983 5.468750
0.006058 0.001117 5.468750
0.005948 0.001252 5.468750
0.005838 0.001386 5.468750
0.005736 0.001527 5.468750
0.005626 0.001662 5.468750
0.005514 0.001795 5.468750
0.005404 0.001930 5.468750
0.005296 0.002066 5.468750
0.005194 0.002206 5.468750
0.005085 0.002342 5.468750
0.004970 0.002472 5.468750
0.004860 0.002607 5.468750
0.004754 0.002745 5.468750
0.004688 0.002906 5.468750
0.004626 0.003068 5.468750
0.004571 0.003233 5.468750
0.004507 0.003395 5.468750
0.004437 0.003554 5.468750
0.004373 0.003715 5.468750
0.004311 0.003878 5.468750
0.004252 0.004042 5.468750
0.004190 0.004204 5.468750
0.004120 0.004363 5.468750
0.004058 0.004525 5.468750
0.003997 0.004688 5.468750
0.003935 0.004851 5.468750
0.003871 0.005012 5.468750
0.003803 0.005172 5.468750
0.003744 0.005336 5.468750
0.003678 0.005497 5.468750
0.003615 0.005659 5.468750
0.003548 0.005819 5.468750
0.003437 0.005953 5.468750
0.003266 0.005982 5.468750
0.003093 0.005960 5.468750
0.002921 0.005934 5.468750
0.002749 0.005910 5.468750
0.002578 0.005880 5.468750
0.002405 0.005858 5.468750
0.002233 0.005833 5.468750
0.002062 0.005805 5.468750
0.001890 0.005777 5.468750
0.001718 0.005749 5.468750
0.001546 0.005731 5.468750
0.001374 0.005703 5.468750
0.001203 0.005672 5.468750
0.001031 0.005645 5.468750
0.000859 0.005619 5.468750
0.000686 0.005601 5.468750
0.000514 0.005575 5.468750
0.000344 0.005540 5.468750
0.000172 0.005513 5.468750
-0.000000 0.005489 5.468750
-0.000172 0.005513 5.468750
-0.000344 0.005540 5.468750
-0.000514 0.005575 5.468750
-0.000686 0.005601 5.468750
-0.000859 0.005619 5.468750
-0.001031 0.005645 5.468750
-0.001203 0.005672 5.468750
-0.001374 0.005703 5.468750
-0.001546 0.005731 5.468750
-0.001718 0.005749 5.468750
-0.001890 0.005777 5.468750
-0.002062 0.005805 5.468750
-0.002233 0.005833 5.468750
-0.002405 0.005858 5.468750
-0.002578 0.005880 5.468750
-0.002749 0.005909 5.468750
-0.002921 0.005933 5.468750
-0.003093 0.005959 5.468750
-0.003266 0.005980 5.468750
-0.003438 0.005953 5.468750
-0.003550 0.005820 5.468750
-0.003616 0.005659 5.468750
-0.003679 0.005497 5.468750
-0.003744 0.005336 5.468750
-0.003803 0.005172 5.468750
-0.003871 0.005012 5.468750
-0.003935 0.004851 5.468750
-0.003997 0.004688 5.468750
-0.004058 0.004525 5.468750
-0.004120 0.004363 5.468750
-0.004190 0.004204 5.468750
-0.004252 0.004041 5.468750
-0.004311 0.003878 5.468750
-0.004373 0.003715 5.468750
-0.004437 0.003554 5.468750
-0.004507 0.003395 5.468750
-0.004571 0.003233 5.468750
-0.004626 0.003068 5.468750
-0.004688 0.002906 5.468750
-0.004754 0.002745 5.468750
-0.004860 0.002607 5.468750
-0.004970 0.002472 5.468750
-0.005085 0.002342 5.468750
-0.005194 0.002206 5.468750
-0.005296 0.002066 5.468750
-0.005404 0.001930 5.468750
-0.005514 0.001795 5.468750
-0.005626 0.001662 5.468750
-0.005736 0.001527 5.468750
-0.005838 0.001386 5.468750
-0.005948 0.001252 5.468750
-0.006058 0.001117 5.468750
-0.006169 0.000983 5.468750
-0.006276 0.000846 5.468750
-0.006381 0.000707 5.468750
-0.006493 0.000574 5.468750
-0.006600 0.000437 5.468750
-0.006709 0.000302 5.468750
-0.006814 0.000163 5.468750
-0.006874 0.000000 5.468750
-0.006813 -0.000163 5.468750
-0.006708 -0.000301 5.468750
-0.006599 -0.000437 5.468750
-0.006493 -0.000574 5.468750
-0.006381 -0.000707 5.468750
-0.006276 -0.000846 5.468750
-0.006169 -0.000983 5.468750
-0.006058 -0.001117 5.468750
-0.005948 -0.001252 5.468750
-0.005838 -0.001386 5.468750
-0.005736 -0.001527 5.468750
-0.005626 -0.001662 5.468750
-0.005514 -0.001795 5.468750
-0.005404 -0.001930 5.468750
-0.005296 -0.002066 5.468750
-0.005194 -0.002206 5.468750
-0.005085 -0.002342 5.468750
-0.004970 -0.002472 5.468750
-0.004860 -0.002607 5.468750
-0.004754 -0.002745 5.468750
-0.004688 -0.002906 5.468750
-0.004626 -0.003068 5.468750
-0.004571 -0.003233 5.468750
-0.004507 -0.003395 5.468750
-0.004437 -0.003554 5.468750
-0.004373 -0.003716 5.468750
-0.004311 -0.003878 5.468750
-0.004252 -0.004042 5.468750
-0.004190 -0.004204 5.468750
-0.004120 -0.004363 5.468750
-0.004058 -0.004525 5.468750
-0.003997 -0.004688 5.468750
-0.003935 -0.004851 5.468750
-0.003871 -0.005012 5.468750
-0.003804 -0.005173 5.468750
-0.003744 -0.005336 5.468750
-0.003679 -0.005497 5.468750
-0.003617 -0.005660 5.468750
-0.003551 -0.005820 5.468750
-0.003438 -0.005953 5.468750
-0.003266 -0.005979 5.468750
-0.003093 -0.005958 5.468750
-0.002921 -0.005933 5.468750
-0.002749 -0.005909 5.468750
-0.002578 -0.005879 5.468750
-0.002405 -0.005858 5.468750
-0.002233 -0.005833 5.468750
-0.002062 -0.005805 5.468750
-0.001890 -0.005777 5.468750
-0.001718 -0.005749 5.468750
-0.001546 -0.005731 5.468750
-0.001374 -0.005703 5.468750
-0.001203 -0.005672 5.468750
-0.001031 -0.005645 5.468750
-0.000859 -0.005619 5.468750
-0.000686 -0.005601 5.468750
-0.000514 -0.005575 5.468750
-0.000344 -0.005540 5.468750
-0.000172 -0.005513 5.468750
0.000000 -0.005489 5.468750
0.000172 -0.005513 5.468750
0.000344 -0.005540 5.468750
0.000514 -0.005575 5.468750
0.000686 -0.005601 5.468750
0.000859 -0.005619 5.468750
0.001031 -0.005645 5.468750
0.001203 -0.005672 5.468750
0.001374 -0.005703 5.468750
0.001546 -0.005731 5.468750
0.001718 -0.005749 5.468750
0.001890 -0.005777 5.468750
0.002062 -0.005805 5.468750
0.002233 -0.005834 5.468750
0.002405 -0.005858 5.468750
0.002578 -0.005880 5.468750
0.002749 -0.005911 5.468750
0.002921 -0.005935 5.468750
0.003093 -0.005962 5.468750
0.003265 -0.005985 5.468750
0.003436 -0.005954 5.468750
0.003544 -0.005818 5.468750
0.003613 -0.005658 5.468750
0.003677 -0.005496 5.468750
0.003743 -0.005335 5.468750
0.003803 -0.005172 5.468750
0.003870 -0.005012 5.468750
0.003935 -0.004851 5.468750
0.003997 -0.004688 5.468750
0.004058 -0.004525 5.468750
0.004120 -0.004363 5.468750
0.004190 -0.004204 5.468750
0.004252 -0.004041 5.468750
0.004311 -0.003878 5.468750
0.004373 -0.003715 5.468750
0.004437 -0.003554 5.468750
0.004507 -0.003395 5.468750
0.004571 -0.003233 5.468750
0.004626 -0.003068 5.468750
0.004688 -0.002906 5.468750
0.004754 -0.002745 5.468750
0.004860 -0.002607 5.468750
0.004970 -0.002472 5.468750
0.005085 -0.002342 5.468750
0.005194 -0.002206 5.468750
0.005296 -0.002066 5.468750
0.005404 -0.001930 5.468750
0.005514 -0.001795 5.468750
0.005626 -0.001662 5.468750
0.005736 -0.001527 5.468750
0.005838 -0.001386 5.468750
0.005948 -0.001252 5.468750
0.006058 -0.001117 5.468750
0.006169 -0.000983 5.468750
0.006276 -0.000846 5.468750
0.006381 -0.000708 5.468750
0.006493 -0.000574 5.468750
0.006600 -0.000437 5.468750
0.006709 -0.000302 5.468750
0.006815 -0.000164 5.468750
0.006874 -0.000001 5.468750

