0.006432 -0.000000 3.276042
0.006378 0.000154 3.276042
0.006276 0.000281 3.276042
0.006173 0.000407 3.276042
0.006071 0.000534 3.276042
0.005972 0.000663 3.276042
0.005871 0.000791 3.276042
0.005765 0.000915 3.276042
0.005661 0.001040 3.276042
0.005562 0.001170 3.276042
0.005465 0.001301 3.276042
0.005363 0.001428 3.276042
0.005256 0.001550 3.276042
0.005149 0.001674 3.276042
0.005049 0.001802 3.276042
0.004953 0.001934 3.276042
0.004857 0.002066 3.276042
0.004753 0.002191 3.276042
0.004649 0.002316 3.276042
0.004537 0.002435 3.276042
0.004429 0.002557 3.276042
0.004377 0.002712 3.276042
0.004330 0.002868 3.276042
0.004274 0.003021 3.276042
0.004218 0.003174 3.276042
0.004151 0.003322 3.276042
0.004085 0.003471 3.276042
0.004024 0.003622 3.276042
0.003970 0.003776 3.276042
0.003918 0.003930 3.276042
0.003859 0.004083 3.276042
0.003794 0.004232 3.276042
0.003731 0.004382 3.276042
0.003675 0.004535 3.276042
0.003621 0.004689 3.276042
0.003561 0.004840 3.276042
0.003498 0.004991 3.276042
0.003439 0.005143 3.276042
0.003381 0.005295 3.276042
0.003322 0.005447 3.276042
0.003216 0.005570 3.276042
0.003056 0.005601 3.276042
0.002895 0.005576 3.276042
0.002734 0.005549 3.276042
0.002573 0.005525 3.276042
0.002412 0.005504 3.276042
0.002250 0.005480 3.276042
0.002090 0.005450 3.276042
0.001929 0.005423 3.276042
0.001768 0.005402 3.276042
0.001606 0.005383 3.276042
0.001445 0.005358 3.276042
0.001285 0.005327 3.276042
0.001125 0.005296 3.276042
0.000964 0.005274 3.276042
0.000802 0.005256 3.276042
0.000640 0.005240 3.276042
0.000479 0.005212 3.276042
0.000318 0.005184 3.276042
0.000160 0.005146 3.276042
-0.000000 0.005115 3.276042
-0.000160 0.005146 3.276042
-0.000318 0.005184 3.276042
-0.000479 0.005212 3.276042
-0.000640 0.005240 3.276042
-0.000802 0.005256 3.276042
-0.000964 0.005274 3.276042
-0.001125 0.005296 3.276042
-0.001285 0.005327 3.276042
-0.001445 0.005358 3.276042
-0.001606 0.005383 3.276042
-0.001768 0.005402 3.276042
-0.001929 0.005423 3.276042
-0.002090 0.005450 3.276042
-0.002250 0.005480 3.276042
-0.002412 0.005504 3.276042
-0.002573 0.005525 3.276042
-0.002734 0.005549 3.276042
-0.002895 0.005576 3.276042
-0.003056 0.005601 3.276042
-0.003216 0.005570 3.276042
-0.003322 0.005447 3.276042
-0.003381 0.005295 3.276042
-0.003439 0.005143 3.276042
-0.003498 0.004991 3.276042
-0.003561 0.004840 3.276042
-0.003621 0.004689 3.276042
-0.003675 0.004535 3.276042
-0.003731 0.004382 3.276042
-0.003794 0.004232 3.276042
-0.003859 0.004083 3.276042
-0.003918 0.003930 3.276042
-0.003970 0.003776 3.276042
-0.004024 0.003622 3.276042
-0.004085 0.003471 3.276042
-0.004151 0.003322 3.276042
-0.004218 0.003174 3.276042
-0.004274 0.003021 3.276042
-0.004330 0.002868 3.276042
-0.004377 0.002712 3.276042
-0.004429 0.002557 3.276042
-0.004537 0.002435 3.276042
-0.004649 0.002316 3.276042
-0.004753 0.002191 3.276042
-0.004857 0.002066 3.276042
-0.004953 0.001934 3.276042
-0.005049 0.001802 3.276042
-0.005149 0.001674 3.276042
-0.005256 0.001550 3.276042
-0.005363 0.001428 3.276042
-0.005465 0.001301 3.276042
-0.005562 0.001170 3.276042
-0.005661 0.001040 3.276042
-0.005765 0.000915 3.276042
-0.005871 0.000791 3.276042
-0.005972 0.000663 3.276042
-0.006071 0.000534 3.276042
-0.006173 0.000407 3.276042
-0.006276 0.000281 3.276042
-0.006378 0.000154 3.276042
-0.006432 0.000000 3.276042
-0.006378 -0.000154 3.276042
-0.006276 -0.000281 3.276042
-0.006173 -0.000407 3.276042
-0.006071 -0.000534 3.276042
-0.005972 -0.000663 3.276042
-0.005871 -0.000791 3.276042
-0.005765 -0.000915 3.276042
-0.005661 -0.001040 3.276042
-0.005562 -0.001170 3.276042
-0.005465 -0.001301 3.276042
-0.005363 -0.001428 3.276042
-0.005256 -0.001550 3.276042
-0.005149 -0.001674 3.276042
-0.005049 -0.001802 3.276042
-0.004953 -0.001934 3.276042
-0.004857 -0.002066 3.276042
-0.004753 -0.002191 3.276042
-0.004649 -0.002316 3.276042
-0.004537 -0.002435 3.276042
-0.004429 -0.002557 3.276042
-0.004377 -0.002712 3.276042
-0.004330 -0.002868 3.276042
-0.004274 -0.003021 3.276042
-0.004218 -0.003174 3.276042
-0.004151 -0.003322 3.276042
-0.004085 -0.003471 3.276042
-0.004024 -0.003622 3.276042
-0.003970 -0.003776 3.276042
-0.003918 -0.003930 3.276042
-0.003859 -0.004083 3.276042
-0.003794 -0.004232 3.276042
-0.003731 -0.004382 3.276042
-0.003675 -0.004535 3.276042
-0.003621 -0.004689 3.276042
-0.003561 -0.004840 3.276042
-0.003498 -0.004991 3.276042
-0.003439 -0.005143 3.276042
-0.003381 -0.005295 3.276042
-0.003322 -0.005447 3.276042
-0.003216 -0.005570 3.276042
-0.003056 -0.005601 3.276042
-0.002895 -0.005576 3.276042
-0.002734 -0.005549 3.276042
-0.002573 -0.005525 3.276042
-0.002412 -0.005504 3.276042
-0.002250 -0.005480 3.276042
-0.002090 -0.005450 3.276042
-0.001929 -0.005423 3.276042
-0.001768 -0.005402 3.276042
-0.001606 -0.005383 3.276042
-0.001445 -0.005358 3.276042
-0.001285 -0.005327 3.276042
-0.001125 -0.005296 3.276042
-0.000964 -0.005274 3.276042
-0.000802 -0.005256 3.276042
-0.000640 -0.005240 3.276042
-0.000479 -0.005212 3.276042
-0.000318 -0.005184 3.276042
-0.000160 -0.005146 3.276042
0.000000 -0.005115 3.276042
0.000160 -0.005146 3.276042
0.000318 -0.005184 3.276042
0.000479 -0.005212 3.276042
0.000640 -0.005240 3.276042
0.000802 -0.005256 3.276042
0.000964 -0.005274 3.276042
0.001125 -0.005296 3.276042
0.001285 -0.005327 3.276042
0.001445 -0.005358 3.276042
0.001606 -0.005383 3.276042
0.001768 -0.005402 3.276042
0.001929 -0.005423 3.276042
0.002090 -0.005450 3.276042
0.002250 -0.005480 3.276042
0.002412 -0.005504 3.276042
0.002573 -0.005525 3.276042
0.002734 -0.005549 3.276042
0.002895 -0.005576 3.276042
0.003056 -0.005601 3.276042
0.003216 -0.005570 3.276042
0.003322 -0.005447 3.276042
0.003381 -0.005295 3.276042
0.003439 -0.005143 3.276042
0.003498 -0.004991 3.276042
0.003561 -0.004840 3.276042
0.003621 -0.004689 3.276042
0.003675 -0.004535 3.276042
0.003731 -0.004382 3.276042
0.003794 -0.004232 3.276042
0.003859 -0.004083 3.276042
0.003918 -0.003930 3.276042
0.003970 -0.003776 3.276042
0.004024 -0.003622 3.276042
0.004085 -0.003471 3.276042
0.004151 -0.003322 3.276042
0.004218 -0.003174 3.276042
0.004274 -0.003021 3.276042
0.004330 -0.002868 3.276042
0.004377 -0.002712 3.276042
0.004429 -0.002557 3.276042
0.004537 -0.002435 3.276042
0.004649 -0.002316 3.276042
0.004753 -0.002191 3.276042
0.004857 -0.002066 3.276042
0.004953 -0.001934 3.276042
0.005049 -0.001802 3.276042
0.005149 -0.001674 3.276042
0.005256 -0.001550 3.276042
0.005363 -0.001428 3.276042
0.005465 -0.001301 3.276042
0.005562 -0.001170 3.276042
0.005661 -0.001040 3.276042
0.005765 -0.000915 3.276042
0.005871 -0.000791 3.276042
0.005972 -0.000663 3.276042
0.006071 -0.000534 3.276042
0.006173 -0.000407 3.276042
0.006276 -0.000281 3.276042
0.006378 -0.000154 3.276042
0.006432 -0.000000 3.276042

