0.006406 -0.000000 3.145833
0.006352 0.000153 3.145833
0.006250 0.000279 3.145833
0.006147 0.000405 3.145833
0.006048 0.000533 3.145833
0.005948 0.000662 3.145833
0.005844 0.000786 3.145833
0.005739 0.000910 3.145833
0.005639 0.001038 3.145833
0.005543 0.001168 3.145833
0.005443 0.001296 3.145833
0.005337 0.001419 3.145833
0.005230 0.001541 3.145833
0.005128 0.001668 3.145833
0.005032 0.001799 3.145833
0.004936 0.001930 3.145833
0.004837 0.002058 3.145833
0.004729 0.002180 3.145833
0.004623 0.002302 3.145833
0.004511 0.002420 3.145833
0.004407 0.002544 3.145833
0.004352 0.002697 3.145833
0.004305 0.002852 3.145833
0.004252 0.003006 3.145833
0.004201 0.003160 3.145833
0.004139 0.003310 3.145833
0.004074 0.003459 3.145833
0.004008 0.003607 3.145833
0.003950 0.003758 3.145833
0.003897 0.003912 3.145833
0.003844 0.004065 3.145833
0.003783 0.004216 3.145833
0.003718 0.004365 3.145833
0.003658 0.004515 3.145833
0.003603 0.004668 3.145833
0.003547 0.004820 3.145833
0.003486 0.004971 3.145833
0.003425 0.005121 3.145833
0.003367 0.005273 3.145833
0.003309 0.005424 3.145833
0.003203 0.005547 3.145833
0.003043 0.005577 3.145833
0.002883 0.005552 3.145833
0.002723 0.005526 3.145833
0.002562 0.005504 3.145833
0.002401 0.005482 3.145833
0.002241 0.005455 3.145833
0.002081 0.005425 3.145833
0.001921 0.005402 3.145833
0.001759 0.005384 3.145833
0.001599 0.005362 3.145833
0.001439 0.005331 3.145833
0.001280 0.005300 3.145833
0.001120 0.005274 3.145833
0.000958 0.005257 3.145833
0.000797 0.005240 3.145833
0.000636 0.005218 3.145833
0.000477 0.005186 3.145833
0.000318 0.005155 3.145833
0.000160 0.005117 3.145833
-0.000000 0.005088 3.145833
-0.000160 0.005117 3.145833
-0.000318 0.005155 3.145833
-0.000477 0.005186 3.145833
-0.000636 0.005218 3.145833
-0.000797 0.005240 3.145833
-0.000958 0.005257 3.145833
-0.001120 0.005274 3.145833
-0.001280 0.005300 3.145833
-0.001439 0.005331 3.145833
-0.001599 0.005362 3.145833
-0.001759 0.005384 3.145833
-0.001921 0.005402 3.145833
-0.002081 0.005425 3.145833
-0.002241 0.005455 3.145833
-0.002401 0.005482 3.145833
-0.002562 0.005504 3.145833
-0.002723 0.005526 3.145833
-0.002883 0.005552 3.145833
-0.003043 0.005577 3.145833
-0.003203 0.005547 3.145833
-0.003309 0.005424 3.145833
-0.003367 0.005273 3.145833
-0.003425 0.005121 3.145833
-0.003486 0.004971 3.145833
-0.003547 0.004820 3.145833
-0.003603 0.004668 3.145833
-0.003658 0.004515 3.145833
-0.003718 0.004365 3.145833
-0.003783 0.004216 3.145833
-0.003844 0.004065 3.145833
-0.003897 0.003912 3.145833
-0.003950 0.003758 3.145833
-0.004008 0.003607 3.145833
-0.004074 0.003459 3.145833
-0.004139 0.003310 3.145833
-0.004201 0.003160 3.145833
-0.004252 0.003006 3.145833
-0.004305 0.002852 3.145833
-0.004352 0.002697 3.145833
-0.004407 0.002544 3.145833
-0.004511 0.002420 3.145833
-0.004623 0.002302 3.145833
-0.004729 0.002180 3.145833
-0.004837 0.002058 3.145833
-0.004936 0.001930 3.145833
-0.005032 0.001799 3.145833
-0.005128 0.001668 3.145833
-0.005230 0.001541 3.145833
-0.005337 0.001419 3.145833
-0.005443 0.001296 3.145833
-0.005543 0.001168 3.145833
-0.005639 0.001038 3.145833
-0.005739 0.000910 3.145833
-0.005844 0.000786 3.145833
-0.005948 0.000662 3.145833
-0.006048 0.000533 3.145833
-0.006147 0.000405 3.145833
-0.006250 0.000279 3.145833
-0.006352 0.000153 3.145833
-0.006406 0.000000 3.145833
-0.006352 -0.000153 3.145833
-0.006250 -0.000279 3.145833
-0.006147 -0.000405 3.145833
-0.006048 -0.000533 3.145833
-0.005948 -0.000662 3.145833
-0.005844 -0.000786 3.145833
-0.005739 -0.000910 3.145833
-0.005639 -0.001038 3.145833
-0.005543 -0.001168 3.145833
-0.005443 -0.001296 3.145833
-0.005337 -0.001419 3.145833
-0.005230 -0.001541 3.145833
-0.005128 -0.001668 3.145833
-0.005032 -0.001799 3.145833
-0.004936 -0.001930 3.145833
-0.004837 -0.002058 3.145833
-0.004729 -0.002180 3.145833
-0.004623 -0.002302 3.145833
-0.004511 -0.002420 3.145833
-0.004407 -0.002544 3.145833
-0.004352 -0.002697 3.145833
-0.004305 -0.002852 3.145833
-0.004252 -0.003006 3.145833
-0.004201 -0.003160 3.145833
-0.004139 -0.003310 3.145833
-0.004074 -0.003459 3.145833
-0.004008 -0.003607 3.145833
-0.003950 -0.003758 3.145833
-0.003897 -0.003912 3.145833
-0.003844 -0.004065 3.145833
-0.003783 -0.004216 3.145833
-0.003718 -0.004365 3.145833
-0.003658 -0.004515 3.145833
-0.003603 -0.004668 3.145833
-0.003547 -0.004820 3.145833
-0.003486 -0.004971 3.145833
-0.003425 -0.005121 3.145833
-0.003367 -0.005273 3.145833
-0.003309 -0.005424 3.145833
-0.003203 -0.005547 3.145833
-0.003043 -0.005577 3.145833
-0.002883 -0.005552 3.145833
-0.002723 -0.005526 3.145833
-0.002562 -0.005504 3.145833
-0.002401 -0.005482 3.145833
-0.002241 -0.005455 3.145833
-0.002081 -0.005425 3.145833
-0.001921 -0.005402 3.145833
-0.001759 -0.005384 3.145833
-0.001599 -0.005362 3.145833
-0.001439 -0.005331 3.145833
-0.001280 -0.005300 3.145833
-0.001120 -0.005274 3.145833
-0.000958 -0.005257 3.145833
-0.000797 -0.005240 3.145833
-0.000636 -0.005218 3.145833
-0.000477 -0.005186 3.145833
-0.000318 -0.005155 3.145833
-0.000160 -0.005117 3.145833
0.000000 -0.005088 3.145833
0.000160 -0.005117 3.145833
0.000318 -0.005155 3.145833
0.000477 -0.005186 3.145833
0.000636 -0.005218 3.145833
0.000797 -0.005240 3.145833
0.000958 -0.005257 3.145833
0.001120 -0.005274 3.145833
0.001280 -0.005300 3.145833
0.001439 -0.005331 3.145833
0.001599 -0.005362 3.145833
0.001759 -0.005384 3.145833
0.001921 -0.005402 3.145833
0.002081 -0.005425 3.145833
0.002241 -0.005455 3.145833
0.002401 -0.005482 3.145833
0.002562 -0.005504 3.145833
0.002723 -0.005526 3.145833
0.002883 -0.005552 3.145833
0.003043 -0.005577 3.145833
0.003203 -0.005547 3.145833
0.003309 -0.005424 3.145833
0.003367 -0.005273 3.145833
0.003425 -0.005121 3.145833
0.003486 -0.004971 3.145833
0.003547 -0.004820 3.145833
0.003603 -0.004668 3.145833
0.003658 -0.004515 3.145833
0.003718 -0.004365 3.145833
0.003783 -0.004216 3.145833
0.003844 -0.004065 3.145833
0.003897 -0.003912 3.145833
0.003950 -0.003758 3.145833
0.004008 -0.003607 3.145833
0.004074 -0.003459 3.145833
0.004139 -0.003310 3.145833
0.004201 -0.003160 3.145833
0.004252 -0.003006 3.145833
0.004305 -0.002852 3.145833
0.004352 -0.002697 3.145833
0.004407 -0.002544 3.145833
0.004511 -0.002420 3.145833
0.004623 -0.002302 3.145833
0.004729 -0.002180 3.145833
0.004837 -0.002058 3.145833
0.004936 -0.001930 3.145833
0.005032 -0.001799 3.145833
0.005128 -0.001668 3.145833
0.005230 -0.001541 3.145833
0.005337 -0.001419 3.145833
0.005443 -0.001296 3.145833
0.005543 -0.001168 3.145833
0.005639 -0.001038 3.145833
0.005739 -0.000910 3.145833
0.005844 -0.000786 3.145833
0.005948 -0.000662 3.145833
0.006048 -0.000533 3.145833
0.006147 -0.000405 3.145833
0.006250 -0.000279 3.145833
0.006352 -0.000153 3.145833
0.006406 -0.000000 3.145833

