0.006353 -0.000000 2.885417
0.006299 0.000152 2.885417
0.006198 0.000277 2.885417
0.006099 0.000404 2.885417
0.005999 0.000530 2.885417
0.005896 0.000653 2.885417
0.005792 0.000777 2.885417
0.005695 0.000905 2.885417
0.005599 0.001034 2.885417
0.005497 0.001159 2.885417
0.005390 0.001280 2.885417
0.005286 0.001402 2.885417
0.005188 0.001530 2.885417
0.005094 0.001661 2.885417
0.004998 0.001790 2.885417
0.004895 0.001913 2.885417
0.004788 0.002034 2.885417
0.004679 0.002152 2.885417
0.004573 0.002273 2.885417
0.004466 0.002394 2.885417
0.004369 0.002523 2.885417
0.004307 0.002671 2.885417
0.004255 0.002823 2.885417
0.004203 0.002976 2.885417
0.004155 0.003129 2.885417
0.004104 0.003282 2.885417
0.004049 0.003433 2.885417
0.003986 0.003581 2.885417
0.003919 0.003728 2.885417
0.003857 0.003877 2.885417
0.003803 0.004028 2.885417
0.003752 0.004181 2.885417
0.003695 0.004331 2.885417
0.003631 0.004479 2.885417
0.003569 0.004628 2.885417
0.003514 0.004779 2.885417
0.003459 0.004930 2.885417
0.003399 0.005080 2.885417
0.003339 0.005229 2.885417
0.003281 0.005379 2.885417
0.003176 0.005502 2.885417
0.003018 0.005531 2.885417
0.002859 0.005506 2.885417
0.002700 0.005484 2.885417
0.002540 0.005460 2.885417
0.002382 0.005432 2.885417
0.002223 0.005405 2.885417
0.002064 0.005384 2.885417
0.001904 0.005366 2.885417
0.001745 0.005340 2.885417
0.001587 0.005308 2.885417
0.001429 0.005279 2.885417
0.001269 0.005258 2.885417
0.001109 0.005242 2.885417
0.000949 0.005223 2.885417
0.000790 0.005196 2.885417
0.000633 0.005163 2.885417
0.000476 0.005128 2.885417
0.000318 0.005097 2.885417
0.000160 0.005065 2.885417
-0.000000 0.005045 2.885417
-0.000160 0.005065 2.885417
-0.000318 0.005097 2.885417
-0.000476 0.005128 2.885417
-0.000633 0.005163 2.885417
-0.000790 0.005196 2.885417
-0.000949 0.005223 2.885417
-0.001109 0.005242 2.885417
-0.001269 0.005258 2.885417
-0.001429 0.005279 2.885417
-0.001587 0.005308 2.885417
-0.001745 0.005340 2.885417
-0.001904 0.005366 2.885417
-0.002064 0.005384 2.885417
-0.002223 0.005405 2.885417
-0.002382 0.005432 2.885417
-0.002540 0.005460 2.885417
-0.002700 0.005484 2.885417
-0.002859 0.005506 2.885417
-0.003018 0.005531 2.885417
-0.003176 0.005502 2.885417
-0.003281 0.005379 2.885417
-0.003339 0.005229 2.885417
-0.003399 0.005080 2.885417
-0.003459 0.004930 2.885417
-0.003514 0.004779 2.885417
-0.003569 0.004628 2.885417
-0.003631 0.004479 2.885417
-0.003695 0.004331 2.885417
-0.003752 0.004181 2.885417
-0.003803 0.004028 2.885417
-0.003857 0.003877 2.885417
-0.003919 0.003728 2.885417
-0.003986 0.003581 2.885417
-0.004049 0.003433 2.885417
-0.004104 0.003282 2.885417
-0.004155 0.003129 2.885417
-0.004203 0.002976 2.885417
-0.004255 0.002823 2.885417
-0.004307 0.002671 2.885417
-0.004369 0.002523 2.885417
-0.004466 0.002394 2.885417
-0.004573 0.002273 2.885417
-0.004679 0.002152 2.885417
-0.004788 0.002034 2.885417
-0.004895 0.001913 2.885417
-0.004998 0.001790 2.885417
-0.005094 0.001661 2.885417
-0.005188 0.001530 2.885417
-0.005286 0.001402 2.885417
-0.005390 0.001280 2.885417
-0.005497 0.001159 2.885417
-0.005599 0.001034 2.885417
-0.005695 0.000905 2.885417
-0.005792 0.000777 2.885417
-0.005896 0.000653 2.885417
-0.005999 0.000530 2.885417
-0.006099 0.000404 2.885417
-0.006198 0.000277 2.885417
-0.006299 0.000152 2.885417
-0.006353 0.000000 2.885417
-0.006299 -0.000152 2.885417
-0.006198 -0.000277 2.885417
-0.006099 -0.000404 2.885417
-0.005999 -0.000530 2.885417
-0.005896 -0.000653 2.885417
-0.005792 -0.000777 2.885417
-0.005695 -0.000905 2.885417
-0.005599 -0.001034 2.885417
-0.005497 -0.001159 2.885417
-0.005390 -0.001280 2.885417
-0.005286 -0.001402 2.885417
-0.005188 -0.001530 2.885417
-0.005094 -0.001661 2.885417
-0.004998 -0.001790 2.885417
-0.004895 -0.001913 2.885417
-0.004788 -0.002034 2.885417
-0.004679 -0.002152 2.885417
-0.004573 -0.002273 2.885417
-0.004466 -0.002394 2.885417
-0.004369 -0.002523 2.885417
-0.004307 -0.002671 2.885417
-0.004255 -0.002823 2.885417
-0.004203 -0.002976 2.885417
-0.004155 -0.003129 2.885417
-0.004104 -0.003282 2.885417
-0.004049 -0.003433 2.885417
-0.003986 -0.003581 2.885417
-0.003919 -0.003728 2.885417
-0.003857 -0.003877 2.885417
-0.003803 -0.004028 2.885417
-0.003752 -0.004181 2.885417
-0.003695 -0.004331 2.885417
-0.003631 -0.004479 2.885417
-0.003569 -0.004628 2.885417
-0.003514 -0.004779 2.885417
-0.003459 -0.004930 2.885417
-0.003399 -0.005080 2.885417
-0.003339 -0.005229 2.885417
-0.003281 -0.005379 2.885417
-0.003176 -0.005502 2.885417
-0.003018 -0.005531 2.885417
-0.002859 -0.005506 2.885417
-0.002700 -0.005484 2.885417
-0.002540 -0.005460 2.885417
-0.002382 -0.005432 2.885417
-0.002223 -0.005405 2.885417
-0.002064 -0.005384 2.885417
-0.001904 -0.005366 2.885417
-0.001745 -0.005340 2.885417
-0.001587 -0.005308 2.885417
-0.001429 -0.005279 2.885417
-0.001269 -0.005258 2.885417
-0.001109 -0.005242 2.885417
-0.000949 -0.005223 2.885417
-0.000790 -0.005196 2.885417
-0.000633 -0.005163 2.885417
-0.000476 -0.005128 2.885417
-0.000318 -0.005097 2.885417
-0.000160 -0.005065 2.885417
0.000000 -0.005045 2.885417
0.000160 -0.005065 2.885417
0.000318 -0.005097 2.885417
0.000476 -0.005128 2.885417
0.000633 -0.005163 2.885417
0.000790 -0.005196 2.885417
0.000949 -0.005223 2.885417
0.001109 -0.005242 2.885417
0.001269 -0.005258 2.885417
0.001429 -0.005279 2.885417
0.001587 -0.005308 2.885417
0.001745 -0.005340 2.885417
0.001904 -0.005366 2.885417
0.002064 -0.005384 2.885417
0.002223 -0.005405 2.885417
0.002382 -0.005432 2.885417
0.002540 -0.005460 2.885417
0.002700 -0.005484 2.885417
0.002859 -0.005506 2.885417
0.003018 -0.005531 2.885417
0.003176 -0.005502 2.885417
0.003281 -0.005379 2.885417
0.003339 -0.005229 2.885417
0.003399 -0.005080 2.885417
0.003459 -0.004930 2.885417
0.003514 -0.004779 2.885417
0.003569 -0.004628 2.885417
0.003631 -0.004479 2.885417
0.003695 -0.004331 2.885417
0.003752 -0.004181 2.885417
0.003803 -0.004028 2.885417
0.003857 -0.003877 2.885417
0.003919 -0.003728 2.885417
0.003986 -0.003581 2.885417
0.004049 -0.003433 2.885417
0.004104 -0.003282 2.885417
0.004155 -0.003129 2.885417
0.004203 -0.002976 2.885417
0.004255 -0.002823 2.885417
0.004307 -0.002671 2.885417
0.004369 -0.002523 2.885417
0.004466 -0.002394 2.885417
0.004573 -0.002273 2.885417
0.004679 -0.002152 2.885417
0.004788 -0.002034 2.885417
0.004895 -0.001913 2.885417
0.004998 -0.001790 2.885417
0.005094 -0.001661 2.885417
0.005188 -0.001530 2.885417
0.005286 -0.001402 2.885417
0.005390 -0.001280 2.885417
0.005497 -0.001159 2.885417
0.005599 -0.001034 2.885417
0.005695 -0.000905 2.885417
0.005792 -0.000777 2.885417
0.005896 -0.000653 2.885417
0.005999 -0.000530 2.885417
0.006099 -0.000404 2.885417
0.006198 -0.000277 2.885417
0.006299 -0.000152 2.885417
0.006353 -0.000000 2.885417

