0.007136 -0.000071 6.798611
0.007024 0.000071 6.798611
0.006907 0.000209 6.798611
0.006801 0.000355 6.798611
0.006701 0.000506 6.798611
0.006605 0.000660 6.798611
0.006509 0.000813 6.798611
0.006406 0.000962 6.798611
0.006307 0.001113 6.798611
0.006203 0.001261 6.798611
0.006091 0.001403 6.798611
0.005981 0.001547 6.798611
0.005871 0.001690 6.798611
0.005762 0.001834 6.798611
0.005650 0.001977 6.798611
0.005533 0.002115 6.798611
0.005418 0.002254 6.798611
0.005314 0.002403 6.798611
0.005197 0.002541 6.798611
0.005087 0.002684 6.798611
0.004965 0.002817 6.798611
0.004888 0.002981 6.798611
0.004835 0.003154 6.798611
0.004767 0.003322 6.798611
0.004696 0.003488 6.798611
0.004626 0.003655 6.798611
0.004567 0.003826 6.798611
0.004502 0.003995 6.798611
0.004432 0.004162 6.798611
0.004363 0.004329 6.798611
0.004294 0.004496 6.798611
0.004230 0.004665 6.798611
0.004161 0.004832 6.798611
0.004085 0.004997 6.798611
0.004015 0.005164 6.798611
0.003944 0.005330 6.798611
0.003873 0.005496 6.798611
0.003803 0.005663 6.798611
0.003735 0.005831 6.798611
0.003679 0.006003 6.798611
0.003546 0.006126 6.798611
0.003366 0.006108 6.798611
0.003186 0.006097 6.798611
0.003005 0.006092 6.798611
0.002824 0.006082 6.798611
0.002644 0.006069 6.798611
0.002464 0.006052 6.798611
0.002284 0.006032 6.798611
0.002104 0.006017 6.798611
0.001924 0.005994 6.798611
0.001745 0.005966 6.798611
0.001566 0.005943 6.798611
0.001387 0.005919 6.798611
0.001207 0.005895 6.798611
0.001029 0.005868 6.798611
0.000851 0.005834 6.798611
0.000672 0.005810 6.798611
0.000492 0.005789 6.798611
0.000313 0.005763 6.798611
0.000136 0.005724 6.798611
-0.000044 0.005709 6.798611
-0.000221 0.005748 6.798611
-0.000400 0.005773 6.798611
-0.000578 0.005803 6.798611
-0.000758 0.005820 6.798611
-0.000937 0.005849 6.798611
-0.001115 0.005882 6.798611
-0.001294 0.005907 6.798611
-0.001473 0.005929 6.798611
-0.001653 0.005953 6.798611
-0.001832 0.005976 6.798611
-0.002011 0.006002 6.798611
-0.002191 0.006018 6.798611
-0.002372 0.006028 6.798611
-0.002552 0.006043 6.798611
-0.002733 0.006051 6.798611
-0.002913 0.006061 6.798611
-0.003094 0.006079 6.798611
-0.003272 0.006105 6.798611
-0.003450 0.006140 6.798611
-0.003629 0.006163 6.798611
-0.003756 0.006034 6.798611
-0.003803 0.005859 6.798611
-0.003857 0.005686 6.798611
-0.003911 0.005514 6.798611
-0.003970 0.005343 6.798611
-0.004031 0.005172 6.798611
-0.004095 0.005003 6.798611
-0.004166 0.004837 6.798611
-0.004233 0.004669 6.798611
-0.004296 0.004499 6.798611
-0.004364 0.004332 6.798611
-0.004432 0.004164 6.798611
-0.004502 0.003997 6.798611
-0.004567 0.003828 6.798611
-0.004626 0.003657 6.798611
-0.004695 0.003490 6.798611
-0.004767 0.003324 6.798611
-0.004833 0.003156 6.798611
-0.004890 0.002984 6.798611
-0.004965 0.002819 6.798611
-0.005086 0.002685 6.798611
-0.005198 0.002543 6.798611
-0.005313 0.002403 6.798611
-0.005418 0.002256 6.798611
-0.005532 0.002116 6.798611
-0.005650 0.001979 6.798611
-0.005762 0.001836 6.798611
-0.005871 0.001692 6.798611
-0.005982 0.001549 6.798611
-0.006093 0.001407 6.798611
-0.006208 0.001266 6.798611
-0.006315 0.001121 6.798611
-0.006421 0.000974 6.798611
-0.006533 0.000832 6.798611
-0.006644 0.000689 6.798611
-0.006756 0.000548 6.798611
-0.006872 0.000409 6.798611
-0.006990 0.000271 6.798611
-0.007114 0.000139 6.798611
-0.007139 -0.000040 6.798611
-0.007009 -0.000165 6.798611
-0.006884 -0.000295 6.798611
-0.006776 -0.000441 6.798611
-0.006675 -0.000591 6.798611
-0.006575 -0.000742 6.798611
-0.006472 -0.000890 6.798611
-0.006365 -0.001037 6.798611
-0.006263 -0.001186 6.798611
-0.006154 -0.001330 6.798611
-0.006041 -0.001471 6.798611
-0.005931 -0.001615 6.798611
-0.005820 -0.001758 6.798611
-0.005710 -0.001902 6.798611
-0.005598 -0.002043 6.798611
-0.005479 -0.002179 6.798611
-0.005369 -0.002324 6.798611
-0.005259 -0.002467 6.798611
-0.005151 -0.002612 6.798611
-0.005026 -0.002742 6.798611
-0.004923 -0.002891 6.798611
-0.004870 -0.003064 6.798611
-0.004799 -0.003231 6.798611
-0.004739 -0.003402 6.798611
-0.004662 -0.003565 6.798611
-0.004600 -0.003735 6.798611
-0.004539 -0.003905 6.798611
-0.004472 -0.004073 6.798611
-0.004402 -0.004240 6.798611
-0.004335 -0.004408 6.798611
-0.004269 -0.004576 6.798611
-0.004207 -0.004746 6.798611
-0.004139 -0.004914 6.798611
-0.004070 -0.005081 6.798611
-0.004011 -0.005252 6.798611
-0.003951 -0.005423 6.798611
-0.003894 -0.005595 6.798611
-0.003838 -0.005767 6.798611
-0.003781 -0.005938 6.798611
-0.003731 -0.006112 6.798611
-0.003598 -0.006235 6.798611
-0.003421 -0.006195 6.798611
-0.003248 -0.006142 6.798611
-0.003072 -0.006100 6.798611
-0.002894 -0.006069 6.798611
-0.002714 -0.006050 6.798611
-0.002534 -0.006038 6.798611
-0.002353 -0.006023 6.798611
-0.002173 -0.006014 6.798611
-0.001992 -0.005999 6.798611
-0.001813 -0.005974 6.798611
-0.001634 -0.005951 6.798611
-0.001454 -0.005927 6.798611
-0.001275 -0.005905 6.798611
-0.001096 -0.005880 6.798611
-0.000918 -0.005846 6.798611
-0.000739 -0.005819 6.798611
-0.000559 -0.005800 6.798611
-0.000381 -0.005772 6.798611
-0.000202 -0.005743 6.798611
-0.000024 -0.005710 6.798611
0.000155 -0.005732 6.798611
0.000333 -0.005766 6.798611
0.000512 -0.005794 6.798611
0.000692 -0.005813 6.798611
0.000871 -0.005839 6.798611
0.001048 -0.005873 6.798611
0.001227 -0.005900 6.798611
0.001406 -0.005924 6.798611
0.001586 -0.005949 6.798611
0.001765 -0.005975 6.798611
0.001943 -0.006006 6.798611
0.002122 -0.006033 6.798611
0.002301 -0.006056 6.798611
0.002479 -0.006090 6.798611
0.002656 -0.006124 6.798611
0.002833 -0.006163 6.798611
0.003009 -0.006205 6.798611
0.003186 -0.006245 6.798611
0.003361 -0.006290 6.798611
0.003535 -0.006242 6.798611
0.003604 -0.006074 6.798611
0.003660 -0.005902 6.798611
0.003721 -0.005732 6.798611
0.003788 -0.005564 6.798611
0.003864 -0.005400 6.798611
0.003946 -0.005239 6.798611
0.004024 -0.005076 6.798611
0.004108 -0.004915 6.798611
0.004186 -0.004752 6.798611
0.004255 -0.004584 6.798611
0.004324 -0.004418 6.798611
0.004394 -0.004251 6.798611
0.004465 -0.004084 6.798611
0.004533 -0.003917 6.798611
0.004594 -0.003746 6.798611
0.004657 -0.003577 6.798611
0.004734 -0.003413 6.798611
0.004794 -0.003242 6.798611
0.004866 -0.003076 6.798611
0.004916 -0.002903 6.798611
0.005016 -0.002752 6.798611
0.005142 -0.002622 6.798611
0.005251 -0.002478 6.798611
0.005361 -0.002334 6.798611
0.005470 -0.002190 6.798611
0.005589 -0.002053 6.798611
0.005703 -0.001912 6.798611
0.005813 -0.001769 6.798611
0.005924 -0.001626 6.798611
0.006034 -0.001483 6.798611
0.006150 -0.001344 6.798611
0.006262 -0.001202 6.798611
0.006370 -0.001056 6.798611
0.006484 -0.000917 6.798611
0.006600 -0.000778 6.798611
0.006719 -0.000641 6.798611
0.006842 -0.000508 6.798611
0.006964 -0.000375 6.798611
0.007092 -0.000247 6.798611
0.007136 -0.000071 6.798611

