0.006261 -0.000000 2.449653
0.006209 0.000150 2.449653
0.006109 0.000273 2.449653
0.006008 0.000395 2.449653
0.005908 0.000518 2.449653
0.005813 0.000644 2.449653
0.005716 0.000770 2.449653
0.005614 0.000891 2.449653
0.005509 0.001010 2.449653
0.005409 0.001133 2.449653
0.005316 0.001262 2.449653
0.005223 0.001390 2.449653
0.005124 0.001513 2.449653
0.005018 0.001631 2.449653
0.004911 0.001748 2.449653
0.004805 0.001866 2.449653
0.004702 0.001986 2.449653
0.004604 0.002110 2.449653
0.004511 0.002239 2.449653
0.004424 0.002371 2.449653
0.004340 0.002506 2.449653
0.004265 0.002645 2.449653
0.004195 0.002787 2.449653
0.004129 0.002932 2.449653
0.004071 0.003079 2.449653
0.004018 0.003228 2.449653
0.003969 0.003379 2.449653
0.003922 0.003530 2.449653
0.003872 0.003681 2.449653
0.003815 0.003829 2.449653
0.003751 0.003973 2.449653
0.003686 0.004118 2.449653
0.003629 0.004266 2.449653
0.003578 0.004416 2.449653
0.003525 0.004565 2.449653
0.003464 0.004712 2.449653
0.003403 0.004858 2.449653
0.003347 0.005006 2.449653
0.003291 0.005154 2.449653
0.003234 0.005302 2.449653
0.003130 0.005422 2.449653
0.002975 0.005452 2.449653
0.002818 0.005428 2.449653
0.002662 0.005401 2.449653
0.002505 0.005376 2.449653
0.002348 0.005356 2.449653
0.002191 0.005336 2.449653
0.002035 0.005307 2.449653
0.001880 0.005276 2.449653
0.001723 0.005251 2.449653
0.001566 0.005235 2.449653
0.001408 0.005218 2.449653
0.001252 0.005194 2.449653
0.001096 0.005162 2.449653
0.000942 0.005127 2.449653
0.000787 0.005094 2.449653
0.000631 0.005065 2.449653
0.000474 0.005042 2.449653
0.000317 0.005027 2.449653
0.000158 0.005017 2.449653
-0.000000 0.005012 2.449653
-0.000158 0.005017 2.449653
-0.000317 0.005027 2.449653
-0.000474 0.005042 2.449653
-0.000631 0.005065 2.449653
-0.000787 0.005094 2.449653
-0.000942 0.005127 2.449653
-0.001096 0.005162 2.449653
-0.001252 0.005194 2.449653
-0.001408 0.005218 2.449653
-0.001566 0.005235 2.449653
-0.001723 0.005251 2.449653
-0.001880 0.005276 2.449653
-0.002035 0.005307 2.449653
-0.002191 0.005336 2.449653
-0.002348 0.005356 2.449653
-0.002505 0.005376 2.449653
-0.002662 0.005401 2.449653
-0.002818 0.005428 2.449653
-0.002975 0.005452 2.449653
-0.003130 0.005422 2.449653
-0.003234 0.005302 2.449653
-0.003291 0.005154 2.449653
-0.003347 0.005006 2.449653
-0.003403 0.004858 2.449653
-0.003464 0.004712 2.449653
-0.003525 0.004565 2.449653
-0.003578 0.004416 2.449653
-0.003629 0.004266 2.449653
-0.003686 0.004118 2.449653
-0.003751 0.003973 2.449653
-0.003815 0.003829 2.449653
-0.003872 0.003681 2.449653
-0.003922 0.003530 2.449653
-0.003969 0.003379 2.449653
-0.004018 0.003228 2.449653
-0.004071 0.003079 2.449653
-0.004129 0.002932 2.449653
-0.004195 0.002787 2.449653
-0.004265 0.002645 2.449653
-0.004340 0.002506 2.449653
-0.004424 0.002371 2.449653
-0.004511 0.002239 2.449653
-0.004604 0.002110 2.449653
-0.004702 0.001986 2.449653
-0.004805 0.001866 2.449653
-0.004911 0.001748 2.449653
-0.005018 0.001631 2.449653
-0.005124 0.001513 2.449653
-0.005223 0.001390 2.449653
-0.005316 0.001262 2.449653
-0.005409 0.001133 2.449653
-0.005509 0.001010 2.449653
-0.005614 0.000891 2.449653
-0.005716 0.000770 2.449653
-0.005813 0.000644 2.449653
-0.005908 0.000518 2.449653
-0.006008 0.000395 2.449653
-0.006109 0.000273 2.449653
-0.006209 0.000150 2.449653
-0.006261 0.000000 2.449653
-0.006209 -0.000150 2.449653
-0.006109 -0.000273 2.449653
-0.006008 -0.000395 2.449653
-0.005908 -0.000518 2.449653
-0.005813 -0.000644 2.449653
-0.005716 -0.000770 2.449653
-0.005614 -0.000891 2.449653
-0.005509 -0.001010 2.449653
-0.005409 -0.001133 2.449653
-0.005316 -0.001262 2.449653
-0.005223 -0.001390 2.449653
-0.005124 -0.001513 2.449653
-0.005018 -0.001631 2.449653
-0.004911 -0.001748 2.449653
-0.004805 -0.001866 2.449653
-0.004702 -0.001986 2.449653
-0.004604 -0.002110 2.449653
-0.004511 -0.002239 2.449653
-0.004424 -0.002371 2.449653
-0.004340 -0.002506 2.449653
-0.004265 -0.002645 2.449653
-0.004195 -0.002787 2.449653
-0.004129 -0.002932 2.449653
-0.004071 -0.003079 2.449653
-0.004018 -0.003228 2.449653
-0.003969 -0.003379 2.449653
-0.003922 -0.003530 2.449653
-0.003872 -0.003681 2.449653
-0.003815 -0.003829 2.449653
-0.003751 -0.003973 2.449653
-0.003686 -0.004118 2.449653
-0.003629 -0.004266 2.449653
-0.003578 -0.004416 2.449653
-0.003525 -0.004565 2.449653
-0.003464 -0.004712 2.449653
-0.003403 -0.004858 2.449653
-0.003347 -0.005006 2.449653
-0.003291 -0.005154 2.449653
-0.003234 -0.005302 2.449653
-0.003130 -0.005422 2.449653
-0.002975 -0.005452 2.449653
-0.002818 -0.005428 2.449653
-0.002662 -0.005401 2.449653
-0.002505 -0.005376 2.449653
-0.002348 -0.005356 2.449653
-0.002191 -0.005336 2.449653
-0.002035 -0.005307 2.449653
-0.001880 -0.005276 2.449653
-0.001723 -0.005251 2.449653
-0.001566 -0.005235 2.449653
-0.001408 -0.005218 2.449653
-0.001252 -0.005194 2.449653
-0.001096 -0.005162 2.449653
-0.000942 -0.005127 2.449653
-0.000787 -0.005094 2.449653
-0.000631 -0.005065 2.449653
-0.000474 -0.005042 2.449653
-0.000317 -0.005027 2.449653
-0.000158 -0.005017 2.449653
0.000000 -0.005012 2.449653
0.000158 -0.005017 2.449653
0.000317 -0.005027 2.449653
0.000474 -0.005042 2.449653
0.000631 -0.005065 2.449653
0.000787 -0.005094 2.449653
0.000942 -0.005127 2.449653
0.001096 -0.005162 2.449653
0.001252 -0.005194 2.449653
0.001408 -0.005218 2.449653
0.001566 -0.005235 2.449653
0.001723 -0.005251 2.449653
0.001880 -0.005276 2.449653
0.002035 -0.005307 2.449653
0.002191 -0.005336 2.449653
0.002348 -0.005356 2.449653
0.002505 -0.005376 2.449653
0.002662 -0.005401 2.449653
0.002818 -0.005428 2.449653
0.002975 -0.005452 2.449653
0.003130 -0.005422 2.449653
0.003234 -0.005302 2.449653
0.003291 -0.005154 2.449653
0.003347 -0.005006 2.449653
0.003403 -0.004858 2.449653
0.003464 -0.004712 2.449653
0.003525 -0.004565 2.449653
0.003578 -0.004416 2.449653
0.003629 -0.004266 2.449653
0.003686 -0.004118 2.449653
0.003751 -0.003973 2.449653
0.003815 -0.003829 2.449653
0.003872 -0.003681 2.449653
0.003922 -0.003530 2.449653
0.003969 -0.003379 2.449653
0.004018 -0.003228 2.449653
0.004071 -0.003079 2.449653
0.004129 -0.002932 2.449653
0.004195 -0.002787 2.449653
0.004265 -0.002645 2.449653
0.004340 -0.002506 2.449653
0.004424 -0.002371 2.449653
0.004511 -0.002239 2.449653
0.004604 -0.002110 2.449653
0.004702 -0.001986 2.449653
0.004805 -0.001866 2.449653
0.004911 -0.001748 2.449653
0.005018 -0.001631 2.449653
0.005124 -0.001513 2.449653
0.005223 -0.001390 2.449653
0.005316 -0.001262 2.449653
0.005409 -0.001133 2.449653
0.005509 -0.001010 2.449653
0.005614 -0.000891 2.449653
0.005716 -0.000770 2.449653
0.005813 -0.000644 2.449653
0.005908 -0.000518 2.449653
0.006008 -0.000395 2.449653
0.006109 -0.000273 2.449653
0.006209 -0.000150 2.449653
0.006261 -0.000000 2.449653

