0.006734 -0.000000 4.748264
0.006677 0.000160 4.748264
0.006570 0.000294 4.748264
0.006464 0.000427 4.748264
0.006359 0.000561 4.748264
0.006250 0.000692 4.748264
0.006143 0.000825 4.748264
0.006037 0.000958 4.748264
0.005935 0.001095 4.748264
0.005825 0.001225 4.748264
0.005717 0.001357 4.748264
0.005609 0.001488 4.748264
0.005507 0.001625 4.748264
0.005404 0.001760 4.748264
0.005293 0.001890 4.748264
0.005184 0.002021 4.748264
0.005076 0.002152 4.748264
0.004974 0.002289 4.748264
0.004874 0.002427 4.748264
0.004763 0.002556 4.748264
0.004654 0.002687 4.748264
0.004596 0.002847 4.748264
0.004538 0.003007 4.748264
0.004470 0.003163 4.748264
0.004402 0.003320 4.748264
0.004342 0.003479 4.748264
0.004283 0.003639 4.748264
0.004227 0.003800 4.748264
0.004161 0.003957 4.748264
0.004093 0.004114 4.748264
0.004033 0.004273 4.748264
0.003973 0.004433 4.748264
0.003916 0.004593 4.748264
0.003848 0.004749 4.748264
0.003786 0.004908 4.748264
0.003725 0.005067 4.748264
0.003666 0.005227 4.748264
0.003602 0.005385 4.748264
0.003539 0.005543 4.748264
0.003478 0.005702 4.748264
0.003367 0.005832 4.748264
0.003199 0.005863 4.748264
0.003031 0.005837 4.748264
0.002862 0.005812 4.748264
0.002694 0.005788 4.748264
0.002526 0.005759 4.748264
0.002357 0.005733 4.748264
0.002189 0.005707 4.748264
0.002020 0.005687 4.748264
0.001852 0.005657 4.748264
0.001684 0.005630 4.748264
0.001516 0.005602 4.748264
0.001347 0.005582 4.748264
0.001178 0.005560 4.748264
0.001010 0.005529 4.748264
0.000842 0.005500 4.748264
0.000674 0.005472 4.748264
0.000505 0.005453 4.748264
0.000335 0.005434 4.748264
0.000168 0.005403 4.748264
-0.000000 0.005374 4.748264
-0.000168 0.005403 4.748264
-0.000335 0.005434 4.748264
-0.000505 0.005453 4.748264
-0.000674 0.005472 4.748264
-0.000842 0.005500 4.748264
-0.001010 0.005529 4.748264
-0.001178 0.005560 4.748264
-0.001347 0.005582 4.748264
-0.001516 0.005602 4.748264
-0.001684 0.005630 4.748264
-0.001852 0.005657 4.748264
-0.002020 0.005687 4.748264
-0.002189 0.005707 4.748264
-0.002357 0.005733 4.748264
-0.002526 0.005759 4.748264
-0.002694 0.005788 4.748264
-0.002862 0.005812 4.748264
-0.003031 0.005837 4.748264
-0.003199 0.005863 4.748264
-0.003367 0.005832 4.748264
-0.003478 0.005702 4.748264
-0.003540 0.005543 4.748264
-0.003602 0.005385 4.748264
-0.003666 0.005227 4.748264
-0.003725 0.005067 4.748264
-0.003786 0.004908 4.748264
-0.003848 0.004749 4.748264
-0.003916 0.004593 4.748264
-0.003973 0.004433 4.748264
-0.004033 0.004273 4.748264
-0.004093 0.004114 4.748264
-0.004161 0.003957 4.748264
-0.004227 0.003800 4.748264
-0.004283 0.003639 4.748264
-0.004342 0.003479 4.748264
-0.004402 0.003320 4.748264
-0.004470 0.003163 4.748264
-0.004538 0.003007 4.748264
-0.004596 0.002847 4.748264
-0.004654 0.002687 4.748264
-0.004763 0.002556 4.748264
-0.004874 0.002427 4.748264
-0.004974 0.002289 4.748264
-0.005076 0.002152 4.748264
-0.005184 0.002021 4.748264
-0.005293 0.001890 4.748264
-0.005404 0.001760 4.748264
-0.005507 0.001625 4.748264
-0.005609 0.001488 4.748264
-0.005717 0.001357 4.748264
-0.005825 0.001225 4.748264
-0.005935 0.001095 4.748264
-0.006037 0.000958 4.748264
-0.006143 0.000825 4.748264
-0.006250 0.000692 4.748264
-0.006359 0.000561 4.748264
-0.006464 0.000427 4.748264
-0.006570 0.000294 4.748264
-0.006677 0.000161 4.748264
-0.006734 0.000000 4.748264
-0.006677 -0.000161 4.748264
-0.006570 -0.000294 4.748264
-0.006464 -0.000427 4.748264
-0.006359 -0.000561 4.748264
-0.006250 -0.000692 4.748264
-0.006143 -0.000825 4.748264
-0.006037 -0.000958 4.748264
-0.005935 -0.001095 4.748264
-0.005825 -0.001225 4.748264
-0.005717 -0.001357 4.748264
-0.005609 -0.001488 4.748264
-0.005507 -0.001625 4.748264
-0.005404 -0.001760 4.748264
-0.005293 -0.001890 4.748264
-0.005184 -0.002021 4.748264
-0.005076 -0.002152 4.748264
-0.004974 -0.002289 4.748264
-0.004874 -0.002427 4.748264
-0.004763 -0.002556 4.748264
-0.004654 -0.002687 4.748264
-0.004596 -0.002847 4.748264
-0.004538 -0.003007 4.748264
-0.004470 -0.003163 4.748264
-0.004402 -0.003320 4.748264
-0.004342 -0.003479 4.748264
-0.004283 -0.003639 4.748264
-0.004227 -0.003800 4.748264
-0.004161 -0.003957 4.748264
-0.004093 -0.004114 4.748264
-0.004033 -0.004273 4.748264
-0.003973 -0.004433 4.748264
-0.003916 -0.004593 4.748264
-0.003848 -0.004749 4.748264
-0.003786 -0.004908 4.748264
-0.003725 -0.005067 4.748264
-0.003666 -0.005227 4.748264
-0.003602 -0.005385 4.748264
-0.003540 -0.005543 4.748264
-0.003478 -0.005702 4.748264
-0.003367 -0.005832 4.748264
-0.003199 -0.005862 4.748264
-0.003031 -0.005837 4.748264
-0.002862 -0.005812 4.748264
-0.002694 -0.005788 4.748264
-0.002526 -0.005759 4.748264
-0.002357 -0.005733 4.748264
-0.002189 -0.005707 4.748264
-0.002020 -0.005687 4.748264
-0.001852 -0.005657 4.748264
-0.001684 -0.005630 4.748264
-0.001516 -0.005602 4.748264
-0.001347 -0.005582 4.748264
-0.001178 -0.005560 4.748264
-0.001010 -0.005529 4.748264
-0.000842 -0.005500 4.748264
-0.000674 -0.005472 4.748264
-0.000505 -0.005453 4.748264
-0.000335 -0.005434 4.748264
-0.000168 -0.005403 4.748264
0.000000 -0.005374 4.748264
0.000168 -0.005403 4.748264
0.000335 -0.005434 4.748264
0.000505 -0.005453 4.748264
0.000674 -0.005472 4.748264
0.000842 -0.005500 4.748264
0.001010 -0.005529 4.748264
0.001178 -0.005560 4.748264
0.001347 -0.005582 4.748264
0.001516 -0.005602 4.748264
0.001684 -0.005630 4.748264
0.001852 -0.005657 4.748264
0.002020 -0.005687 4.748264
0.002189 -0.005707 4.748264
0.002357 -0.005733 4.748264
0.002526 -0.005759 4.748264
0.002694 -0.005788 4.748264
0.002862 -0.005812 4.748264
0.003031 -0.005837 4.748264
0.003199 -0.005863 4.748264
0.003367 -0.005832 4.748264
0.003477 -0.005702 4.748264
0.003539 -0.005543 4.748264
0.003602 -0.005385 4.748264
0.003666 -0.005227 4.748264
0.003725 -0.005067 4.748264
0.003786 -0.004908 4.748264
0.003848 -0.004749 4.748264
0.003916 -0.004593 4.748264
0.003973 -0.004433 4.748264
0.004033 -0.004273 4.748264
0.004093 -0.004114 4.748264
0.004161 -0.003957 4.748264
0.004227 -0.003800 4.748264
0.004283 -0.003639 4.748264
0.004342 -0.003479 4.748264
0.004402 -0.003320 4.748264
0.004470 -0.003163 4.748264
0.004538 -0.003007 4.748264
0.004596 -0.002847 4.748264
0.004654 -0.002687 4.748264
0.004763 -0.002556 4.748264
0.004874 -0.002427 4.748264
0.004974 -0.002289 4.748264
0.005076 -0.002152 4.748264
0.005184 -0.002021 4.748264
0.005293 -0.001890 4.748264
0.005404 -0.001760 4.748264
0.005507 -0.001625 4.748264
0.005609 -0.001488 4.748264
0.005717 -0.001357 4.748264
0.005825 -0.001225 4.748264
0.005935 -0.001095 4.748264
0.006037 -0.000958 4.748264
0.006143 -0.000825 4.748264
0.006250 -0.000692 4.748264
0.006359 -0.000561 4.748264
0.006464 -0.000427 4.748264
0.006571 -0.000294 4.748264
0.006677 -0.000161 4.748264
0.006734 -0.000000 4.748264

