0.006056 -0.000000 1.711806
0.006006 0.000144 1.711806
0.005909 0.000262 1.711806
0.005811 0.000379 1.711806
0.005718 0.000500 1.711806
0.005630 0.000625 1.711806
0.005535 0.000744 1.711806
0.005432 0.000857 1.711806
0.005327 0.000968 1.711806
0.005224 0.001081 1.711806
0.005128 0.001200 1.711806
0.005039 0.001323 1.711806
0.004955 0.001451 1.711806
0.004874 0.001580 1.711806
0.004795 0.001711 1.711806
0.004717 0.001842 1.711806
0.004640 0.001974 1.711806
0.004563 0.002106 1.711806
0.004487 0.002238 1.711806
0.004410 0.002370 1.711806
0.004334 0.002502 1.711806
0.004258 0.002634 1.711806
0.004181 0.002767 1.711806
0.004105 0.002899 1.711806
0.004030 0.003032 1.711806
0.003954 0.003164 1.711806
0.003879 0.003297 1.711806
0.003806 0.003431 1.711806
0.003734 0.003566 1.711806
0.003665 0.003702 1.711806
0.003603 0.003841 1.711806
0.003548 0.003984 1.711806
0.003501 0.004129 1.711806
0.003458 0.004276 1.711806
0.003412 0.004421 1.711806
0.003356 0.004563 1.711806
0.003293 0.004702 1.711806
0.003234 0.004843 1.711806
0.003182 0.004986 1.711806
0.003128 0.005129 1.711806
0.003028 0.005245 1.711806
0.002878 0.005274 1.711806
0.002727 0.005249 1.711806
0.002577 0.005222 1.711806
0.002426 0.005202 1.711806
0.002274 0.005188 1.711806
0.002123 0.005166 1.711806
0.001974 0.005133 1.711806
0.001825 0.005097 1.711806
0.001676 0.005065 1.711806
0.001525 0.005041 1.711806
0.001373 0.005025 1.711806
0.001221 0.005016 1.711806
0.001069 0.005011 1.711806
0.000916 0.005008 1.711806
0.000763 0.005007 1.711806
0.000611 0.005005 1.711806
0.000458 0.005005 1.711806
0.000305 0.005005 1.711806
0.000153 0.005004 1.711806
0.000000 0.005004 1.711806
-0.000153 0.005004 1.711806
-0.000305 0.005005 1.711806
-0.000458 0.005005 1.711806
-0.000611 0.005005 1.711806
-0.000763 0.005007 1.711806
-0.000916 0.005008 1.711806
-0.001069 0.005011 1.711806
-0.001221 0.005016 1.711806
-0.001373 0.005025 1.711806
-0.001525 0.005041 1.711806
-0.001676 0.005065 1.711806
-0.001825 0.005097 1.711806
-0.001974 0.005133 1.711806
-0.002123 0.005166 1.711806
-0.002274 0.005188 1.711806
-0.002426 0.005202 1.711806
-0.002577 0.005222 1.711806
-0.002727 0.005249 1.711806
-0.002878 0.005274 1.711806
-0.003028 0.005245 1.711806
-0.003128 0.005129 1.711806
-0.003182 0.004986 1.711806
-0.003234 0.004843 1.711806
-0.003293 0.004702 1.711806
-0.003356 0.004563 1.711806
-0.003412 0.004421 1.711806
-0.003458 0.004276 1.711806
-0.003501 0.004129 1.711806
-0.003548 0.003984 1.711806
-0.003603 0.003841 1.711806
-0.003665 0.003702 1.711806
-0.003734 0.003566 1.711806
-0.003806 0.003431 1.711806
-0.003879 0.003297 1.711806
-0.003954 0.003164 1.711806
-0.004030 0.003032 1.711806
-0.004105 0.002899 1.711806
-0.004181 0.002767 1.711806
-0.004258 0.002634 1.711806
-0.004334 0.002502 1.711806
-0.004410 0.002370 1.711806
-0.004487 0.002238 1.711806
-0.004563 0.002106 1.711806
-0.004640 0.001974 1.711806
-0.004717 0.001842 1.711806
-0.004795 0.001711 1.711806
-0.004874 0.001580 1.711806
-0.004955 0.001451 1.711806
-0.005039 0.001323 1.711806
-0.005128 0.001200 1.711806
-0.005224 0.001081 1.711806
-0.005327 0.000968 1.711806
-0.005432 0.000857 1.711806
-0.005535 0.000744 1.711806
-0.005630 0.000625 1.711806
-0.005718 0.000500 1.711806
-0.005811 0.000379 1.711806
-0.005909 0.000262 1.711806
-0.006006 0.000144 1.711806
-0.006056 0.000000 1.711806
-0.006006 -0.000144 1.711806
-0.005909 -0.000262 1.711806
-0.005811 -0.000379 1.711806
-0.005718 -0.000500 1.711806
-0.005630 -0.000625 1.711806
-0.005535 -0.000744 1.711806
-0.005432 -0.000857 1.711806
-0.005327 -0.000968 1.711806
-0.005224 -0.001081 1.711806
-0.005128 -0.001200 1.711806
-0.005039 -0.001323 1.711806
-0.004955 -0.001451 1.711806
-0.004874 -0.001580 1.711806
-0.004795 -0.001711 1.711806
-0.004717 -0.001842 1.711806
-0.004640 -0.001974 1.711806
-0.004563 -0.002106 1.711806
-0.004487 -0.002238 1.711806
-0.004410 -0.002370 1.711806
-0.004334 -0.002502 1.711806
-0.004258 -0.002634 1.711806
-0.004181 -0.002767 1.711806
-0.004105 -0.002899 1.711806
-0.004030 -0.003032 1.711806
-0.003954 -0.003164 1.711806
-0.003879 -0.003297 1.711806
-0.003806 -0.003431 1.711806
-0.003734 -0.003566 1.711806
-0.003665 -0.003702 1.711806
-0.003603 -0.003841 1.711806
-0.003548 -0.003984 1.711806
-0.003501 -0.004129 1.711806
-0.003458 -0.004276 1.711806
-0.003412 -0.004421 1.711806
-0.003356 -0.004563 1.711806
-0.003293 -0.004702 1.711806
-0.003234 -0.004843 1.711806
-0.003182 -0.004986 1.711806
-0.003128 -0.005129 1.711806
-0.003028 -0.005245 1.711806
-0.002878 -0.005274 1.711806
-0.002727 -0.005249 1.711806
-0.002577 -0.005222 1.711806
-0.002426 -0.005202 1.711806
-0.002274 -0.005188 1.711806
-0.002123 -0.005166 1.711806
-0.001974 -0.005133 1.711806
-0.001825 -0.005097 1.711806
-0.001676 -0.005065 1.711806
-0.001525 -0.005041 1.711806
-0.001373 -0.005025 1.711806
-0.001221 -0.005016 1.711806
-0.001069 -0.005011 1.711806
-0.000916 -0.005008 1.711806
-0.000763 -0.005007 1.711806
-0.000611 -0.005005 1.711806
-0.000458 -0.005005 1.711806
-0.000305 -0.005005 1.711806
-0.000153 -0.005004 1.711806
0.000000 -0.005004 1.711806
0.000153 -0.005004 1.711806
0.000305 -0.005005 1.711806
0.000458 -0.005005 1.711806
0.000611 -0.005005 1.711806
0.000763 -0.005007 1.711806
0.000916 -0.005008 1.711806
0.001069 -0.005011 1.711806
0.001221 -0.005016 1.711806
0.001373 -0.005025 1.711806
0.001525 -0.005041 1.711806
0.001676 -0.005065 1.711806
0.001825 -0.005097 1.711806
0.001974 -0.005133 1.711806
0.002123 -0.005166 1.711806
0.002274 -0.005188 1.711806
0.002426 -0.005202 1.711806
0.002577 -0.005222 1.711806
0.002727 -0.005249 1.711806
0.002878 -0.005274 1.711806
0.003028 -0.005245 1.711806
0.003128 -0.005129 1.711806
0.003182 -0.004986 1.711806
0.003234 -0.004843 1.711806
0.003293 -0.004702 1.711806
0.003356 -0.004563 1.711806
0.003412 -0.004421 1.711806
0.003458 -0.004276 1.711806
0.003501 -0.004129 1.711806
0.003548 -0.003984 1.711806
0.003603 -0.003841 1.711806
0.003665 -0.003702 1.711806
0.003734 -0.003566 1.711806
0.003806 -0.003431 1.711806
0.003879 -0.003297 1.711806
0.003954 -0.003164 1.711806
0.004030 -0.003032 1.711806
0.004105 -0.002899 1.711806
0.004181 -0.002767 1.711806
0.004258 -0.002634 1.711806
0.004334 -0.002502 1.711806
0.004410 -0.002370 1.711806
0.004487 -0.002238 1.711806
0.004563 -0.002106 1.711806
0.004640 -0.001974 1.711806
0.004717 -0.001842 1.711806
0.004795 -0.001711 1.711806
0.004874 -0.001580 1.711806
0.004955 -0.001451 1.711806
0.005039 -0.001323 1.711806
0.005128 -0.001200 1.711806
0.005224 -0.001081 1.711806
0.005327 -0.000968 1.711806
0.005432 -0.000857 1.711806
0.005535 -0.000744 1.711806
0.005630 -0.000625 1.711806
0.005718 -0.000500 1.711806
0.005811 -0.000379 1.711806
0.005909 -0.000262 1.711806
0.006006 -0.000144 1.711806
0.006056 -0.000000 1.711806

