0.006381 -0.000000 3.024306
0.006327 0.000153 3.024306
0.006225 0.000278 3.024306
0.006124 0.000405 3.024306
0.006026 0.000533 3.024306
0.005924 0.000658 3.024306
0.005819 0.000782 3.024306
0.005717 0.000907 3.024306
0.005620 0.001036 3.024306
0.005523 0.001165 3.024306
0.005419 0.001289 3.024306
0.005312 0.001411 3.024306
0.005208 0.001535 3.024306
0.005111 0.001664 3.024306
0.005017 0.001796 3.024306
0.004919 0.001924 3.024306
0.004815 0.002048 3.024306
0.004706 0.002167 3.024306
0.004599 0.002289 3.024306
0.004489 0.002407 3.024306
0.004388 0.002533 3.024306
0.004329 0.002684 3.024306
0.004282 0.002838 3.024306
0.004230 0.002992 3.024306
0.004181 0.003146 3.024306
0.004125 0.003298 3.024306
0.004064 0.003447 3.024306
0.003997 0.003594 3.024306
0.003933 0.003743 3.024306
0.003878 0.003895 3.024306
0.003826 0.004048 3.024306
0.003771 0.004200 3.024306
0.003708 0.004349 3.024306
0.003644 0.004498 3.024306
0.003586 0.004649 3.024306
0.003532 0.004801 3.024306
0.003474 0.004952 3.024306
0.003413 0.005102 3.024306
0.003353 0.005252 3.024306
0.003296 0.005403 3.024306
0.003190 0.005526 3.024306
0.003031 0.005556 3.024306
0.002872 0.005530 3.024306
0.002712 0.005506 3.024306
0.002552 0.005485 3.024306
0.002392 0.005460 3.024306
0.002233 0.005430 3.024306
0.002073 0.005405 3.024306
0.001913 0.005386 3.024306
0.001752 0.005366 3.024306
0.001593 0.005338 3.024306
0.001434 0.005305 3.024306
0.001275 0.005278 3.024306
0.001114 0.005259 3.024306
0.000954 0.005243 3.024306
0.000793 0.005222 3.024306
0.000634 0.005194 3.024306
0.000476 0.005159 3.024306
0.000317 0.005127 3.024306
0.000160 0.005091 3.024306
-0.000000 0.005066 3.024306
-0.000160 0.005091 3.024306
-0.000317 0.005127 3.024306
-0.000476 0.005159 3.024306
-0.000634 0.005194 3.024306
-0.000793 0.005222 3.024306
-0.000954 0.005243 3.024306
-0.001114 0.005259 3.024306
-0.001275 0.005278 3.024306
-0.001434 0.005305 3.024306
-0.001593 0.005338 3.024306
-0.001752 0.005366 3.024306
-0.001913 0.005386 3.024306
-0.002073 0.005405 3.024306
-0.002233 0.005430 3.024306
-0.002392 0.005460 3.024306
-0.002552 0.005485 3.024306
-0.002712 0.005506 3.024306
-0.002872 0.005530 3.024306
-0.003031 0.005556 3.024306
-0.003190 0.005526 3.024306
-0.003296 0.005403 3.024306
-0.003353 0.005252 3.024306
-0.003413 0.005102 3.024306
-0.003474 0.004952 3.024306
-0.003532 0.004801 3.024306
-0.003586 0.004649 3.024306
-0.003644 0.004498 3.024306
-0.003708 0.004349 3.024306
-0.003771 0.004200 3.024306
-0.003826 0.004048 3.024306
-0.003878 0.003895 3.024306
-0.003933 0.003743 3.024306
-0.003997 0.003594 3.024306
-0.004064 0.003447 3.024306
-0.004125 0.003298 3.024306
-0.004181 0.003146 3.024306
-0.004230 0.002992 3.024306
-0.004282 0.002838 3.024306
-0.004329 0.002684 3.024306
-0.004388 0.002533 3.024306
-0.004489 0.002407 3.024306
-0.004599 0.002289 3.024306
-0.004706 0.002167 3.024306
-0.004815 0.002048 3.024306
-0.004919 0.001924 3.024306
-0.005017 0.001796 3.024306
-0.005111 0.001664 3.024306
-0.005208 0.001535 3.024306
-0.005312 0.001411 3.024306
-0.005419 0.001289 3.024306
-0.005523 0.001165 3.024306
-0.005620 0.001036 3.024306
-0.005717 0.000907 3.024306
-0.005819 0.000782 3.024306
-0.005924 0.000658 3.024306
-0.006026 0.000533 3.024306
-0.006124 0.000405 3.024306
-0.006225 0.000278 3.024306
-0.006327 0.000153 3.024306
-0.006381 0.000000 3.024306
-0.006327 -0.000153 3.024306
-0.006225 -0.000278 3.024306
-0.006124 -0.000405 3.024306
-0.006026 -0.000533 3.024306
-0.005924 -0.000658 3.024306
-0.005819 -0.000782 3.024306
-0.005717 -0.000907 3.024306
-0.005620 -0.001036 3.024306
-0.005523 -0.001165 3.024306
-0.005419 -0.001289 3.024306
-0.005312 -0.001411 3.024306
-0.005208 -0.001535 3.024306
-0.005111 -0.001664 3.024306
-0.005017 -0.001796 3.024306
-0.004919 -0.001924 3.024306
-0.004815 -0.002048 3.024306
-0.004706 -0.002167 3.024306
-0.004599 -0.002289 3.024306
-0.004489 -0.002407 3.024306
-0.004388 -0.002533 3.024306
-0.004329 -0.002684 3.024306
-0.004282 -0.002838 3.024306
-0.004230 -0.002992 3.024306
-0.004181 -0.003146 3.024306
-0.004125 -0.003298 3.024306
-0.004064 -0.003447 3.024306
-0.003997 -0.003594 3.024306
-0.003933 -0.003743 3.024306
-0.003878 -0.003895 3.024306
-0.003826 -0.004048 3.024306
-0.003771 -0.004200 3.024306
-0.003708 -0.004349 3.024306
-0.003644 -0.004498 3.024306
-0.003586 -0.004649 3.024306
-0.003532 -0.004801 3.024306
-0.003474 -0.004952 3.024306
-0.003413 -0.005102 3.024306
-0.003353 -0.005252 3.024306
-0.003296 -0.005403 3.024306
-0.003190 -0.005526 3.024306
-0.003031 -0.005556 3.024306
-0.002872 -0.005530 3.024306
-0.002712 -0.005506 3.024306
-0.002552 -0.005485 3.024306
-0.002392 -0.005460 3.024306
-0.002233 -0.005430 3.024306
-0.002073 -0.005405 3.024306
-0.001913 -0.005386 3.024306
-0.001752 -0.005366 3.024306
-0.001593 -0.005338 3.024306
-0.001434 -0.005305 3.024306
-0.001275 -0.005278 3.024306
-0.001114 -0.005259 3.024306
-0.000954 -0.005243 3.024306
-0.000793 -0.005222 3.024306
-0.000634 -0.005194 3.024306
-0.000476 -0.005159 3.024306
-0.000317 -0.005127 3.024306
-0.000160 -0.005091 3.024306
0.000000 -0.005066 3.024306
0.000160 -0.005091 3.024306
0.000317 -0.005127 3.024306
0.000476 -0.005159 3.024306
0.000634 -0.005194 3.024306
0.000793 -0.005222 3.024306
0.000954 -0.005243 3.024306
0.001114 -0.005259 3.024306
0.001275 -0.005278 3.024306
0.001434 -0.005305 3.024306
0.001593 -0.005338 3.024306
0.001752 -0.005366 3.024306
0.001913 -0.005386 3.024306
0.002073 -0.005405 3.024306
0.002233 -0.005430 3.024306
0.002392 -0.005460 3.024306
0.002552 -0.005485 3.024306
0.002712 -0.005506 3.024306
0.002872 -0.005530 3.024306
0.003031 -0.005556 3.024306
0.003190 -0.005526 3.024306
0.003296 -0.005403 3.024306
0.003353 -0.005252 3.024306
0.003413 -0.005102 3.024306
0.003474 -0.004952 3.024306
0.003532 -0.004801 3.024306
0.003586 -0.004649 3.024306
0.003644 -0.004498 3.024306
0.003708 -0.004349 3.024306
0.003771 -0.004200 3.024306
0.003826 -0.004048 3.024306
0.003878 -0.003895 3.024306
0.003933 -0.003743 3.024306
0.003997 -0.003594 3.024306
0.004064 -0.003447 3.024306
0.004125 -0.003298 3.024306
0.004181 -0.003146 3.024306
0.004230 -0.002992 3.024306
0.004282 -0.002838 3.024306
0.004329 -0.002684 3.024306
0.004388 -0.002533 3.024306
0.004489 -0.002407 3.024306
0.004599 -0.002289 3.024306
0.004706 -0.002167 3.024306
0.004815 -0.002048 3.024306
0.004919 -0.001924 3.024306
0.005017 -0.001796 3.024306
0.005111 -0.001664 3.024306
0.005208 -0.001535 3.024306
0.005312 -0.001411 3.024306
0.005419 -0.001289 3.024306
0.005523 -0.001165 3.024306
0.005620 -0.001036 3.024306
0.005717 -0.000907 3.024306
0.005819 -0.000782 3.024306
0.005924 -0.000658 3.024306
0.006026 -0.000533 3.024306
0.006124 -0.000405 3.024306
0.006225 -0.000278 3.024306
0.006327 -0.000153 3.024306
0.006381 -0.000000 3.024306

