0.007094 -0.000061 6.628472
0.006982 0.000079 6.628472
0.006873 0.000222 6.628472
0.006777 0.000374 6.628472
0.006681 0.000526 6.628472
0.006585 0.000678 6.628472
0.006485 0.000827 6.628472
0.006382 0.000974 6.628472
0.006281 0.001123 6.628472
0.006171 0.001264 6.628472
0.006059 0.001405 6.628472
0.005951 0.001548 6.628472
0.005841 0.001691 6.628472
0.005731 0.001833 6.628472
0.005616 0.001971 6.628472
0.005501 0.002108 6.628472
0.005393 0.002252 6.628472
0.005286 0.002397 6.628472
0.005167 0.002532 6.628472
0.005057 0.002673 6.628472
0.004939 0.002809 6.628472
0.004864 0.002972 6.628472
0.004805 0.003142 6.628472
0.004743 0.003311 6.628472
0.004677 0.003477 6.628472
0.004603 0.003641 6.628472
0.004541 0.003810 6.628472
0.004479 0.003979 6.628472
0.004413 0.004145 6.628472
0.004345 0.004312 6.628472
0.004275 0.004477 6.628472
0.004209 0.004644 6.628472
0.004146 0.004813 6.628472
0.004073 0.004977 6.628472
0.004002 0.005142 6.628472
0.003932 0.005307 6.628472
0.003860 0.005472 6.628472
0.003791 0.005638 6.628472
0.003718 0.005802 6.628472
0.003654 0.005970 6.628472
0.003531 0.006101 6.628472
0.003351 0.006098 6.628472
0.003172 0.006090 6.628472
0.002992 0.006083 6.628472
0.002813 0.006068 6.628472
0.002634 0.006052 6.628472
0.002456 0.006033 6.628472
0.002277 0.006014 6.628472
0.002098 0.005996 6.628472
0.001921 0.005967 6.628472
0.001743 0.005941 6.628472
0.001565 0.005919 6.628472
0.001387 0.005894 6.628472
0.001209 0.005869 6.628472
0.001032 0.005838 6.628472
0.000855 0.005808 6.628472
0.000676 0.005789 6.628472
0.000499 0.005764 6.628472
0.000322 0.005732 6.628472
0.000145 0.005700 6.628472
-0.000034 0.005682 6.628472
-0.000210 0.005715 6.628472
-0.000388 0.005741 6.628472
-0.000564 0.005776 6.628472
-0.000743 0.005797 6.628472
-0.000921 0.005817 6.628472
-0.001098 0.005849 6.628472
-0.001275 0.005879 6.628472
-0.001453 0.005903 6.628472
-0.001631 0.005927 6.628472
-0.001810 0.005949 6.628472
-0.001987 0.005975 6.628472
-0.002165 0.006000 6.628472
-0.002344 0.006013 6.628472
-0.002524 0.006028 6.628472
-0.002703 0.006041 6.628472
-0.002882 0.006049 6.628472
-0.003062 0.006059 6.628472
-0.003241 0.006073 6.628472
-0.003418 0.006105 6.628472
-0.003595 0.006134 6.628472
-0.003721 0.006007 6.628472
-0.003769 0.005834 6.628472
-0.003826 0.005663 6.628472
-0.003882 0.005492 6.628472
-0.003943 0.005324 6.628472
-0.004007 0.005156 6.628472
-0.004074 0.004989 6.628472
-0.004145 0.004824 6.628472
-0.004208 0.004656 6.628472
-0.004272 0.004488 6.628472
-0.004342 0.004322 6.628472
-0.004409 0.004156 6.628472
-0.004476 0.003989 6.628472
-0.004537 0.003820 6.628472
-0.004600 0.003652 6.628472
-0.004673 0.003487 6.628472
-0.004740 0.003321 6.628472
-0.004801 0.003152 6.628472
-0.004862 0.002983 6.628472
-0.004934 0.002818 6.628472
-0.005049 0.002681 6.628472
-0.005162 0.002541 6.628472
-0.005280 0.002405 6.628472
-0.005387 0.002261 6.628472
-0.005494 0.002117 6.628472
-0.005610 0.001979 6.628472
-0.005725 0.001841 6.628472
-0.005835 0.001699 6.628472
-0.005945 0.001558 6.628472
-0.006054 0.001414 6.628472
-0.006167 0.001275 6.628472
-0.006280 0.001135 6.628472
-0.006385 0.000989 6.628472
-0.006493 0.000846 6.628472
-0.006602 0.000703 6.628472
-0.006712 0.000561 6.628472
-0.006824 0.000421 6.628472
-0.006937 0.000281 6.628472
-0.007057 0.000147 6.628472
-0.007085 -0.000030 6.628472
-0.006960 -0.000160 6.628472
-0.006850 -0.000301 6.628472
-0.006754 -0.000453 6.628472
-0.006653 -0.000602 6.628472
-0.006552 -0.000750 6.628472
-0.006447 -0.000896 6.628472
-0.006341 -0.001042 6.628472
-0.006237 -0.001188 6.628472
-0.006123 -0.001327 6.628472
-0.006012 -0.001468 6.628472
-0.005904 -0.001611 6.628472
-0.005793 -0.001753 6.628472
-0.005682 -0.001894 6.628472
-0.005567 -0.002032 6.628472
-0.005452 -0.002170 6.628472
-0.005347 -0.002316 6.628472
-0.005235 -0.002457 6.628472
-0.005121 -0.002595 6.628472
-0.005002 -0.002730 6.628472
-0.004900 -0.002878 6.628472
-0.004843 -0.003048 6.628472
-0.004774 -0.003214 6.628472
-0.004718 -0.003385 6.628472
-0.004646 -0.003549 6.628472
-0.004575 -0.003714 6.628472
-0.004515 -0.003883 6.628472
-0.004452 -0.004052 6.628472
-0.004385 -0.004218 6.628472
-0.004317 -0.004385 6.628472
-0.004248 -0.004551 6.628472
-0.004186 -0.004719 6.628472
-0.004123 -0.004887 6.628472
-0.004052 -0.005053 6.628472
-0.003988 -0.005221 6.628472
-0.003927 -0.005389 6.628472
-0.003868 -0.005559 6.628472
-0.003812 -0.005730 6.628472
-0.003753 -0.005900 6.628472
-0.003701 -0.006072 6.628472
-0.003565 -0.006189 6.628472
-0.003392 -0.006141 6.628472
-0.003219 -0.006093 6.628472
-0.003042 -0.006065 6.628472
-0.002863 -0.006046 6.628472
-0.002684 -0.006035 6.628472
-0.002504 -0.006023 6.628472
-0.002325 -0.006009 6.628472
-0.002146 -0.005997 6.628472
-0.001968 -0.005972 6.628472
-0.001790 -0.005946 6.628472
-0.001612 -0.005925 6.628472
-0.001434 -0.005901 6.628472
-0.001256 -0.005877 6.628472
-0.001079 -0.005846 6.628472
-0.000902 -0.005815 6.628472
-0.000723 -0.005795 6.628472
-0.000545 -0.005773 6.628472
-0.000369 -0.005740 6.628472
-0.000191 -0.005711 6.628472
-0.000014 -0.005682 6.628472
0.000164 -0.005705 6.628472
0.000341 -0.005735 6.628472
0.000518 -0.005769 6.628472
0.000696 -0.005792 6.628472
0.000875 -0.005812 6.628472
0.001052 -0.005842 6.628472
0.001229 -0.005873 6.628472
0.001407 -0.005899 6.628472
0.001584 -0.005924 6.628472
0.001763 -0.005947 6.628472
0.001940 -0.005975 6.628472
0.002117 -0.006006 6.628472
0.002295 -0.006029 6.628472
0.002473 -0.006056 6.628472
0.002650 -0.006088 6.628472
0.002826 -0.006122 6.628472
0.003001 -0.006163 6.628472
0.003176 -0.006201 6.628472
0.003351 -0.006245 6.628472
0.003524 -0.006198 6.628472
0.003586 -0.006030 6.628472
0.003641 -0.005859 6.628472
0.003710 -0.005693 6.628472
0.003786 -0.005530 6.628472
0.003868 -0.005370 6.628472
0.003948 -0.005209 6.628472
0.004026 -0.005048 6.628472
0.004106 -0.004887 6.628472
0.004175 -0.004721 6.628472
0.004241 -0.004554 6.628472
0.004312 -0.004389 6.628472
0.004381 -0.004223 6.628472
0.004449 -0.004057 6.628472
0.004512 -0.003888 6.628472
0.004573 -0.003719 6.628472
0.004643 -0.003554 6.628472
0.004716 -0.003390 6.628472
0.004772 -0.003219 6.628472
0.004841 -0.003053 6.628472
0.004897 -0.002882 6.628472
0.004998 -0.002734 6.628472
0.005117 -0.002599 6.628472
0.005232 -0.002461 6.628472
0.005344 -0.002320 6.628472
0.005449 -0.002175 6.628472
0.005563 -0.002036 6.628472
0.005679 -0.001898 6.628472
0.005790 -0.001758 6.628472
0.005901 -0.001616 6.628472
0.006009 -0.001473 6.628472
0.006122 -0.001333 6.628472
0.006237 -0.001195 6.628472
0.006344 -0.001051 6.628472
0.006455 -0.000909 6.628472
0.006568 -0.000769 6.628472
0.006682 -0.000631 6.628472
0.006802 -0.000497 6.628472
0.006922 -0.000363 6.628472
0.007047 -0.000235 6.628472
0.007094 -0.000061 6.628472

