0.007800 -0.000064 9.529514
0.007661 0.000081 9.529514
0.007522 0.000225 9.529514
0.007383 0.000370 9.529514
0.007247 0.000518 9.529514
0.007112 0.000665 9.529514
0.006967 0.000804 9.529514
0.006834 0.000954 9.529514
0.006697 0.001100 9.529514
0.006570 0.001255 9.529514
0.006430 0.001399 9.529514
0.006307 0.001557 9.529514
0.006153 0.001685 9.529514
0.006047 0.001856 9.529514
0.005917 0.002009 9.529514
0.005810 0.002178 9.529514
0.005690 0.002339 9.529514
0.005585 0.002509 9.529514
0.005460 0.002666 9.529514
0.005346 0.002831 9.529514
0.005235 0.002998 9.529514
0.005161 0.003184 9.529514
0.005082 0.003369 9.529514
0.005002 0.003552 9.529514
0.004933 0.003740 9.529514
0.004844 0.003920 9.529514
0.004788 0.004113 9.529514
0.004717 0.004300 9.529514
0.004663 0.004493 9.529514
0.004586 0.004679 9.529514
0.004552 0.004876 9.529514
0.004484 0.005065 9.529514
0.004445 0.005261 9.529514
0.004379 0.005451 9.529514
0.004325 0.005644 9.529514
0.004261 0.005834 9.529514
0.004205 0.006026 9.529514
0.004138 0.006215 9.529514
0.004080 0.006407 9.529514
0.004019 0.006598 9.529514
0.003858 0.006717 9.529514
0.003664 0.006666 9.529514
0.003470 0.006614 9.529514
0.003277 0.006561 9.529514
0.003081 0.006518 9.529514
0.002887 0.006469 9.529514
0.002690 0.006428 9.529514
0.002496 0.006380 9.529514
0.002299 0.006341 9.529514
0.002106 0.006285 9.529514
0.001911 0.006241 9.529514
0.001714 0.006202 9.529514
0.001519 0.006156 9.529514
0.001319 0.006168 9.529514
0.001138 0.006255 9.529514
0.000952 0.006180 9.529514
0.000753 0.006153 9.529514
0.000559 0.006104 9.529514
0.000360 0.006081 9.529514
0.000162 0.006051 9.529514
-0.000038 0.006030 9.529514
-0.000237 0.006052 9.529514
-0.000437 0.006068 9.529514
-0.000632 0.006114 9.529514
-0.000831 0.006139 9.529514
-0.001021 0.006204 9.529514
-0.001213 0.006148 9.529514
-0.001413 0.006166 9.529514
-0.001608 0.006212 9.529514
-0.001806 0.006244 9.529514
-0.002005 0.006273 9.529514
-0.002200 0.006316 9.529514
-0.002399 0.006341 9.529514
-0.002592 0.006395 9.529514
-0.002789 0.006437 9.529514
-0.002980 0.006495 9.529514
-0.003176 0.006538 9.529514
-0.003372 0.006580 9.529514
-0.003567 0.006627 9.529514
-0.003762 0.006675 9.529514
-0.003956 0.006726 9.529514
-0.004118 0.006609 9.529514
-0.004178 0.006418 9.529514
-0.004239 0.006227 9.529514
-0.004303 0.006037 9.529514
-0.004359 0.005844 9.529514
-0.004422 0.005654 9.529514
-0.004477 0.005461 9.529514
-0.004539 0.005271 9.529514
-0.004581 0.005075 9.529514
-0.004650 0.004886 9.529514
-0.004683 0.004688 9.529514
-0.004761 0.004504 9.529514
-0.004794 0.004306 9.529514
-0.004863 0.004118 9.529514
-0.004906 0.003922 9.529514
-0.004990 0.003740 9.529514
-0.005039 0.003546 9.529514
-0.005120 0.003362 9.529514
-0.005181 0.003171 9.529514
-0.005261 0.002987 9.529514
-0.005388 0.002832 9.529514
-0.005500 0.002666 9.529514
-0.005639 0.002521 9.529514
-0.005750 0.002355 9.529514
-0.005888 0.002209 9.529514
-0.006009 0.002049 9.529514
-0.006162 0.001920 9.529514
-0.006280 0.001757 9.529514
-0.006429 0.001624 9.529514
-0.006557 0.001469 9.529514
-0.006707 0.001336 9.529514
-0.006837 0.001183 9.529514
-0.006981 0.001044 9.529514
-0.007111 0.000891 9.529514
-0.007252 0.000749 9.529514
-0.007386 0.000600 9.529514
-0.007521 0.000451 9.529514
-0.007660 0.000307 9.529514
-0.007801 0.000165 9.529514
-0.007837 -0.000032 9.529514
-0.007708 -0.000186 9.529514
-0.007575 -0.000336 9.529514
-0.007434 -0.000479 9.529514
-0.007297 -0.000625 9.529514
-0.007153 -0.000764 9.529514
-0.007024 -0.000918 9.529514
-0.006889 -0.001066 9.529514
-0.006760 -0.001219 9.529514
-0.006609 -0.001351 9.529514
-0.006473 -0.001499 9.529514
-0.006319 -0.001628 9.529514
-0.006194 -0.001784 9.529514
-0.006044 -0.001917 9.529514
-0.005920 -0.002074 9.529514
-0.005790 -0.002227 9.529514
-0.005692 -0.002402 9.529514
-0.005562 -0.002555 9.529514
-0.005455 -0.002725 9.529514
-0.005322 -0.002875 9.529514
-0.005226 -0.003050 9.529514
-0.005180 -0.003246 9.529514
-0.005092 -0.003426 9.529514
-0.005048 -0.003622 9.529514
-0.004966 -0.003804 9.529514
-0.004912 -0.003998 9.529514
-0.004843 -0.004186 9.529514
-0.004803 -0.004382 9.529514
-0.004730 -0.004569 9.529514
-0.004681 -0.004763 9.529514
-0.004613 -0.004952 9.529514
-0.004574 -0.005149 9.529514
-0.004507 -0.005338 9.529514
-0.004464 -0.005533 9.529514
-0.004394 -0.005721 9.529514
-0.004341 -0.005915 9.529514
-0.004278 -0.006105 9.529514
-0.004218 -0.006296 9.529514
-0.004161 -0.006489 9.529514
-0.004108 -0.006682 9.529514
-0.003952 -0.006807 9.529514
-0.003756 -0.006767 9.529514
-0.003560 -0.006725 9.529514
-0.003364 -0.006682 9.529514
-0.003167 -0.006641 9.529514
-0.002974 -0.006590 9.529514
-0.002782 -0.006530 9.529514
-0.002586 -0.006488 9.529514
-0.002390 -0.006446 9.529514
-0.002191 -0.006420 9.529514
-0.001996 -0.006375 9.529514
-0.001799 -0.006339 9.529514
-0.001607 -0.006280 9.529514
-0.001409 -0.006246 9.529514
-0.001217 -0.006189 9.529514
-0.001022 -0.006145 9.529514
-0.000825 -0.006108 9.529514
-0.000625 -0.006085 9.529514
-0.000426 -0.006068 9.529514
-0.000227 -0.006038 9.529514
-0.000027 -0.006047 9.529514
0.000165 -0.006103 9.529514
0.000365 -0.006126 9.529514
0.000560 -0.006173 9.529514
0.000757 -0.006209 9.529514
0.000954 -0.006243 9.529514
0.001147 -0.006296 9.529514
0.001343 -0.006343 9.529514
0.001535 -0.006399 9.529514
0.001733 -0.006432 9.529514
0.001924 -0.006492 9.529514
0.002121 -0.006530 9.529514
0.002314 -0.006585 9.529514
0.002509 -0.006629 9.529514
0.002705 -0.006675 9.529514
0.002900 -0.006717 9.529514
0.003096 -0.006764 9.529514
0.003292 -0.006803 9.529514
0.003487 -0.006848 9.529514
0.003682 -0.006897 9.529514
0.003868 -0.006821 9.529514
0.003928 -0.006629 9.529514
0.003985 -0.006437 9.529514
0.004043 -0.006245 9.529514
0.004103 -0.006054 9.529514
0.004165 -0.005863 9.529514
0.004208 -0.005668 9.529514
0.004270 -0.005477 9.529514
0.004316 -0.005282 9.529514
0.004394 -0.005097 9.529514
0.004443 -0.004903 9.529514
0.004531 -0.004722 9.529514
0.004579 -0.004528 9.529514
0.004653 -0.004342 9.529514
0.004704 -0.004148 9.529514
0.004784 -0.003964 9.529514
0.004865 -0.003780 9.529514
0.004987 -0.003621 9.529514
0.005047 -0.003430 9.529514
0.005132 -0.003248 9.529514
0.005211 -0.003064 9.529514
0.005334 -0.002906 9.529514
0.005464 -0.002753 9.529514
0.005586 -0.002594 9.529514
0.005728 -0.002453 9.529514
0.005845 -0.002290 9.529514
0.005990 -0.002151 9.529514
0.006119 -0.001998 9.529514
0.006275 -0.001872 9.529514
0.006395 -0.001711 9.529514
0.006550 -0.001584 9.529514
0.006676 -0.001428 9.529514
0.006827 -0.001296 9.529514
0.006958 -0.001144 9.529514
0.007100 -0.001002 9.529514
0.007232 -0.000852 9.529514
0.007372 -0.000709 9.529514
0.007503 -0.000556 9.529514
0.007639 -0.000409 9.529514
0.007776 -0.000263 9.529514
0.007800 -0.000064 9.529514

