0.007608 -0.000081 8.625000
0.007475 0.000061 8.625000
0.007340 0.000201 8.625000
0.007208 0.000345 8.625000
0.007072 0.000484 8.625000
0.006940 0.000626 8.625000
0.006813 0.000774 8.625000
0.006687 0.000922 8.625000
0.006554 0.001065 8.625000
0.006428 0.001213 8.625000
0.006298 0.001357 8.625000
0.006180 0.001512 8.625000
0.006060 0.001666 8.625000
0.005973 0.001840 8.625000
0.005853 0.001992 8.625000
0.005757 0.002162 8.625000
0.005632 0.002311 8.625000
0.005527 0.002475 8.625000
0.005408 0.002628 8.625000
0.005303 0.002793 8.625000
0.005175 0.002939 8.625000
0.005094 0.003116 8.625000
0.005031 0.003300 8.625000
0.004941 0.003473 8.625000
0.004876 0.003656 8.625000
0.004794 0.003833 8.625000
0.004728 0.004016 8.625000
0.004634 0.004186 8.625000
0.004579 0.004373 8.625000
0.004501 0.004551 8.625000
0.004443 0.004737 8.625000
0.004374 0.004919 8.625000
0.004321 0.005106 8.625000
0.004264 0.005292 8.625000
0.004218 0.005481 8.625000
0.004161 0.005668 8.625000
0.004106 0.005854 8.625000
0.004052 0.006041 8.625000
0.003992 0.006226 8.625000
0.003934 0.006412 8.625000
0.003783 0.006535 8.625000
0.003595 0.006486 8.625000
0.003406 0.006439 8.625000
0.003215 0.006399 8.625000
0.003026 0.006355 8.625000
0.002836 0.006310 8.625000
0.002646 0.006268 8.625000
0.002458 0.006219 8.625000
0.002267 0.006180 8.625000
0.002076 0.006145 8.625000
0.001882 0.006129 8.625000
0.001688 0.006109 8.625000
0.001494 0.006102 8.625000
0.001300 0.006082 8.625000
0.001107 0.006098 8.625000
0.000916 0.006059 8.625000
0.000722 0.006044 8.625000
0.000530 0.006010 8.625000
0.000336 0.006004 8.625000
0.000145 0.005965 8.625000
-0.000049 0.005951 8.625000
-0.000239 0.005990 8.625000
-0.000434 0.005997 8.625000
-0.000626 0.006025 8.625000
-0.000821 0.006032 8.625000
-0.001012 0.006071 8.625000
-0.001206 0.006060 8.625000
-0.001400 0.006079 8.625000
-0.001594 0.006090 8.625000
-0.001784 0.006130 8.625000
-0.001978 0.006152 8.625000
-0.002168 0.006194 8.625000
-0.002360 0.006223 8.625000
-0.002552 0.006257 8.625000
-0.002744 0.006286 8.625000
-0.002936 0.006320 8.625000
-0.003124 0.006368 8.625000
-0.003312 0.006418 8.625000
-0.003502 0.006461 8.625000
-0.003691 0.006507 8.625000
-0.003881 0.006550 8.625000
-0.004030 0.006425 8.625000
-0.004089 0.006239 8.625000
-0.004147 0.006054 8.625000
-0.004200 0.005866 8.625000
-0.004256 0.005680 8.625000
-0.004311 0.005493 8.625000
-0.004358 0.005305 8.625000
-0.004414 0.005118 8.625000
-0.004467 0.004931 8.625000
-0.004526 0.004745 8.625000
-0.004576 0.004557 8.625000
-0.004642 0.004374 8.625000
-0.004684 0.004184 8.625000
-0.004771 0.004010 8.625000
-0.004820 0.003822 8.625000
-0.004901 0.003645 8.625000
-0.004957 0.003459 8.625000
-0.005047 0.003286 8.625000
-0.005102 0.003099 8.625000
-0.005189 0.002925 8.625000
-0.005323 0.002784 8.625000
-0.005427 0.002619 8.625000
-0.005555 0.002473 8.625000
-0.005662 0.002310 8.625000
-0.005798 0.002171 8.625000
-0.005898 0.002005 8.625000
-0.006032 0.001863 8.625000
-0.006151 0.001709 8.625000
-0.006288 0.001571 8.625000
-0.006409 0.001419 8.625000
-0.006546 0.001280 8.625000
-0.006675 0.001134 8.625000
-0.006812 0.000997 8.625000
-0.006947 0.000856 8.625000
-0.007079 0.000713 8.625000
-0.007213 0.000572 8.625000
-0.007348 0.000432 8.625000
-0.007478 0.000287 8.625000
-0.007610 0.000144 8.625000
-0.007643 -0.000048 8.625000
-0.007506 -0.000186 8.625000
-0.007369 -0.000324 8.625000
-0.007238 -0.000468 8.625000
-0.007109 -0.000614 8.625000
-0.006980 -0.000760 8.625000
-0.006847 -0.000902 8.625000
-0.006702 -0.001032 8.625000
-0.006566 -0.001170 8.625000
-0.006424 -0.001304 8.625000
-0.006299 -0.001453 8.625000
-0.006167 -0.001596 8.625000
-0.006053 -0.001754 8.625000
-0.005929 -0.001904 8.625000
-0.005840 -0.002077 8.625000
-0.005717 -0.002228 8.625000
-0.005606 -0.002387 8.625000
-0.005481 -0.002537 8.625000
-0.005379 -0.002702 8.625000
-0.005251 -0.002849 8.625000
-0.005143 -0.003011 8.625000
-0.005088 -0.003198 8.625000
-0.005003 -0.003372 8.625000
-0.004940 -0.003557 8.625000
-0.004864 -0.003736 8.625000
-0.004813 -0.003923 8.625000
-0.004732 -0.004100 8.625000
-0.004677 -0.004287 8.625000
-0.004609 -0.004469 8.625000
-0.004566 -0.004659 8.625000
-0.004496 -0.004841 8.625000
-0.004448 -0.005029 8.625000
-0.004383 -0.005213 8.625000
-0.004334 -0.005401 8.625000
-0.004282 -0.005589 8.625000
-0.004227 -0.005776 8.625000
-0.004171 -0.005962 8.625000
-0.004117 -0.006149 8.625000
-0.004056 -0.006333 8.625000
-0.003999 -0.006519 8.625000
-0.003850 -0.006645 8.625000
-0.003661 -0.006602 8.625000
-0.003472 -0.006554 8.625000
-0.003283 -0.006506 8.625000
-0.003096 -0.006454 8.625000
-0.002905 -0.006414 8.625000
-0.002713 -0.006387 8.625000
-0.002521 -0.006352 8.625000
-0.002332 -0.006307 8.625000
-0.002142 -0.006263 8.625000
-0.001955 -0.006211 8.625000
-0.001764 -0.006173 8.625000
-0.001575 -0.006126 8.625000
-0.001383 -0.006095 8.625000
-0.001191 -0.006062 8.625000
-0.000997 -0.006061 8.625000
-0.000804 -0.006034 8.625000
-0.000610 -0.006020 8.625000
-0.000416 -0.005999 8.625000
-0.000222 -0.005986 8.625000
-0.000029 -0.005960 8.625000
0.000163 -0.005988 8.625000
0.000355 -0.006020 8.625000
0.000549 -0.006040 8.625000
0.000739 -0.006081 8.625000
0.000931 -0.006111 8.625000
0.001121 -0.006153 8.625000
0.001315 -0.006176 8.625000
0.001501 -0.006232 8.625000
0.001691 -0.006272 8.625000
0.001880 -0.006321 8.625000
0.002069 -0.006365 8.625000
0.002259 -0.006410 8.625000
0.002448 -0.006455 8.625000
0.002636 -0.006505 8.625000
0.002825 -0.006550 8.625000
0.003015 -0.006594 8.625000
0.003204 -0.006641 8.625000
0.003394 -0.006682 8.625000
0.003584 -0.006724 8.625000
0.003767 -0.006657 8.625000
0.003822 -0.006471 8.625000
0.003877 -0.006284 8.625000
0.003934 -0.006098 8.625000
0.003984 -0.005910 8.625000
0.004035 -0.005722 8.625000
0.004098 -0.005538 8.625000
0.004168 -0.005356 8.625000
0.004231 -0.005172 8.625000
0.004303 -0.004991 8.625000
0.004359 -0.004805 8.625000
0.004431 -0.004624 8.625000
0.004480 -0.004436 8.625000
0.004576 -0.004267 8.625000
0.004646 -0.004085 8.625000
0.004744 -0.003917 8.625000
0.004811 -0.003734 8.625000
0.004914 -0.003569 8.625000
0.004979 -0.003385 8.625000
0.005067 -0.003212 8.625000
0.005127 -0.003027 8.625000
0.005237 -0.002867 8.625000
0.005370 -0.002725 8.625000
0.005475 -0.002561 8.625000
0.005607 -0.002417 8.625000
0.005720 -0.002259 8.625000
0.005859 -0.002123 8.625000
0.005964 -0.001959 8.625000
0.006110 -0.001830 8.625000
0.006233 -0.001679 8.625000
0.006374 -0.001546 8.625000
0.006502 -0.001399 8.625000
0.006640 -0.001262 8.625000
0.006771 -0.001118 8.625000
0.006911 -0.000982 8.625000
0.007044 -0.000840 8.625000
0.007177 -0.000698 8.625000
0.007313 -0.000559 8.625000
0.007445 -0.000416 8.625000
0.007576 -0.000272 8.625000
0.007608 -0.000081 8.625000

